1 2 1
1 13 1
1 1830 1
2 2 1
2 6 1
2 12 1
3 15 1
4 17 1
5 7 1
5 35 1
5 36 1
6 25 1
6 33 1
6 639 1
9 14 1
9 23 1
12 24 1
13 7 1
13 19 1
13 36 1
13 197 1
13 928 1
13 1645 1
13 1770 1
14 3 1
14 36 1
14 640 1
14 855 1
14 1101 1
15 8 1
15 29 1
15 149 1
15 249 1
15 404 1
15 436 1
15 530 1
15 608 1
15 675 1
15 766 1
15 1045 1
15 1250 1
15 1272 1
15 1500 1
15 1501 1
15 1525 1
15 1804 1
15 1883 1
16 19 1
16 20 1
16 35 1
16 128 1
16 161 1
16 332 1
16 351 1
16 910 1
16 1062 1
16 1289 1
16 1310 1
16 1330 1
16 1449 1
16 1591 1
16 1597 1
16 1928 1
16 1950 1
16 1978 1
16 2008 1
17 19 1
17 33 1
17 368 1
17 424 1
17 461 1
17 691 1
17 847 1
17 1204 1
17 1228 1
17 1432 1
17 1586 1
17 1662 1
17 1900 1
17 1997 1
18 21 1
18 32 1
18 213 1
18 226 1
18 364 1
18 578 1
18 947 1
18 951 1
18 953 1
18 1025 1
18 1058 1
18 1450 1
19 1 1
19 3 1
19 9 1
19 28 1
19 196 1
19 754 1
19 1097 1
19 1521 1
19 1952 1
20 84 1
20 168 1
20 773 1
20 1020 1
20 1021 1
20 1064 1
21 5 1
21 18 1
21 28 1
21 29 1
21 305 1
21 548 1
21 867 1
21 1027 1
21 1284 1
21 1343 1
21 1413 1
21 1932 1
21 2012 1
22 41 1
22 925 1
22 1775 1
22 1849 1
23 10 1
23 26 1
23 384 1
23 663 1
23 1116 1
24 5 1
24 9 1
24 538 1
24 993 1
24 1015 1
24 1171 1
25 30 1
25 309 1
25 919 1
26 10 1
26 34 1
26 1334 1
26 1710 1
27 10 1
27 473 1
27 1118 1
28 41 1
28 632 1
28 1010 1
28 1858 1
29 5 1
29 41 1
29 787 1
30 5 1
30 1013 1
31 1 1
31 453 1
31 1176 1
31 1712 1
32 10 1
33 10 1
33 1288 1
34 13 1
34 33 1
34 700 1
34 1642 1
35 24 1
35 493 1
36 6 1
36 18 1
36 32 1
37 23 1
37 141 1
37 370 1
37 903 1
37 1143 1
37 1592 1
37 1866 1
38 362 1
38 505 1
38 1380 1
38 1392 1
38 1558 1
39 10 1
39 525 1
39 1532 1
39 1737 1
40 33 1
40 37 1
40 39 1
40 189 1
40 301 1
40 770 1
40 1209 1
40 1245 1
41 29 1
41 192 1
41 587 1
41 683 1
41 941 1
41 1613 1
41 2041 1
42 22 1
42 97 1
42 373 1
42 938 1
43 6 1
43 21 1
43 564 1
43 1358 1
43 1458 1
43 1853 1
44 38 1
44 448 1
44 1175 1
45 31 1
46 1 1
46 1640 1
46 2037 1
47 37 1
47 39 1
47 40 1
47 1475 1
48 3 1
48 12 1
48 178 1
48 1674 1
48 1751 1
49 88 1
49 475 1
50 2 1
50 7 1
50 35 1
51 652 1
53 27 1
54 488 1
55 32 1
56 8 1
56 1435 1
56 1903 1
58 37 1
58 345 1
58 456 1
58 725 1
58 1638 1
58 1842 1
58 1961 1
59 750 1
59 807 1
59 1061 1
59 1366 1
59 2046 1
60 5 1
60 12 1
60 239 1
60 468 1
60 621 1
60 659 1
60 677 1
60 689 1
60 1194 1
61 380 1
61 882 1
61 909 1
61 1546 1
62 7 1
62 98 1
62 285 1
62 582 1
62 886 1
62 892 1
62 1151 1
62 2027 1
63 4 1
63 15 1
63 21 1
63 645 1
63 1251 1
63 1527 1
64 4 1
64 18 1
64 34 1
64 405 1
64 1107 1
64 1936 1
64 2005 1
65 25 1
65 1766 1
66 24 1
66 1605 1
66 1680 1
67 16 1
67 25 1
68 24 1
68 889 1
68 1876 1
69 33 1
69 2039 1
70 1694 1
71 18 1
71 36 1
73 32 1
74 14 1
74 18 1
74 29 1
74 33 1
74 1059 1
74 2015 1
75 18 1
76 17 1
77 1262 1
78 32 1
78 509 1
78 1254 1
78 1405 1
78 1476 1
78 1505 1
78 1736 1
78 1749 1
78 1944 1
78 2018 1
79 2 1
79 28 1
79 33 1
79 717 1
79 1462 1
79 1615 1
79 1809 1
80 209 1
80 534 1
80 1331 1
81 302 1
81 982 1
81 1099 1
81 1259 1
81 1670 1
82 29 1
82 561 1
82 1032 1
82 2038 1
83 129 1
83 670 1
83 1313 1
83 2045 1
84 1074 1
84 1571 1
84 1606 1
84 1966 1
85 476 1
85 822 1
85 853 1
85 1951 1
86 33 1
86 41 1
86 408 1
86 829 1
86 963 1
86 2029 1
87 796 1
87 806 1
88 438 1
88 594 1
88 871 1
88 1420 1
88 1731 1
89 1503 1
90 34 1
90 1619 1
92 8 1
92 23 1
95 391 1
97 10 1
99 38 1
99 1587 1
100 30 1
101 4 1
101 1824 1
102 2 1
102 24 1
102 28 1
102 190 1
102 1108 1
103 36 1
103 39 1
103 316 1
103 591 1
104 20 1
104 25 1
104 1816 1
104 1820 1
104 1884 1
105 40 1
105 152 1
105 420 1
105 628 1
105 1828 1
106 10 1
106 34 1
106 914 1
106 930 1
108 39 1
108 986 1
108 994 1
110 16 1
111 25 1
114 14 1
114 1985 1
115 1 1
116 413 1
116 1167 1
116 2048 1
117 629 1
117 1079 1
117 1083 1
117 1782 1
117 2002 1
118 184 1
118 195 1
118 644 1
118 741 1
118 1076 1
118 1095 1
118 1428 1
118 1549 1
118 1556 1
118 1741 1
118 1841 1
118 1852 1
118 1976 1
119 983 1
119 1127 1
119 1344 1
119 1724 1
119 1832 1
119 1978 1
120 11 1
120 690 1
120 990 1
120 1050 1
120 1110 1
120 1292 1
120 1411 1
120 1566 1
121 773 1
121 1235 1
122 38 1
122 917 1
122 1618 1
122 1885 1
123 21 1
123 22 1
123 28 1
123 36 1
123 112 1
123 234 1
123 613 1
123 1178 1
124 17 1
124 29 1
124 789 1
124 1349 1
125 28 1
126 12 1
126 19 1
126 1203 1
126 1831 1
127 26 1
127 473 1
128 41 1
128 336 1
128 1014 1
129 5 1
129 20 1
129 37 1
129 40 1
130 18 1
133 16 1
135 5 1
135 39 1
135 1154 1
136 28 1
136 879 1
136 1055 1
137 39 1
137 287 1
137 985 1
137 1496 1
138 419 1
138 709 1
138 1424 1
140 11 1
140 18 1
140 400 1
140 417 1
140 1753 1
141 38 1
141 551 1
141 815 1
141 823 1
141 1164 1
141 1813 1
142 24 1
142 1482 1
142 1630 1
142 1961 1
143 17 1
143 1573 1
144 505 1
148 29 1
148 276 1
149 28 1
149 972 1
150 459 1
151 114 1
151 355 1
152 953 1
152 1068 1
153 980 1
153 1588 1
154 981 1
154 1460 1
154 1528 1
154 1602 1
155 305 1
155 608 1
155 918 1
155 1844 1
156 334 1
156 590 1
156 1138 1
156 1653 1
156 1954 1
157 13 1
157 1646 1
157 1666 1
158 91 1
158 1672 1
160 1293 1
160 1766 1
160 1804 1
161 1063 1
163 1156 1
164 1022 1
164 1130 1
165 1504 1
168 206 1
169 273 1
169 1675 1
170 580 1
170 1628 1
170 1891 1
172 1751 1
172 1970 1
174 1305 1
174 1838 1
175 83 1
175 245 1
177 1543 1
180 1780 1
185 631 1
186 444 1
186 2027 1
187 1483 1
189 1699 1
191 557 1
192 202 1
199 1516 1
201 443 1
202 1249 1
205 1477 1
206 1786 1
217 1471 1
218 414 1
218 898 1
218 1585 1
219 237 1
220 1391 1
221 1112 1
224 1930 1
225 797 1
231 175 1
232 897 1
234 1029 1
234 1624 1
235 835 1
235 1873 1
237 463 1
237 676 1
237 1536 1
239 832 1
240 1594 1
241 1847 1
248 1339 1
252 520 1
252 821 1
252 1510 1
252 1967 1
253 1141 1
254 1246 1
255 1267 1
266 1206 1
267 1201 1
268 507 1
268 1134 1
268 1461 1
268 1864 1
270 1898 1
271 122 1
271 1502 1
272 1739 1
277 1277 1
284 1378 1
285 396 1
285 707 1
287 93 1
287 487 1
289 634 1
297 1268 1
298 1899 1
299 667 1
299 1855 1
299 1929 1
300 181 1
300 567 1
300 665 1
300 876 1
300 1631 1
301 425 1
301 825 1
301 1821 1
301 2007 1
302 374 1
302 418 1
302 569 1
303 1690 1
304 565 1
306 516 1
307 688 1
308 280 1
318 1170 1
332 1722 1
340 869 1
343 1761 1
343 1827 1
344 160 1
344 243 1
344 358 1
344 379 1
344 585 1
344 650 1
344 1144 1
344 1375 1
344 1555 1
344 1600 1
345 270 1
345 352 1
345 446 1
345 465 1
345 710 1
345 891 1
345 1043 1
345 1200 1
346 24 1
346 269 1
346 492 1
346 656 1
346 824 1
346 1038 1
346 1622 1
347 566 1
347 1553 1
347 1595 1
348 263 1
348 314 1
348 1239 1
348 1352 1
348 1467 1
349 952 1
349 1191 1
350 1093 1
351 41 1
357 877 1
358 21 1
371 509 1
371 886 1
371 1033 1
372 152 1
372 591 1
372 807 1
372 994 1
372 1059 1
372 1262 1
372 1505 1
372 2005 1
372 2027 1
373 1405 1
373 1500 1
373 1532 1
373 1749 1
374 1587 1
374 1998 1
375 600 1
375 985 1
375 1154 1
375 1156 1
376 453 1
376 551 1
376 1602 1
377 611 1
377 697 1
377 1914 1
385 495 1
386 31 1
386 248 1
386 402 1
386 1830 1
386 1913 1
387 1332 1
387 1558 1
387 1643 1
387 2038 1
388 992 1
388 1992 1
389 37 1
389 377 1
389 983 1
389 1639 1
389 1713 1
390 853 1
390 1971 1
391 90 1
391 618 1
391 1511 1
392 2045 1
394 200 1
394 305 1
414 1227 1
428 1340 1
428 1654 1
429 2026 1
431 908 1
434 1768 1
442 1846 1
443 1048 1
444 1574 1
445 467 1
445 819 1
445 2001 1
446 1343 1
446 1544 1
447 520 1
448 324 1
448 2013 1
449 1197 1
449 1854 1
450 262 1
451 272 1
452 188 1
453 772 1
462 799 1
468 282 1
479 308 1
480 622 1
480 1860 1
481 392 1
481 646 1
481 812 1
481 1192 1
481 1232 1
481 1290 1
481 1673 1
482 237 1
482 542 1
482 751 1
482 1365 1
482 1686 1
482 1956 1
483 1267 1
485 1274 1
487 1834 1
487 1930 1
494 1031 1
496 1173 1
497 274 1
498 1351 1
499 1578 1
511 401 1
516 1616 1
525 1136 1
526 716 1
526 895 1
529 1758 1
529 1910 1
530 283 1
530 1425 1
531 1862 1
531 1919 1
535 1137 1
535 1800 1
536 610 1
545 744 1
547 705 1
547 1626 1
549 1115 1
550 1530 1
550 1984 1
552 586 1
564 885 1
564 1119 1
565 572 1
570 1034 1
576 648 1
578 1016 1
578 1270 1
579 1028 1
579 1309 1
579 1633 1
579 1752 1
579 1911 1
581 1166 1
582 771 1
584 449 1
584 828 1
595 1163 1
600 1648 1
609 802 1
610 369 1
610 1596 1
612 1091 1
613 584 1
613 1376 1
614 165 1
614 638 1
614 814 1
614 897 1
614 1368 1
615 1829 1
616 477 1
616 1490 1
617 1287 1
619 1285 1
621 685 1
628 1677 1
629 204 1
630 1807 1
631 1056 1
643 1080 1
644 120 1
644 1565 1
644 1860 1
645 926 1
646 872 1
650 1478 1
651 43 1
651 48 1
651 49 1
654 73 1
656 61 1
657 75 1
657 1759 1
658 57 1
658 1735 1
659 48 1
659 60 1
660 80 1
661 47 1
661 55 1
662 71 1
663 49 1
663 78 1
664 57 1
664 61 1
664 231 1
666 56 1
666 78 1
667 42 1
667 68 1
668 58 1
668 1533 1
669 52 1
671 45 1
671 59 1
673 60 1
673 753 1
674 47 1
674 62 1
674 1019 1
675 124 1
675 341 1
676 300 1
676 426 1
676 498 1
676 1000 1
677 49 1
677 51 1
677 1522 1
677 2022 1
678 107 1
678 1221 1
679 66 1
679 218 1
679 1481 1
679 1508 1
680 45 1
680 56 1
680 82 1
680 307 1
680 1205 1
680 1973 1
682 62 1
682 1926 1
683 43 1
683 74 1
683 724 1
684 79 1
685 80 1
686 74 1
688 51 1
688 68 1
688 77 1
689 570 1
690 1681 1
694 50 1
694 1875 1
696 56 1
696 329 1
696 1519 1
697 42 1
697 81 1
698 69 1
698 407 1
698 722 1
699 73 1
700 62 1
701 72 1
701 1311 1
701 1448 1
702 44 1
702 66 1
702 70 1
702 78 1
702 82 1
704 77 1
704 79 1
707 59 1
707 64 1
707 625 1
709 82 1
710 73 1
711 68 1
712 1757 1
713 1231 1
714 51 1
714 79 1
714 510 1
714 788 1
716 57 1
716 61 1
717 55 1
718 56 1
718 1747 1
718 1915 1
720 893 1
721 59 1
722 63 1
723 81 1
725 63 1
726 50 1
726 80 1
726 330 1
726 649 1
727 54 1
727 1974 1
728 1273 1
729 47 1
729 57 1
729 59 1
729 1248 1
730 63 1
731 61 1
732 62 1
732 76 1
732 1294 1
733 62 1
734 66 1
734 765 1
735 51 1
735 65 1
735 1497 1
737 81 1
738 73 1
738 78 1
738 221 1
739 45 1
739 48 1
739 73 1
740 49 1
740 630 1
741 45 1
741 53 1
743 45 1
744 66 1
746 73 1
747 54 1
748 1691 1
750 45 1
750 2048 0
