1 29 1
1 36 1
1 89 1
1 90 1
1 91 1
1 93 1
1 113 1
1 118 1
1 125 1
1 133 1
1 165 1
1 175 1
1 204 1
1 210 1
1 213 1
1 214 1
1 221 1
1 228 1
1 242 1
1 253 1
1 256 1
1 263 1
1 281 1
1 284 1
1 300 1
1 350 1
1 355 1
1 362 1
1 388 1
1 390 1
1 394 1
1 418 1
1 426 1
1 431 1
1 434 1
1 440 1
1 457 1
1 471 1
1 473 1
1 477 1
1 484 1
1 501 1
1 506 1
1 516 1
1 522 1
1 535 1
1 536 1
1 546 1
1 549 1
1 551 1
1 552 1
1 561 1
1 579 1
1 595 1
1 615 1
1 620 1
1 624 1
1 629 1
1 636 1
1 644 1
1 662 1
1 670 1
1 687 1
1 701 1
1 732 1
1 734 1
1 738 1
1 741 1
1 745 1
1 754 1
1 769 1
1 782 1
1 783 1
1 808 1
1 809 1
1 827 1
1 841 1
1 844 1
1 849 1
1 878 1
1 879 1
1 880 1
1 891 1
1 894 1
1 899 1
1 900 1
1 904 1
1 907 1
1 928 1
1 930 1
1 931 1
1 937 1
1 941 1
1 944 1
1 955 1
1 966 1
1 984 1
1 993 1
1 994 1
1 1000 1
1 1002 1
1 1014 1
1 1020 1
1 1059 1
1 1063 1
1 1064 1
1 1067 1
1 1068 1
1 1087 1
1 1094 1
1 1098 1
1 1108 1
1 1109 1
1 1122 1
1 1136 1
1 1158 1
1 1182 1
1 1186 1
1 1190 1
1 1191 1
1 1215 1
1 1218 1
1 1228 1
1 1233 1
1 1238 1
1 1241 1
1 1280 1
1 1281 1
1 1284 1
1 1289 1
1 1309 1
1 1310 1
1 1311 1
1 1332 1
1 1337 1
1 1348 1
1 1358 1
1 1363 1
1 1364 1
1 1368 1
1 1369 1
1 1371 1
1 1375 1
1 1396 1
1 1401 1
1 1403 1
1 1409 1
1 1448 1
1 1471 1
1 1476 1
1 1477 1
1 1478 1
1 1479 1
1 1484 1
1 1489 1
1 1490 1
1 1507 1
1 1518 1
1 1545 1
1 1546 1
1 1550 1
1 1551 1
1 1553 1
1 1555 1
1 1572 1
1 1575 1
1 1582 1
1 1584 1
1 1594 1
1 1595 1
1 1608 1
1 1609 1
1 1612 1
1 1613 1
1 1618 1
1 1623 1
1 1627 1
1 1641 1
1 1664 1
1 1669 1
1 1672 1
1 1676 1
1 1698 1
1 1699 1
1 1722 1
1 1728 1
1 1732 1
1 1736 1
1 1740 1
1 1758 1
1 1767 1
1 1769 1
1 1782 1
1 1790 1
1 1792 1
1 1799 1
1 1835 1
1 1837 1
1 1851 1
1 1859 1
1 1861 1
1 1868 1
1 1869 1
1 1871 1
1 1905 1
1 1910 1
1 1923 1
1 1948 1
1 1950 1
1 1960 1
1 1983 1
1 1989 1
1 2005 1
1 2008 1
1 2012 1
1 2019 1
1 2022 1
1 2030 1
1 2035 1
1 2043 1
1 2046 1
2 34 1
2 46 1
2 49 1
2 72 1
2 81 1
2 103 1
2 104 1
2 107 1
2 123 1
2 147 1
2 166 1
2 167 1
2 194 1
2 243 1
2 249 1
2 250 1
2 252 1
2 255 1
2 265 1
2 277 1
2 287 1
2 295 1
2 302 1
2 314 1
2 331 1
2 334 1
2 358 1
2 363 1
2 366 1
2 370 1
2 376 1
2 414 1
2 424 1
2 451 1
2 460 1
2 470 1
2 483 1
2 493 1
2 500 1
2 518 1
2 520 1
2 530 1
2 537 1
2 543 1
2 553 1
2 557 1
2 567 1
2 570 1
2 574 1
2 592 1
2 598 1
2 616 1
2 633 1
2 634 1
2 635 1
2 658 1
2 682 1
2 686 1
2 695 1
2 696 1
2 708 1
2 753 1
2 756 1
2 759 1
2 774 1
2 787 1
2 791 1
2 806 1
2 833 1
2 840 1
2 847 1
2 895 1
2 908 1
2 915 1
2 950 1
2 954 1
2 958 1
2 971 1
2 976 1
2 978 1
2 1006 1
2 1007 1
2 1027 1
2 1029 1
2 1040 1
2 1056 1
2 1057 1
2 1062 1
2 1082 1
2 1086 1
2 1090 1
2 1091 1
2 1132 1
2 1152 1
2 1175 1
2 1183 1
2 1245 1
2 1253 1
2 1260 1
2 1263 1
2 1277 1
2 1304 1
2 1329 1
2 1339 1
2 1347 1
2 1361 1
2 1383 1
2 1385 1
2 1390 1
2 1392 1
2 1410 1
2 1422 1
2 1428 1
2 1436 1
2 1442 1
2 1449 1
2 1457 1
2 1474 1
2 1482 1
2 1527 1
2 1616 1
2 1629 1
2 1642 1
2 1657 1
2 1678 1
2 1679 1
2 1686 1
2 1695 1
2 1725 1
2 1726 1
2 1757 1
2 1760 1
2 1791 1
2 1802 1
2 1817 1
2 1823 1
2 1841 1
2 1845 1
2 1864 1
2 1877 1
2 1887 1
2 1898 1
2 1930 1
2 1941 1
2 1947 1
2 1954 1
2 1975 1
2 1984 1
2 2007 1
2 2023 1
2 2024 1
3 4 1
3 80 1
3 86 1
3 181 1
3 220 1
3 272 1
3 279 1
3 307 1
3 325 1
3 416 1
3 458 1
3 486 1
3 532 1
3 568 1
3 610 1
3 626 1
3 641 1
3 650 1
3 719 1
3 743 1
3 744 1
3 805 1
3 845 1
3 853 1
3 856 1
3 957 1
3 961 1
3 977 1
3 983 1
3 989 1
3 996 1
3 1004 1
3 1017 1
3 1038 1
3 1093 1
3 1096 1
3 1124 1
3 1127 1
3 1209 1
3 1219 1
3 1223 1
3 1323 1
3 1340 1
3 1415 1
3 1421 1
3 1451 1
3 1526 1
3 1567 1
3 1614 1
3 1619 1
3 1648 1
3 1668 1
3 1674 1
3 1712 1
3 1742 1
3 1771 1
3 1776 1
3 1795 1
3 1818 1
3 1872 1
3 1890 1
3 1894 1
3 1908 1
3 1915 1
3 1924 1
3 1969 1
3 1986 1
3 1988 1
3 2011 1
3 2045 1
4 7 1
4 13 1
4 28 1
4 58 1
4 68 1
4 79 1
4 117 1
4 164 1
4 171 1
4 232 1
4 235 1
4 241 1
4 273 1
4 278 1
4 319 1
4 384 1
4 396 1
4 498 1
4 513 1
4 539 1
4 637 1
4 728 1
4 757 1
4 772 1
4 811 1
4 832 1
4 848 1
4 942 1
4 997 1
4 999 1
4 1074 1
4 1089 1
4 1180 1
4 1192 1
4 1291 1
4 1472 1
4 1513 1
4 1520 1
4 1610 1
4 1644 1
4 1702 1
4 1847 1
4 1884 1
4 1916 1
4 1929 1
4 1951 1
4 1955 1
5 5 1
5 285 1
5 292 1
5 299 1
5 371 1
5 382 1
5 408 1
5 420 1
5 422 1
5 534 1
5 679 1
5 815 1
5 890 1
5 901 1
5 911 1
5 1344 1
5 1559 1
5 1598 1
5 1670 1
5 1940 1
6 9 1
6 109 1
6 446 1
6 603 1
6 638 1
6 656 1
6 850 1
6 866 1
6 1165 1
6 1227 1
6 1307 1
6 1483 1
6 1749 1
6 1886 1
6 1913 1
7 30 1
7 495 1
7 852 1
7 1051 1
7 1088 1
7 1172 1
7 1240 1
7 1278 1
7 1432 1
7 1514 1
7 1733 1
7 1811 1
7 1824 1
8 21 1
8 82 1
8 271 1
8 938 1
8 1145 1
8 1379 1
8 2038 1
9 2 1
9 34 1
9 1213 1
9 1708 1
9 1731 1
10 2 1
10 32 1
10 472 1
10 508 1
10 902 1
10 1655 1
11 26 1
11 33 1
11 145 1
11 381 1
11 1092 1
11 1117 1
11 1169 1
11 1413 1
11 1842 1
11 1870 1
11 1897 1
11 2004 1
12 311 1
12 444 1
12 630 1
12 678 1
12 790 1
12 910 1
12 919 1
12 1018 1
12 1048 1
12 1210 1
12 1300 1
12 1510 1
12 1819 1
12 2003 1
13 2 1
13 98 1
13 144 1
13 403 1
13 612 1
13 642 1
13 669 1
13 751 1
13 755 1
13 842 1
13 1012 1
13 1030 1
13 1103 1
13 1112 1
13 1128 1
13 1141 1
13 1144 1
13 1315 1
13 1393 1
13 1512 1
13 1544 1
13 1599 1
13 1605 1
13 1620 1
13 1689 1
13 1821 1
13 1965 1
13 2002 1
13 2031 1
14 28 1
14 157 1
14 160 1
14 224 1
14 240 1
14 407 1
14 573 1
14 693 1
14 717 1
14 789 1
14 823 1
14 918 1
14 964 1
14 1045 1
14 1148 1
14 1212 1
14 1249 1
14 1257 1
14 1333 1
14 1338 1
14 1370 1
14 1443 1
14 1459 1
14 1498 1
14 1511 1
14 1596 1
14 1724 1
14 1781 1
14 1855 1
14 1888 1
14 1946 1
14 1979 1
15 2 1
15 1341 1
15 1405 1
15 1522 1
15 1534 1
15 1660 1
15 1780 1
15 1833 1
16 1360 1
16 1662 1
18 6 1
19 580 1
19 1292 1
20 1 1
20 2 1
20 26 1
20 30 1
20 35 1
22 41 1
23 2 1
23 14 1
23 15 1
23 26 1
24 10 1
24 28 1
24 1286 1
25 6 1
27 23 1
28 15 1
28 28 1
29 8 1
29 19 1
30 18 1
31 4 1
31 15 1
35 36 1
35 41 1
37 24 1
39 1804 1
42 11 1
42 25 1
44 1902 1
45 26 1
45 36 1
46 13 1
47 4 1
47 17 1
48 26 1
49 1630 1
50 25 1
50 1060 1
50 1998 1
52 6 1
52 31 1
52 35 1
52 1540 1
53 9 1
53 1047 1
54 1137 1
54 1259 1
55 14 1
55 31 1
55 305 1
55 1189 1
55 1391 1
55 1952 1
56 36 1
56 1077 1
56 1715 1
57 510 1
57 746 1
57 1107 1
57 1373 1
58 19 1
58 36 1
58 65 1
58 773 1
58 893 1
58 1492 1
58 1611 1
58 1742 1
59 2 1
59 475 1
59 533 1
59 541 1
59 1119 1
59 1675 1
60 3 1
60 15 1
60 33 1
60 473 1
60 493 1
60 519 1
60 534 1
60 990 1
60 1021 1
60 1250 1
60 1329 1
60 1363 1
60 1573 1
60 1985 1
60 2034 1
61 13 1
61 1159 1
61 1350 1
61 1672 1
61 1751 1
62 3 1
62 4 1
62 21 1
62 24 1
62 40 1
62 62 1
62 207 1
62 506 1
62 829 1
62 1590 1
63 35 1
63 36 1
63 237 1
63 468 1
63 820 1
63 1652 1
63 1811 1
64 1105 1
64 1554 1
64 1589 1
65 41 1
65 130 1
65 149 1
65 587 1
65 830 1
65 953 1
65 1682 1
65 1945 1
66 427 1
66 436 1
66 1504 1
67 24 1
67 36 1
67 867 1
67 925 1
68 12 1
68 17 1
68 28 1
68 236 1
68 944 1
68 946 1
68 1203 1
68 1446 1
68 1667 1
69 364 1
69 522 1
69 795 1
69 847 1
69 1356 1
69 1750 1
69 1853 1
70 61 1
70 365 1
70 385 1
70 690 1
70 705 1
70 779 1
70 988 1
70 1372 1
71 8 1
71 23 1
71 25 1
71 37 1
71 52 1
71 105 1
71 316 1
71 581 1
71 689 1
71 691 1
71 700 1
71 713 1
71 781 1
71 1224 1
71 1458 1
71 1624 1
71 1720 1
71 1978 1
71 2029 1
72 11 1
72 84 1
72 95 1
72 159 1
72 223 1
72 404 1
72 453 1
72 528 1
72 578 1
72 1078 1
72 1085 1
72 1118 1
72 1170 1
72 1176 1
72 1267 1
72 1294 1
72 1343 1
72 1896 1
73 73 1
73 85 1
73 92 1
73 106 1
73 209 1
73 297 1
73 309 1
73 368 1
73 397 1
73 439 1
73 535 1
73 548 1
73 575 1
73 675 1
73 677 1
73 715 1
73 716 1
73 796 1
73 1010 1
73 1059 1
73 1133 1
73 1231 1
73 1272 1
73 1302 1
73 1316 1
73 1326 1
73 1462 1
73 1481 1
73 1539 1
73 1691 1
73 1723 1
73 1770 1
73 1826 1
73 1901 1
73 1932 1
73 1936 1
73 1993 1
73 1997 1
74 16 1
74 26 1
74 175 1
74 262 1
74 264 1
74 566 1
74 602 1
74 648 1
74 726 1
74 849 1
74 927 1
74 949 1
74 1061 1
74 1164 1
74 1215 1
74 1334 1
74 1435 1
74 1447 1
74 1500 1
74 1528 1
74 1645 1
74 1709 1
74 1867 1
74 1942 1
74 1955 1
74 1971 1
74 1977 1
74 2005 1
75 14 1
75 36 1
75 60 1
75 129 1
75 171 1
75 179 1
75 182 1
75 231 1
75 259 1
75 339 1
75 499 1
75 524 1
75 750 1
75 788 1
75 968 1
75 1035 1
75 1366 1
75 1508 1
75 1537 1
75 1839 1
75 1858 1
75 1863 1
75 2027 1
75 2028 1
76 32 1
76 36 1
76 71 1
76 152 1
76 162 1
76 278 1
76 406 1
76 492 1
76 518 1
76 613 1
76 618 1
76 639 1
76 712 1
76 765 1
76 766 1
76 801 1
76 868 1
76 870 1
76 900 1
76 910 1
76 985 1
76 994 1
76 1001 1
76 1064 1
76 1083 1
76 1110 1
76 1120 1
76 1779 1
76 1798 1
76 1866 1
76 1944 1
77 21 1
77 24 1
77 30 1
77 69 1
77 75 1
77 193 1
77 304 1
77 424 1
77 448 1
77 525 1
77 562 1
77 605 1
77 673 1
77 714 1
77 787 1
77 855 1
77 881 1
77 903 1
77 980 1
77 1026 1
77 1104 1
77 1184 1
77 1258 1
77 1425 1
77 1480 1
77 1515 1
77 1588 1
77 1883 1
77 1958 1
77 2041 1
77 2046 1
78 22 1
78 23 1
78 289 1
78 456 1
78 480 1
78 590 1
78 703 1
78 709 1
78 776 1
78 824 1
78 1139 1
78 1393 1
78 1592 1
78 1817 1
79 218 1
79 544 1
79 592 1
79 943 1
79 998 1
79 1099 1
79 1207 1
79 1260 1
79 1314 1
79 1328 1
79 1387 1
79 1688 1
79 1776 1
79 1816 1
79 2012 1
80 463 1
80 616 1
80 681 1
80 737 1
80 818 1
80 913 1
80 952 1
80 1222 1
80 1419 1
80 1793 1
81 16 1
81 18 1
81 35 1
81 91 1
81 99 1
81 102 1
81 134 1
81 450 1
81 736 1
81 872 1
81 1050 1
81 1171 1
81 1456 1
81 1738 1
81 1941 1
82 74 1
82 185 1
82 303 1
82 571 1
82 786 1
82 1235 1
82 1426 1
82 1463 1
82 1680 1
82 1820 1
83 9 1
83 36 1
83 67 1
83 150 1
83 168 1
83 322 1
83 373 1
83 383 1
83 563 1
83 685 1
83 1033 1
83 1441 1
83 1476 1
84 871 1
84 897 1
84 1570 1
84 1821 1
84 1891 1
85 9 1
85 23 1
85 101 1
85 435 1
85 597 1
85 725 1
85 826 1
85 1138 1
85 1505 1
85 1591 1
85 1623 1
85 1926 1
86 327 1
86 352 1
86 400 1
86 479 1
86 663 1
86 666 1
86 792 1
86 972 1
86 1025 1
86 1034 1
86 1042 1
86 1065 1
86 1262 1
86 1380 1
86 1549 1
86 1579 1
86 1640 1
86 1698 1
86 1808 1
86 1972 1
87 24 1
87 57 1
87 77 1
87 135 1
87 251 1
87 329 1
87 344 1
87 388 1
87 402 1
87 423 1
87 556 1
87 609 1
87 617 1
87 659 1
87 846 1
87 858 1
87 896 1
87 992 1
87 1122 1
87 1240 1
87 1270 1
87 1388 1
87 1410 1
87 1439 1
87 1454 1
87 1496 1
87 1532 1
87 1625 1
87 1628 1
87 1694 1
87 1739 1
87 1745 1
87 1900 1
87 1962 1
88 39 1
88 64 1
88 76 1
88 132 1
88 178 1
88 275 1
88 325 1
88 341 1
88 378 1
88 387 1
88 428 1
88 482 1
88 507 1
88 515 1
88 526 1
88 529 1
88 611 1
88 631 1
88 657 1
88 692 1
88 699 1
88 710 1
88 744 1
88 749 1
88 752 1
88 758 1
88 761 1
88 837 1
88 865 1
88 873 1
88 886 1
88 917 1
88 982 1
88 987 1
88 1015 1
88 1036 1
88 1043 1
88 1053 1
88 1079 1
88 1121 1
88 1126 1
88 1143 1
88 1173 1
88 1178 1
88 1274 1
88 1322 1
88 1374 1
88 1378 1
88 1521 1
88 1583 1
88 1618 1
88 1642 1
88 1741 1
88 1803 1
88 1875 1
88 1921 1
88 1934 1
88 1953 1
88 1966 1
88 1973 1
88 2024 1
89 9 1
89 22 1
89 27 1
89 33 1
89 34 1
89 47 1
89 70 1
89 82 1
89 116 1
89 120 1
89 147 1
89 148 1
89 153 1
89 202 1
89 232 1
89 245 1
89 270 1
89 294 1
89 302 1
89 306 1
89 315 1
89 317 1
89 319 1
89 348 1
89 359 1
89 376 1
89 425 1
89 438 1
89 443 1
89 498 1
89 511 1
89 517 1
89 542 1
89 555 1
89 567 1
89 594 1
89 632 1
89 644 1
89 655 1
89 724 1
89 743 1
89 794 1
89 831 1
89 843 1
89 862 1
89 885 1
89 887 1
89 888 1
89 914 1
89 923 1
89 947 1
89 1013 1
89 1019 1
89 1022 1
89 1023 1
89 1058 1
89 1130 1
89 1146 1
89 1150 1
89 1161 1
89 1252 1
89 1256 1
89 1273 1
89 1308 1
89 1321 1
89 1359 1
89 1377 1
89 1412 1
89 1417 1
89 1424 1
89 1438 1
89 1473 1
89 1479 1
89 1489 1
89 1509 1
89 1571 1
89 1601 1
89 1666 1
89 1683 1
89 1697 1
89 1701 1
89 1721 1
89 1737 1
89 1744 1
89 1760 1
89 1810 1
89 1827 1
89 1830 1
89 1844 1
89 1850 1
89 1865 1
89 1885 1
89 1906 1
89 1910 1
89 1918 1
89 1956 1
89 1964 1
89 2018 1
89 2030 1
89 2032 1
90 20 1
90 55 1
90 59 1
90 111 1
90 112 1
90 124 1
90 140 1
90 143 1
90 169 1
90 172 1
90 189 1
90 190 1
90 194 1
90 219 1
90 225 1
90 226 1
90 261 1
90 277 1
90 281 1
90 285 1
90 287 1
90 313 1
90 318 1
90 320 1
90 330 1
90 405 1
90 415 1
90 417 1
90 442 1
90 514 1
90 608 1
90 654 1
90 775 1
90 797 1
90 806 1
90 817 1
90 875 1
90 889 1
90 931 1
90 932 1
90 940 1
90 956 1
90 963 1
90 969 1
90 974 1
90 1095 1
90 1111 1
90 1149 1
90 1151 1
90 1169 1
90 1188 1
90 1190 1
90 1193 1
90 1204 1
90 1220 1
90 1265 1
90 1271 1
90 1284 1
90 1285 1
90 1296 1
90 1309 1
90 1325 1
90 1376 1
90 1381 1
90 1396 1
90 1414 1
90 1430 1
90 1516 1
90 1533 1
90 1575 1
90 1577 1
90 1602 1
90 1612 1
90 1617 1
90 1622 1
90 1639 1
90 1646 1
90 1656 1
90 1674 1
90 1677 1
90 1700 1
90 1761 1
90 1764 1
90 1775 1
90 1801 1
90 1822 1
90 1836 1
90 1838 1
90 1849 1
90 1881 1
90 1893 1
90 1919 1
90 1951 1
90 1976 1
90 1986 1
90 2039 1
91 4 1
91 9 1
91 38 1
91 83 1
91 103 1
91 154 1
91 196 1
91 217 1
91 266 1
91 269 1
91 370 1
91 377 1
91 379 1
91 430 1
91 451 1
91 489 1
91 494 1
91 497 1
91 509 1
91 516 1
91 545 1
91 551 1
91 565 1
91 572 1
91 577 1
91 684 1
91 721 1
91 760 1
91 767 1
91 770 1
91 782 1
91 809 1
91 825 1
91 845 1
91 869 1
91 905 1
91 929 1
91 951 1
91 973 1
91 993 1
91 999 1
91 1008 1
91 1028 1
91 1080 1
91 1098 1
91 1113 1
91 1129 1
91 1153 1
91 1157 1
91 1160 1
91 1244 1
91 1264 1
91 1289 1
91 1293 1
91 1327 1
91 1345 1
91 1348 1
91 1349 1
91 1395 1
91 1397 1
91 1411 1
91 1457 1
91 1535 1
91 1566 1
91 1568 1
91 1586 1
91 1635 1
91 1687 1
91 1743 1
91 1753 1
91 1758 1
91 1767 1
91 1778 1
91 1797 1
91 1809 1
91 1814 1
91 1851 1
91 1862 1
91 1877 1
91 1879 1
91 1938 1
91 1974 1
91 2036 1
92 28 1
92 39 1
92 43 1
92 78 1
92 96 1
92 121 1
92 126 1
92 180 1
92 186 1
92 198 1
92 206 1
92 216 1
92 253 1
92 257 1
92 340 1
92 380 1
92 412 1
92 540 1
92 561 1
92 607 1
92 621 1
92 649 1
92 651 1
92 683 1
92 702 1
92 764 1
92 778 1
92 800 1
92 810 1
92 816 1
92 874 1
92 884 1
92 965 1
92 986 1
92 1031 1
92 1091 1
92 1218 1
92 1254 1
92 1295 1
92 1331 1
92 1358 1
92 1384 1
92 1429 1
92 1431 1
92 1478 1
92 1486 1
92 1519 1
92 1531 1
92 1663 1
92 1685 1
92 1705 1
92 1788 1
92 1859 1
92 1904 1
92 1928 1
92 1930 1
92 2010 1
92 2014 1
92 2017 1
93 36 1
93 37 1
93 45 1
93 146 1
93 173 1
93 205 1
93 233 1
93 235 1
93 260 1
93 273 1
93 282 1
93 312 1
93 326 1
93 360 1
93 495 1
93 696 1
93 698 1
93 727 1
93 811 1
93 853 1
93 967 1
93 996 1
93 1003 1
93 1012 1
93 1055 1
93 1076 1
93 1101 1
93 1125 1
93 1141 1
93 1306 1
93 1491 1
93 1503 1
93 1518 1
93 1525 1
93 1560 1
93 1565 1
93 1581 1
93 1713 1
93 1733 1
93 1795 1
93 1840 1
93 1916 1
93 1927 1
93 1933 1
93 1975 1
93 2006 1
94 26 1
94 40 1
94 94 1
94 183 1
94 366 1
94 367 1
94 615 1
94 641 1
94 661 1
94 1020 1
94 1197 1
94 1269 1
94 1332 1
94 1338 1
94 1369 1
94 1385 1
94 1390 1
94 1400 1
94 1416 1
94 1437 1
94 1461 1
94 1487 1
94 1561 1
94 1676 1
94 1719 1
94 1783 1
94 1837 1
94 1861 1
94 1880 1
94 1988 1
95 17 1
95 107 1
95 110 1
95 184 1
95 200 1
95 246 1
95 604 1
95 720 1
95 729 1
95 822 1
95 857 1
95 904 1
95 1009 1
95 1175 1
95 1196 1
95 1317 1
95 1337 1
95 1679 1
95 1704 1
95 2033 1
96 381 1
96 476 1
96 623 1
96 731 1
96 742 1
96 763 1
96 975 1
96 1155 1
96 1187 1
96 1312 1
96 1442 1
96 1468 1
96 1598 1
96 1773 1
96 1806 1
96 1990 1
97 26 1
97 38 1
97 80 1
97 272 1
97 279 1
97 299 1
97 351 1
97 805 1
97 807 1
97 839 1
97 860 1
97 1198 1
97 1243 1
97 1607 1
97 1647 1
97 1654 1
98 27 1
98 234 1
98 248 1
98 409 1
98 447 1
98 959 1
98 1230 1
98 1606 1
99 12 1
99 29 1
99 485 1
99 553 1
99 771 1
99 1102 1
99 1109 1
99 1247 1
99 1364 1
99 1841 1
99 2000 1
100 210 1
100 357 1
100 401 1
100 523 1
100 804 1
100 997 1
100 1063 1
100 1066 1
100 1162 1
100 1423 1
100 1453 1
100 1526 1
100 1665 1
100 1831 1
100 1970 1
100 1980 1
101 2 1
101 19 1
101 33 1
101 50 1
101 188 1
101 256 1
101 538 1
101 722 1
101 738 1
101 814 1
101 833 1
101 838 1
101 851 1
101 926 1
101 1081 1
101 1182 1
101 1195 1
101 1245 1
101 1261 1
101 1547 1
101 1615 1
101 1664 1
101 1736 1
101 1774 1
101 1835 1
101 1903 1
101 1995 1
102 9 1
102 40 1
102 108 1
102 158 1
102 161 1
102 199 1
102 230 1
102 271 1
102 361 1
102 505 1
102 521 1
102 585 1
102 682 1
102 688 1
102 733 1
102 780 1
102 894 1
102 939 1
102 970 1
102 1044 1
102 1097 1
102 1115 1
102 1116 1
102 1255 1
102 1266 1
102 1275 1
102 1355 1
102 1420 1
102 1440 1
102 1452 1
102 1475 1
102 1529 1
102 1548 1
102 1632 1
102 1637 1
102 1638 1
102 1659 1
102 1661 1
102 1673 1
102 1707 1
102 1731 1
102 1763 1
102 1771 1
102 1834 1
102 1854 1
102 1856 1
102 1887 1
102 2001 1
103 11 1
103 18 1
103 44 1
103 54 1
103 63 1
103 81 1
103 87 1
103 114 1
103 127 1
103 163 1
103 164 1
103 170 1
103 177 1
103 195 1
103 197 1
103 204 1
103 213 1
103 229 1
103 244 1
103 293 1
103 300 1
103 301 1
103 324 1
103 334 1
103 336 1
103 337 1
103 350 1
103 356 1
103 372 1
103 399 1
103 410 1
103 411 1
103 421 1
103 433 1
103 440 1
103 441 1
103 446 1
103 455 1
103 459 1
103 461 1
103 467 1
103 478 1
103 488 1
103 490 1
103 491 1
103 503 1
103 504 1
103 520 1
103 527 1
103 531 1
103 532 1
103 549 1
103 560 1
103 584 1
103 589 1
103 606 1
103 614 1
103 619 1
103 620 1
103 622 1
103 624 1
103 625 1
103 629 1
103 653 1
103 660 1
103 665 1
103 670 1
103 674 1
103 687 1
103 694 1
103 718 1
103 756 1
103 768 1
103 793 1
103 821 1
103 835 1
103 854 1
103 859 1
103 878 1
103 880 1
103 891 1
103 898 1
103 912 1
103 945 1
103 948 1
103 954 1
103 978 1
103 981 1
103 1024 1
103 1069 1
103 1086 1
103 1090 1
103 1094 1
103 1114 1
103 1132 1
103 1142 1
103 1152 1
103 1168 1
103 1177 1
103 1202 1
103 1205 1
103 1217 1
103 1225 1
103 1246 1
103 1248 1
103 1253 1
103 1268 1
103 1276 1
103 1297 1
103 1301 1
103 1318 1
103 1340 1
103 1354 1
103 1371 1
103 1386 1
103 1401 1
103 1407 1
103 1433 1
103 1451 1
103 1460 1
103 1465 1
103 1467 1
103 1477 1
103 1484 1
103 1488 1
103 1497 1
103 1507 1
103 1545 1
103 1551 1
103 1559 1
103 1574 1
103 1580 1
103 1619 1
103 1651 1
103 1668 1
103 1670 1
103 1702 1
103 1703 1
103 1706 1
103 1725 1
103 1734 1
103 1740 1
103 1746 1
103 1752 1
103 1756 1
103 1759 1
103 1765 1
103 1772 1
103 1784 1
103 1785 1
103 1790 1
103 1812 1
103 1813 1
103 1818 1
103 1832 1
103 1846 1
103 1852 1
103 1899 1
103 1920 1
103 1931 1
103 1946 1
103 1949 1
103 1982 1
103 1984 1
103 1994 1
103 2015 1
103 2037 1
103 2040 1
103 2045 1
103 2048 1
104 2 1
104 39 1
104 42 1
104 53 1
104 56 1
104 79 1
104 90 1
104 97 1
104 113 1
104 118 1
104 123 1
104 128 1
104 138 1
104 139 1
104 141 1
104 155 1
104 191 1
104 192 1
104 227 1
104 238 1
104 240 1
104 242 1
104 247 1
104 263 1
104 267 1
104 283 1
104 284 1
104 288 1
104 291 1
104 307 1
104 310 1
104 323 1
104 328 1
104 331 1
104 363 1
104 371 1
104 374 1
104 389 1
104 395 1
104 416 1
104 419 1
104 422 1
104 426 1
104 429 1
104 434 1
104 445 1
104 464 1
104 466 1
104 470 1
104 501 1
104 512 1
104 539 1
104 570 1
104 576 1
104 582 1
104 591 1
104 595 1
104 600 1
104 601 1
104 646 1
104 647 1
104 676 1
104 678 1
104 680 1
104 695 1
104 701 1
104 706 1
104 723 1
104 753 1
104 754 1
104 757 1
104 774 1
104 785 1
104 798 1
104 802 1
104 813 1
104 819 1
104 834 1
104 863 1
104 877 1
104 883 1
104 892 1
104 895 1
104 906 1
104 907 1
104 928 1
104 930 1
104 933 1
104 941 1
104 961 1
104 966 1
104 976 1
104 1000 1
104 1004 1
104 1005 1
104 1007 1
104 1032 1
104 1038 1
104 1046 1
104 1072 1
104 1073 1
104 1084 1
104 1087 1
104 1096 1
104 1100 1
104 1123 1
104 1127 1
104 1131 1
104 1134 1
104 1140 1
104 1165 1
104 1174 1
104 1180 1
104 1183 1
104 1186 1
104 1199 1
104 1214 1
104 1233 1
104 1237 1
104 1242 1
104 1263 1
104 1278 1
104 1280 1
104 1287 1
104 1290 1
104 1298 1
104 1300 1
104 1313 1
104 1335 1
104 1344 1
104 1375 1
104 1383 1
104 1392 1
104 1394 1
104 1409 1
104 1421 1
104 1427 1
104 1432 1
104 1450 1
104 1464 1
104 1482 1
104 1485 1
104 1490 1
104 1494 1
104 1495 1
104 1501 1
104 1502 1
104 1520 1
104 1524 1
104 1541 1
104 1542 1
104 1544 1
104 1546 1
104 1550 1
104 1555 1
104 1562 1
104 1572 1
104 1594 1
104 1595 1
104 1613 1
104 1621 1
104 1633 1
104 1636 1
104 1641 1
104 1644 1
104 1669 1
104 1681 1
104 1684 1
104 1696 1
104 1712 1
104 1714 1
104 1730 1
104 1747 1
104 1755 1
104 1762 1
104 1766 1
104 1787 1
104 1792 1
104 1799 1
104 1805 1
104 1815 1
104 1829 1
104 1847 1
104 1869 1
104 1872 1
104 1878 1
104 1890 1
104 1895 1
104 1907 1
104 1914 1
104 1917 1
104 1925 1
104 1935 1
104 1940 1
104 1943 1
104 1967 1
104 1968 1
104 1981 1
104 1989 1
104 2008 1
104 2009 1
104 2011 1
104 2025 1
104 2026 1
104 2042 1
104 2043 1
105 4 1
105 46 1
105 49 1
105 58 1
105 68 1
105 72 1
105 88 1
105 100 1
105 119 1
105 131 1
105 142 1
105 151 1
105 156 1
105 166 1
105 187 1
105 203 1
105 211 1
105 212 1
105 215 1
105 221 1
105 252 1
105 255 1
105 274 1
105 280 1
105 286 1
105 308 1
105 321 1
105 342 1
105 343 1
105 349 1
105 362 1
105 382 1
105 386 1
105 391 1
105 418 1
105 420 1
105 432 1
105 462 1
105 465 1
105 471 1
105 474 1
105 502 1
105 537 1
105 574 1
105 628 1
105 633 1
105 636 1
105 650 1
105 669 1
105 671 1
105 697 1
105 707 1
105 711 1
105 719 1
105 728 1
105 732 1
105 734 1
105 735 1
105 740 1
105 741 1
105 747 1
105 762 1
105 769 1
105 777 1
105 784 1
105 827 1
105 841 1
105 844 1
105 864 1
105 866 1
105 882 1
105 911 1
105 919 1
105 924 1
105 935 1
105 936 1
105 950 1
105 957 1
105 958 1
105 960 1
105 962 1
105 971 1
105 977 1
105 979 1
105 991 1
105 1002 1
105 1018 1
105 1057 1
105 1067 1
105 1082 1
105 1088 1
105 1093 1
105 1112 1
105 1135 1
105 1158 1
105 1185 1
105 1191 1
105 1192 1
105 1194 1
105 1200 1
105 1228 1
105 1229 1
105 1232 1
105 1234 1
105 1239 1
105 1241 1
105 1251 1
105 1277 1
105 1288 1
105 1291 1
105 1311 1
105 1315 1
105 1320 1
105 1324 1
105 1342 1
105 1346 1
105 1353 1
105 1365 1
105 1382 1
105 1403 1
105 1406 1
105 1408 1
105 1428 1
105 1436 1
105 1448 1
105 1449 1
105 1471 1
105 1472 1
105 1493 1
105 1523 1
105 1536 1
105 1543 1
105 1556 1
105 1558 1
105 1563 1
105 1567 1
105 1578 1
105 1582 1
105 1584 1
105 1585 1
105 1603 1
105 1608 1
105 1620 1
105 1631 1
105 1648 1
105 1653 1
105 1692 1
105 1693 1
105 1699 1
105 1726 1
105 1729 1
105 1754 1
105 1768 1
105 1791 1
105 1794 1
105 1796 1
105 1800 1
105 1802 1
105 1823 1
105 1825 1
105 1842 1
105 1845 1
105 1848 1
105 1857 1
105 1860 1
105 1871 1
105 1886 1
105 1889 1
105 1905 1
105 1911 1
105 1912 1
105 1922 1
105 1923 1
105 1929 1
105 1939 1
105 1947 1
105 1950 1
105 1957 1
105 1961 1
105 1969 1
105 1979 1
105 1987 1
105 1991 1
105 2013 1
105 2021 1
106 1 1
106 51 1
106 66 1
106 122 1
106 125 1
106 133 1
106 137 1
106 174 1
106 201 1
106 214 1
106 220 1
106 222 1
106 224 1
106 241 1
106 250 1
106 254 1
106 258 1
106 265 1
106 290 1
106 314 1
106 354 1
106 384 1
106 396 1
106 407 1
106 454 1
106 457 1
106 460 1
106 536 1
106 543 1
106 554 1
106 557 1
106 558 1
106 586 1
106 596 1
106 643 1
106 672 1
106 679 1
106 693 1
106 708 1
106 739 1
106 772 1
106 803 1
106 812 1
106 815 1
106 832 1
106 836 1
106 840 1
106 848 1
106 850 1
106 908 1
106 916 1
106 921 1
106 922 1
106 934 1
106 938 1
106 984 1
106 989 1
106 995 1
106 1016 1
106 1017 1
106 1039 1
106 1041 1
106 1049 1
106 1075 1
106 1089 1
106 1156 1
106 1172 1
106 1201 1
106 1216 1
106 1219 1
106 1257 1
106 1281 1
106 1310 1
106 1330 1
106 1347 1
106 1357 1
106 1379 1
106 1415 1
106 1422 1
106 1434 1
106 1455 1
106 1470 1
106 1513 1
106 1517 1
106 1527 1
106 1538 1
106 1553 1
106 1569 1
106 1587 1
106 1597 1
106 1605 1
106 1610 1
106 1671 1
106 1686 1
106 1695 1
106 1708 1
106 1711 1
106 1716 1
106 1722 1
106 1728 1
106 1732 1
106 1748 1
106 1749 1
106 1757 1
106 1769 1
106 1828 1
106 1868 1
106 1897 1
106 1908 1
106 1909 1
106 1954 1
106 1963 1
106 2002 1
106 2004 1
106 2016 1
106 2019 1
106 2035 1
107 3 1
107 17 1
107 24 1
107 86 1
107 115 1
107 117 1
107 144 1
107 228 1
107 243 1
107 268 1
107 292 1
107 355 1
107 358 1
107 369 1
107 394 1
107 408 1
107 496 1
107 564 1
107 612 1
107 634 1
107 635 1
107 640 1
107 664 1
107 745 1
107 751 1
107 759 1
107 791 1
107 823 1
107 842 1
107 876 1
107 879 1
107 902 1
107 1051 1
107 1068 1
107 1071 1
107 1148 1
107 1154 1
107 1166 1
107 1167 1
107 1209 1
107 1210 1
107 1226 1
107 1249 1
107 1282 1
107 1352 1
107 1368 1
107 1370 1
107 1402 1
107 1404 1
107 1444 1
107 1649 1
107 1655 1
107 1658 1
107 1735 1
107 1777 1
107 1786 1
107 1843 1
107 1864 1
107 1876 1
107 1892 1
107 1915 1
107 1992 1
107 1999 1
107 2003 1
107 2022 1
107 2044 1
108 239 1
108 298 1
108 311 1
108 335 1
108 393 1
108 413 1
108 414 1
108 469 1
108 477 1
108 481 1
108 487 1
108 513 1
108 573 1
108 626 1
108 704 1
108 748 1
108 755 1
108 790 1
108 799 1
108 899 1
108 901 1
108 1070 1
108 1074 1
108 1106 1
108 1238 1
108 1283 1
108 1303 1
108 1398 1
108 1466 1
108 1499 1
108 1604 1
108 1609 1
108 1780 1
108 1819 1
108 1870 1
108 1898 1
108 1913 1
109 13 1
109 295 1
109 296 1
109 508 1
109 610 1
109 915 1
109 937 1
109 1006 1
109 1014 1
109 1029 1
109 1037 1
109 1040 1
109 1056 1
109 1136 1
109 1223 1
109 1227 1
109 1236 1
109 1418 1
109 1506 1
109 1600 1
109 1657 1
109 1727 1
109 1782 1
109 1888 1
109 1948 1
110 157 1
110 208 1
110 392 1
110 808 1
110 955 1
110 1092 1
110 1124 1
110 1147 1
110 1319 1
110 1399 1
110 1474 1
110 1626 1
110 1983 1
111 21 1
111 347 1
111 730 1
111 1048 1
111 1208 1
111 1221 1
111 1336 1
111 1413 1
111 1616 1
111 1678 1
111 1717 1
111 1789 1
111 1959 1
112 160 1
112 332 1
112 333 1
112 403 1
112 500 1
112 599 1
112 909 1
112 1341 1
112 1351 1
112 1459 1
112 1534 1
112 1718 1
113 22 1
113 104 1
113 338 1
113 375 1
113 398 1
113 550 1
113 568 1
113 658 1
113 717 1
113 1027 1
113 1514 1
113 1924 1
114 7 1
114 41 1
114 583 1
114 1213 1
114 1305 1
114 1361 1
114 1552 1
114 1627 1
114 1710 1
114 1873 1
114 2047 1
115 34 1
115 109 1
115 431 1
115 552 1
115 588 1
115 598 1
115 1211 1
115 1323 1
115 1367 1
115 1614 1
115 1884 1
115 1960 1
116 93 1
116 136 1
116 167 1
116 176 1
116 276 1
116 437 1
116 449 1
116 483 1
116 486 1
116 662 1
116 667 1
116 668 1
116 783 1
116 983 1
116 1011 1
116 1030 1
116 1062 1
116 1307 1
116 1333 1
116 1389 1
116 1469 1
116 1522 1
116 1557 1
116 1596 1
116 2023 1
117 1 1
117 23 1
117 24 1
117 89 1
117 98 1
117 145 1
117 165 1
117 181 1
117 346 1
117 390 1
117 444 1
117 452 1
117 458 1
117 472 1
117 484 1
117 530 1
117 546 1
117 547 1
117 569 1
117 579 1
117 593 1
117 603 1
117 627 1
117 637 1
117 638 1
117 652 1
117 656 1
117 686 1
117 852 1
117 856 1
117 861 1
117 890 1
117 920 1
117 942 1
117 1045 1
117 1054 1
117 1103 1
117 1108 1
117 1117 1
117 1144 1
117 1145 1
117 1163 1
117 1179 1
117 1181 1
117 1206 1
117 1279 1
117 1304 1
117 1339 1
117 1443 1
117 1483 1
117 1498 1
117 1510 1
117 1511 1
117 1530 1
117 1593 1
117 1599 1
117 1643 1
117 1662 1
117 1689 1
117 1690 1
117 1724 1
117 1824 1
117 1874 1
117 1882 1
117 1894 1
117 1937 1
117 1965 1
117 1996 1
117 2007 1
117 2020 1
118 17 1
118 29 1
118 48 1
118 249 1
118 353 1
118 559 1
118 580 1
118 630 1
118 642 1
118 645 1
118 789 1
118 828 1
118 918 1
118 964 1
118 1052 1
118 1128 1
118 1212 1
118 1360 1
118 1362 1
118 1405 1
118 1512 1
118 1564 1
118 1629 1
118 1650 1
118 1660 1
118 1781 1
118 1833 1
118 1855 1
118 2031 1
118 2038 1
119 5 1
119 6 1
119 345 1
119 1286 1
119 1292 1
120 1634 1
121 37 1
121 38 1
121 1807 1
122 32 1
123 13 1
124 33 1
124 34 1
124 1299 1
126 9 1
126 10 1
126 17 1
127 28 1
127 1445 1
128 15 1
128 16 1
129 22 1
129 30 1
129 38 1
134 10 1
134 12 1
134 29 1
134 33 1
135 9 1
136 40 1
137 19 1
137 36 1
138 13 1
138 28 1
140 22 1
141 1 1
148 1804 1
149 36 1
149 1107 1
149 1176 1
150 16 1
150 37 1
150 1118 1
151 85 1
151 578 1
151 709 1
151 1021 1
151 1329 1
151 1680 1
151 1952 1
152 522 1
152 781 1
153 309 1
153 690 1
153 1363 1
153 1576 1
156 1475 1
157 787 1
160 61 1
160 1060 1
160 1159 1
160 1630 1
160 1985 1
160 2029 1
161 246 1
161 262 1
161 373 1
161 535 1
161 736 1
161 910 1
161 914 1
161 925 1
161 1133 1
161 1189 1
161 1259 1
161 1272 1
161 1496 1
161 1588 1
161 1751 1
161 1971 1
162 62 1
162 74 1
162 84 1
162 193 1
162 198 1
162 259 1
162 304 1
162 316 1
162 322 1
162 326 1
162 385 1
162 453 1
162 479 1
162 533 1
162 613 1
162 617 1
162 677 1
162 714 1
162 725 1
162 744 1
162 786 1
162 865 1
162 867 1
162 927 1
162 943 1
162 980 1
162 988 1
162 1010 1
162 1042 1
162 1101 1
162 1149 1
162 1184 1
162 1188 1
162 1262 1
162 1328 1
162 1412 1
162 1500 1
162 1515 1
162 1516 1
162 1535 1
162 1537 1
162 1675 1
162 1682 1
162 1776 1
162 1816 1
162 1853 1
162 1880 1
162 1891 1
162 1973 1
162 2041 1
163 8 1
163 52 1
163 67 1
163 70 1
163 140 1
163 150 1
163 152 1
163 153 1
163 159 1
163 171 1
163 178 1
163 253 1
163 264 1
163 278 1
163 285 1
163 305 1
163 313 1
163 351 1
163 365 1
163 376 1
163 413 1
163 415 1
163 436 1
163 463 1
163 473 1
163 476 1
163 478 1
163 485 1
163 488 1
163 493 1
163 524 1
163 540 1
163 541 1
163 558 1
163 592 1
163 597 1
163 685 1
163 724 1
163 737 1
163 796 1
163 816 1
163 847 1
163 871 1
163 893 1
163 900 1
163 917 1
163 944 1
163 982 1
163 998 1
163 1001 1
163 1022 1
163 1050 1
163 1064 1
163 1193 1
163 1222 1
163 1306 1
163 1343 1
163 1380 1
163 1419 1
163 1463 1
163 1492 1
163 1528 1
163 1531 1
163 1586 1
163 1592 1
163 1618 1
163 1624 1
163 1652 1
163 1676 1
163 1760 1
163 1863 1
163 1895 1
163 1901 1
163 1906 1
163 1998 1
163 2012 1
163 2039 1
164 103 1
164 126 1
164 183 1
164 218 1
164 344 1
164 383 1
164 386 1
164 387 1
164 391 1
164 422 1
164 456 1
164 475 1
164 510 1
164 534 1
164 710 1
164 726 1
164 743 1
164 750 1
164 801 1
164 849 1
164 853 1
164 884 1
164 889 1
164 953 1
164 974 1
164 990 1
164 1053 1
164 1080 1
164 1098 1
164 1186 1
164 1235 1
164 1270 1
164 1274 1
164 1309 1
164 1349 1
164 1372 1
164 1373 1
164 1381 1
164 1392 1
164 1438 1
164 1443 1
164 1478 1
164 1503 1
164 1540 1
164 1579 1
164 1603 1
164 1615 1
164 1698 1
164 1716 1
164 1737 1
164 1779 1
164 1826 1
164 1858 1
164 1878 1
164 1909 1
164 1986 1
164 2034 1
165 237 1
165 384 1
165 404 1
165 461 1
165 506 1
165 689 1
165 695 1
165 713 1
165 742 1
165 774 1
165 775 1
165 868 1
165 885 1
165 1006 1
165 1058 1
165 1397 1
165 1476 1
165 1549 1
165 1625 1
165 1626 1
165 1638 1
165 1647 1
165 1667 1
165 1691 1
165 1723 1
165 1750 1
165 1809 1
165 1896 1
165 1946 1
165 1970 1
165 1993 1
165 2005 1
165 2048 1
166 116 1
166 209 1
166 216 1
166 250 1
166 251 1
166 337 1
166 432 1
166 544 1
166 575 1
166 712 1
166 776 1
166 817 1
166 956 1
166 1215 1
166 1330 1
166 1332 1
166 1376 1
166 1388 1
166 1480 1
166 1583 1
166 1637 1
166 1645 1
166 1780 1
166 1789 1
166 1808 1
166 1910 1
166 1924 1
166 2046 1
167 106 1
167 146 1
167 430 1
167 567 1
167 628 1
167 766 1
167 806 1
167 820 1
167 1066 1
167 1260 1
167 1289 1
167 1399 1
167 1813 1
167 1944 1
167 1992 1
168 73 1
168 370 1
168 621 1
168 1111 1
168 1122 1
168 1183 1
168 1497 1
168 1897 1
168 1930 1
169 82 1
169 417 1
169 509 1
169 715 1
169 870 1
169 1172 1
169 1337 1
170 98 1
170 359 1
170 545 1
170 607 1
170 979 1
170 1040 1
170 1171 1
170 1518 1
170 1927 1
170 2042 1
171 400 1
171 952 1
171 996 1
171 1439 1
172 1308 1
172 2027 1
173 177 1
173 327 1
173 581 1
173 993 1
173 1085 1
173 1141 1
173 1577 1
173 1770 1
174 99 1
174 175 1
174 330 1
174 631 1
174 1047 1
174 1131 1
174 1395 1
174 1519 1
174 1733 1
174 1860 1
175 76 1
175 135 1
175 439 1
175 779 1
175 822 1
175 830 1
175 987 1
175 1033 1
175 1218 1
175 1302 1
175 1314 1
175 1430 1
175 1441 1
175 1554 1
175 1694 1
175 1758 1
175 1768 1
175 1850 1
175 1942 1
175 1945 1
175 1953 1
175 1978 1
176 31 1
176 50 1
176 71 1
176 75 1
176 77 1
176 96 1
176 105 1
176 132 1
176 149 1
176 169 1
176 207 1
176 217 1
176 269 1
176 270 1
176 297 1
176 364 1
176 367 1
176 377 1
176 388 1
176 424 1
176 428 1
176 517 1
176 519 1
176 525 1
176 528 1
176 566 1
176 577 1
176 587 1
176 623 1
176 681 1
176 700 1
176 773 1
176 788 1
176 797 1
176 809 1
176 818 1
176 829 1
176 872 1
176 886 1
176 913 1
176 932 1
176 968 1
176 985 1
176 1025 1
176 1061 1
176 1063 1
176 1065 1
176 1099 1
176 1104 1
176 1110 1
176 1138 1
176 1150 1
176 1164 1
176 1196 1
176 1231 1
176 1326 1
176 1377 1
176 1387 1
176 1414 1
176 1426 1
176 1446 1
176 1458 1
176 1481 1
176 1508 1
176 1571 1
176 1611 1
176 1628 1
176 1700 1
176 1715 1
176 1720 1
176 1738 1
176 1798 1
176 1801 1
176 1834 1
176 1839 1
176 1862 1
176 1883 1
176 1885 1
176 1936 1
176 1941 1
176 2030 1
177 57 1
177 60 1
177 69 1
177 83 1
177 92 1
177 107 1
177 111 1
177 112 1
177 124 1
177 130 1
177 134 1
177 162 1
177 185 1
177 186 1
177 190 1
177 197 1
177 200 1
177 223 1
177 245 1
177 306 1
177 341 1
177 342 1
177 348 1
177 352 1
177 368 1
177 378 1
177 380 1
177 427 1
177 435 1
177 441 1
177 448 1
177 468 1
177 498 1
177 511 1
177 529 1
177 542 1
177 555 1
177 594 1
177 602 1
177 608 1
177 641 1
177 669 1
177 675 1
177 698 1
177 705 1
177 746 1
177 765 1
177 767 1
177 778 1
177 793 1
177 794 1
177 795 1
177 825 1
177 826 1
177 859 1
177 931 1
177 940 1
177 959 1
177 994 1
177 1019 1
177 1020 1
177 1023 1
177 1032 1
177 1036 1
177 1041 1
177 1076 1
177 1077 1
177 1130 1
177 1137 1
177 1160 1
177 1161 1
177 1170 1
177 1177 1
177 1207 1
177 1209 1
177 1230 1
177 1241 1
177 1243 1
177 1250 1
177 1254 1
177 1258 1
177 1285 1
177 1294 1
177 1296 1
177 1334 1
177 1348 1
177 1366 1
177 1374 1
177 1384 1
177 1407 1
177 1423 1
177 1425 1
177 1457 1
177 1473 1
177 1486 1
177 1504 1
177 1521 1
177 1539 1
177 1548 1
177 1568 1
177 1613 1
177 1642 1
177 1666 1
177 1677 1
177 1705 1
177 1709 1
177 1754 1
177 1778 1
177 1783 1
177 1810 1
177 1811 1
177 1817 1
177 1821 1
177 1827 1
177 1838 1
177 1866 1
177 1875 1
177 1877 1
177 1893 1
177 1902 1
177 1932 1
177 1956 1
177 1966 1
177 1977 1
177 1987 1
177 2018 1
177 2028 1
177 2036 1
178 14 1
178 43 1
178 47 1
178 64 1
178 91 1
178 94 1
178 102 1
178 129 1
178 143 1
178 154 1
178 188 1
178 194 1
178 204 1
178 213 1
178 222 1
178 225 1
178 235 1
178 266 1
178 307 1
178 311 1
178 312 1
178 325 1
178 329 1
178 406 1
178 409 1
178 412 1
178 451 1
178 526 1
178 538 1
178 548 1
178 606 1
178 615 1
178 618 1
178 632 1
178 663 1
178 692 1
178 706 1
178 716 1
178 729 1
178 756 1
178 771 1
178 782 1
178 831 1
178 835 1
178 837 1
178 840 1
178 843 1
178 854 1
178 855 1
178 896 1
178 919 1
178 946 1
178 951 1
178 973 1
178 999 1
178 1055 1
178 1056 1
178 1084 1
178 1114 1
178 1120 1
178 1142 1
178 1153 1
178 1217 1
178 1247 1
178 1252 1
178 1282 1
178 1295 1
178 1350 1
178 1356 1
178 1369 1
178 1421 1
178 1454 1
178 1509 1
178 1513 1
178 1533 1
178 1545 1
178 1566 1
178 1575 1
178 1602 1
178 1612 1
178 1636 1
178 1639 1
178 1721 1
178 1722 1
178 1725 1
178 1730 1
178 1731 1
178 1747 1
178 1769 1
178 1772 1
178 1797 1
178 1865 1
178 1881 1
178 1889 1
178 1900 1
178 1903 1
178 1934 1
178 1949 1
178 1972 1
178 1976 1
178 1980 1
178 1989 1
178 2006 1
178 2024 1
179 20 1
179 45 1
179 63 1
179 81 1
179 95 1
179 148 1
179 156 1
179 202 1
179 205 1
179 228 1
179 257 1
179 260 1
179 277 1
179 317 1
179 319 1
179 339 1
179 360 1
179 361 1
179 443 1
179 480 1
179 482 1
179 497 1
179 514 1
179 565 1
179 596 1
179 601 1
179 616 1
179 624 1
179 654 1
179 657 1
179 665 1
179 666 1
179 674 1
179 676 1
179 720 1
179 740 1
179 749 1
179 753 1
179 791 1
179 824 1
179 827 1
179 846 1
179 908 1
179 922 1
179 941 1
179 954 1
179 986 1
179 1008 1
179 1012 1
179 1015 1
179 1026 1
179 1059 1
179 1075 1
179 1086 1
179 1105 1
179 1121 1
179 1129 1
179 1202 1
179 1214 1
179 1216 1
179 1233 1
179 1265 1
179 1268 1
179 1271 1
179 1287 1
179 1331 1
179 1335 1
179 1336 1
179 1378 1
179 1401 1
179 1431 1
179 1434 1
179 1435 1
179 1437 1
179 1479 1
179 1494 1
179 1551 1
179 1556 1
179 1589 1
179 1591 1
179 1683 1
179 1684 1
179 1693 1
179 1701 1
179 1764 1
179 1788 1
179 1793 1
179 1812 1
179 1837 1
179 1847 1
179 1849 1
179 1861 1
179 1869 1
179 1908 1
179 1926 1
179 1933 1
179 1988 1
179 1995 1
179 2001 1
179 2017 1
179 2025 1
180 42 1
180 101 1
180 196 1
180 230 1
180 267 1
180 268 1
180 274 1
180 293 1
180 320 1
180 421 1
180 425 1
180 433 1
180 442 1
180 499 1
180 523 1
180 570 1
180 598 1
180 600 1
180 611 1
180 691 1
180 694 1
180 747 1
180 760 1
180 764 1
180 798 1
180 805 1
180 810 1
180 838 1
180 881 1
180 921 1
180 930 1
180 949 1
180 976 1
180 1007 1
180 1126 1
180 1220 1
180 1248 1
180 1261 1
180 1293 1
180 1316 1
180 1359 1
180 1391 1
180 1393 1
180 1417 1
180 1447 1
180 1466 1
180 1485 1
180 1507 1
180 1553 1
180 1598 1
180 1607 1
180 1619 1
180 1622 1
180 1632 1
180 1654 1
180 1672 1
180 1742 1
180 1762 1
180 1785 1
180 1803 1
180 1876 1
180 1887 1
180 1913 1
180 1918 1
180 1958 1
180 1979 1
180 1997 1
181 65 1
181 80 1
181 137 1
181 182 1
181 191 1
181 219 1
181 233 1
181 284 1
181 315 1
181 343 1
181 402 1
181 423 1
181 491 1
181 549 1
181 553 1
181 605 1
181 699 1
181 721 1
181 735 1
181 754 1
181 792 1
181 857 1
181 860 1
181 862 1
181 894 1
181 897 1
181 967 1
181 1028 1
181 1044 1
181 1069 1
181 1083 1
181 1139 1
181 1143 1
181 1157 1
181 1237 1
181 1256 1
181 1318 1
181 1341 1
181 1354 1
181 1422 1
181 1453 1
181 1495 1
181 1520 1
181 1526 1
181 1538 1
181 1559 1
181 1573 1
181 1616 1
181 1665 1
181 1774 1
181 1814 1
181 1892 1
181 1915 1
181 1919 1
181 1950 1
181 1990 1
182 118 1
182 252 1
182 561 1
182 684 1
182 738 1
182 762 1
182 777 1
182 947 1
182 1079 1
182 1240 1
182 1245 1
182 1264 1
182 1300 1
182 1322 1
182 1342 1
182 1456 1
182 1590 1
182 1669 1
182 1741 1
182 1867 1
182 1928 1
182 1951 1
183 189 1
183 300 1
183 683 1
183 733 1
183 763 1
183 768 1
183 785 1
183 804 1
183 845 1
183 904 1
183 969 1
183 1490 1
183 1601 1
183 1835 1
183 1921 1
183 1935 1
184 120 1
184 644 1
184 758 1
184 803 1
184 869 1
184 972 1
184 1093 1
184 1406 1
184 1436 1
184 1455 1
184 1459 1
184 1635 1
184 1640 1
184 1912 1
184 1964 1
184 1982 1
184 2003 1
185 113 1
185 231 1
185 864 1
185 1009 1
185 1219 1
185 1664 1
185 1794 1
185 1931 1
186 294 1
186 399 1
186 660 1
186 1957 1
187 289 1
187 1109 1
187 1204 1
187 1364 1
188 265 1
188 288 1
188 1049 1
188 1119 1
188 1273 1
188 1822 1
189 226 1
189 244 1
189 303 1
189 494 1
189 819 1
189 1115 1
189 1151 1
189 1187 1
189 1267 1
189 1385 1
189 1706 1
189 1767 1
189 2010 1
190 7 1
190 172 1
190 180 1
190 210 1
190 236 1
190 374 1
190 562 1
190 622 1
190 639 1
190 648 1
190 903 1
190 1035 1
190 1038 1
190 1094 1
190 1203 1
190 1224 1
190 1317 1
190 1325 1
190 1467 1
190 1565 1
190 1663 1
190 1753 1
190 1823 1
190 1859 1
190 1916 1
190 1955 1
191 59 1
191 78 1
191 138 1
191 155 1
191 163 1
191 164 1
191 168 1
191 173 1
191 179 1
191 206 1
191 232 1
191 272 1
191 328 1
191 340 1
191 350 1
191 381 1
191 394 1
191 397 1
191 401 1
191 440 1
191 450 1
191 464 1
191 520 1
191 563 1
191 571 1
191 609 1
191 659 1
191 673 1
191 703 1
191 727 1
191 800 1
191 811 1
191 839 1
191 873 1
191 875 1
191 878 1
191 887 1
191 923 1
191 958 1
191 966 1
191 992 1
191 1013 1
191 1043 1
191 1078 1
191 1102 1
191 1113 1
191 1135 1
191 1158 1
191 1162 1
191 1165 1
191 1167 1
191 1173 1
191 1178 1
191 1244 1
191 1275 1
191 1276 1
191 1311 1
191 1312 1
191 1340 1
191 1396 1
191 1410 1
191 1424 1
191 1462 1
191 1491 1
191 1499 1
191 1505 1
191 1547 1
191 1562 1
191 1581 1
191 1633 1
191 1668 1
191 1673 1
191 1679 1
191 1685 1
191 1687 1
191 1688 1
191 1707 1
191 1736 1
191 1739 1
191 1744 1
191 1745 1
191 1799 1
191 1806 1
191 1828 1
191 1831 1
191 1840 1
191 1852 1
191 1904 1
191 1962 1
191 2014 1
191 2043 1
192 53 1
192 55 1
192 90 1
192 110 1
192 121 1
192 123 1
192 127 1
192 139 1
192 147 1
192 187 1
192 195 1
192 229 1
192 238 1
192 241 1
192 242 1
192 256 1
192 271 1
192 273 1
192 275 1
192 287 1
192 302 1
192 314 1
192 323 1
192 379 1
192 405 1
192 429 1
192 438 1
192 489 1
192 492 1
192 495 1
192 503 1
192 518 1
192 551 1
192 556 1
192 572 1
192 583 1
192 584 1
192 590 1
192 633 1
192 651 1
192 670 1
192 678 1
192 679 1
192 680 1
192 731 1
192 745 1
192 784 1
192 812 1
192 821 1
192 842 1
192 874 1
192 880 1
192 891 1
192 905 1
192 907 1
192 911 1
192 912 1
192 929 1
192 948 1
192 978 1
192 981 1
192 1024 1
192 1034 1
192 1068 1
192 1087 1
192 1089 1
192 1090 1
192 1091 1
192 1095 1
192 1125 1
192 1190 1
192 1195 1
192 1198 1
192 1229 1
192 1232 1
192 1255 1
192 1269 1
192 1284 1
192 1298 1
192 1315 1
192 1327 1
192 1338 1
192 1344 1
192 1355 1
192 1370 1
192 1408 1
192 1433 1
192 1444 1
192 1451 1
192 1477 1
192 1487 1
192 1488 1
192 1489 1
192 1502 1
192 1525 1
192 1529 1
192 1532 1
192 1536 1
192 1541 1
192 1546 1
192 1560 1
192 1567 1
192 1570 1
192 1584 1
192 1585 1
192 1606 1
192 1641 1
192 1646 1
192 1656 1
192 1659 1
192 1661 1
192 1670 1
192 1686 1
192 1697 1
192 1702 1
192 1719 1
192 1728 1
192 1732 1
192 1734 1
192 1740 1
192 1761 1
192 1771 1
192 1775 1
192 1784 1
192 1790 1
192 1800 1
192 1819 1
192 1830 1
192 1836 1
192 1844 1
192 1851 1
192 1856 1
192 1920 1
192 1923 1
192 1938 1
192 1943 1
192 1974 1
192 1975 1
192 1981 1
192 2000 1
192 2033 1
193 44 1
193 49 1
193 54 1
193 108 1
193 122 1
193 125 1
193 128 1
193 131 1
193 142 1
193 166 1
193 192 1
193 199 1
193 212 1
193 214 1
193 215 1
193 220 1
193 227 1
193 234 1
193 254 1
193 282 1
193 291 1
193 292 1
193 336 1
193 357 1
193 358 1
193 362 1
193 366 1
193 396 1
193 408 1
193 410 1
193 447 1
193 462 1
193 466 1
193 474 1
193 487 1
193 490 1
193 501 1
193 504 1
193 507 1
193 515 1
193 516 1
193 531 1
193 536 1
193 543 1
193 547 1
193 574 1
193 589 1
193 591 1
193 614 1
193 619 1
193 620 1
193 625 1
193 629 1
193 649 1
193 653 1
193 655 1
193 687 1
193 701 1
193 702 1
193 707 1
193 752 1
193 761 1
193 770 1
193 832 1
193 858 1
193 866 1
193 892 1
193 906 1
193 926 1
193 928 1
193 939 1
193 945 1
193 950 1
193 955 1
193 963 1
193 970 1
193 975 1
193 991 1
193 1002 1
193 1003 1
193 1017 1
193 1031 1
193 1048 1
193 1057 1
193 1067 1
193 1097 1
193 1132 1
193 1146 1
193 1148 1
193 1169 1
193 1175 1
193 1191 1
193 1199 1
193 1200 1
193 1210 1
193 1234 1
193 1249 1
193 1253 1
193 1277 1
193 1288 1
193 1358 1
193 1371 1
193 1390 1
193 1400 1
193 1404 1
193 1411 1
193 1416 1
193 1418 1
193 1427 1
193 1428 1
193 1440 1
193 1468 1
193 1474 1
193 1482 1
193 1484 1
193 1543 1
193 1544 1
193 1555 1
193 1561 1
193 1572 1
193 1594 1
193 1600 1
193 1617 1
193 1620 1
193 1623 1
193 1644 1
193 1651 1
193 1674 1
193 1695 1
193 1703 1
193 1713 1
193 1727 1
193 1743 1
193 1752 1
193 1757 1
193 1815 1
193 1820 1
193 1854 1
193 1870 1
193 1879 1
193 1888 1
193 1911 1
193 1917 1
193 1922 1
193 1925 1
193 1969 1
193 1984 1
193 2004 1
193 2008 1
193 2009 1
193 2032 1
193 2037 1
193 2047 1
194 48 1
194 56 1
194 79 1
194 97 1
194 104 1
194 117 1
194 161 1
194 184 1
194 208 1
194 255 1
194 261 1
194 279 1
194 290 1
194 324 1
194 331 1
194 333 1
194 371 1
194 411 1
194 416 1
194 446 1
194 467 1
194 471 1
194 521 1
194 527 1
194 588 1
194 604 1
194 636 1
194 682 1
194 688 1
194 697 1
194 719 1
194 734 1
194 755 1
194 802 1
194 813 1
194 836 1
194 851 1
194 877 1
194 888 1
194 920 1
194 934 1
194 957 1
194 964 1
194 989 1
194 1018 1
194 1046 1
194 1071 1
194 1073 1
194 1081 1
194 1112 1
194 1123 1
194 1127 1
194 1136 1
194 1140 1
194 1152 1
194 1156 1
194 1211 1
194 1223 1
194 1226 1
194 1246 1
194 1290 1
194 1291 1
194 1307 1
194 1345 1
194 1368 1
194 1379 1
194 1386 1
194 1415 1
194 1420 1
194 1429 1
194 1449 1
194 1460 1
194 1465 1
194 1471 1
194 1514 1
194 1523 1
194 1558 1
194 1578 1
194 1608 1
194 1614 1
194 1621 1
194 1631 1
194 1657 1
194 1696 1
194 1711 1
194 1746 1
194 1748 1
194 1763 1
194 1765 1
194 1782 1
194 1787 1
194 1792 1
194 1796 1
194 1802 1
194 1868 1
194 1929 1
194 1954 1
194 1983 1
194 1991 1
194 2016 1
194 2021 1
194 2035 1
194 2040 1
195 5 1
195 25 1
195 87 1
195 114 1
195 119 1
195 174 1
195 203 1
195 240 1
195 281 1
195 283 1
195 299 1
195 349 1
195 369 1
195 382 1
195 414 1
195 459 1
195 465 1
195 554 1
195 579 1
195 582 1
195 634 1
195 640 1
195 643 1
195 650 1
195 722 1
195 844 1
195 848 1
195 863 1
195 890 1
195 895 1
195 961 1
195 965 1
195 971 1
195 1051 1
195 1082 1
195 1092 1
195 1096 1
195 1155 1
195 1197 1
195 1205 1
195 1303 1
195 1346 1
195 1382 1
195 1403 1
195 1563 1
195 1610 1
195 1692 1
195 1699 1
195 1708 1
195 1791 1
195 1842 1
195 1846 1
195 1940 1
195 1959 1
195 2022 1
195 2023 1
196 58 1
196 160 1
196 211 1
196 221 1
196 224 1
196 248 1
196 286 1
196 296 1
196 420 1
196 431 1
196 512 1
196 560 1
196 576 1
196 585 1
196 595 1
196 610 1
196 626 1
196 693 1
196 739 1
196 807 1
196 814 1
196 924 1
196 984 1
196 1074 1
196 1106 1
196 1168 1
196 1182 1
196 1263 1
196 1320 1
196 1321 1
196 1402 1
196 1432 1
196 1472 1
196 1512 1
196 1527 1
196 1552 1
196 1574 1
196 1582 1
196 1604 1
196 1609 1
196 1648 1
196 1649 1
196 1766 1
196 1845 1
196 1905 1
196 1914 1
196 1948 1
197 51 1
197 72 1
197 170 1
197 258 1
197 310 1
197 334 1
197 407 1
197 445 1
197 457 1
197 513 1
197 638 1
197 647 1
197 661 1
197 728 1
197 741 1
197 960 1
197 1100 1
197 1116 1
197 1147 1
197 1180 1
197 1194 1
197 1225 1
197 1239 1
197 1319 1
197 1383 1
197 1660 1
197 1759 1
197 1841 1
197 1899 1
197 1939 1
197 2011 1
198 239 1
198 280 1
198 295 1
198 301 1
198 389 1
198 470 1
198 472 1
198 546 1
198 612 1
198 717 1
198 757 1
198 823 1
198 1280 1
198 1339 1
198 1357 1
198 1362 1
198 1886 1
198 1947 1
198 2045 1
199 68 1
199 263 1
199 356 1
199 505 1
199 508 1
199 603 1
199 902 1
199 1278 1
199 1550 1
199 1593 1
199 1773 1
199 1795 1
199 1832 1
199 1843 1
199 1898 1
199 2002 1
200 672 1
200 841 1
200 879 1
200 1375 1
200 1461 1
200 1890 1
201 133 1
201 354 1
201 711 1
201 815 1
201 834 1
201 909 1
201 938 1
201 1185 1
201 1398 1
201 1587 1
201 1994 1
202 144 1
202 708 1
202 883 1
202 1005 1
202 1251 1
202 1353 1
202 1501 1
202 1542 1
202 1864 1
202 2013 1
203 392 1
203 696 1
203 772 1
203 799 1
203 808 1
203 1072 1
203 1524 1
203 1857 1
204 181 1
204 201 1
204 355 1
204 403 1
204 599 1
204 790 1
204 1221 1
204 1442 1
204 1580 1
204 1824 1
204 1960 1
205 158 1
205 318 1
205 363 1
205 372 1
205 426 1
205 502 1
205 539 1
205 593 1
205 759 1
205 833 1
205 850 1
205 876 1
205 997 1
205 1103 1
205 1324 1
205 1347 1
205 1595 1
205 1597 1
205 1714 1
205 1756 1
206 100 1
206 109 1
206 157 1
206 298 1
206 332 1
206 375 1
206 434 1
206 458 1
206 469 1
206 477 1
206 483 1
206 486 1
206 500 1
206 532 1
206 573 1
206 635 1
206 637 1
206 686 1
206 718 1
206 732 1
206 751 1
206 769 1
206 780 1
206 828 1
206 861 1
206 882 1
206 898 1
206 899 1
206 901 1
206 936 1
206 977 1
206 995 1
206 1000 1
206 1011 1
206 1014 1
206 1029 1
206 1030 1
206 1088 1
206 1144 1
206 1145 1
206 1163 1
206 1166 1
206 1174 1
206 1179 1
206 1192 1
206 1206 1
206 1257 1
206 1266 1
206 1297 1
206 1301 1
206 1310 1
206 1313 1
206 1333 1
206 1351 1
206 1352 1
206 1365 1
206 1394 1
206 1409 1
206 1413 1
206 1448 1
206 1452 1
206 1470 1
206 1493 1
206 1517 1
206 1627 1
206 1655 1
206 1662 1
206 1671 1
206 1681 1
206 1704 1
206 1717 1
206 1726 1
206 1755 1
206 1781 1
206 1786 1
206 1825 1
206 1848 1
206 1871 1
206 1872 1
206 1884 1
206 1894 1
206 1907 1
206 1961 1
206 1968 1
206 2015 1
207 86 1
207 89 1
207 93 1
207 115 1
207 141 1
207 151 1
207 247 1
207 321 1
207 335 1
207 353 1
207 390 1
207 395 1
207 437 1
207 454 1
207 455 1
207 481 1
207 496 1
207 537 1
207 630 1
207 642 1
207 646 1
207 656 1
207 662 1
207 664 1
207 667 1
207 723 1
207 748 1
207 783 1
207 856 1
207 916 1
207 933 1
207 937 1
207 962 1
207 983 1
207 1004 1
207 1016 1
207 1027 1
207 1037 1
207 1039 1
207 1062 1
207 1070 1
207 1117 1
207 1134 1
207 1154 1
207 1201 1
207 1208 1
207 1227 1
207 1228 1
207 1236 1
207 1238 1
207 1242 1
207 1279 1
207 1281 1
207 1283 1
207 1304 1
207 1367 1
207 1464 1
207 1469 1
207 1483 1
207 1498 1
207 1511 1
207 1522 1
207 1530 1
207 1557 1
207 1569 1
207 1596 1
207 1599 1
207 1629 1
207 1643 1
207 1653 1
207 1658 1
207 1689 1
207 1718 1
207 1729 1
207 1749 1
207 1777 1
207 1818 1
207 1829 1
207 1873 1
207 1882 1
207 1963 1
207 1965 1
207 1999 1
207 2019 1
207 2020 1
207 2031 1
207 2044 1
208 88 1
208 136 1
208 165 1
208 167 1
208 176 1
208 243 1
208 276 1
208 308 1
208 345 1
208 346 1
208 347 1
208 393 1
208 418 1
208 444 1
208 452 1
208 460 1
208 484 1
208 557 1
208 559 1
208 564 1
208 568 1
208 586 1
208 627 1
208 658 1
208 668 1
208 704 1
208 789 1
208 852 1
208 915 1
208 1045 1
208 1054 1
208 1124 1
208 1128 1
208 1286 1
208 1305 1
208 1360 1
208 1389 1
208 1450 1
208 1506 1
208 1510 1
208 1564 1
208 1605 1
208 1710 1
208 1712 1
208 1805 1
208 1855 1
208 1874 1
208 1967 1
208 1996 1
208 2007 1
208 2026 1
209 145 1
209 550 1
209 552 1
209 569 1
209 580 1
209 652 1
209 671 1
209 730 1
209 918 1
209 1212 1
209 1323 1
209 1405 1
209 1690 1
209 1724 1
209 1833 1
210 35 1
210 41 1
210 249 1
210 338 1
210 419 1
210 942 1
210 1052 1
210 1292 1
210 1534 1
210 1650 1
210 1735 1
210 1807 1
210 1937 1
211 935 1
211 1361 1
211 2038 1
212 11 1
212 1181 1
213 1108 1
213 1213 1
215 398 1
219 27 1
219 46 1
219 66 1
219 530 1
219 1634 1
219 1678 1
220 449 1
220 645 1
221 18 1
221 30 1
221 32 1
221 1299 1
221 1445 1
222 6 1
223 3 1
231 21 1
235 1804 1
244 309 1
244 578 1
244 1540 1
244 1998 1
245 152 1
245 677 1
245 1077 1
245 1137 1
245 1231 1
245 1262 1
246 826 1
246 994 1
246 1252 1
247 1859 1
248 62 1
248 796 1
248 1189 1
248 1267 1
248 1674 1
248 1751 1
249 373 1
249 534 1
249 590 1
249 690 1
249 867 1
249 927 1
249 1060 1
249 1159 1
249 1259 1
249 1516 1
249 1682 1
249 1896 1
250 67 1
250 463 1
250 475 1
250 617 1
250 725 1
250 988 1
250 990 1
250 1149 1
250 1184 1
250 1329 1
250 1380 1
250 1388 1
250 1515 1
250 1891 1
250 1971 1
251 246 1
251 871 1
251 952 1
251 1188 1
251 1592 1
251 1776 1
252 150 1
252 278 1
252 479 1
252 742 1
252 1135 1
252 1343 1
252 1496 1
253 715 1
253 980 1
254 1853 1
254 2029 1
255 383 1
255 1381 1
257 4 1
257 558 1
257 1085 1
257 1535 1
257 1725 1
258 264 1
258 1715 1
258 1742 1
258 1895 1
259 101 1
259 169 1
259 386 1
259 779 1
259 1138 1
259 1270 1
259 1349 1
259 1568 1
259 1720 1
259 1789 1
259 1897 1
259 1941 1
260 16 1
260 23 1
260 39 1
260 60 1
260 77 1
260 99 1
260 135 1
260 149 1
260 213 1
260 217 1
260 253 1
260 339 1
260 385 1
260 421 1
260 425 1
260 548 1
260 631 1
260 641 1
260 774 1
260 775 1
260 776 1
260 827 1
260 829 1
260 837 1
260 868 1
260 921 1
260 944 1
260 968 1
260 985 1
260 1076 1
260 1079 1
260 1172 1
260 1214 1
260 1240 1
260 1446 1
260 1494 1
260 1521 1
260 1528 1
260 1551 1
260 1553 1
260 1632 1
260 1728 1
260 1750 1
260 1778 1
260 1803 1
260 1862 1
260 1866 1
260 1881 1
261 2 1
261 26 1
261 37 1
261 50 1
261 54 1
261 105 1
261 183 1
261 219 1
261 223 1
261 225 1
261 269 1
261 274 1
261 297 1
261 310 1
261 365 1
261 368 1
261 376 1
261 406 1
261 412 1
261 435 1
261 442 1
261 453 1
261 506 1
261 509 1
261 511 1
261 538 1
261 541 1
261 544 1
261 567 1
261 602 1
261 607 1
261 665 1
261 675 1
261 698 1
261 736 1
261 737 1
261 743 1
261 801 1
261 806 1
261 818 1
261 820 1
261 846 1
261 859 1
261 914 1
261 941 1
261 996 1
261 1019 1
261 1028 1
261 1101 1
261 1142 1
261 1150 1
261 1164 1
261 1183 1
261 1202 1
261 1268 1
261 1285 1
261 1317 1
261 1366 1
261 1430 1
261 1440 1
261 1447 1
261 1481 1
261 1486 1
261 1527 1
261 1621 1
261 1628 1
261 1635 1
261 1647 1
261 1652 1
261 1691 1
261 1772 1
261 1816 1
261 1839 1
261 1858 1
261 1912 1
261 1945 1
261 1978 1
261 1989 1
261 2036 1
261 2039 1
262 1 1
262 8 1
262 15 1
262 22 1
262 92 1
262 96 1
262 108 1
262 140 1
262 154 1
262 188 1
262 193 1
262 197 1
262 200 1
262 216 1
262 242 1
262 277 1
262 313 1
262 359 1
262 361 1
262 367 1
262 409 1
262 433 1
262 448 1
262 485 1
262 505 1
262 510 1
262 522 1
262 529 1
262 566 1
262 601 1
262 623 1
262 669 1
262 709 1
262 724 1
262 749 1
262 767 1
262 781 1
262 798 1
262 853 1
262 854 1
262 872 1
262 884 1
262 900 1
262 917 1
262 947 1
262 956 1
262 982 1
262 998 1
262 1032 1
262 1038 1
262 1069 1
262 1084 1
262 1099 1
262 1121 1
262 1207 1
262 1302 1
262 1328 1
262 1330 1
262 1354 1
262 1376 1
262 1377 1
262 1397 1
262 1435 1
262 1457 1
262 1500 1
262 1507 1
262 1548 1
262 1549 1
262 1554 1
262 1624 1
262 1665 1
262 1694 1
262 1700 1
262 1768 1
262 1779 1
262 1798 1
262 1850 1
262 1875 1
262 1877 1
262 1892 1
262 1901 1
262 1906 1
262 1908 1
262 1910 1
262 1930 1
262 1977 1
262 2048 1
263 13 1
263 17 1
263 47 1
263 75 1
263 122 1
263 132 1
263 148 1
263 186 1
263 207 1
263 222 1
263 236 1
263 256 1
263 260 1
263 285 1
263 314 1
263 319 1
263 327 1
263 331 1
263 352 1
263 468 1
263 514 1
263 517 1
263 526 1
263 528 1
263 592 1
263 598 1
263 678 1
263 681 1
263 694 1
263 738 1
263 766 1
263 778 1
263 782 1
263 787 1
263 803 1
263 816 1
263 831 1
263 844 1
263 895 1
263 904 1
263 959 1
263 986 1
263 1006 1
263 1058 1
263 1063 1
263 1118 1
263 1210 1
263 1241 1
263 1250 1
263 1253 1
263 1254 1
263 1309 1
263 1325 1
263 1326 1
263 1335 1
263 1364 1
263 1372 1
263 1408 1
263 1420 1
263 1518 1
263 1526 1
263 1573 1
263 1577 1
263 1622 1
263 1637 1
263 1723 1
263 1752 1
263 1762 1
263 1826 1
263 1863 1
263 1927 1
263 1942 1
263 1974 1
263 1985 1
263 1986 1
263 1988 1
263 1990 1
263 1992 1
263 2005 1
263 2030 1
264 10 1
264 12 1
264 31 1
264 52 1
264 71 1
264 81 1
264 87 1
264 189 1
264 228 1
264 233 1
264 364 1
264 451 1
264 452 1
264 456 1
264 473 1
264 478 1
264 498 1
264 513 1
264 515 1
264 555 1
264 581 1
264 612 1
264 649 1
264 654 1
264 699 1
264 700 1
264 756 1
264 761 1
264 788 1
264 793 1
264 797 1
264 880 1
264 893 1
264 1022 1
264 1041 1
264 1091 1
264 1176 1
264 1237 1
264 1273 1
264 1275 1
264 1294 1
264 1422 1
264 1427 1
264 1441 1
264 1480 1
264 1497 1
264 1503 1
264 1630 1
264 1645 1
264 1721 1
264 1737 1
264 1764 1
264 1784 1
264 1797 1
264 1821 1
264 1867 1
264 1883 1
264 1905 1
264 1913 1
264 2018 1
264 2024 1
265 48 1
265 57 1
265 70 1
265 134 1
265 143 1
265 171 1
265 247 1
265 265 1
265 341 1
265 378 1
265 381 1
265 394 1
265 439 1
265 476 1
265 500 1
265 518 1
265 606 1
265 706 1
265 764 1
265 910 1
265 999 1
265 1018 1
265 1021 1
265 1040 1
265 1046 1
265 1065 1
265 1104 1
265 1177 1
265 1191 1
265 1205 1
265 1278 1
265 1296 1
265 1318 1
265 1359 1
265 1392 1
265 1434 1
265 1463 1
265 1519 1
265 1580 1
265 1612 1
265 1814 1
265 1849 1
265 1946 1
265 1949 1
265 1993 1
266 206 1
266 208 1
266 268 1
266 272 1
266 306 1
266 336 1
266 415 1
266 443 1
266 482 1
266 608 1
266 626 1
266 703 1
266 713 1
266 943 1
266 1244 1
266 1247 1
266 1261 1
266 1342 1
266 1373 1
266 1382 1
266 1395 1
266 1505 1
266 1586 1
266 1608 1
266 1820 1
266 1832 1
266 1864 1
266 1893 1
266 1919 1
266 1944 1
266 1952 1
267 64 1
267 130 1
267 209 1
267 270 1
267 337 1
267 348 1
267 450 1
267 786 1
267 987 1
267 1042 1
267 1047 1
267 1157 1
267 1209 1
267 1308 1
267 1565 1
267 1585 1
267 1773 1
267 1918 1
267 1936 1
267 1969 1
268 33 1
268 330 1
268 561 1
268 702 1
268 929 1
268 1385 1
268 1458 1
268 1460 1
268 1473 1
269 431 1
269 1556 1
269 1932 1
270 858 1
270 1525 1
270 1926 1
270 1933 1
271 198 1
271 535 1
271 908 1
271 1170 1
271 1265 1
271 1324 1
271 1557 1
271 1591 1
271 2016 1
272 562 1
272 650 1
272 1012 1
273 19 1
273 257 1
273 556 1
273 795 1
273 1336 1
273 1414 1
273 1705 1
273 1731 1
273 1847 1
273 2034 1
274 20 1
274 38 1
274 58 1
274 178 1
274 259 1
274 370 1
274 695 1
274 714 1
274 750 1
274 1008 1
274 1015 1
274 1107 1
274 1272 1
274 1306 1
274 1316 1
274 1331 1
274 1370 1
274 1492 1
274 1575 1
274 1594 1
274 1738 1
274 1809 1
275 7 1
275 14 1
275 29 1
275 40 1
275 43 1
275 61 1
275 73 1
275 76 1
275 82 1
275 84 1
275 85 1
275 95 1
275 107 1
275 113 1
275 126 1
275 146 1
275 156 1
275 159 1
275 163 1
275 175 1
275 218 1
275 238 1
275 250 1
275 262 1
275 266 1
275 312 1
275 325 1
275 326 1
275 351 1
275 387 1
275 388 1
275 391 1
275 402 1
275 404 1
275 422 1
275 424 1
275 545 1
275 575 1
275 615 1
275 624 1
275 666 1
275 710 1
275 716 1
275 744 1
275 747 1
275 753 1
275 773 1
275 784 1
275 809 1
275 819 1
275 849 1
275 865 1
275 874 1
275 889 1
275 913 1
275 939 1
275 946 1
275 953 1
275 954 1
275 969 1
275 1003 1
275 1056 1
275 1059 1
275 1064 1
275 1071 1
275 1098 1
275 1111 1
275 1120 1
275 1130 1
275 1141 1
275 1148 1
275 1156 1
275 1173 1
275 1186 1
275 1196 1
275 1218 1
275 1220 1
275 1222 1
275 1230 1
275 1260 1
275 1264 1
275 1314 1
275 1344 1
275 1363 1
275 1419 1
275 1423 1
275 1438 1
275 1456 1
275 1475 1
275 1478 1
275 1508 1
275 1531 1
275 1537 1
275 1576 1
275 1581 1
275 1615 1
275 1626 1
275 1676 1
275 1680 1
275 1719 1
275 1760 1
275 1783 1
275 1808 1
275 1831 1
275 1837 1
275 1838 1
275 1885 1
275 1915 1
275 1924 1
275 1966 1
275 1970 1
275 1981 1
275 1991 1
275 2027 1
275 2041 1
276 42 1
276 44 1
276 45 1
276 59 1
276 65 1
276 80 1
276 83 1
276 103 1
276 106 1
276 111 1
276 116 1
276 124 1
276 127 1
276 129 1
276 147 1
276 153 1
276 185 1
276 191 1
276 199 1
276 202 1
276 204 1
276 205 1
276 210 1
276 212 1
276 215 1
276 226 1
276 237 1
276 241 1
276 251 1
276 267 1
276 284 1
276 292 1
276 294 1
276 305 1
276 307 1
276 316 1
276 317 1
276 320 1
276 344 1
276 380 1
276 399 1
276 417 1
276 423 1
276 428 1
276 430 1
276 436 1
276 464 1
276 466 1
276 488 1
276 497 1
276 519 1
276 521 1
276 524 1
276 525 1
276 533 1
276 536 1
276 542 1
276 549 1
276 565 1
276 574 1
276 577 1
276 583 1
276 595 1
276 596 1
276 604 1
276 611 1
276 613 1
276 616 1
276 618 1
276 644 1
276 674 1
276 679 1
276 685 1
276 689 1
276 692 1
276 705 1
276 726 1
276 727 1
276 729 1
276 739 1
276 740 1
276 754 1
276 763 1
276 771 1
276 817 1
276 830 1
276 847 1
276 870 1
276 881 1
276 885 1
276 886 1
276 894 1
276 919 1
276 923 1
276 932 1
276 966 1
276 972 1
276 973 1
276 976 1
276 979 1
276 993 1
276 1007 1
276 1053 1
276 1061 1
276 1075 1
276 1078 1
276 1080 1
276 1086 1
276 1094 1
276 1096 1
276 1105 1
276 1109 1
276 1110 1
276 1115 1
276 1122 1
276 1146 1
276 1147 1
276 1153 1
276 1160 1
276 1162 1
276 1215 1
276 1217 1
276 1233 1
276 1243 1
276 1256 1
276 1287 1
276 1289 1
276 1293 1
276 1332 1
276 1356 1
276 1369 1
276 1387 1
276 1407 1
276 1412 1
276 1433 1
276 1436 1
276 1443 1
276 1451 1
276 1453 1
276 1476 1
276 1479 1
276 1512 1
276 1539 1
276 1546 1
276 1579 1
276 1583 1
276 1598 1
276 1601 1
276 1603 1
276 1611 1
276 1618 1
276 1619 1
276 1642 1
276 1654 1
276 1666 1
276 1667 1
276 1670 1
276 1672 1
276 1677 1
276 1695 1
276 1753 1
276 1780 1
276 1793 1
276 1801 1
276 1810 1
276 1811 1
276 1823 1
276 1827 1
276 1830 1
276 1834 1
276 1869 1
276 1880 1
276 1903 1
276 1904 1
276 1909 1
276 1916 1
276 1935 1
276 1938 1
276 1950 1
276 1953 1
276 1955 1
276 1956 1
276 1973 1
276 1976 1
276 2012 1
276 2017 1
276 2025 1
276 2035 1
276 2043 1
277 5 1
277 34 1
277 63 1
277 74 1
277 78 1
277 90 1
277 91 1
277 98 1
277 102 1
277 110 1
277 117 1
277 120 1
277 133 1
277 155 1
277 161 1
277 166 1
277 170 1
277 172 1
277 174 1
277 177 1
277 184 1
277 187 1
277 190 1
277 192 1
277 195 1
277 230 1
277 234 1
277 235 1
277 245 1
277 254 1
277 273 1
277 281 1
277 289 1
277 311 1
277 322 1
277 323 1
277 375 1
277 379 1
277 401 1
277 405 1
277 440 1
277 441 1
277 461 1
277 480 1
277 491 1
277 492 1
277 493 1
277 495 1
277 520 1
277 531 1
277 553 1
277 572 1
277 576 1
277 582 1
277 587 1
277 594 1
277 597 1
277 600 1
277 605 1
277 621 1
277 628 1
277 629 1
277 639 1
277 657 1
277 660 1
277 663 1
277 673 1
277 680 1
277 691 1
277 701 1
277 712 1
277 720 1
277 722 1
277 745 1
277 755 1
277 758 1
277 765 1
277 768 1
277 785 1
277 791 1
277 792 1
277 813 1
277 822 1
277 838 1
277 842 1
277 855 1
277 877 1
277 878 1
277 896 1
277 907 1
277 928 1
277 931 1
277 940 1
277 949 1
277 958 1
277 981 1
277 1001 1
277 1010 1
277 1023 1
277 1026 1
277 1049 1
277 1097 1
277 1102 1
277 1106 1
277 1112 1
277 1119 1
277 1123 1
277 1133 1
277 1143 1
277 1151 1
277 1158 1
277 1161 1
277 1169 1
277 1187 1
277 1203 1
277 1204 1
277 1211 1
277 1216 1
277 1219 1
277 1224 1
277 1235 1
277 1258 1
277 1274 1
277 1276 1
277 1284 1
277 1291 1
277 1295 1
277 1298 1
277 1315 1
277 1322 1
277 1334 1
277 1357 1
277 1399 1
277 1401 1
277 1406 1
277 1425 1
277 1442 1
277 1462 1
277 1490 1
277 1502 1
277 1504 1
277 1509 1
277 1513 1
277 1520 1
277 1523 1
277 1538 1
277 1543 1
277 1544 1
277 1555 1
277 1561 1
277 1571 1
277 1578 1
277 1602 1
277 1613 1
277 1614 1
277 1616 1
277 1633 1
277 1638 1
277 1659 1
277 1663 1
277 1664 1
277 1673 1
277 1684 1
277 1685 1
277 1698 1
277 1707 1
277 1709 1
277 1710 1
277 1716 1
277 1747 1
277 1770 1
277 1774 1
277 1775 1
277 1813 1
277 1815 1
277 1835 1
277 1842 1
277 1856 1
277 1886 1
277 1902 1
277 1914 1
277 1980 1
277 1983 1
277 1987 1
277 2006 1
278 24 1
278 25 1
278 55 1
278 56 1
278 69 1
278 94 1
278 112 1
278 123 1
278 131 1
278 138 1
278 173 1
278 180 1
278 182 1
278 221 1
278 239 1
278 255 1
278 258 1
278 271 1
278 293 1
278 302 1
278 303 1
278 304 1
278 334 1
278 357 1
278 360 1
278 362 1
278 413 1
278 427 1
278 432 1
278 459 1
278 467 1
278 490 1
278 501 1
278 503 1
278 540 1
278 570 1
278 571 1
278 579 1
278 588 1
278 603 1
278 609 1
278 614 1
278 620 1
278 632 1
278 683 1
278 684 1
278 696 1
278 719 1
278 734 1
278 735 1
278 759 1
278 762 1
278 802 1
278 824 1
278 835 1
278 839 1
278 843 1
278 860 1
278 883 1
278 912 1
278 920 1
278 922 1
278 955 1
278 957 1
278 967 1
278 974 1
278 975 1
278 1002 1
278 1013 1
278 1020 1
278 1033 1
278 1044 1
278 1067 1
278 1093 1
278 1129 1
278 1131 1
278 1132 1
278 1155 1
278 1167 1
278 1168 1
278 1193 1
278 1199 1
278 1229 1
278 1277 1
278 1300 1
278 1311 1
278 1319 1
278 1337 1
278 1355 1
278 1378 1
278 1421 1
278 1428 1
278 1477 1
278 1484 1
278 1487 1
278 1488 1
278 1495 1
278 1524 1
278 1559 1
278 1589 1
278 1593 1
278 1607 1
278 1627 1
278 1661 1
278 1668 1
278 1669 1
278 1675 1
278 1679 1
278 1683 1
278 1688 1
278 1696 1
278 1701 1
278 1727 1
278 1733 1
278 1754 1
278 1757 1
278 1766 1
278 1782 1
278 1785 1
278 1791 1
278 1796 1
278 1817 1
278 1819 1
278 1841 1
278 1845 1
278 1861 1
278 1870 1
278 1878 1
278 1917 1
278 1920 1
278 1931 1
278 1934 1
278 1943 1
278 1960 1
278 1972 1
278 1979 1
278 1982 1
278 2014 1
278 2022 1
278 2028 1
278 2046 1
279 68 1
279 100 1
279 137 1
279 139 1
279 214 1
279 229 1
279 283 1
279 288 1
279 290 1
279 299 1
279 300 1
279 324 1
279 366 1
279 377 1
279 396 1
279 400 1
279 416 1
279 429 1
279 499 1
279 633 1
279 653 1
279 672 1
279 697 1
279 721 1
279 732 1
279 752 1
279 760 1
279 794 1
279 800 1
279 811 1
279 825 1
279 833 1
279 836 1
279 863 1
279 864 1
279 909 1
279 925 1
279 930 1
279 948 1
279 951 1
279 965 1
279 971 1
279 1011 1
279 1024 1
279 1034 1
279 1036 1
279 1066 1
279 1083 1
279 1127 1
279 1140 1
279 1165 1
279 1171 1
279 1175 1
279 1190 1
279 1198 1
279 1245 1
279 1248 1
279 1338 1
279 1353 1
279 1393 1
279 1417 1
279 1437 1
279 1491 1
279 1532 1
279 1564 1
279 1567 1
279 1588 1
279 1590 1
279 1606 1
279 1639 1
279 1657 1
279 1706 1
279 1708 1
279 1763 1
279 1767 1
279 1792 1
279 1795 1
279 1799 1
279 1800 1
279 1805 1
279 1828 1
279 1844 1
279 1900 1
279 1911 1
279 1958 1
279 1984 1
279 1994 1
279 1995 1
279 2002 1
279 2010 1
279 2021 1
280 104 1
280 144 1
280 203 1
280 286 1
280 329 1
280 350 1
280 353 1
280 358 1
280 369 1
280 407 1
280 465 1
280 487 1
280 547 1
280 551 1
280 622 1
280 711 1
280 717 1
280 757 1
280 810 1
280 821 1
280 848 1
280 890 1
280 891 1
280 897 1
280 905 1
280 992 1
280 1009 1
280 1089 1
280 1126 1
280 1139 1
280 1282 1
280 1341 1
280 1374 1
280 1391 1
280 1410 1
280 1439 1
280 1455 1
280 1467 1
280 1545 1
280 1563 1
280 1617 1
280 1625 1
280 1641 1
280 1722 1
280 1744 1
280 1758 1
280 1759 1
280 1765 1
280 1851 1
280 1957 1
280 1959 1
280 2042 1
281 72 1
281 168 1
281 252 1
281 301 1
281 308 1
281 315 1
281 418 1
281 471 1
281 494 1
281 569 1
281 636 1
281 651 1
281 655 1
281 682 1
281 805 1
281 834 1
281 1082 1
281 1116 1
281 1234 1
281 1249 1
281 1263 1
281 1468 1
281 1474 1
281 1533 1
281 1640 1
281 1646 1
281 1651 1
281 1697 1
281 1848 1
281 1868 1
281 1874 1
281 1975 1
282 201 1
282 280 1
282 355 1
282 371 1
282 532 1
282 552 1
282 648 1
282 857 1
282 862 1
282 892 1
282 1048 1
282 1180 1
282 1194 1
282 1312 1
282 1327 1
282 1368 1
282 1396 1
282 1432 1
282 1547 1
282 1600 1
282 1649 1
282 1736 1
282 1769 1
282 1787 1
282 1873 1
282 1876 1
282 1947 1
283 179 1
283 1025 1
283 1239 1
283 1290 1
283 1303 1
283 1743 1
283 1794 1
283 1806 1
283 1923 1
283 2013 1
284 374 1
284 812 1
284 832 1
284 1050 1
284 1889 1
284 1968 1
284 2004 1
285 128 1
285 279 1
285 287 1
285 445 1
285 472 1
285 728 1
285 887 1
285 1348 1
285 1572 1
286 869 1
286 945 1
286 970 1
286 1713 1
286 1836 1
287 28 1
287 263 1
287 523 1
287 670 1
287 783 1
287 841 1
287 1459 1
287 1636 1
287 1729 1
287 1857 1
288 49 1
288 160 1
288 194 1
288 446 1
288 770 1
288 961 1
288 1365 1
288 1426 1
288 1485 1
288 1570 1
288 1702 1
288 2040 1
289 53 1
289 118 1
289 125 1
289 164 1
289 196 1
289 211 1
289 232 1
289 244 1
289 384 1
289 410 1
289 504 1
289 661 1
289 688 1
289 746 1
289 804 1
289 840 1
289 963 1
289 978 1
289 1043 1
289 1090 1
289 1350 1
289 1384 1
289 1418 1
289 1454 1
289 1471 1
289 1609 1
289 1623 1
289 1686 1
289 1732 1
289 1741 1
289 1788 1
289 1860 1
289 1865 1
289 1887 1
289 1921 1
289 1964 1
289 2001 1
289 2032 1
289 2037 1
290 9 1
290 121 1
290 162 1
290 220 1
290 231 1
290 248 1
290 261 1
290 291 1
290 340 1
290 342 1
290 382 1
290 397 1
290 403 1
290 414 1
290 457 1
290 462 1
290 489 1
290 543 1
290 546 1
290 584 1
290 585 1
290 591 1
290 619 1
290 634 1
290 638 1
290 640 1
290 659 1
290 664 1
290 676 1
290 687 1
290 693 1
290 733 1
290 777 1
290 823 1
290 845 1
290 850 1
290 851 1
290 866 1
290 873 1
290 875 1
290 888 1
290 903 1
290 911 1
290 926 1
290 960 1
290 991 1
290 1017 1
290 1031 1
290 1035 1
290 1055 1
290 1074 1
290 1081 1
290 1087 1
290 1092 1
290 1114 1
290 1125 1
290 1152 1
290 1195 1
290 1197 1
290 1200 1
290 1225 1
290 1232 1
290 1255 1
290 1333 1
290 1340 1
290 1371 1
290 1375 1
290 1379 1
290 1390 1
290 1398 1
290 1400 1
290 1403 1
290 1411 1
290 1424 1
290 1429 1
290 1431 1
290 1444 1
290 1448 1
290 1465 1
290 1466 1
290 1482 1
290 1499 1
290 1501 1
290 1541 1
290 1560 1
290 1562 1
290 1566 1
290 1644 1
290 1660 1
290 1662 1
290 1687 1
290 1693 1
290 1711 1
290 1730 1
290 1734 1
290 1739 1
290 1740 1
290 1745 1
290 1746 1
290 1771 1
290 1790 1
290 1802 1
290 1822 1
290 1840 1
290 1854 1
290 1888 1
290 1890 1
290 1925 1
290 1928 1
290 1929 1
290 1951 1
290 2003 1
290 2009 1
290 2045 1
290 2047 1
291 11 1
291 35 1
291 36 1
291 41 1
291 79 1
291 97 1
291 109 1
291 119 1
291 142 1
291 145 1
291 165 1
291 224 1
291 227 1
291 240 1
291 275 1
291 296 1
291 298 1
291 328 1
291 343 1
291 345 1
291 356 1
291 408 1
291 411 1
291 420 1
291 426 1
291 438 1
291 458 1
291 470 1
291 474 1
291 486 1
291 502 1
291 507 1
291 508 1
291 512 1
291 516 1
291 527 1
291 554 1
291 563 1
291 564 1
291 586 1
291 589 1
291 610 1
291 637 1
291 658 1
291 667 1
291 704 1
291 707 1
291 708 1
291 731 1
291 741 1
291 807 1
291 808 1
291 814 1
291 828 1
291 856 1
291 861 1
291 879 1
291 902 1
291 924 1
291 964 1
291 983 1
291 984 1
291 989 1
291 1000 1
291 1014 1
291 1030 1
291 1051 1
291 1057 1
291 1068 1
291 1072 1
291 1073 1
291 1088 1
291 1095 1
291 1100 1
291 1113 1
291 1178 1
291 1192 1
291 1221 1
291 1223 1
291 1226 1
291 1251 1
291 1269 1
291 1271 1
291 1280 1
291 1307 1
291 1339 1
291 1345 1
291 1347 1
291 1352 1
291 1358 1
291 1386 1
291 1402 1
291 1404 1
291 1409 1
291 1415 1
291 1416 1
291 1449 1
291 1461 1
291 1464 1
291 1472 1
291 1483 1
291 1511 1
291 1514 1
291 1522 1
291 1536 1
291 1550 1
291 1552 1
291 1574 1
291 1582 1
291 1584 1
291 1599 1
291 1604 1
291 1610 1
291 1620 1
291 1631 1
291 1655 1
291 1656 1
291 1692 1
291 1699 1
291 1726 1
291 1748 1
291 1756 1
291 1781 1
291 1812 1
291 1824 1
291 1833 1
291 1846 1
291 1871 1
291 1872 1
291 1899 1
291 1907 1
291 1922 1
291 1940 1
291 1948 1
291 1954 1
291 1962 1
291 1997 1
291 2000 1
291 2008 1
291 2011 1
291 2033 1
292 6 1
292 18 1
292 51 1
292 86 1
292 89 1
292 157 1
292 176 1
292 243 1
292 282 1
292 295 1
292 354 1
292 389 1
292 392 1
292 393 1
292 395 1
292 434 1
292 437 1
292 444 1
292 454 1
292 539 1
292 559 1
292 560 1
292 599 1
292 630 1
292 642 1
292 643 1
292 647 1
292 671 1
292 772 1
292 790 1
292 799 1
292 876 1
292 882 1
292 898 1
292 938 1
292 977 1
292 997 1
292 1117 1
292 1144 1
292 1145 1
292 1179 1
292 1185 1
292 1201 1
292 1242 1
292 1288 1
292 1297 1
292 1301 1
292 1320 1
292 1321 1
292 1323 1
292 1346 1
292 1351 1
292 1362 1
292 1383 1
292 1394 1
292 1413 1
292 1469 1
292 1470 1
292 1489 1
292 1493 1
292 1530 1
292 1542 1
292 1558 1
292 1595 1
292 1596 1
292 1597 1
292 1643 1
292 1689 1
292 1703 1
292 1718 1
292 1735 1
292 1749 1
292 1761 1
292 1879 1
292 1894 1
292 1898 1
292 1961 1
292 1999 1
292 2007 1
292 2026 1
293 115 1
293 158 1
293 249 1
293 318 1
293 321 1
293 347 1
293 349 1
293 447 1
293 481 1
293 483 1
293 484 1
293 568 1
293 580 1
293 593 1
293 686 1
293 718 1
293 723 1
293 730 1
293 769 1
293 815 1
293 901 1
293 906 1
293 918 1
293 934 1
293 935 1
293 950 1
293 1029 1
293 1103 1
293 1134 1
293 1182 1
293 1208 1
293 1227 1
293 1246 1
293 1266 1
293 1279 1
293 1304 1
293 1529 1
293 1587 1
293 1717 1
293 1777 1
293 1818 1
293 1843 1
293 1937 1
293 2019 1
293 2023 1
293 2038 1
294 151 1
294 181 1
294 335 1
294 390 1
294 477 1
294 496 1
294 557 1
294 573 1
294 625 1
294 656 1
294 668 1
294 751 1
294 936 1
294 937 1
294 962 1
294 1027 1
294 1054 1
294 1128 1
294 1136 1
294 1163 1
294 1238 1
294 1292 1
294 1498 1
294 1629 1
294 1653 1
294 1658 1
294 1671 1
294 1681 1
294 1825 1
294 1852 1
295 88 1
295 93 1
295 114 1
295 332 1
295 333 1
295 363 1
295 469 1
295 550 1
295 942 1
295 995 1
295 1005 1
295 1039 1
295 1166 1
295 1206 1
295 1212 1
295 1257 1
295 1313 1
295 1361 1
295 1367 1
295 1452 1
295 1648 1
295 1704 1
295 1714 1
295 1884 1
295 1939 1
295 2020 1
296 455 1
296 652 1
296 789 1
296 1037 1
296 1510 1
296 1650 1
296 1807 1
296 1996 1
296 2015 1
297 167 1
297 346 1
297 460 1
297 899 1
297 1829 1
297 2031 1
298 627 1
298 1281 1
298 1310 1
298 1967 1
299 372 1
300 748 1
300 1045 1
300 1786 1
300 1963 1
301 136 1
301 635 1
301 1228 1
301 1236 1
302 276 1
302 537 1
302 646 1
302 1286 1
302 1389 1
302 1634 1
303 662 1
303 780 1
303 852 1
303 916 1
303 933 1
303 1016 1
303 1052 1
303 1062 1
303 1070 1
303 1174 1
303 1283 1
303 1405 1
303 1517 1
303 1712 1
303 1882 1
303 1965 1
304 27 1
304 30 1
304 32 1
304 141 1
304 915 1
304 1004 1
304 1124 1
304 1305 1
304 1450 1
304 1506 1
304 1605 1
304 1690 1
304 1724 1
304 1755 1
304 1855 1
305 338 1
305 419 1
305 530 1
305 1154 1
305 1213 1
305 1360 1
305 1534 1
305 1569 1
306 3 1
306 2044 1
307 21 1
307 1108 1
307 1181 1
307 1678 1
308 449 1
309 398 1
309 1445 1
317 645 1
651 50 1
651 57 1
651 73 1
653 49 1
654 66 1
655 75 1
656 51 1
656 52 1
656 74 1
658 46 1
659 43 1
659 65 1
659 74 1
660 61 1
661 136 1
661 1395 1
661 1508 1
662 19 1
662 32 1
662 42 1
662 70 1
662 71 1
662 128 1
662 164 1
662 195 1
662 211 1
662 228 1
662 266 1
662 420 1
662 429 1
662 472 1
662 483 1
662 564 1
662 622 1
662 659 1
662 687 1
662 712 1
662 753 1
662 759 1
662 777 1
662 832 1
662 838 1
662 875 1
662 920 1
662 1088 1
662 1092 1
662 1143 1
662 1206 1
662 1230 1
662 1282 1
662 1407 1
662 1436 1
662 1502 1
662 1545 1
662 1553 1
662 1593 1
662 1619 1
662 1797 1
662 1830 1
662 1847 1
662 1876 1
662 1926 1
662 2007 1
662 2013 1
662 2020 1
663 26 1
663 37 1
663 72 1
663 74 1
663 170 1
663 187 1
663 194 1
663 215 1
663 246 1
663 314 1
663 321 1
663 326 1
663 334 1
663 344 1
663 361 1
663 382 1
663 412 1
663 431 1
663 439 1
663 453 1
663 535 1
663 603 1
663 635 1
663 644 1
663 654 1
663 703 1
663 710 1
663 724 1
663 786 1
663 852 1
663 917 1
663 953 1
663 957 1
663 968 1
663 1000 1
663 1023 1
663 1139 1
663 1153 1
663 1154 1
663 1235 1
663 1237 1
663 1246 1
663 1389 1
663 1441 1
663 1443 1
663 1473 1
663 1500 1
663 1525 1
663 1533 1
663 1605 1
663 1611 1
663 1659 1
663 1711 1
663 1724 1
663 1757 1
663 1780 1
663 1790 1
663 1815 1
663 1849 1
663 1855 1
663 2002 1
663 2012 1
664 105 1
664 114 1
664 121 1
664 140 1
664 168 1
664 221 1
664 280 1
664 323 1
664 328 1
664 331 1
664 369 1
664 375 1
664 419 1
664 542 1
664 585 1
664 596 1
664 617 1
664 625 1
664 630 1
664 632 1
664 692 1
664 756 1
664 787 1
664 959 1
664 1133 1
664 1217 1
664 1306 1
664 1359 1
664 1386 1
664 1405 1
664 1417 1
664 1437 1
664 1484 1
664 1522 1
664 1523 1
664 1559 1
664 1624 1
664 1686 1
664 1731 1
664 1782 1
664 1808 1
664 1846 1
664 1974 1
664 2011 1
664 2033 1
665 6 1
665 55 1
665 137 1
665 169 1
665 184 1
665 239 1
665 358 1
665 380 1
665 398 1
665 422 1
665 485 1
665 497 1
665 499 1
665 580 1
665 657 1
665 699 1
665 714 1
665 771 1
665 821 1
665 995 1
665 996 1
665 1014 1
665 1030 1
665 1101 1
665 1115 1
665 1151 1
665 1214 1
665 1591 1
665 1623 1
665 1651 1
665 1723 1
665 1835 1
665 1890 1
665 1892 1
665 1906 1
665 1907 1
665 1924 1
665 1939 1
665 2006 1
666 40 1
666 53 1
666 74 1
666 110 1
666 118 1
666 124 1
666 196 1
666 254 1
666 275 1
666 293 1
666 312 1
666 341 1
666 345 1
666 346 1
666 376 1
666 407 1
666 460 1
666 469 1
666 477 1
666 478 1
666 484 1
666 569 1
666 593 1
666 633 1
666 772 1
666 876 1
666 912 1
666 962 1
666 1019 1
666 1061 1
666 1093 1
666 1102 1
666 1119 1
666 1243 1
666 1256 1
666 1273 1
666 1290 1
666 1313 1
666 1360 1
666 1408 1
666 1519 1
666 1649 1
666 1661 1
666 1681 1
666 1722 1
666 1744 1
666 1807 1
666 1853 1
666 1881 1
666 1957 1
666 1975 1
666 2017 1
667 67 1
667 71 1
667 143 1
667 152 1
667 231 1
667 283 1
667 320 1
667 430 1
667 444 1
667 465 1
667 491 1
667 531 1
667 562 1
667 616 1
667 646 1
667 697 1
667 729 1
667 860 1
667 910 1
667 1041 1
667 1052 1
667 1127 1
667 1162 1
667 1241 1
667 1264 1
667 1292 1
667 1419 1
667 1425 1
667 1435 1
667 1447 1
667 1483 1
667 1492 1
667 1536 1
667 1564 1
667 1575 1
667 1626 1
667 1629 1
667 1631 1
667 1654 1
667 1665 1
667 1666 1
667 1677 1
667 1704 1
667 1758 1
667 1771 1
667 1774 1
667 1825 1
667 1861 1
667 1898 1
667 2016 1
667 2022 1
668 9 1
668 39 1
668 47 1
668 49 1
668 56 1
668 102 1
668 199 1
668 307 1
668 374 1
668 414 1
668 454 1
668 641 1
668 705 1
668 768 1
668 858 1
668 1003 1
668 1126 1
668 1165 1
668 1208 1
668 1410 1
668 1434 1
668 1465 1
668 1491 1
668 1499 1
668 1549 1
668 1557 1
668 1566 1
668 1610 1
668 1679 1
668 1715 1
668 1873 1
668 1940 1
668 1972 1
669 38 1
669 64 1
669 81 1
669 104 1
669 117 1
669 138 1
669 198 1
669 457 1
669 512 1
669 516 1
669 575 1
669 686 1
669 929 1
669 931 1
669 972 1
669 1004 1
669 1028 1
669 1113 1
669 1131 1
669 1148 1
669 1185 1
669 1218 1
669 1221 1
669 1260 1
669 1369 1
669 1409 1
669 1423 1
669 1487 1
669 1516 1
669 1543 1
669 1561 1
669 1600 1
669 1638 1
669 1725 1
669 1764 1
669 1812 1
669 1884 1
669 2025 1
670 76 1
670 79 1
670 107 1
670 111 1
670 135 1
670 402 1
670 517 1
670 620 1
670 882 1
670 942 1
670 994 1
670 998 1
670 1120 1
670 1314 1
670 1321 1
670 1343 1
670 1353 1
670 1560 1
670 1706 1
670 1710 1
670 1769 1
670 1800 1
670 1883 1
670 1952 1
671 70 1
671 300 1
671 606 1
671 608 1
671 689 1
671 778 1
671 1098 1
671 1121 1
671 1293 1
671 1294 1
671 1401 1
671 1495 1
671 1581 1
671 1663 1
671 1684 1
671 1729 1
671 1775 1
671 1804 1
671 1875 1
672 245 1
672 286 1
672 561 1
672 752 1
672 796 1
672 802 1
672 878 1
672 1195 1
672 1199 1
672 1374 1
672 1688 1
672 1976 1
673 65 1
673 81 1
673 126 1
673 218 1
673 570 1
673 592 1
673 732 1
673 824 1
673 897 1
673 1073 1
673 1647 1
673 1687 1
673 1798 1
673 1991 1
674 7 1
674 23 1
674 371 1
674 634 1
674 640 1
674 669 1
674 726 1
674 879 1
674 916 1
674 937 1
674 1035 1
674 1135 1
674 1252 1
674 1258 1
674 1263 1
674 1379 1
674 1486 1
674 1489 1
674 1546 1
674 1727 1
674 1776 1
674 1779 1
674 1936 1
674 2018 1
675 3 1
675 4 1
675 5 1
675 8 1
675 10 1
675 13 1
675 14 1
675 15 1
675 22 1
675 27 1
675 31 1
675 36 1
675 44 1
675 58 1
675 62 1
675 67 1
675 81 1
675 89 1
675 131 1
675 142 1
675 144 1
675 149 1
675 160 1
675 192 1
675 225 1
675 255 1
675 290 1
675 298 1
675 305 1
675 347 1
675 354 1
675 378 1
675 390 1
675 391 1
675 395 1
675 404 1
675 409 1
675 426 1
675 462 1
675 463 1
675 473 1
675 505 1
675 511 1
675 527 1
675 546 1
675 552 1
675 556 1
675 567 1
675 568 1
675 574 1
675 579 1
675 582 1
675 598 1
675 602 1
675 609 1
675 610 1
675 612 1
675 638 1
675 650 1
675 655 1
675 662 1
675 676 1
675 683 1
675 691 1
675 695 1
675 700 1
675 719 1
675 736 1
675 751 1
675 770 1
675 789 1
675 803 1
675 811 1
675 829 1
675 859 1
675 870 1
675 884 1
675 887 1
675 896 1
675 899 1
675 913 1
675 932 1
675 935 1
675 943 1
675 948 1
675 960 1
675 966 1
675 1005 1
675 1009 1
675 1029 1
675 1032 1
675 1055 1
675 1056 1
675 1068 1
675 1084 1
675 1100 1
675 1103 1
675 1128 1
675 1138 1
675 1141 1
675 1157 1
675 1166 1
675 1169 1
675 1179 1
675 1192 1
675 1201 1
675 1209 1
675 1220 1
675 1239 1
675 1308 1
675 1320 1
675 1326 1
675 1354 1
675 1355 1
675 1361 1
675 1403 1
675 1412 1
675 1413 1
675 1416 1
675 1424 1
675 1426 1
675 1428 1
675 1442 1
675 1448 1
675 1450 1
675 1453 1
675 1460 1
675 1461 1
675 1464 1
675 1468 1
675 1469 1
675 1482 1
675 1493 1
675 1501 1
675 1544 1
675 1554 1
675 1570 1
675 1582 1
675 1589 1
675 1606 1
675 1620 1
675 1636 1
675 1640 1
675 1660 1
675 1671 1
675 1736 1
675 1763 1
675 1784 1
675 1789 1
675 1813 1
675 1818 1
675 1819 1
675 1862 1
675 1878 1
675 1894 1
675 1909 1
675 1953 1
675 1978 1
675 1982 1
675 2003 1
675 2029 1
676 1 1
676 11 1
676 12 1
676 17 1
676 18 1
676 21 1
676 24 1
676 30 1
676 33 1
676 34 1
676 35 1
676 41 1
676 48 1
676 54 1
676 59 1
676 84 1
676 85 1
676 91 1
676 92 1
676 94 1
676 97 1
676 98 1
676 100 1
676 108 1
676 113 1
676 130 1
676 147 1
676 155 1
676 163 1
676 165 1
676 166 1
676 167 1
676 171 1
676 172 1
676 177 1
676 181 1
676 191 1
676 193 1
676 201 1
676 207 1
676 212 1
676 213 1
676 226 1
676 227 1
676 229 1
676 232 1
676 234 1
676 235 1
676 240 1
676 243 1
676 244 1
676 249 1
676 251 1
676 253 1
676 261 1
676 265 1
676 268 1
676 272 1
676 276 1
676 279 1
676 284 1
676 285 1
676 287 1
676 291 1
676 295 1
676 299 1
676 302 1
676 311 1
676 322 1
676 335 1
676 336 1
676 338 1
676 340 1
676 349 1
676 352 1
676 353 1
676 372 1
676 379 1
676 381 1
676 384 1
676 387 1
676 388 1
676 397 1
676 401 1
676 408 1
676 410 1
676 417 1
676 428 1
676 432 1
676 435 1
676 440 1
676 448 1
676 449 1
676 456 1
676 468 1
676 474 1
676 480 1
676 489 1
676 490 1
676 495 1
676 496 1
676 500 1
676 502 1
676 503 1
676 504 1
676 506 1
676 507 1
676 508 1
676 509 1
676 510 1
676 515 1
676 520 1
676 522 1
676 523 1
676 524 1
676 534 1
676 536 1
676 537 1
676 541 1
676 547 1
676 558 1
676 559 1
676 576 1
676 578 1
676 586 1
676 599 1
676 607 1
676 613 1
676 623 1
676 627 1
676 629 1
676 637 1
676 642 1
676 643 1
676 645 1
676 651 1
676 664 1
676 666 1
676 667 1
676 668 1
676 672 1
676 681 1
676 682 1
676 698 1
676 704 1
676 707 1
676 711 1
676 718 1
676 722 1
676 725 1
676 728 1
676 730 1
676 731 1
676 735 1
676 739 1
676 740 1
676 741 1
676 742 1
676 745 1
676 746 1
676 749 1
676 750 1
676 755 1
676 762 1
676 764 1
676 765 1
676 766 1
676 767 1
676 769 1
676 775 1
676 783 1
676 784 1
676 788 1
676 793 1
676 798 1
676 800 1
676 804 1
676 807 1
676 809 1
676 810 1
676 814 1
676 815 1
676 820 1
676 833 1
676 841 1
676 842 1
676 845 1
676 850 1
676 853 1
676 855 1
676 856 1
676 861 1
676 862 1
676 867 1
676 869 1
676 872 1
676 874 1
676 881 1
676 883 1
676 885 1
676 888 1
676 893 1
676 894 1
676 901 1
676 904 1
676 907 1
676 909 1
676 914 1
676 915 1
676 933 1
676 936 1
676 941 1
676 944 1
676 956 1
676 961 1
676 964 1
676 970 1
676 973 1
676 974 1
676 977 1
676 978 1
676 980 1
676 983 1
676 984 1
676 985 1
676 987 1
676 989 1
676 990 1
676 991 1
676 997 1
676 1008 1
676 1011 1
676 1012 1
676 1016 1
676 1020 1
676 1025 1
676 1027 1
676 1031 1
676 1040 1
676 1042 1
676 1043 1
676 1048 1
676 1050 1
676 1051 1
676 1053 1
676 1062 1
676 1067 1
676 1070 1
676 1071 1
676 1072 1
676 1080 1
676 1081 1
676 1085 1
676 1086 1
676 1097 1
676 1099 1
676 1108 1
676 1118 1
676 1124 1
676 1132 1
676 1136 1
676 1140 1
676 1144 1
676 1147 1
676 1158 1
676 1160 1
676 1163 1
676 1164 1
676 1170 1
676 1171 1
676 1172 1
676 1173 1
676 1175 1
676 1176 1
676 1178 1
676 1180 1
676 1184 1
676 1191 1
676 1194 1
676 1196 1
676 1198 1
676 1202 1
676 1210 1
676 1223 1
676 1224 1
676 1225 1
676 1228 1
676 1231 1
676 1233 1
676 1238 1
676 1240 1
676 1255 1
676 1257 1
676 1259 1
676 1266 1
676 1271 1
676 1274 1
676 1275 1
676 1277 1
676 1281 1
676 1284 1
676 1286 1
676 1287 1
676 1288 1
676 1289 1
676 1291 1
676 1295 1
676 1298 1
676 1300 1
676 1302 1
676 1304 1
676 1307 1
676 1316 1
676 1318 1
676 1323 1
676 1329 1
676 1332 1
676 1337 1
676 1340 1
676 1341 1
676 1342 1
676 1344 1
676 1357 1
676 1363 1
676 1367 1
676 1370 1
676 1371 1
676 1372 1
676 1375 1
676 1381 1
676 1387 1
676 1391 1
676 1396 1
676 1399 1
676 1404 1
676 1406 1
676 1411 1
676 1418 1
676 1420 1
676 1421 1
676 1427 1
676 1430 1
676 1432 1
676 1440 1
676 1445 1
676 1451 1
676 1459 1
676 1466 1
676 1467 1
676 1470 1
676 1477 1
676 1485 1
676 1490 1
676 1497 1
676 1509 1
676 1511 1
676 1512 1
676 1517 1
676 1527 1
676 1530 1
676 1534 1
676 1539 1
676 1540 1
676 1541 1
676 1552 1
676 1555 1
676 1556 1
676 1562 1
676 1563 1
676 1565 1
676 1571 1
676 1577 1
676 1578 1
676 1584 1
676 1585 1
676 1586 1
676 1588 1
676 1594 1
676 1598 1
676 1601 1
676 1612 1
676 1613 1
676 1617 1
676 1622 1
676 1628 1
676 1632 1
676 1634 1
676 1639 1
676 1646 1
676 1655 1
676 1662 1
676 1668 1
676 1669 1
676 1673 1
676 1674 1
676 1675 1
676 1691 1
676 1693 1
676 1699 1
676 1703 1
676 1707 1
676 1712 1
676 1714 1
676 1717 1
676 1720 1
676 1721 1
676 1726 1
676 1735 1
676 1739 1
676 1742 1
676 1745 1
676 1753 1
676 1767 1
676 1768 1
676 1781 1
676 1786 1
676 1791 1
676 1794 1
676 1809 1
676 1816 1
676 1817 1
676 1822 1
676 1826 1
676 1827 1
676 1832 1
676 1836 1
676 1837 1
676 1841 1
676 1843 1
676 1859 1
676 1865 1
676 1868 1
676 1870 1
676 1871 1
676 1879 1
676 1882 1
676 1887 1
676 1889 1
676 1895 1
676 1897 1
676 1901 1
676 1916 1
676 1920 1
676 1921 1
676 1931 1
676 1933 1
676 1934 1
676 1937 1
676 1946 1
676 1948 1
676 1951 1
676 1958 1
676 1960 1
676 1962 1
676 1966 1
676 1967 1
676 1979 1
676 1994 1
676 1997 1
676 1998 1
676 2004 1
676 2009 1
676 2010 1
676 2023 1
676 2026 1
676 2028 1
676 2031 1
676 2032 1
676 2041 1
676 2045 1
677 2 1
677 20 1
677 25 1
677 29 1
677 45 1
677 60 1
677 68 1
677 69 1
677 78 1
677 82 1
677 83 1
677 86 1
677 87 1
677 88 1
677 90 1
677 93 1
677 96 1
677 99 1
677 101 1
677 106 1
677 109 1
677 116 1
677 127 1
677 129 1
677 132 1
677 133 1
677 134 1
677 145 1
677 148 1
677 150 1
677 151 1
677 153 1
677 154 1
677 157 1
677 158 1
677 161 1
677 173 1
677 176 1
677 178 1
677 179 1
677 185 1
677 189 1
677 190 1
677 197 1
677 200 1
677 202 1
677 203 1
677 204 1
677 208 1
677 209 1
677 210 1
677 214 1
677 220 1
677 224 1
677 236 1
677 237 1
677 238 1
677 241 1
677 248 1
677 250 1
677 252 1
677 256 1
677 258 1
677 259 1
677 260 1
677 262 1
677 263 1
677 264 1
677 267 1
677 270 1
677 271 1
677 281 1
677 282 1
677 289 1
677 292 1
677 294 1
677 296 1
677 303 1
677 306 1
677 309 1
677 315 1
677 317 1
677 318 1
677 324 1
677 330 1
677 332 1
677 333 1
677 337 1
677 339 1
677 348 1
677 351 1
677 356 1
677 357 1
677 359 1
677 362 1
677 363 1
677 365 1
677 383 1
677 385 1
677 389 1
677 392 1
677 393 1
677 394 1
677 406 1
677 415 1
677 416 1
677 418 1
677 421 1
677 424 1
677 425 1
677 433 1
677 436 1
677 442 1
677 445 1
677 446 1
677 447 1
677 451 1
677 458 1
677 459 1
677 464 1
677 470 1
677 471 1
677 475 1
677 476 1
677 479 1
677 481 1
677 482 1
677 492 1
677 493 1
677 498 1
677 501 1
677 513 1
677 514 1
677 518 1
677 525 1
677 528 1
677 530 1
677 532 1
677 539 1
677 540 1
677 544 1
677 548 1
677 549 1
677 551 1
677 560 1
677 563 1
677 572 1
677 588 1
677 591 1
677 594 1
677 595 1
677 597 1
677 600 1
677 614 1
677 615 1
677 621 1
677 628 1
677 631 1
677 636 1
677 639 1
677 647 1
677 658 1
677 660 1
677 665 1
677 670 1
677 673 1
677 678 1
677 679 1
677 680 1
677 688 1
677 696 1
677 708 1
677 709 1
677 713 1
677 717 1
677 720 1
677 723 1
677 727 1
677 733 1
677 738 1
677 743 1
677 747 1
677 757 1
677 761 1
677 779 1
677 780 1
677 781 1
677 785 1
677 790 1
677 791 1
677 792 1
677 795 1
677 797 1
677 801 1
677 805 1
677 817 1
677 819 1
677 827 1
677 828 1
677 830 1
677 831 1
677 834 1
677 840 1
677 847 1
677 849 1
677 863 1
677 865 1
677 868 1
677 871 1
677 877 1
677 880 1
677 889 1
677 890 1
677 891 1
677 892 1
677 895 1
677 898 1
677 902 1
677 903 1
677 905 1
677 906 1
677 911 1
677 919 1
677 922 1
677 923 1
677 925 1
677 927 1
677 928 1
677 934 1
677 938 1
677 939 1
677 945 1
677 947 1
677 949 1
677 950 1
677 952 1
677 954 1
677 955 1
677 958 1
677 963 1
677 965 1
677 967 1
677 975 1
677 976 1
677 981 1
677 986 1
677 993 1
677 999 1
677 1001 1
677 1006 1
677 1007 1
677 1010 1
677 1013 1
677 1015 1
677 1017 1
677 1022 1
677 1024 1
677 1033 1
677 1039 1
677 1046 1
677 1049 1
677 1057 1
677 1058 1
677 1059 1
677 1065 1
677 1075 1
677 1076 1
677 1082 1
677 1090 1
677 1094 1
677 1095 1
677 1104 1
677 1105 1
677 1106 1
677 1107 1
677 1111 1
677 1117 1
677 1123 1
677 1125 1
677 1129 1
677 1130 1
677 1134 1
677 1137 1
677 1145 1
677 1159 1
677 1161 1
677 1167 1
677 1174 1
677 1177 1
677 1182 1
677 1183 1
677 1193 1
677 1200 1
677 1205 1
677 1207 1
677 1211 1
677 1216 1
677 1222 1
677 1227 1
677 1234 1
677 1242 1
677 1245 1
677 1248 1
677 1249 1
677 1250 1
677 1253 1
677 1254 1
677 1268 1
677 1279 1
677 1297 1
677 1301 1
677 1303 1
677 1305 1
677 1310 1
677 1315 1
677 1325 1
677 1327 1
677 1328 1
677 1336 1
677 1339 1
677 1345 1
677 1347 1
677 1352 1
677 1356 1
677 1358 1
677 1364 1
677 1365 1
677 1368 1
677 1373 1
677 1376 1
677 1378 1
677 1380 1
677 1385 1
677 1390 1
677 1392 1
677 1397 1
677 1400 1
677 1414 1
677 1415 1
677 1422 1
677 1431 1
677 1433 1
677 1446 1
677 1449 1
677 1452 1
677 1458 1
677 1463 1
677 1472 1
677 1474 1
677 1476 1
677 1478 1
677 1479 1
677 1480 1
677 1481 1
677 1494 1
677 1496 1
677 1498 1
677 1506 1
677 1507 1
677 1513 1
677 1515 1
677 1518 1
677 1520 1
677 1526 1
677 1529 1
677 1532 1
677 1535 1
677 1537 1
677 1538 1
677 1542 1
677 1547 1
677 1548 1
677 1551 1
677 1558 1
677 1568 1
677 1569 1
677 1572 1
677 1573 1
677 1574 1
677 1576 1
677 1580 1
677 1587 1
677 1590 1
677 1595 1
677 1597 1
677 1599 1
677 1602 1
677 1603 1
677 1604 1
677 1608 1
677 1614 1
677 1615 1
677 1618 1
677 1621 1
677 1625 1
677 1630 1
677 1633 1
677 1635 1
677 1637 1
677 1641 1
677 1642 1
677 1644 1
677 1648 1
677 1650 1
677 1653 1
677 1657 1
677 1658 1
677 1664 1
677 1670 1
677 1676 1
677 1678 1
677 1680 1
677 1682 1
677 1683 1
677 1689 1
677 1690 1
677 1694 1
677 1695 1
677 1698 1
677 1702 1
677 1705 1
677 1713 1
677 1719 1
677 1728 1
677 1730 1
677 1732 1
677 1733 1
677 1734 1
677 1740 1
677 1741 1
677 1743 1
677 1746 1
677 1747 1
677 1748 1
677 1751 1
677 1752 1
677 1755 1
677 1756 1
677 1760 1
677 1762 1
677 1765 1
677 1770 1
677 1777 1
677 1783 1
677 1785 1
677 1787 1
677 1792 1
677 1793 1
677 1796 1
677 1799 1
677 1806 1
677 1811 1
677 1814 1
677 1829 1
677 1834 1
677 1839 1
677 1840 1
677 1845 1
677 1850 1
677 1851 1
677 1852 1
677 1854 1
677 1856 1
677 1857 1
677 1860 1
677 1863 1
677 1864 1
677 1866 1
677 1869 1
677 1874 1
677 1877 1
677 1885 1
677 1886 1
677 1888 1
677 1893 1
677 1899 1
677 1900 1
677 1902 1
677 1903 1
677 1905 1
677 1911 1
677 1912 1
677 1914 1
677 1915 1
677 1927 1
677 1930 1
677 1935 1
677 1941 1
677 1942 1
677 1944 1
677 1945 1
677 1954 1
677 1959 1
677 1961 1
677 1963 1
677 1964 1
677 1965 1
677 1970 1
677 1973 1
677 1977 1
677 1980 1
677 1981 1
677 1983 1
677 1986 1
677 1987 1
677 1989 1
677 1990 1
677 1992 1
677 1993 1
677 1995 1
677 1996 1
677 1999 1
677 2000 1
677 2008 1
677 2014 1
677 2015 1
677 2019 1
677 2021 1
677 2024 1
677 2030 1
677 2036 1
677 2038 1
677 2043 1
677 2044 1
677 2047 1
677 2048 1
678 16 1
678 63 1
678 74 1
678 95 1
678 103 1
678 119 1
678 120 1
678 122 1
678 139 1
678 141 1
678 146 1
678 156 1
678 174 1
678 175 1
678 180 1
678 182 1
678 186 1
678 188 1
678 205 1
678 217 1
678 219 1
678 222 1
678 242 1
678 247 1
678 269 1
678 273 1
678 274 1
678 277 1
678 278 1
678 288 1
678 297 1
678 301 1
678 304 1
678 308 1
678 313 1
678 319 1
678 325 1
678 327 1
678 329 1
678 342 1
678 350 1
678 355 1
678 360 1
678 366 1
678 367 1
678 370 1
678 373 1
678 377 1
678 386 1
678 396 1
678 400 1
678 411 1
678 413 1
678 434 1
678 441 1
678 452 1
678 455 1
678 466 1
678 486 1
678 487 1
678 488 1
678 494 1
678 519 1
678 533 1
678 538 1
678 543 1
678 545 1
678 553 1
678 554 1
678 555 1
678 557 1
678 565 1
678 571 1
678 577 1
678 581 1
678 590 1
678 604 1
678 605 1
678 618 1
678 619 1
678 626 1
678 648 1
678 649 1
678 652 1
678 656 1
678 663 1
678 675 1
678 677 1
678 685 1
678 693 1
678 694 1
678 701 1
678 702 1
678 706 1
678 721 1
678 737 1
678 748 1
678 754 1
678 758 1
678 763 1
678 773 1
678 774 1
678 782 1
678 799 1
678 806 1
678 808 1
678 816 1
678 818 1
678 822 1
678 825 1
678 835 1
678 836 1
678 843 1
678 848 1
678 851 1
678 854 1
678 857 1
678 864 1
678 873 1
678 900 1
678 918 1
678 921 1
678 924 1
678 926 1
678 951 1
678 979 1
678 988 1
678 992 1
678 1002 1
678 1018 1
678 1026 1
678 1034 1
678 1036 1
678 1044 1
678 1045 1
678 1054 1
678 1060 1
678 1063 1
678 1066 1
678 1069 1
678 1074 1
678 1077 1
678 1079 1
678 1089 1
678 1091 1
678 1096 1
678 1109 1
678 1110 1
678 1112 1
678 1114 1
678 1116 1
678 1142 1
678 1149 1
678 1150 1
678 1152 1
678 1155 1
678 1181 1
678 1187 1
678 1189 1
678 1190 1
678 1203 1
678 1204 1
678 1212 1
678 1219 1
678 1226 1
678 1229 1
678 1232 1
678 1236 1
678 1244 1
678 1251 1
678 1265 1
678 1269 1
678 1276 1
678 1278 1
678 1280 1
678 1285 1
678 1296 1
678 1299 1
678 1309 1
678 1311 1
678 1319 1
678 1324 1
678 1330 1
678 1334 1
678 1335 1
678 1338 1
678 1346 1
678 1348 1
678 1349 1
678 1350 1
678 1351 1
678 1362 1
678 1382 1
678 1384 1
678 1388 1
678 1393 1
678 1444 1
678 1454 1
678 1456 1
678 1457 1
678 1462 1
678 1471 1
678 1504 1
678 1510 1
678 1514 1
678 1550 1
678 1592 1
678 1596 1
678 1609 1
678 1616 1
678 1627 1
678 1643 1
678 1652 1
678 1656 1
678 1667 1
678 1672 1
678 1692 1
678 1696 1
678 1701 1
678 1709 1
678 1716 1
678 1718 1
678 1737 1
678 1738 1
678 1750 1
678 1754 1
678 1759 1
678 1761 1
678 1766 1
678 1772 1
678 1773 1
678 1778 1
678 1788 1
678 1795 1
678 1801 1
678 1805 1
678 1821 1
678 1823 1
678 1824 1
678 1828 1
678 1838 1
678 1842 1
678 1844 1
678 1867 1
678 1872 1
678 1880 1
678 1896 1
678 1904 1
678 1908 1
678 1910 1
678 1917 1
678 1918 1
678 1919 1
678 1923 1
678 1925 1
678 1928 1
678 1929 1
678 1932 1
678 1938 1
678 1943 1
678 1950 1
678 1955 1
678 1968 1
678 1969 1
678 1984 1
678 1985 1
678 2001 1
678 2027 1
678 2034 1
678 2035 1
678 2037 1
678 2039 1
679 28 1
679 42 1
679 43 1
679 74 1
679 77 1
679 80 1
679 115 1
679 123 1
679 159 1
679 162 1
679 183 1
679 206 1
679 216 1
679 223 1
679 233 1
679 316 1
679 343 1
679 399 1
679 405 1
679 423 1
679 427 1
679 437 1
679 438 1
679 443 1
679 450 1
679 521 1
679 526 1
679 529 1
679 550 1
679 611 1
679 661 1
679 671 1
679 684 1
679 690 1
679 716 1
679 734 1
679 744 1
679 760 1
679 794 1
679 812 1
679 813 1
679 823 1
679 826 1
679 837 1
679 839 1
679 866 1
679 930 1
679 946 1
679 969 1
679 971 1
679 1021 1
679 1038 1
679 1064 1
679 1078 1
679 1083 1
679 1087 1
679 1146 1
679 1156 1
679 1186 1
679 1188 1
679 1197 1
679 1213 1
679 1215 1
679 1261 1
679 1262 1
679 1267 1
679 1270 1
679 1272 1
679 1283 1
679 1312 1
679 1333 1
679 1377 1
679 1398 1
679 1402 1
679 1429 1
679 1475 1
679 1488 1
679 1521 1
679 1528 1
679 1645 1
679 1697 1
679 1700 1
679 1749 1
679 1802 1
679 1803 1
679 1820 1
679 1831 1
679 1833 1
679 1848 1
679 1891 1
679 1922 1
679 1947 1
679 1949 1
679 1971 1
679 2040 1
679 2046 1
680 64 1
680 230 1
680 403 1
680 467 1
680 573 1
680 583 1
680 584 1
680 587 1
680 601 1
680 674 1
680 715 1
680 776 1
680 844 1
680 846 1
680 886 1
680 908 1
680 940 1
680 982 1
680 1037 1
680 1047 1
680 1122 1
680 1331 1
680 1366 1
680 1383 1
680 1394 1
680 1439 1
680 1503 1
680 1505 1
680 1531 1
680 1579 1
680 1583 1
680 1607 1
680 1685 1
680 1708 1
680 1913 1
680 1988 1
680 2042 1
681 112 1
681 125 1
681 257 1
681 364 1
681 461 1
681 589 1
681 1168 1
681 1322 1
681 1524 1
681 1567 1
681 1956 1
681 2005 1
682 45 1
682 80 1
682 1438 1
683 310 1
683 368 1
683 1247 1
686 82 1
686 566 1
686 1810 1
687 624 1
687 653 1
687 1317 1
687 1455 1
687 1858 1
688 76 1
689 58 1
689 81 1
690 49 1
690 77 1
691 80 1
692 74 1
693 74 1
694 54 1
694 57 1
695 43 1
696 65 1
697 62 1
698 52 1
698 54 1
699 50 1
699 57 1
699 68 1
701 42 1
702 66 1
703 45 1
703 74 1
703 82 1
704 62 1
705 61 1
706 44 1
706 56 1
706 64 1
708 79 1
711 42 1
712 73 1
712 76 1
714 50 1
716 57 1
716 80 1
717 45 1
718 47 1
718 65 1
718 66 1
719 54 1
719 76 1
720 46 1
721 45 1
721 56 1
721 59 1
722 75 1
723 45 1
723 57 1
723 76 1
724 61 1
727 59 1
728 57 1
728 70 1
729 45 1
729 57 1
729 61 1
729 80 1
729 564 1
730 42 1
730 630 1
730 1522 1
730 1724 1
731 26 1
731 105 1
731 407 1
731 625 1
731 832 1
731 1229 1
731 1369 1
731 1881 1
732 47 1
732 60 1
732 276 1
732 328 1
732 334 1
732 580 1
732 688 1
732 821 1
732 881 1
732 1205 1
732 1311 1
732 1502 1
732 1815 1
732 1848 1
732 1849 1
732 2012 1
733 49 1
733 120 1
733 195 1
733 420 1
733 501 1
733 613 1
733 860 1
733 940 1
733 1000 1
733 1421 1
733 1661 1
733 1664 1
733 1674 1
733 1711 1
733 1929 1
733 1974 1
734 4 1
734 79 1
734 166 1
734 237 1
734 323 1
734 331 1
734 337 1
734 343 1
734 416 1
734 436 1
734 462 1
734 687 1
734 1163 1
734 1362 1
734 1400 1
734 1449 1
734 1699 1
734 1758 1
734 1903 1
734 2007 1
735 427 1
735 920 1
735 1335 1
735 1365 1
735 1470 1
735 1475 1
735 1853 1
735 1982 1
735 2002 1
735 2020 1
736 68 1
736 101 1
736 357 1
736 585 1
736 703 1
736 1508 1
736 1545 1
736 1560 1
736 2024 1
737 6 1
737 80 1
737 311 1
737 452 1
737 887 1
737 1185 1
737 1732 1
737 1890 1
738 79 1
738 517 1
738 712 1
738 1016 1
738 1128 1
738 1562 1
738 1721 1
738 1797 1
738 1935 1
739 310 1
739 826 1
739 834 1
739 995 1
739 996 1
739 1048 1
739 1342 1
740 80 1
740 535 1
740 991 1
740 1624 1
740 2013 1
741 47 1
741 50 1
741 212 1
741 1975 1
741 1993 1
742 62 1
742 68 1
742 593 1
742 1256 1
742 1436 1
742 1533 1
742 1553 1
743 47 1
743 70 1
743 1376 1
743 1591 1
743 1753 1
744 21 1
744 61 1
744 314 1
744 680 1
744 1028 1
744 1273 1
744 1453 1
744 1687 1
745 472 1
745 644 1
745 759 1
745 891 1
745 959 1
745 1133 1
745 1143 1
745 1208 1
745 1292 1
745 1408 1
745 1468 1
745 1660 1
746 33 1
746 170 1
746 220 1
746 326 1
746 354 1
746 358 1
746 496 1
746 655 1
746 728 1
746 786 1
746 833 1
746 933 1
746 954 1
746 983 1
746 1014 1
746 1051 1
746 1165 1
746 1374 1
746 1403 1
746 1425 1
746 1437 1
746 1483 1
746 1559 1
746 1620 1
746 1830 1
746 2022 1
747 5 1
747 19 1
747 24 1
747 35 1
747 123 1
747 207 1
747 241 1
747 289 1
747 456 1
747 491 1
747 493 1
747 503 1
747 622 1
747 724 1
747 901 1
747 989 1
747 1003 1
747 1092 1
747 1321 1
747 1363 1
747 1484 1
747 1551 1
747 1594 1
747 1647 1
747 1808 1
747 1817 1
747 1837 1
747 1870 1
747 2033 1
748 30 1
748 53 1
748 93 1
748 96 1
748 168 1
748 275 1
748 287 1
748 320 1
748 355 1
748 376 1
748 379 1
748 409 1
748 419 1
748 424 1
748 507 1
748 541 1
748 546 1
748 569 1
748 717 1
748 758 1
748 1030 1
748 1097 1
748 1160 1
748 1166 1
748 1195 1
748 1201 1
748 1220 1
748 1251 1
748 1263 1
748 1333 1
748 1344 1
748 1389 1
748 1444 1
748 1500 1
748 1510 1
748 1523 1
748 1593 1
748 1684 1
748 1708 1
748 1715 1
748 1741 1
748 1772 1
748 1819 1
748 1846 1
748 1856 1
748 1868 1
748 1959 1
748 1988 1
749 10 1
749 34 1
749 187 1
749 240 1
749 243 1
749 286 1
749 437 1
749 469 1
749 563 1
749 588 1
749 650 1
749 806 1
749 836 1
749 882 1
749 889 1
749 960 1
749 1017 1
749 1042 1
749 1087 1
749 1090 1
749 1109 1
749 1134 1
749 1230 1
749 1241 1
749 1277 1
749 1346 1
749 1358 1
749 1370 1
749 1405 1
749 1532 1
749 1543 1
749 1589 1
749 1626 1
749 1666 1
749 1827 1
749 1836 1
749 1842 1
749 1960 1
749 2044 1
750 64 1
750 70 1
750 78 1
750 225 1
750 305 1
750 526 1
750 599 1
750 608 1
750 632 1
750 647 1
750 662 1
750 695 1
750 725 1
750 770 1
750 783 1
750 802 1
750 875 1
750 904 1
750 937 1
750 962 1
750 1022 1
750 1112 1
750 1192 1
750 1476 1
750 1519 1
750 1554 1
750 1604 1
750 1613 1
750 1623 1
750 1656 1
750 1710 1
750 1764 1
750 1771 1
750 1784 1
750 1793 1
750 1818 1
750 1833 1
750 1984 1
750 2017 1
750 2031 1
750 2048 0
