1 19 1
1 21 1
1 40 1
3 7 1
3 16 1
3 31 1
3 33 1
4 28 1
6 25 1
8 4 1
9 37 1
10 2 1
12 8 1
12 578 1
12 1079 1
13 3 1
13 20 1
13 30 1
13 34 1
13 279 1
13 365 1
13 404 1
13 815 1
13 1010 1
13 1099 1
13 1107 1
13 1449 1
14 9 1
14 13 1
14 34 1
14 151 1
14 302 1
14 690 1
14 889 1
14 947 1
14 976 1
14 1021 1
14 1154 1
14 1424 1
14 1527 1
14 1587 1
14 1832 1
15 14 1
15 19 1
15 309 1
15 725 1
15 886 1
15 1005 1
15 1022 1
15 1027 1
15 1098 1
15 1330 1
15 1432 1
15 1615 1
15 1831 1
15 1900 1
16 13 1
16 21 1
16 305 1
16 336 1
16 538 1
16 629 1
16 717 1
16 766 1
16 1008 1
16 1140 1
16 1203 1
16 1363 1
16 1452 1
16 1619 1
16 1645 1
16 1801 1
16 1978 1
16 2048 1
17 18 1
17 349 1
17 368 1
17 384 1
17 645 1
17 820 1
17 1165 1
17 1262 1
17 1443 1
17 1591 1
17 1772 1
17 1841 1
17 1885 1
17 1993 1
17 2039 1
18 147 1
18 195 1
18 322 1
18 628 1
18 822 1
18 853 1
18 910 1
18 1050 1
18 1259 1
18 1688 1
18 1823 1
18 1876 1
18 1997 1
18 1998 1
19 41 1
19 660 1
19 750 1
19 1235 1
19 1331 1
19 1500 1
19 1775 1
20 7 1
20 22 1
20 1018 1
20 1503 1
20 1549 1
20 1588 1
20 1966 1
21 159 1
21 639 1
21 741 1
21 1045 1
21 1883 1
21 1936 1
21 2029 1
22 21 1
22 32 1
22 1237 1
22 1809 1
23 9 1
23 487 1
23 609 1
24 13 1
24 14 1
24 29 1
24 1556 1
24 1813 1
25 17 1
25 1914 1
26 8 1
26 26 1
26 39 1
27 11 1
27 28 1
27 29 1
28 24 1
29 22 1
29 34 1
29 1095 1
30 10 1
31 20 1
31 37 1
32 4 1
32 17 1
34 12 1
34 15 1
35 914 1
35 1058 1
35 1932 1
36 25 1
36 35 1
36 1712 1
37 10 1
37 903 1
39 2 1
39 21 1
39 128 1
39 1710 1
40 197 1
40 505 1
40 1820 1
41 534 1
41 1244 1
41 1573 1
42 691 1
42 1850 1
43 2 1
43 419 1
43 438 1
43 681 1
43 1496 1
43 1680 1
43 1844 1
43 1943 1
43 1976 1
44 109 1
44 184 1
44 1804 1
45 10 1
45 146 1
45 1143 1
45 1405 1
45 1462 1
45 1641 1
45 1672 1
45 1961 1
46 18 1
46 1059 1
46 1329 1
46 1638 1
47 2 1
47 16 1
47 112 1
47 580 1
47 985 1
47 1531 1
47 1962 1
48 6 1
48 1013 1
49 1156 1
49 1251 1
50 29 1
50 276 1
50 675 1
50 2037 1
51 1620 1
52 31 1
52 206 1
52 1204 1
52 1245 1
52 1723 1
52 1842 1
53 19 1
53 1292 1
53 1955 1
54 39 1
54 525 1
54 1411 1
55 19 1
55 338 1
55 1025 1
55 1666 1
56 18 1
56 994 1
57 38 1
57 313 1
57 1310 1
57 1412 1
58 36 1
58 273 1
58 436 1
58 448 1
58 981 1
59 21 1
59 28 1
59 747 1
59 770 1
59 1674 1
59 1971 1
60 652 1
61 19 1
61 391 1
61 475 1
61 485 1
61 1906 1
62 34 1
63 23 1
63 114 1
63 1450 1
64 2 1
64 6 1
64 621 1
64 932 1
65 12 1
65 461 1
65 1319 1
66 36 1
67 2045 1
68 613 1
68 982 1
68 1176 1
68 1476 1
68 1699 1
69 4 1
69 13 1
69 20 1
69 345 1
69 1420 1
70 2 1
70 30 1
70 38 1
70 196 1
70 456 1
71 13 1
72 24 1
72 587 1
72 632 1
72 1055 1
73 10 1
73 670 1
73 689 1
73 787 1
74 453 1
74 1853 1
75 2 1
75 3 1
75 15 1
75 20 1
75 1118 1
76 15 1
76 953 1
77 20 1
77 41 1
77 1101 1
77 1704 1
78 226 1
78 677 1
78 1576 1
80 152 1
80 591 1
80 1147 1
81 304 1
82 1525 1
82 1852 1
83 36 1
83 129 1
83 316 1
83 548 1
83 847 1
83 1097 1
83 1597 1
83 1770 1
83 2041 1
84 351 1
84 364 1
84 420 1
84 608 1
84 928 1
84 1272 1
84 1460 1
84 1670 1
84 1858 1
84 1863 1
85 3 1
85 31 1
85 209 1
85 781 1
85 1064 1
85 1559 1
86 855 1
86 1289 1
86 1675 1
86 1751 1
87 84 1
87 118 1
87 285 1
87 459 1
87 530 1
87 1167 1
87 1374 1
87 1428 1
87 1908 1
88 205 1
88 373 1
88 563 1
88 1274 1
88 1651 1
88 1838 1
88 1928 1
89 37 1
89 116 1
89 1228 1
89 1543 1
89 1642 1
89 2012 1
90 13 1
90 161 1
90 424 1
90 1749 1
90 2027 1
91 26 1
91 168 1
91 189 1
91 938 1
91 1062 1
91 1570 1
91 1830 1
91 1866 1
92 9 1
92 33 1
92 34 1
92 35 1
92 239 1
92 1606 1
93 37 1
93 880 1
93 1571 1
94 41 1
94 213 1
94 1431 1
95 11 1
95 21 1
95 40 1
95 996 1
95 1741 1
96 26 1
96 34 1
97 1 1
98 18 1
98 236 1
98 918 1
99 421 1
100 21 1
102 31 1
103 27 1
103 590 1
103 731 1
104 11 1
104 224 1
104 1419 1
104 1492 1
105 6 1
105 1628 1
105 1884 1
106 13 1
106 25 1
106 1811 1
107 8 1
107 37 1
107 775 1
107 1458 1
107 1600 1
107 1694 1
107 1753 1
107 1985 1
108 242 1
108 807 1
108 823 1
108 1015 1
108 1090 1
108 2008 1
109 1 1
109 33 1
109 149 1
109 372 1
109 468 1
109 509 1
109 663 1
110 1 1
110 1709 1
111 3 1
111 1341 1
111 1547 1
112 24 1
112 551 1
112 700 1
112 977 1
112 1952 1
113 380 1
113 559 1
113 1108 1
113 1138 1
115 24 1
115 1528 1
115 2005 1
116 5 1
116 6 1
116 25 1
116 1871 1
118 6 1
118 36 1
119 32 1
119 40 1
119 528 1
120 3 1
121 3 1
121 1728 1
122 11 1
122 18 1
122 91 1
122 830 1
122 2015 1
123 29 1
124 26 1
124 476 1
124 1060 1
124 1698 1
125 1254 1
125 1344 1
125 1613 1
125 1849 1
125 1891 1
126 2038 1
126 2046 1
127 9 1
127 13 1
127 362 1
127 1083 1
127 1392 1
127 1475 1
127 1592 1
127 1724 1
127 1903 1
128 208 1
128 761 1
128 773 1
128 1111 1
129 14 1
129 29 1
129 32 1
129 249 1
129 640 1
129 1110 1
129 1427 1
129 1521 1
129 1640 1
130 3 1
130 6 1
130 405 1
130 481 1
130 909 1
131 845 1
131 1445 1
132 9 1
132 477 1
132 1074 1
132 1261 1
133 22 1
133 28 1
133 39 1
133 190 1
133 1737 1
133 1878 1
133 1944 1
134 3 1
134 12 1
134 33 1
134 473 1
135 18 1
136 2 1
136 13 1
136 24 1
136 1014 1
137 12 1
137 106 1
138 673 1
138 1366 1
139 22 1
140 4 1
140 905 1
140 1302 1
141 3 1
143 14 1
143 27 1
143 1293 1
144 1112 1
144 1766 1
146 7 1
146 41 1
146 1061 1
146 1364 1
147 5 1
147 332 1
147 796 1
147 962 1
147 1296 1
147 1653 1
148 32 1
148 1662 1
148 1804 1
148 1876 1
148 1951 1
149 7 1
149 19 1
149 23 1
149 750 1
149 1148 1
149 1692 1
150 752 1
150 1005 1
150 1457 1
150 1679 1
150 2018 1
151 623 1
151 1162 1
151 1591 1
152 1455 1
153 1223 1
153 1883 1
154 1432 1
155 1330 1
157 582 1
159 150 1
160 1233 1
161 140 1
161 755 1
161 875 1
161 1175 1
161 1449 1
161 1780 1
161 1848 1
162 98 1
162 558 1
162 1349 1
162 1388 1
162 1474 1
162 1947 1
163 408 1
163 927 1
163 1068 1
163 1380 1
164 879 1
165 573 1
165 732 1
166 1076 1
166 1116 1
166 1516 1
166 1589 1
169 368 1
170 1824 1
171 1981 1
171 2035 1
172 1987 1
185 2003 1
651 53 1
652 47 1
653 44 1
654 63 1
654 74 1
658 62 1
658 69 1
660 62 1
661 55 1
661 70 1
663 63 1
663 79 1
663 722 1
664 46 1
664 82 1
664 300 1
664 1747 1
665 218 1
665 221 1
665 231 1
665 329 1
665 330 1
665 407 1
665 1418 1
666 45 1
666 341 1
666 625 1
666 1311 1
666 1757 1
667 765 1
668 462 1
668 1497 1
669 63 1
670 66 1
670 788 1
670 1448 1
671 1519 1
671 1691 1
672 54 1
673 68 1
673 724 1
674 57 1
674 81 1
674 510 1
675 81 1
677 69 1
678 42 1
678 56 1
678 59 1
678 1875 1
680 45 1
680 51 1
680 59 1
681 62 1
681 498 1
682 69 1
682 75 1
686 70 1
686 75 1
686 1508 1
686 1522 1
687 1294 1
688 56 1
688 307 1
688 753 1
689 68 1
690 63 1
690 66 1
690 275 1
691 72 1
691 1273 1
691 1681 1
691 1894 1
692 47 1
692 74 1
692 1205 1
693 45 1
693 48 1
693 74 1
694 52 1
694 59 1
694 73 1
696 49 1
696 56 1
696 60 1
696 77 1
697 79 1
697 852 1
698 45 1
698 74 1
700 60 1
700 62 1
700 71 1
700 893 1
701 2022 1
702 64 1
702 81 1
703 51 1
704 47 1
704 57 1
705 63 1
706 42 1
706 49 1
706 61 1
707 63 1
707 107 1
709 45 1
710 42 1
710 570 1
710 1019 1
711 959 1
713 1533 1
714 55 1
714 67 1
714 69 1
715 61 1
717 42 1
717 51 1
719 52 1
719 64 1
719 1481 1
720 1000 1
721 43 1
721 58 1
722 42 1
722 58 1
722 63 1
723 75 1
724 46 1
724 50 1
724 64 1
725 55 1
726 74 1
727 57 1
727 61 1
729 79 1
730 67 1
732 63 1
733 1214 1
733 1926 1
734 1221 1
736 50 1
736 65 1
736 71 1
736 1974 1
737 53 1
738 1248 1
739 605 1
740 70 1
743 44 1
743 49 1
744 71 1
745 43 1
745 52 1
745 77 1
747 42 1
747 55 1
749 630 1
750 2048 0
