1 10 1
1 13 1
1 26 1
1 29 1
1 943 1
1 1911 1
2 5 1
2 27 1
3 6 1
3 23 1
3 31 1
3 544 1
3 1495 1
4 30 1
4 36 1
5 6 1
5 12 1
5 73 1
5 1666 1
6 8 1
6 227 1
6 828 1
7 31 1
7 310 1
8 2 1
8 11 1
8 410 1
8 1212 1
8 1575 1
9 14 1
9 624 1
9 959 1
9 1608 1
9 1700 1
10 18 1
10 1044 1
10 1446 1
10 1524 1
10 1668 1
11 29 1
11 505 1
11 909 1
11 1199 1
11 2034 1
12 24 1
12 41 1
12 113 1
12 296 1
12 652 1
12 670 1
13 39 1
13 165 1
13 1450 1
14 231 1
14 245 1
14 262 1
14 929 1
14 934 1
14 1245 1
14 1325 1
15 31 1
15 881 1
15 1569 1
15 1704 1
16 2 1
16 12 1
16 31 1
16 112 1
16 130 1
16 397 1
16 656 1
16 1432 1
16 1652 1
17 196 1
17 475 1
17 579 1
18 1290 1
18 1388 1
18 1642 1
20 32 1
20 782 1
20 1079 1
20 1982 1
21 3 1
21 31 1
21 420 1
21 1766 1
22 1061 1
23 146 1
23 454 1
23 1052 1
23 1254 1
23 1482 1
24 4 1
24 773 1
24 1101 1
24 1952 1
25 40 1
25 681 1
25 1623 1
26 25 1
26 38 1
26 345 1
26 903 1
26 1107 1
27 2 1
27 18 1
27 34 1
27 473 1
27 714 1
27 886 1
27 925 1
28 1 1
28 6 1
28 11 1
28 28 1
28 31 1
28 223 1
28 239 1
28 259 1
28 303 1
28 422 1
28 1011 1
28 1185 1
28 1640 1
28 1751 1
29 3 1
29 248 1
29 338 1
29 833 1
29 1073 1
29 1262 1
29 1356 1
29 1629 1
30 87 1
30 109 1
30 1313 1
30 1550 1
31 126 1
31 516 1
31 1116 1
31 1342 1
31 1671 1
31 1703 1
31 1849 1
31 1998 1
32 34 1
32 722 1
32 905 1
32 1227 1
32 1435 1
32 1442 1
32 1592 1
32 1939 1
33 507 1
33 538 1
33 1383 1
34 23 1
34 36 1
34 274 1
34 651 1
34 915 1
34 1521 1
34 1572 1
34 1679 1
35 1 1
35 1266 1
35 1527 1
36 690 1
36 1288 1
36 1664 1
37 518 1
37 675 1
37 904 1
37 1409 1
38 29 1
38 305 1
38 795 1
38 1411 1
39 13 1
39 29 1
39 40 1
39 1360 1
40 41 1
40 270 1
40 380 1
40 806 1
40 1283 1
40 1310 1
40 1813 1
41 33 1
42 424 1
42 1811 1
43 4 1
43 30 1
43 237 1
43 285 1
43 559 1
43 1194 1
43 1887 1
44 8 1
44 246 1
44 734 1
44 888 1
44 1272 1
44 1277 1
45 163 1
45 279 1
45 470 1
45 738 1
45 1977 1
46 124 1
46 703 1
46 816 1
46 1202 1
46 1244 1
46 1529 1
46 1831 1
46 1866 1
47 4 1
47 19 1
47 197 1
47 365 1
47 754 1
47 928 1
47 1015 1
47 1077 1
47 1405 1
47 1774 1
48 186 1
48 393 1
48 709 1
48 1027 1
48 1336 1
48 1475 1
48 1891 1
49 25 1
49 1934 1
49 2029 1
50 6 1
50 228 1
50 1644 1
51 5 1
51 10 1
51 21 1
51 38 1
51 501 1
51 643 1
51 1111 1
52 29 1
52 628 1
52 1089 1
52 1222 1
53 383 1
54 29 1
54 423 1
54 453 1
54 1881 1
55 20 1
55 25 1
55 27 1
55 129 1
55 1118 1
55 1841 1
55 1938 1
56 30 1
56 39 1
56 879 1
56 1927 1
57 5 1
57 9 1
57 16 1
57 209 1
57 779 1
57 1932 1
58 364 1
58 368 1
58 1221 1
59 4 1
59 36 1
59 1002 1
59 1247 1
60 167 1
60 413 1
60 457 1
60 488 1
60 1108 1
60 1424 1
60 1779 1
61 7 1
61 25 1
61 96 1
61 222 1
61 1143 1
61 1670 1
61 1850 1
62 9 1
62 193 1
62 272 1
62 284 1
62 479 1
62 1782 1
62 1983 1
62 2033 1
63 36 1
63 1203 1
63 1458 1
63 1680 1
63 1936 1
63 2019 1
64 4 1
64 12 1
64 702 1
64 1241 1
64 1832 1
65 3 1
65 25 1
65 597 1
65 1058 1
65 1068 1
65 1278 1
65 1681 1
66 1 1
66 4 1
66 14 1
66 18 1
66 551 1
67 37 1
67 40 1
67 919 1
68 5 1
68 19 1
68 390 1
68 1870 1
69 9 1
69 602 1
69 1993 1
70 11 1
70 13 1
70 317 1
70 419 1
71 28 1
71 32 1
71 1826 1
72 1476 1
72 1571 1
73 601 1
73 691 1
74 26 1
74 1535 1
74 2048 1
75 10 1
75 30 1
75 41 1
75 632 1
75 1169 1
76 304 1
76 994 1
76 1096 1
76 1291 1
76 1452 1
76 1745 1
77 316 1
77 1784 1
77 1853 1
78 33 1
78 37 1
78 789 1
78 1330 1
78 1350 1
78 1645 1
79 286 1
79 615 1
79 935 1
79 1022 1
79 1235 1
79 1843 1
80 2 1
80 24 1
80 35 1
80 140 1
80 226 1
80 644 1
80 953 1
80 1373 1
80 2039 1
81 26 1
81 39 1
81 204 1
81 564 1
81 1067 1
81 2002 1
82 774 1
82 1694 1
82 1770 1
82 1807 1
83 750 1
84 16 1
84 23 1
84 548 1
84 1345 1
84 1385 1
84 1588 1
85 28 1
85 168 1
85 545 1
85 604 1
86 6 1
86 9 1
86 332 1
86 845 1
86 889 1
86 1809 1
87 17 1
87 25 1
87 33 1
87 34 1
87 587 1
87 1672 1
87 1985 1
88 10 1
88 1329 1
90 412 1
90 941 1
90 1180 1
90 1619 1
90 2006 1
91 1 1
92 32 1
92 1021 1
92 1164 1
92 1675 1
93 22 1
93 84 1
93 574 1
93 1072 1
93 1074 1
93 1662 1
93 1962 1
94 1591 1
94 1653 1
95 26 1
95 107 1
95 498 1
95 525 1
95 1035 1
95 1264 1
95 1366 1
96 3 1
96 391 1
96 1064 1
96 1573 1
96 1607 1
98 680 1
98 693 1
98 1166 1
98 1804 1
99 35 1
99 131 1
99 552 1
99 1953 1
100 1 1
100 34 1
100 35 1
100 968 1
100 1364 1
100 1463 1
100 1830 1
101 1 1
101 421 1
101 857 1
102 31 1
102 41 1
102 351 1
102 1624 1
103 331 1
103 491 1
103 588 1
103 993 1
103 1481 1
103 1731 1
104 6 1
104 9 1
104 12 1
104 427 1
104 1013 1
104 1049 1
104 1097 1
104 1723 1
105 16 1
105 192 1
106 34 1
106 39 1
106 405 1
106 1361 1
106 1486 1
106 1817 1
106 1999 1
107 11 1
107 563 1
107 910 1
107 1217 1
107 1906 1
108 752 1
109 13 1
109 17 1
109 359 1
109 435 1
109 852 1
109 986 1
110 18 1
110 173 1
110 1308 1
111 36 1
111 765 1
111 912 1
111 1007 1
111 1540 1
112 142 1
113 27 1
113 339 1
113 805 1
113 1415 1
113 1821 1
113 1971 1
114 7 1
114 480 1
114 640 1
114 978 1
114 1601 1
115 399 1
115 646 1
115 673 1
115 783 1
115 882 1
116 19 1
116 24 1
116 39 1
116 311 1
116 608 1
116 621 1
116 823 1
116 871 1
116 965 1
116 1968 1
117 8 1
117 149 1
117 1523 1
118 7 1
118 20 1
118 147 1
118 729 1
118 1835 1
119 214 1
119 251 1
119 1076 1
119 1376 1
119 1605 1
120 29 1
120 321 1
121 13 1
121 590 1
122 8 1
122 669 1
122 766 1
123 114 1
123 500 1
123 737 1
123 1474 1
123 1528 1
124 5 1
124 224 1
124 1154 1
124 1352 1
124 1428 1
125 16 1
125 468 1
125 1341 1
125 2012 1
126 1724 1
126 1828 1
127 4 1
127 236 1
127 495 1
127 575 1
127 894 1
128 31 1
128 1156 1
129 17 1
129 160 1
129 1413 1
129 1854 1
130 9 1
130 10 1
130 18 1
130 534 1
130 591 1
130 829 1
130 1343 1
130 1355 1
130 1777 1
130 2015 1
131 15 1
131 600 1
131 818 1
131 962 1
131 982 1
131 1954 1
131 2018 1
132 2 1
132 38 1
132 40 1
132 440 1
132 619 1
132 1232 1
133 27 1
133 30 1
133 387 1
133 776 1
133 849 1
133 900 1
133 901 1
133 1178 1
133 1586 1
133 1947 1
133 1981 1
134 35 1
134 220 1
134 528 1
134 1496 1
134 1872 1
135 28 1
135 967 1
135 1045 1
135 1492 1
136 5 1
136 20 1
136 205 1
136 354 1
136 461 1
136 755 1
136 884 1
136 964 1
136 1196 1
136 1951 1
137 20 1
137 33 1
137 172 1
137 249 1
137 719 1
137 937 1
137 1611 1
138 5 1
138 1676 1
139 899 1
139 976 1
140 374 1
141 2 1
141 32 1
141 389 1
142 40 1
142 116 1
142 1224 1
143 40 1
144 5 1
144 13 1
144 1059 1
144 1429 1
144 1883 1
145 23 1
145 1544 1
145 1669 1
146 1159 1
146 1501 1
147 242 1
147 1543 1
147 1871 1
148 362 1
148 594 1
148 677 1
148 1000 1
148 1392 1
148 1885 1
148 1942 1
149 36 1
149 276 1
149 875 1
149 1250 1
149 1506 1
149 1559 1
149 1741 1
149 1857 1
149 1925 1
149 1950 1
150 6 1
150 27 1
150 29 1
150 370 1
150 396 1
150 848 1
150 996 1
150 1184 1
150 1590 1
150 1806 1
150 1819 1
151 97 1
151 1063 1
151 2004 1
152 429 1
152 513 1
152 1818 1
153 48 1
153 1148 1
153 1414 1
153 1431 1
153 1599 1
153 1858 1
154 1256 1
154 1674 1
154 1852 1
154 1908 1
154 1912 1
155 540 1
155 1503 1
155 1749 1
156 404 1
156 1900 1
157 158 1
157 474 1
158 570 1
158 685 1
158 1640 1
159 770 1
159 1023 1
159 1229 1
160 1060 1
161 508 1
161 855 1
162 426 1
162 431 1
162 916 1
162 1522 1
162 1556 1
162 1709 1
164 213 1
164 580 1
164 616 1
164 822 1
164 932 1
164 938 1
164 1100 1
164 1292 1
164 1460 1
164 1969 1
165 445 1
165 963 1
165 1427 1
165 1734 1
165 1788 1
165 1861 1
166 190 1
166 306 1
166 433 1
166 448 1
166 634 1
166 781 1
166 911 1
166 1377 1
166 1712 1
166 1848 1
166 1896 1
166 1961 1
167 121 1
167 180 1
167 585 1
167 698 1
167 971 1
167 992 1
167 1153 1
167 1265 1
167 1438 1
167 1649 1
167 1740 1
167 1937 1
167 1987 1
168 141 1
168 302 1
168 582 1
168 1028 1
168 1530 1
168 1732 1
168 1864 1
169 250 1
169 761 1
169 797 1
169 1093 1
169 1456 1
169 1767 1
169 1997 1
170 123 1
170 232 1
170 301 1
170 465 1
170 908 1
170 1052 1
170 1380 1
170 1542 1
171 532 1
171 780 1
171 784 1
171 918 1
171 1389 1
171 2023 1
172 89 1
172 189 1
172 372 1
172 402 1
172 566 1
172 623 1
172 663 1
172 1246 1
173 148 1
173 565 1
173 687 1
173 831 1
173 1924 1
174 862 1
175 1453 1
175 1665 1
175 1970 1
176 599 1
176 1940 1
177 1457 1
178 1149 1
178 1172 1
178 1897 1
178 1903 1
178 1988 1
179 415 1
180 984 1
180 1636 1
181 725 1
181 1151 1
181 1557 1
181 1760 1
181 1765 1
182 363 1
182 1204 1
182 1248 1
182 1301 1
182 1602 1
182 1620 1
183 233 1
183 531 1
183 659 1
183 854 1
183 933 1
183 1234 1
183 1488 1
183 1730 1
183 1894 1
184 92 1
184 127 1
184 188 1
184 329 1
184 660 1
184 743 1
184 863 1
184 1003 1
184 1207 1
184 1289 1
184 1357 1
184 1820 1
184 1980 1
185 443 1
185 717 1
185 814 1
185 891 1
185 1130 1
185 1158 1
185 1243 1
185 1297 1
185 1320 1
185 1367 1
185 1371 1
185 1498 1
185 1563 1
185 1639 1
185 1715 1
185 1799 1
186 472 1
186 493 1
186 530 1
186 1034 1
186 1228 1
186 1449 1
186 1785 1
186 1949 1
186 1976 1
187 153 1
187 514 1
187 569 1
187 708 1
187 842 1
187 989 1
187 1125 1
187 1258 1
187 1441 1
187 1537 1
187 1965 1
188 377 1
188 638 1
188 1036 1
188 1261 1
188 2003 1
189 150 1
189 489 1
189 1279 1
189 1551 1
189 1865 1
190 455 1
190 1191 1
190 1418 1
190 1751 1
190 1789 1
191 375 1
193 747 1
194 138 1
194 1062 1
195 1451 1
196 287 1
196 309 1
197 184 1
197 1080 1
198 577 1
198 825 1
198 1372 1
198 1423 1
198 1622 1
198 2008 1
199 93 1
199 106 1
199 154 1
199 174 1
199 206 1
199 254 1
199 459 1
199 471 1
199 697 1
199 947 1
199 950 1
199 1296 1
199 1326 1
199 1417 1
199 1465 1
199 1652 1
199 1661 1
200 58 1
200 283 1
200 333 1
200 573 1
200 586 1
200 701 1
200 720 1
200 877 1
200 1090 1
200 1094 1
200 1238 1
200 1382 1
200 1625 1
201 139 1
201 191 1
201 252 1
201 753 1
201 787 1
201 837 1
201 913 1
201 1053 1
201 1144 1
201 1240 1
201 1842 1
201 1915 1
202 218 1
202 379 1
202 436 1
202 700 1
202 739 1
202 839 1
202 1132 1
202 1177 1
202 1286 1
202 1397 1
202 1478 1
202 1761 1
202 2024 1
202 2043 1
203 195 1
203 408 1
203 492 1
203 497 1
203 744 1
203 874 1
203 898 1
203 1814 1
203 1979 1
203 2007 1
204 91 1
204 741 1
204 939 1
204 1140 1
204 1489 1
204 1565 1
204 1577 1
204 1717 1
204 1816 1
205 376 1
205 624 1
205 723 1
205 928 1
205 1216 1
205 1558 1
205 1562 1
205 2009 1
206 57 1
206 132 1
206 560 1
206 748 1
206 1267 1
206 1443 1
206 1986 1
207 1410 1
207 1466 1
207 1895 1
208 731 1
208 896 1
209 557 1
209 1133 1
209 1274 1
210 772 1
212 454 1
212 529 1
212 1198 1
212 1860 1
214 166 1
214 1994 1
215 110 1
215 1197 1
215 1553 1
215 1797 1
216 769 1
216 929 1
216 1230 1
216 1333 1
216 1593 1
216 1716 1
216 1718 1
216 1791 1
216 1923 1
217 418 1
217 434 1
217 456 1
217 592 1
217 759 1
217 977 1
217 1037 1
217 1042 1
217 1104 1
217 1790 1
217 1873 1
217 2001 1
217 2010 1
218 178 1
218 340 1
218 1069 1
218 1128 1
218 1210 1
218 1269 1
218 1395 1
218 1400 1
218 1517 1
218 1615 1
218 1628 1
218 1822 1
218 1856 1
219 194 1
219 288 1
219 369 1
219 572 1
219 1050 1
219 1284 1
219 1711 1
219 1747 1
219 1805 1
219 1838 1
219 1845 1
219 1944 1
220 159 1
220 211 1
220 554 1
220 584 1
220 611 1
220 1102 1
220 1165 1
220 1327 1
220 2020 1
221 478 1
221 721 1
221 817 1
221 1167 1
221 1298 1
221 1370 1
221 1461 1
222 484 1
222 1432 1
222 1493 1
222 1613 1
222 1708 1
223 567 1
223 1406 1
223 1499 1
223 1685 1
223 1992 1
224 1282 1
224 1454 1
225 145 1
225 1054 1
225 1412 1
226 315 1
227 847 1
227 1273 1
227 1945 1
228 815 1
229 517 1
231 1757 1
231 1905 1
232 798 1
232 1038 1
232 1066 1
232 1086 1
232 1705 1
232 1786 1
232 1955 1
233 120 1
233 207 1
233 553 1
233 746 1
233 1124 1
233 1175 1
233 1402 1
233 1407 1
233 1515 1
233 1879 1
233 1966 1
233 1972 1
233 1973 1
234 179 1
234 371 1
234 460 1
234 595 1
234 922 1
234 1416 1
234 1689 1
234 1736 1
234 1888 1
234 1967 1
235 318 1
235 438 1
235 571 1
235 785 1
235 819 1
235 861 1
235 1209 1
235 1363 1
235 1546 1
235 1746 1
235 1752 1
235 1758 1
235 1839 1
235 1917 1
235 2035 1
236 208 1
236 255 1
236 290 1
236 357 1
236 384 1
236 411 1
236 510 1
236 672 1
236 927 1
236 1259 1
236 1270 1
236 1697 1
236 1755 1
236 1762 1
236 1798 1
236 1812 1
236 1946 1
237 424 1
237 446 1
237 662 1
237 684 1
237 775 1
237 821 1
237 1754 1
238 451 1
238 464 1
238 712 1
238 1726 1
238 1836 1
238 1847 1
239 152 1
239 447 1
239 1227 1
239 1420 1
239 1701 1
240 280 1
240 381 1
240 954 1
240 1219 1
240 1280 1
240 1334 1
240 1362 1
240 1516 1
240 1536 1
240 1699 1
241 795 1
241 866 1
241 1127 1
242 162 1
242 367 1
242 969 1
242 1892 1
243 1660 1
244 291 1
244 1634 1
246 679 1
246 716 1
246 1931 1
247 203 1
247 1115 1
247 2046 1
248 210 1
249 125 1
249 373 1
249 1012 1
249 1393 1
249 1859 1
249 2036 1
250 558 1
250 650 1
250 1070 1
250 1381 1
250 1494 1
250 1612 1
250 1646 1
250 1768 1
250 1800 1
251 742 1
251 1316 1
251 1433 1
251 1886 1
251 1889 1
251 1943 1
251 2025 1
251 2044 1
252 122 1
252 326 1
252 327 1
252 401 1
252 518 1
252 633 1
252 1026 1
252 1126 1
252 1131 1
252 1142 1
252 1213 1
252 1276 1
252 1348 1
252 1521 1
252 1995 1
252 2014 1
253 169 1
253 222 1
253 241 1
253 330 1
253 561 1
253 652 1
253 683 1
253 952 1
253 1098 1
253 1121 1
253 1187 1
253 1305 1
253 1482 1
253 1868 1
254 394 1
254 496 1
254 1043 1
254 1211 1
254 1218 1
254 1386 1
254 1390 1
254 1394 1
254 1733 1
254 1780 1
255 134 1
255 185 1
255 273 1
255 423 1
255 656 1
255 800 1
255 836 1
255 1300 1
256 269 1
256 998 1
256 1500 1
256 1772 1
257 439 1
257 632 1
257 834 1
258 771 1
258 864 1
258 1206 1
259 100 1
259 768 1
260 182 1
260 1710 1
264 257 1
264 515 1
264 1792 1
265 86 1
265 535 1
265 2013 1
266 343 1
266 906 1
266 942 1
266 981 1
266 1190 1
266 1552 1
266 1719 1
267 430 1
267 654 1
267 816 1
267 880 1
267 1041 1
267 1263 1
267 1314 1
267 1568 1
267 1914 1
268 136 1
268 349 1
268 453 1
268 526 1
268 596 1
268 648 1
268 657 1
268 727 1
268 760 1
268 764 1
268 870 1
268 878 1
268 1025 1
268 1173 1
268 1657 1
268 1664 1
268 1815 1
269 90 1
269 102 1
269 292 1
269 627 1
269 794 1
269 841 1
269 873 1
269 943 1
269 1004 1
269 1106 1
269 1444 1
269 1455 1
269 1647 1
269 1654 1
269 1910 1
269 1993 1
270 117 1
270 320 1
270 524 1
270 664 1
270 1081 1
270 1146 1
270 1642 1
270 1803 1
270 1876 1
271 79 1
271 606 1
271 609 1
271 690 1
271 757 1
271 792 1
271 1186 1
271 1425 1
271 1933 1
271 2021 1
272 115 1
272 791 1
272 991 1
272 1520 1
272 1668 1
272 1725 1
273 78 1
273 95 1
273 176 1
273 234 1
273 801 1
273 955 1
273 1020 1
273 1031 1
273 1322 1
274 1242 1
274 1384 1
275 537 1
275 682 1
275 707 1
275 1122 1
276 50 1
276 378 1
276 1810 1
277 914 1
277 923 1
278 960 1
280 444 1
280 796 1
280 2017 1
281 1319 1
282 1387 1
283 293 1
283 295 1
283 296 1
283 1134 1
283 1422 1
283 1426 1
283 1801 1
283 1974 1
283 2026 1
284 235 1
284 361 1
284 437 1
284 507 1
284 533 1
284 826 1
284 1092 1
284 1303 1
284 1306 1
284 1480 1
285 164 1
285 335 1
285 356 1
285 846 1
285 1019 1
285 1162 1
285 1467 1
285 1651 1
285 1687 1
285 1744 1
286 168 1
286 395 1
286 400 1
286 926 1
286 1071 1
286 1192 1
286 1271 1
286 1541 1
286 1606 1
286 1667 1
286 1677 1
286 1901 1
287 62 1
287 277 1
287 313 1
287 322 1
287 576 1
287 618 1
287 1002 1
287 1047 1
287 1137 1
287 1299 1
287 1421 1
287 1532 1
288 221 1
288 519 1
288 647 1
288 1006 1
288 1293 1
288 1644 1
288 1702 1
288 1958 1
288 2030 1
289 1171 1
289 1353 1
289 1491 1
289 1683 1
289 1706 1
290 70 1
290 546 1
290 786 1
290 1490 1
290 1564 1
290 1629 1
290 1793 1
291 177 1
291 1369 1
291 1399 1
292 1459 1
292 1621 1
293 1855 1
296 1307 1
297 749 1
298 99 1
298 695 1
298 1150 1
299 547 1
299 639 1
299 1010 1
299 1057 1
299 1391 1
299 1527 1
300 483 1
300 622 1
300 715 1
300 1119 1
300 1170 1
300 1183 1
300 1233 1
300 1255 1
300 1309 1
300 1794 1
300 1846 1
300 1869 1
300 1932 1
300 1984 1
301 94 1
301 265 1
301 358 1
301 525 1
301 528 1
301 704 1
301 970 1
301 1033 1
301 1448 1
301 1526 1
301 1576 1
301 1598 1
301 1721 1
301 1735 1
301 1759 1
301 1884 1
302 101 1
302 144 1
302 156 1
302 247 1
302 298 1
302 550 1
302 1032 1
302 1046 1
302 1105 1
302 1155 1
302 1249 1
302 1354 1
302 1436 1
302 1469 1
302 1635 1
302 1663 1
302 1763 1
302 1920 1
303 199 1
303 324 1
303 416 1
303 476 1
303 581 1
303 583 1
303 808 1
303 1311 1
303 1487 1
303 1512 1
303 1582 1
303 1684 1
303 1748 1
303 1809 1
303 1863 1
303 1948 1
303 1975 1
304 165 1
304 337 1
304 353 1
304 711 1
304 767 1
304 1029 1
304 1160 1
304 1225 1
304 1332 1
304 1609 1
304 1867 1
305 266 1
305 1120 1
305 1136 1
305 1505 1
305 1575 1
305 1890 1
306 258 1
306 284 1
306 334 1
306 948 1
306 985 1
306 1795 1
307 325 1
307 705 1
307 957 1
307 1135 1
307 1169 1
307 1231 1
307 1346 1
307 1347 1
307 2048 1
308 428 1
308 961 1
308 1179 1
308 1329 1
308 1637 1
309 686 1
309 1065 1
309 1088 1
309 1518 1
310 360 1
311 568 1
311 610 1
312 788 1
312 827 1
312 1374 1
314 676 1
314 1008 1
315 98 1
315 876 1
315 1916 1
316 128 1
316 482 1
316 832 1
316 1017 1
316 1840 1
317 282 1
317 310 1
317 398 1
317 1114 1
317 1339 1
318 328 1
318 392 1
318 1075 1
318 1201 1
318 1446 1
318 1851 1
319 186 1
319 201 1
319 346 1
319 403 1
319 469 1
319 810 1
319 951 1
319 1152 1
319 1437 1
319 1574 1
320 171 1
320 220 1
320 243 1
320 260 1
320 425 1
320 631 1
320 740 1
320 1051 1
320 1077 1
320 1161 1
320 1595 1
321 289 1
321 467 1
321 490 1
321 559 1
321 653 1
321 692 1
321 902 1
321 1117 1
321 1524 1
321 1528 1
321 1603 1
321 1737 1
321 1774 1
321 1833 1
321 2000 1
321 2022 1
322 485 1
322 502 1
322 857 1
322 1040 1
322 1930 1
323 414 1
323 904 1
323 930 1
323 988 1
323 1174 1
323 1294 1
323 1472 1
324 229 1
324 541 1
324 1404 1
324 1583 1
325 267 1
325 417 1
325 868 1
325 1531 1
327 881 1
328 1989 1
330 67 1
330 1145 1
331 751 1
331 1579 1
333 217 1
333 264 1
333 312 1
333 1312 1
333 1921 1
334 520 1
334 694 1
334 824 1
334 999 1
335 52 1
335 370 1
335 587 1
335 920 1
335 1018 1
335 1168 1
335 1358 1
335 1738 1
335 1866 1
335 1960 1
336 59 1
336 146 1
336 352 1
336 728 1
336 910 1
336 1338 1
336 1405 1
336 1464 1
336 1473 1
336 1513 1
336 1578 1
336 1918 1
337 338 1
337 457 1
337 563 1
337 612 1
337 729 1
337 956 1
337 1237 1
337 1241 1
337 1773 1
337 1874 1
337 1898 1
338 344 1
338 804 1
338 872 1
338 921 1
338 945 1
338 1110 1
338 1202 1
338 1696 1
338 1913 1
338 1939 1
339 735 1
339 809 1
339 1277 1
339 1511 1
339 1824 1
340 997 1
340 1254 1
340 1382 1
341 259 1
341 261 1
341 342 1
341 1067 1
341 1941 1
341 1963 1
342 303 1
342 1039 1
342 1447 1
342 1720 1
344 297 1
344 1641 1
345 1335 1
346 1336 1
347 69 1
347 522 1
347 551 1
348 1507 1
350 107 1
350 170 1
350 240 1
350 598 1
350 1379 1
350 1555 1
350 1605 1
350 1769 1
350 1870 1
350 1880 1
350 2042 1
351 111 1
351 536 1
351 1084 1
351 1091 1
351 1342 1
351 1750 1
352 105 1
352 108 1
352 143 1
352 268 1
352 487 1
352 706 1
352 766 1
352 1236 1
352 1837 1
352 2019 1
353 77 1
353 84 1
353 113 1
353 167 1
353 300 1
353 308 1
353 314 1
353 539 1
353 549 1
353 641 1
353 678 1
353 1109 1
353 1139 1
353 1302 1
353 1502 1
353 1779 1
353 1787 1
353 1956 1
353 1978 1
354 225 1
354 481 1
354 513 1
354 661 1
354 745 1
354 867 1
354 892 1
354 1195 1
354 1226 1
354 1627 1
355 246 1
355 272 1
355 860 1
355 1101 1
355 1141 1
355 1360 1
356 200 1
356 383 1
356 512 1
356 1692 1
356 1764 1
357 238 1
357 244 1
357 279 1
357 1163 1
357 1375 1
357 1477 1
359 188 1
360 503 1
361 958 1
362 733 1
364 495 1
365 463 1
365 1247 1
365 1304 1
365 1982 1
366 174 1
366 237 1
366 286 1
366 1015 1
366 1096 1
366 1352 1
366 1470 1
366 1508 1
366 1858 1
366 1959 1
367 336 1
367 351 1
367 601 1
367 629 1
367 636 1
367 738 1
367 844 1
367 1085 1
367 1324 1
367 1434 1
367 1495 1
367 1739 1
367 1742 1
367 1971 1
367 1983 1
368 71 1
368 154 1
368 219 1
368 688 1
368 702 1
368 938 1
368 968 1
368 1123 1
368 1147 1
368 1368 1
368 1514 1
368 1561 1
368 1589 1
368 1597 1
368 1626 1
368 1648 1
368 1727 1
368 1808 1
368 1834 1
368 1904 1
369 112 1
369 147 1
369 215 1
369 319 1
369 603 1
369 671 1
369 856 1
369 972 1
369 1318 1
369 1321 1
369 1484 1
369 1486 1
369 1753 1
369 1957 1
369 2028 1
370 73 1
370 256 1
370 382 1
370 545 1
370 552 1
370 709 1
370 752 1
370 964 1
370 1220 1
370 1483 1
370 1632 1
370 1826 1
371 432 1
371 658 1
371 722 1
371 978 1
371 1016 1
371 1078 1
371 1419 1
371 1503 1
371 1760 1
371 1881 1
372 228 1
372 307 1
372 544 1
372 579 1
372 944 1
372 1428 1
372 1585 1
372 1630 1
373 758 1
373 865 1
373 1408 1
374 486 1
374 1509 1
375 114 1
375 1331 1
376 1479 1
376 1504 1
376 1519 1
377 1572 1
378 790 1
380 409 1
381 784 1
381 820 1
381 1911 1
382 736 1
382 1622 1
382 1907 1
382 2034 1
383 294 1
383 390 1
383 399 1
383 607 1
383 818 1
383 900 1
383 975 1
383 1538 1
383 1566 1
383 1811 1
384 72 1
384 562 1
384 890 1
384 908 1
384 987 1
384 1055 1
384 1239 1
384 1287 1
384 1378 1
384 1424 1
384 1534 1
384 1594 1
384 1823 1
384 1827 1
385 617 1
385 777 1
385 895 1
385 1009 1
385 1185 1
385 1713 1
385 2043 1
386 594 1
386 628 1
386 995 1
386 1189 1
386 1326 1
386 1604 1
386 1643 1
386 1853 1
386 1862 1
387 216 1
387 426 1
387 674 1
387 1350 1
387 1935 1
388 614 1
388 1409 1
389 160 1
389 224 1
389 458 1
389 1056 1
389 1232 1
389 1485 1
389 1776 1
389 1936 1
389 2011 1
390 776 1
390 897 1
390 1099 1
390 1290 1
390 1476 1
390 1693 1
391 577 1
392 588 1
393 305 1
393 668 1
393 1625 1
394 1714 1
396 155 1
396 263 1
396 643 1
397 226 1
398 637 1
398 1964 1
398 2032 1
399 103 1
399 726 1
399 1883 1
400 497 1
400 613 1
400 807 1
400 1108 1
400 1659 1
400 1997 1
401 93 1
401 214 1
401 242 1
401 354 1
401 642 1
401 675 1
401 699 1
401 833 1
401 1001 1
401 1068 1
401 1214 1
401 1398 1
401 1403 1
401 1745 1
401 1873 1
401 1927 1
402 341 1
402 355 1
402 521 1
402 666 1
402 885 1
402 984 1
402 986 1
402 996 1
402 1129 1
402 1133 1
402 1445 1
402 1545 1
402 1624 1
403 385 1
403 604 1
403 802 1
403 989 1
403 1130 1
403 1359 1
403 1539 1
403 1950 1
404 149 1
404 304 1
404 366 1
404 374 1
404 893 1
404 911 1
404 934 1
404 1265 1
404 1377 1
404 1722 1
404 1909 1
404 1990 1
405 1060 1
405 1087 1
405 1285 1
405 1325 1
405 1617 1
405 1802 1
406 47 1
406 333 1
406 597 1
406 1703 1
407 223 1
407 466 1
407 540 1
407 1819 1
407 1885 1
408 245 1
408 477 1
408 1024 1
408 1580 1
408 1828 1
408 1952 1
408 1985 1
409 397 1
412 1782 1
413 696 1
414 724 1
414 1998 1
415 849 1
416 388 1
416 940 1
416 1044 1
416 1439 1
416 1610 1
416 1704 1
416 2047 1
417 889 1
417 1695 1
417 1729 1
417 1902 1
418 460 1
418 498 1
418 555 1
418 883 1
418 941 1
418 946 1
418 1328 1
418 1537 1
418 1724 1
418 1796 1
419 139 1
419 448 1
419 871 1
419 967 1
419 1159 1
419 1205 1
419 1430 1
419 1638 1
419 1813 1
419 1968 1
419 2001 1
420 888 1
420 1149 1
420 1221 1
420 1560 1
420 1596 1
420 1611 1
420 1671 1
421 173 1
421 206 1
421 1166 1
421 1193 1
421 1616 1
421 1728 1
421 1850 1
422 230 1
422 248 1
422 270 1
422 347 1
422 1557 1
423 316 1
423 420 1
423 470 1
423 680 1
423 806 1
423 1465 1
424 233 1
425 151 1
425 615 1
425 1064 1
426 365 1
426 1111 1
427 1938 1
428 918 1
428 1758 1
429 659 1
430 1688 1
431 212 1
431 350 1
431 681 1
431 1849 1
431 1906 1
432 1164 1
432 1919 1
432 1962 1
433 148 1
433 231 1
433 959 1
433 973 1
433 1260 1
433 1614 1
433 1830 1
434 88 1
434 135 1
434 461 1
434 584 1
434 716 1
434 840 1
434 983 1
434 1102 1
434 1529 1
434 1915 1
435 402 1
435 907 1
435 1650 1
435 1788 1
435 1878 1
435 1894 1
436 87 1
436 299 1
436 404 1
436 465 1
436 569 1
436 676 1
436 761 1
436 979 1
436 1176 1
436 1244 1
436 1506 1
436 1547 1
436 1673 1
436 1871 1
436 1925 1
436 1940 1
436 2039 1
437 51 1
437 166 1
437 421 1
437 508 1
437 542 1
437 677 1
437 782 1
437 1138 1
437 1282 1
437 1317 1
437 1496 1
438 349 1
438 797 1
438 903 1
438 1066 1
438 1235 1
438 1333 1
438 1456 1
438 1709 1
439 7 1
439 640 1
439 850 1
439 1272 1
439 1431 1
439 1700 1
439 2040 1
440 685 1
442 756 1
442 1543 1
443 301 1
443 386 1
443 543 1
443 1440 1
444 710 1
444 1903 1
444 1986 1
445 1251 1
445 1279 1
446 2030 1
447 1781 1
447 1942 1
448 445 1
448 565 1
448 803 1
448 1262 1
449 63 1
449 387 1
449 410 1
449 1999 1
450 189 1
450 198 1
450 205 1
450 227 1
450 311 1
450 329 1
450 578 1
450 634 1
450 697 1
450 730 1
450 1007 1
450 1257 1
450 1389 1
450 1401 1
450 1647 1
450 1768 1
450 1829 1
451 364 1
451 823 1
451 994 1
451 1054 1
451 1100 1
451 1125 1
451 1215 1
451 1441 1
451 1443 1
451 1489 1
451 1620 1
451 1655 1
452 195 1
452 429 1
452 511 1
452 732 1
452 778 1
452 966 1
452 1042 1
452 1151 1
452 1356 1
452 1491 1
452 1552 1
452 1967 1
452 1981 1
453 249 1
453 257 1
453 281 1
453 412 1
453 649 1
453 737 1
453 780 1
453 852 1
453 949 1
453 1014 1
453 1288 1
453 1299 1
453 1554 1
453 1790 1
453 1798 1
453 2018 1
454 102 1
454 368 1
454 813 1
454 969 1
454 1045 1
454 1400 1
454 1778 1
455 593 1
455 712 1
455 1181 1
455 1634 1
455 1835 1
455 1848 1
456 484 1
456 490 1
456 769 1
456 828 1
456 879 1
456 1460 1
457 345 1
457 1206 1
457 1222 1
457 1228 1
457 1376 1
457 1757 1
457 1818 1
458 622 1
458 1153 1
458 1492 1
458 1510 1
458 1536 1
460 1131 1
461 1525 1
463 1690 1
464 401 1
465 451 1
465 859 1
465 916 1
465 931 1
465 1021 1
465 1073 1
465 1103 1
465 1198 1
466 605 1
466 1022 1
466 1298 1
466 1320 1
466 1581 1
466 1584 1
466 1686 1
466 1766 1
466 2037 1
467 443 1
467 853 1
467 1569 1
467 1631 1
467 1707 1
467 1839 1
468 165 1
468 218 1
468 369 1
468 493 1
468 713 1
468 1303 1
468 1351 1
468 1361 1
468 1458 1
468 1980 1
468 2033 1
469 109 1
469 332 1
469 523 1
469 589 1
469 1071 1
469 1281 1
469 1390 1
469 1549 1
469 1636 1
469 1734 1
470 419 1
470 472 1
470 599 1
470 600 1
470 924 1
470 1128 1
470 1143 1
470 1187 1
471 239 1
471 251 1
471 262 1
471 462 1
471 507 1
471 625 1
471 1682 1
471 1861 1
471 2008 1
472 64 1
472 785 1
472 1266 1
472 1297 1
472 1708 1
472 1759 1
473 56 1
473 819 1
473 1140 1
473 1146 1
473 1196 1
473 1618 1
473 1652 1
474 1080 1
474 1267 1
474 2013 1
475 743 1
475 1466 1
475 1678 1
476 1965 1
477 137 1
477 363 1
477 830 1
477 1917 1
480 1653 1
481 1264 1
481 1685 1
482 436 1
482 633 1
483 450 1
483 915 1
483 1094 1
483 1471 1
483 1716 1
483 1756 1
483 1896 1
484 124 1
484 274 1
484 358 1
484 693 1
484 1211 1
484 1475 1
484 1523 1
484 1590 1
484 1804 1
484 1882 1
485 134 1
485 207 1
485 236 1
485 665 1
485 799 1
486 110 1
486 556 1
486 854 1
486 1074 1
486 1393 1
486 1450 1
486 1497 1
486 1571 1
486 1606 1
486 2005 1
487 161 1
487 163 1
487 187 1
487 655 1
487 928 1
487 1204 1
487 1217 1
487 1355 1
487 1371 1
487 1841 1
488 43 1
488 180 1
488 323 1
488 992 1
488 1269 1
488 1444 1
489 183 1
489 280 1
489 757 1
489 901 1
489 1038 1
489 1520 1
489 1865 1
489 1923 1
489 2027 1
490 534 1
490 1365 1
490 1645 1
491 418 1
491 1323 1
491 1752 1
491 2026 1
492 626 1
493 812 1
493 1117 1
494 781 1
496 1190 1
497 937 1
499 104 1
499 1144 1
499 1296 1
499 1992 1
500 574 1
500 977 1
500 1013 1
500 1386 1
500 1462 1
500 1675 1
500 2031 1
500 2045 1
501 181 1
501 288 1
501 357 1
501 558 1
501 596 1
501 657 1
501 811 1
501 825 1
501 1313 1
501 1412 1
501 1422 1
501 1540 1
501 1674 1
502 106 1
502 115 1
502 152 1
502 400 1
502 504 1
502 798 1
502 1048 1
502 1095 1
502 1188 1
502 1219 1
502 1346 1
502 1771 1
502 1810 1
503 75 1
503 208 1
503 306 1
503 510 1
503 772 1
503 1090 1
503 1160 1
503 1274 1
503 1327 1
503 1698 1
503 1832 1
503 1901 1
503 1993 1
503 2038 1
504 202 1
504 502 1
504 580 1
504 669 1
504 990 1
504 1062 1
504 1629 1
504 1681 1
504 1777 1
505 157 1
505 793 1
505 1167 1
506 492 1
506 695 1
506 1183 1
506 1212 1
506 1415 1
506 1847 1
507 620 1
507 1256 1
507 1657 1
507 1854 1
508 827 1
508 1481 1
509 322 1
509 858 1
509 1362 1
510 85 1
510 1556 1
510 1730 1
510 1741 1
511 1154 1
511 1677 1
512 846 1
512 1451 1
513 83 1
513 1464 1
514 375 1
514 1242 1
515 970 1
515 1142 1
515 1186 1
516 715 1
516 848 1
516 1126 1
516 1305 1
516 1979 1
517 90 1
517 144 1
517 403 1
517 560 1
517 864 1
517 912 1
517 1127 1
517 1172 1
517 1338 1
517 1550 1
518 49 1
518 190 1
518 283 1
518 393 1
518 423 1
518 439 1
518 501 1
518 531 1
518 814 1
518 847 1
518 1030 1
518 1162 1
518 1178 1
518 1234 1
518 1306 1
518 1726 1
518 1744 1
518 1824 1
518 1926 1
518 2020 1
519 57 1
519 285 1
519 291 1
519 513 1
519 568 1
519 663 1
519 913 1
519 950 1
519 1607 1
519 1740 1
519 1899 1
519 1928 1
519 2014 1
519 2025 1
520 870 1
520 1200 1
520 1292 1
520 1474 1
521 169 1
521 271 1
521 744 1
521 855 1
521 1005 1
521 1069 1
521 1414 1
521 1589 1
521 1797 1
522 159 1
522 452 1
522 515 1
522 1037 1
522 1152 1
522 2016 1
522 2023 1
523 952 1
524 407 1
525 253 1
525 1310 1
525 1987 1
526 714 1
526 1058 1
527 118 1
527 132 1
527 255 1
527 424 1
528 1407 1
529 1008 1
529 1454 1
529 1852 1
530 1843 1
531 339 1
531 664 1
531 869 1
531 1404 1
531 1668 1
532 182 1
532 430 1
532 1240 1
532 1402 1
532 1442 1
532 1577 1
532 1656 1
532 1715 1
533 343 1
533 517 1
533 609 1
533 887 1
533 991 1
533 1233 1
533 1349 1
533 1423 1
533 1639 1
533 1943 1
534 192 1
534 379 1
534 509 1
534 851 1
534 1156 1
534 1468 1
534 1642 1
534 1892 1
535 413 1
535 444 1
535 582 1
535 1086 1
535 1089 1
535 1271 1
535 1337 1
535 1406 1
535 1605 1
535 1699 1
535 1886 1
535 2004 1
535 2012 1
536 44 1
536 482 1
536 554 1
536 646 1
536 725 1
536 927 1
536 1273 1
536 1289 1
536 1666 1
536 1679 1
536 1723 1
536 1825 1
536 1963 1
537 267 1
537 415 1
537 506 1
537 546 1
537 747 1
537 792 1
537 960 1
537 1175 1
537 1207 1
537 1372 1
537 1801 1
537 1803 1
537 1833 1
538 1426 1
539 549 1
539 980 1
539 1367 1
539 1922 1
540 276 1
540 338 1
540 434 1
540 694 1
540 766 1
540 925 1
540 1425 1
541 635 1
541 1340 1
542 822 1
543 2015 1
544 564 1
544 1791 1
546 441 1
546 1121 1
546 1229 1
547 1735 1
548 315 1
548 971 1
548 1924 1
549 805 1
549 1083 1
549 2044 1
550 619 1
550 917 1
550 985 1
550 1478 1
550 1591 1
550 1661 1
550 1862 1
550 1877 1
551 290 1
551 505 1
551 611 1
551 763 1
551 1105 1
551 1718 1
551 1821 1
551 1856 1
552 314 1
552 360 1
552 372 1
552 955 1
552 1057 1
552 1067 1
552 1463 1
552 1665 1
552 1684 1
553 826 1
553 1504 1
553 1738 1
553 1951 1
553 1976 1
553 2017 1
553 2028 1
554 623 1
554 673 1
554 1006 1
554 1053 1
554 1364 1
554 1793 1
555 275 1
555 723 1
555 1280 1
555 1599 1
555 1689 1
555 1893 1
556 129 1
556 176 1
556 185 1
556 456 1
556 1755 1
557 376 1
557 1427 1
557 1748 1
557 1773 1
558 1991 1
559 1145 1
559 1380 1
560 469 1
560 1213 1
561 168 1
561 1889 1
562 963 1
562 1644 1
562 1972 1
563 210 1
563 1731 1
564 406 1
564 514 1
564 1112 1
564 1457 1
564 1692 1
565 194 1
565 380 1
565 384 1
565 474 1
565 1399 1
566 309 1
566 327 1
566 686 1
566 837 1
566 1621 1
567 269 1
567 786 1
567 880 1
567 933 1
567 988 1
567 1050 1
567 1157 1
567 1268 1
567 1817 1
567 1868 1
567 1949 1
568 108 1
568 475 1
568 595 1
568 721 1
568 817 1
568 1192 1
568 1411 1
568 1428 1
568 1551 1
568 1588 1
568 1613 1
569 527 1
569 683 1
569 708 1
569 735 1
569 973 1
569 1173 1
569 1658 1
569 1763 1
569 1764 1
569 1784 1
570 146 1
570 186 1
570 361 1
570 516 1
570 526 1
570 771 1
570 1184 1
570 1252 1
571 478 1
571 689 1
571 705 1
571 740 1
571 974 1
571 1028 1
571 1041 1
571 1197 1
571 1347 1
571 1495 1
571 1587 1
571 2009 1
572 89 1
572 126 1
572 317 1
572 344 1
572 370 1
572 572 1
572 638 1
572 1472 1
572 1490 1
572 1713 1
572 2019 1
573 553 1
573 698 1
573 755 1
573 976 1
573 1109 1
573 1601 1
574 203 1
574 256 1
574 557 1
574 610 1
574 987 1
574 1059 1
574 1180 1
574 1640 1
575 100 1
575 278 1
575 1010 1
575 1036 1
576 142 1
576 201 1
576 264 1
576 326 1
576 536 1
576 1747 1
577 150 1
577 651 1
577 932 1
578 891 1
578 1113 1
580 204 1
581 956 1
581 1632 1
582 1418 1
583 422 1
584 1421 1
584 1955 1
585 268 1
585 720 1
585 1115 1
585 1285 1
585 1646 1
585 1895 1
586 293 1
586 463 1
586 999 1
586 1158 1
586 1253 1
586 1459 1
586 1522 1
586 1598 1
586 1807 1
586 1840 1
587 140 1
587 219 1
587 378 1
587 398 1
587 537 1
587 648 1
587 764 1
587 954 1
587 957 1
587 1246 1
587 1616 1
587 1836 1
587 1970 1
588 78 1
588 1118 1
588 1434 1
588 1517 1
588 1559 1
589 138 1
589 277 1
589 428 1
589 442 1
589 545 1
589 914 1
589 942 1
589 1453 1
589 1947 1
590 164 1
590 191 1
590 335 1
590 1051 1
590 1586 1
590 1628 1
590 1887 1
591 158 1
591 1208 1
591 1286 1
592 733 1
592 1546 1
593 652 1
593 1063 1
593 1864 1
593 1937 1
594 347 1
595 1179 1
596 585 1
599 1953 1
600 215 1
600 922 1
600 943 1
600 1165 1
600 1291 1
600 1300 1
601 362 1
601 583 1
601 639 1
601 645 1
601 1155 1
601 1746 1
602 122 1
602 346 1
602 496 1
602 660 1
602 808 1
602 874 1
602 1344 1
602 1857 1
602 1933 1
602 1996 1
603 175 1
603 254 1
603 491 1
603 835 1
603 945 1
603 997 1
603 998 1
603 1043 1
603 1513 1
603 1528 1
603 1541 1
603 1667 1
603 1680 1
603 1834 1
603 1838 1
603 1876 1
603 2000 1
604 105 1
604 325 1
604 348 1
604 389 1
604 414 1
604 617 1
604 765 1
604 821 1
604 918 1
604 1078 1
604 1258 1
604 1397 1
604 1433 1
604 1527 1
604 1593 1
604 1637 1
604 1663 1
605 340 1
605 612 1
605 783 1
605 796 1
605 906 1
605 965 1
605 1034 1
605 1191 1
605 1299 1
605 1370 1
605 1452 1
605 1553 1
605 1563 1
605 1564 1
605 1641 1
605 1688 1
605 1805 1
605 1869 1
606 62 1
606 114 1
606 141 1
606 209 1
606 485 1
606 701 1
606 810 1
606 890 1
606 983 1
606 1136 1
606 1250 1
606 1524 1
606 1711 1
606 1794 1
606 1812 1
607 446 1
607 598 1
607 692 1
607 1177 1
607 1770 1
608 184 1
608 287 1
608 707 1
608 1004 1
608 1806 1
609 408 1
609 2006 1
610 272 1
610 892 1
611 304 1
612 1284 1
613 410 1
615 296 1
615 1910 1
616 1104 1
616 1322 1
617 637 1
617 728 1
617 1003 1
618 229 1
618 261 1
618 616 1
618 667 1
618 748 1
618 791 1
618 894 1
618 1135 1
618 1831 1
618 1879 1
618 1941 1
618 1995 1
619 81 1
619 128 1
619 292 1
619 367 1
619 571 1
619 627 1
619 829 1
619 1270 1
619 1331 1
619 1932 1
620 145 1
620 449 1
620 654 1
620 662 1
620 883 1
620 909 1
620 934 1
620 961 1
620 1039 1
620 1049 1
620 1417 1
620 1429 1
620 1568 1
620 1575 1
620 1691 1
620 1765 1
620 1871 1
620 1974 1
620 1989 1
620 2034 1
621 123 1
621 319 1
621 454 1
621 471 1
621 511 1
621 1001 1
621 1019 1
621 1308 1
621 2024 1
621 2036 1
622 14 1
622 674 1
622 738 1
622 1582 1
622 1595 1
622 1873 1
622 1931 1
622 2035 1
623 696 1
623 1168 1
623 1239 1
624 440 1
624 885 1
624 948 1
624 978 1
624 1720 1
625 603 1
625 746 1
625 1185 1
625 1413 1
625 1508 1
625 1530 1
625 1612 1
626 92 1
626 96 1
627 353 1
628 787 1
629 878 1
629 1596 1
630 790 1
630 795 1
631 734 1
631 1385 1
631 1511 1
632 121 1
632 1092 1
632 1904 1
633 170 1
633 476 1
633 653 1
633 1469 1
634 238 1
634 388 1
634 533 1
634 1209 1
634 1603 1
634 1957 1
635 125 1
635 222 1
635 588 1
635 641 1
635 1088 1
635 1122 1
635 1194 1
635 1238 1
635 1283 1
635 1438 1
635 1751 1
635 1795 1
636 198 1
636 573 1
636 717 1
636 872 1
636 984 1
636 1505 1
636 1649 1
636 1732 1
637 91 1
637 431 1
637 438 1
637 562 1
637 614 1
637 691 1
637 962 1
637 1316 1
637 1473 1
637 1542 1
637 1783 1
637 1983 1
637 1998 1
638 71 1
638 153 1
638 1106 1
638 1440 1
638 1733 1
638 1745 1
638 1960 1
638 1975 1
639 395 1
639 473 1
639 767 1
639 1697 1
640 411 1
640 1236 1
640 1567 1
640 1712 1
641 866 1
642 1261 1
643 294 1
643 758 1
643 979 1
643 1384 1
644 1930 1
645 299 1
646 665 1
648 1776 1
649 499 1
649 656 1
649 820 1
649 1035 1
649 1405 1
649 1565 1
650 53 1
650 136 1
650 671 1
650 1131 1
650 1326 1
650 1391 1
650 1980 1
651 46 1
651 60 1
651 68 1
651 279 1
651 522 1
651 868 1
651 936 1
651 1012 1
651 1084 1
651 1220 1
651 1396 1
651 1502 1
651 1535 1
651 1717 1
652 74 1
652 320 1
652 391 1
652 780 1
652 993 1
652 1070 1
652 1093 1
652 1210 1
652 1287 1
652 1583 1
652 1602 1
652 1743 1
652 1875 1
652 1984 1
653 50 1
653 77 1
653 117 1
653 453 1
653 702 1
653 760 1
653 815 1
653 1082 1
653 1403 1
653 1449 1
653 1477 1
654 75 1
654 736 1
654 739 1
654 1214 1
654 1314 1
654 1315 1
654 1387 1
654 1719 1
654 1785 1
655 51 1
655 54 1
655 95 1
655 289 1
655 355 1
655 539 1
655 919 1
655 1170 1
655 1465 1
655 1571 1
655 1860 1
655 1888 1
656 82 1
656 216 1
656 432 1
656 1643 1
656 1703 1
657 81 1
657 606 1
657 1278 1
657 1969 1
658 48 1
658 547 1
659 597 1
662 54 1
662 76 1
663 45 1
663 79 1
664 44 1
664 58 1
664 726 1
664 1087 1
664 1604 1
665 341 1
665 608 1
665 1026 1
665 1055 1
665 1920 1
666 43 1
666 56 1
666 75 1
666 79 1
666 321 1
666 457 1
666 1237 1
666 1909 1
667 99 1
667 520 1
667 1225 1
668 625 1
668 676 1
668 926 1
668 946 1
668 995 1
668 1124 1
668 1137 1
668 1484 1
668 1714 1
668 1918 1
669 270 1
669 1263 1
669 1480 1
669 1676 1
669 1944 1
669 2040 1
670 390 1
670 530 1
670 548 1
670 658 1
670 1243 1
670 1585 1
670 1626 1
670 1898 1
670 2022 1
671 71 1
671 1702 1
672 63 1
672 72 1
672 377 1
672 576 1
672 1100 1
672 1470 1
672 1529 1
673 74 1
673 172 1
673 359 1
673 1816 1
673 1964 1
674 69 1
674 75 1
674 1534 1
675 45 1
675 50 1
675 958 1
675 1615 1
675 1701 1
676 44 1
676 331 1
676 636 1
676 807 1
676 1311 1
677 480 1
679 57 1
679 74 1
679 843 1
680 71 1
680 770 1
680 1929 1
681 53 1
681 1150 1
682 66 1
683 55 1
684 416 1
684 1148 1
684 1519 1
685 82 1
685 834 1
685 1254 1
685 1835 1
685 1897 1
686 48 1
686 58 1
686 78 1
686 455 1
686 1141 1
687 75 1
687 329 1
687 1016 1
687 1547 1
688 72 1
688 81 1
688 300 1
688 437 1
688 680 1
688 1439 1
688 1780 1
689 81 1
689 107 1
689 221 1
689 487 1
689 1047 1
689 1659 1
689 2043 1
690 57 1
690 394 1
690 407 1
690 493 1
690 852 1
690 897 1
690 935 1
690 1338 1
690 1533 1
691 211 1
692 62 1
692 81 1
692 258 1
692 481 1
692 647 1
692 1561 1
693 64 1
693 72 1
693 135 1
693 1199 1
693 1245 1
694 1219 1
695 76 1
695 916 1
695 1948 1
696 53 1
699 706 1
701 42 1
701 231 1
701 859 1
701 1570 1
701 1872 1
702 58 1
703 49 1
703 161 1
703 174 1
703 196 1
703 459 1
703 789 1
703 876 1
703 881 1
703 1461 1
704 381 1
704 712 1
704 811 1
704 938 1
704 1230 1
704 1381 1
704 1526 1
704 1881 1
704 1942 1
705 59 1
705 330 1
705 358 1
705 369 1
705 532 1
705 923 1
705 953 1
705 1437 1
705 1856 1
705 1959 1
706 50 1
706 79 1
706 113 1
706 243 1
706 295 1
706 462 1
706 510 1
706 590 1
706 596 1
706 727 1
706 1295 1
706 1515 1
707 67 1
707 69 1
707 753 1
707 875 1
707 1024 1
707 1636 1
708 535 1
708 802 1
708 929 1
708 1164 1
708 1608 1
708 1660 1
708 1890 1
709 57 1
709 78 1
709 111 1
709 214 1
709 468 1
709 1020 1
709 1277 1
709 1802 1
710 990 1
710 1056 1
711 53 1
712 43 1
712 62 1
712 65 1
714 59 1
715 56 1
718 46 1
718 192 1
718 1052 1
718 1769 1
719 42 1
719 57 1
719 240 1
719 1294 1
719 1353 1
720 58 1
720 77 1
720 578 1
720 964 1
720 1000 1
720 1218 1
720 1345 1
721 48 1
721 61 1
721 70 1
721 312 1
721 357 1
721 366 1
721 661 1
721 809 1
721 967 1
721 1128 1
721 1324 1
721 1466 1
721 1507 1
721 1614 1
721 1651 1
722 193 1
722 233 1
722 426 1
722 433 1
722 489 1
722 575 1
722 618 1
722 1398 1
722 1855 1
723 77 1
723 328 1
723 761 1
723 1201 1
723 1275 1
723 1359 1
723 1447 1
723 1789 1
723 1863 1
724 134 1
724 512 1
724 959 1
724 1139 1
724 1978 1
725 47 1
725 74 1
725 181 1
725 509 1
725 838 1
725 1037 1
725 1144 1
726 463 1
726 528 1
726 910 1
726 1307 1
726 1845 1
726 1982 1
727 472 1
728 73 1
729 58 1
729 78 1
729 212 1
729 1333 1
730 69 1
730 81 1
731 66 1
731 73 1
731 1045 1
732 50 1
732 60 1
732 1176 1
733 72 1
733 74 1
733 1334 1
733 1400 1
734 44 1
735 745 1
735 1579 1
736 73 1
736 85 1
736 724 1
736 788 1
736 1033 1
736 1309 1
737 63 1
737 1257 1
737 1362 1
737 1444 1
737 1894 1
737 1903 1
737 1946 1
737 1994 1
738 63 1
738 830 1
738 1007 1
738 1027 1
738 1111 1
738 1319 1
738 1383 1
738 1572 1
738 1820 1
738 2032 1
739 749 1
739 1235 1
740 54 1
740 112 1
740 1009 1
740 1407 1
741 235 1
741 1231 1
741 1706 1
742 45 1
742 51 1
742 972 1
742 1030 1
742 1560 1
743 70 1
743 77 1
743 1174 1
744 1940 1
745 52 1
745 420 1
745 1512 1
745 1774 1
746 56 1
746 57 1
746 460 1
748 43 1
748 82 1
748 307 1
748 1509 1
748 1576 1
749 63 1
749 832 1
749 1395 1
750 51 1
750 56 1
750 266 1
750 482 1
750 570 1
750 1355 1
750 2048 0
