1 13 1
1 31 1
2 30 1
4 15 1
4 18 1
4 38 1
7 472 1
7 1068 1
8 11 1
8 26 1
8 271 1
8 362 1
9 35 1
9 127 1
9 1609 1
9 1660 1
9 1873 1
10 27 1
10 987 1
10 1577 1
11 33 1
11 1220 1
11 1409 1
11 1494 1
12 16 1
12 22 1
12 36 1
12 1305 1
12 1747 1
13 130 1
13 1073 1
14 1 1
14 22 1
14 35 1
14 629 1
14 677 1
14 935 1
15 32 1
15 903 1
15 1519 1
17 6 1
17 37 1
17 1064 1
17 1813 1
17 2006 1
18 2 1
18 28 1
18 230 1
19 23 1
19 39 1
19 459 1
19 1766 1
20 30 1
20 928 1
21 76 1
21 405 1
21 829 1
21 1476 1
22 3 1
22 8 1
22 24 1
22 615 1
22 811 1
22 1413 1
22 1515 1
23 34 1
23 330 1
23 519 1
23 1415 1
23 2004 1
23 2030 1
24 15 1
24 16 1
24 226 1
24 587 1
24 1098 1
24 1605 1
24 1664 1
24 1683 1
25 261 1
25 659 1
25 766 1
25 980 1
25 1347 1
25 1418 1
25 1874 1
26 847 1
26 1645 1
26 1697 1
26 1720 1
27 9 1
27 10 1
27 13 1
27 147 1
27 321 1
27 697 1
27 1076 1
27 1130 1
27 1366 1
28 161 1
28 1217 1
28 1249 1
28 1270 1
28 1445 1
28 1473 1
29 3 1
29 74 1
29 98 1
29 186 1
29 453 1
29 466 1
29 787 1
29 996 1
29 1112 1
29 1118 1
29 1680 1
30 30 1
30 1435 1
30 1829 1
30 1910 1
31 21 1
31 526 1
31 643 1
31 889 1
31 1110 1
31 2029 1
32 24 1
32 32 1
32 1024 1
32 1123 1
32 1349 1
32 1475 1
32 1958 1
33 16 1
33 1593 1
34 41 1
35 9 1
35 22 1
35 36 1
35 1025 1
35 1062 1
36 2 1
36 124 1
36 239 1
36 762 1
37 23 1
37 390 1
37 1638 1
38 1133 1
38 1467 1
39 66 1
39 107 1
39 462 1
39 528 1
39 680 1
39 715 1
39 859 1
39 1097 1
39 1203 1
39 1558 1
39 1737 1
40 2 1
40 302 1
40 345 1
40 875 1
40 1147 1
40 1531 1
41 172 1
41 590 1
41 853 1
41 1116 1
41 1310 1
41 1330 1
41 1389 1
41 1400 1
41 1434 1
41 1651 1
41 1886 1
41 2027 1
41 2031 1
42 18 1
42 319 1
42 414 1
42 1464 1
42 1666 1
42 1816 1
42 2025 1
43 27 1
43 34 1
43 102 1
43 104 1
43 111 1
43 175 1
43 306 1
43 463 1
43 781 1
43 924 1
43 1022 1
43 1039 1
43 1121 1
43 1184 1
43 1194 1
43 1237 1
43 1442 1
43 1507 1
44 41 1
44 60 1
44 417 1
44 448 1
44 523 1
44 673 1
44 845 1
44 943 1
44 1029 1
44 1056 1
44 1231 1
44 1441 1
44 1469 1
44 1500 1
44 1528 1
44 1699 1
44 1850 1
44 1854 1
44 1878 1
44 1981 1
44 2012 1
45 2 1
45 5 1
45 17 1
45 135 1
45 464 1
45 905 1
45 1014 1
45 1157 1
45 1300 1
45 1302 1
45 1588 1
45 1628 1
46 16 1
46 168 1
46 467 1
46 607 1
46 667 1
46 1015 1
46 1232 1
46 1245 1
46 1674 1
47 7 1
47 21 1
47 152 1
47 478 1
47 1283 1
47 1354 1
47 1521 1
47 1623 1
47 1758 1
47 1843 1
47 1963 1
47 1993 1
48 106 1
48 498 1
49 6 1
49 15 1
49 118 1
49 578 1
49 763 1
49 1081 1
49 1115 1
50 1 1
50 1928 1
50 1951 1
51 744 1
51 1640 1
51 2018 1
51 2039 1
52 22 1
52 41 1
52 258 1
52 1402 1
53 569 1
53 1079 1
53 1859 1
54 35 1
54 40 1
54 137 1
54 858 1
54 1592 1
54 1938 1
55 32 1
55 209 1
55 461 1
55 788 1
55 1317 1
55 1321 1
55 1392 1
55 1561 1
55 1881 1
56 251 1
56 639 1
56 913 1
56 1058 1
56 1173 1
56 1390 1
56 1801 1
57 31 1
57 37 1
57 96 1
57 435 1
57 885 1
57 999 1
57 1277 1
57 1288 1
57 1373 1
57 1492 1
57 1501 1
57 1533 1
57 1595 1
57 1764 1
57 1921 1
58 19 1
58 336 1
58 477 1
58 481 1
58 541 1
58 674 1
58 951 1
58 971 1
58 1522 1
58 1529 1
58 1550 1
58 1635 1
58 1865 1
58 1894 1
58 1998 1
59 149 1
59 249 1
59 723 1
59 1020 1
59 1171 1
59 1226 1
59 1272 1
59 1323 1
59 1325 1
59 1490 1
59 1997 1
60 21 1
60 49 1
60 83 1
60 309 1
60 342 1
60 404 1
60 691 1
60 972 1
60 1092 1
60 1336 1
60 1778 1
60 1810 1
60 1900 1
60 2014 1
61 204 1
61 605 1
61 803 1
61 1059 1
61 1227 1
61 1420 1
61 1474 1
61 1518 1
61 1559 1
61 1741 1
61 1980 1
61 2026 1
62 42 1
62 158 1
62 164 1
62 213 1
62 328 1
62 1150 1
62 1164 1
62 1739 1
62 1804 1
63 219 1
63 329 1
63 538 1
63 604 1
63 1175 1
63 1514 1
63 1723 1
63 1837 1
63 1867 1
64 16 1
64 482 1
64 1517 1
65 22 1
65 243 1
65 475 1
65 632 1
65 709 1
65 1204 1
65 1905 1
66 964 1
66 1139 1
66 1412 1
66 1471 1
66 1692 1
66 1721 1
66 1770 1
67 26 1
67 898 1
67 1600 1
67 1846 1
68 34 1
68 72 1
68 613 1
68 1571 1
68 1682 1
69 9 1
69 424 1
69 447 1
69 1551 1
70 1 1
70 82 1
70 681 1
70 711 1
70 946 1
70 1011 1
70 1885 1
71 187 1
71 579 1
71 599 1
71 644 1
71 656 1
71 909 1
71 1562 1
71 1833 1
71 1955 1
72 4 1
72 21 1
72 28 1
72 41 1
72 180 1
72 649 1
72 688 1
72 984 1
72 1565 1
72 1621 1
73 70 1
73 488 1
73 782 1
73 872 1
73 890 1
73 1363 1
73 1449 1
73 1453 1
73 1598 1
73 1792 1
73 1796 1
73 1877 1
73 1926 1
74 12 1
74 84 1
74 305 1
74 413 1
74 432 1
74 471 1
74 812 1
74 944 1
74 1093 1
74 1443 1
74 1486 1
74 1569 1
74 1578 1
74 1688 1
74 1755 1
74 1826 1
74 1903 1
74 1909 1
75 163 1
75 314 1
75 355 1
75 502 1
75 580 1
75 651 1
75 806 1
75 1016 1
75 1035 1
75 1187 1
75 1496 1
75 1564 1
75 1574 1
75 1616 1
75 1637 1
75 1773 1
75 1817 1
75 1869 1
75 1971 1
76 3 1
76 11 1
76 20 1
76 37 1
76 119 1
76 128 1
76 191 1
76 278 1
76 312 1
76 513 1
76 566 1
76 617 1
76 663 1
76 754 1
76 785 1
76 809 1
76 834 1
76 940 1
76 967 1
76 1021 1
76 1154 1
76 1235 1
76 1262 1
76 1491 1
76 1557 1
76 1736 1
76 1832 1
76 1851 1
76 1943 1
76 1953 1
77 174 1
77 199 1
77 275 1
77 573 1
77 609 1
77 720 1
77 797 1
77 936 1
77 1091 1
77 1120 1
77 1129 1
77 1144 1
77 1183 1
77 1244 1
77 1439 1
77 1627 1
77 1740 1
77 1818 1
78 10 1
78 29 1
78 183 1
78 421 1
78 483 1
78 512 1
78 570 1
78 749 1
78 800 1
78 1296 1
78 1361 1
78 1757 1
78 1855 1
78 1856 1
78 1933 1
79 41 1
79 682 1
79 757 1
79 767 1
79 912 1
79 1308 1
79 1671 1
79 1822 1
80 7 1
80 126 1
80 295 1
80 602 1
80 780 1
80 948 1
80 1053 1
80 1215 1
80 1437 1
80 1457 1
81 6 1
81 28 1
81 36 1
81 252 1
81 337 1
81 494 1
81 533 1
81 952 1
81 1213 1
81 1290 1
81 1715 1
82 109 1
82 1049 1
83 78 1
83 423 1
83 664 1
83 804 1
83 1223 1
84 22 1
84 547 1
84 714 1
84 1753 1
85 9 1
85 327 1
85 702 1
85 1132 1
85 1789 1
86 35 1
86 469 1
86 805 1
86 1234 1
86 1320 1
86 1730 1
87 10 1
87 618 1
87 627 1
87 910 1
87 1447 1
88 11 1
88 39 1
88 393 1
88 470 1
88 894 1
88 1411 1
88 1498 1
88 1502 1
89 5 1
89 12 1
89 21 1
89 39 1
89 41 1
89 231 1
89 356 1
89 425 1
89 505 1
89 581 1
89 698 1
89 750 1
89 765 1
89 957 1
89 959 1
89 977 1
89 1131 1
89 1299 1
89 1652 1
89 1706 1
89 1784 1
89 1798 1
89 1876 1
89 1912 1
89 1952 1
89 1979 1
90 7 1
90 37 1
90 39 1
90 154 1
90 206 1
90 232 1
90 537 1
90 545 1
90 551 1
90 600 1
90 695 1
90 701 1
90 775 1
90 817 1
90 855 1
90 925 1
90 1040 1
90 1077 1
90 1101 1
90 1104 1
90 1222 1
90 1253 1
90 1406 1
90 1427 1
90 1440 1
90 1772 1
90 1828 1
91 14 1
91 87 1
91 173 1
91 265 1
91 298 1
91 375 1
91 473 1
91 559 1
91 591 1
91 594 1
91 668 1
91 795 1
91 962 1
91 1036 1
91 1052 1
91 1100 1
91 1252 1
91 1311 1
91 1344 1
91 1350 1
91 1407 1
91 1678 1
91 1703 1
91 1756 1
91 1763 1
91 1782 1
91 1783 1
91 1812 1
91 1839 1
91 1842 1
91 1996 1
91 2045 1
92 99 1
92 192 1
92 291 1
92 301 1
92 308 1
92 386 1
92 401 1
92 534 1
92 620 1
92 850 1
92 988 1
92 1028 1
92 1212 1
92 1233 1
92 1497 1
92 1728 1
92 1733 1
92 1805 1
92 1831 1
92 1884 1
92 1987 1
92 2022 1
93 170 1
93 240 1
93 274 1
93 338 1
93 391 1
93 394 1
93 454 1
93 525 1
93 621 1
93 722 1
93 730 1
93 1080 1
93 1084 1
93 1137 1
93 1143 1
93 1315 1
93 1371 1
93 1393 1
93 1436 1
93 1573 1
93 1601 1
93 1760 1
93 1779 1
93 1857 1
93 1872 1
93 1942 1
93 1945 1
93 2037 1
94 55 1
94 92 1
94 153 1
94 195 1
94 247 1
94 289 1
94 315 1
94 341 1
94 428 1
94 645 1
94 756 1
94 779 1
94 839 1
94 848 1
94 966 1
94 981 1
94 1099 1
94 1360 1
94 1484 1
94 1572 1
94 1622 1
94 1785 1
94 1800 1
94 1809 1
94 1827 1
95 101 1
95 132 1
95 182 1
95 205 1
95 313 1
95 339 1
95 601 1
95 739 1
95 761 1
95 879 1
95 933 1
95 941 1
95 1038 1
95 1070 1
95 1074 1
95 1188 1
95 1388 1
95 1452 1
95 1653 1
95 1890 1
95 1916 1
96 264 1
96 288 1
96 384 1
96 392 1
96 487 1
96 919 1
96 1007 1
96 1031 1
96 1205 1
96 1314 1
96 1530 1
96 1553 1
96 2010 1
97 159 1
97 1094 1
97 1209 1
97 1292 1
97 1560 1
97 2028 1
98 9 1
98 32 1
98 509 1
98 725 1
98 1280 1
98 1523 1
99 983 1
99 1055 1
99 1236 1
99 1343 1
100 1718 1
100 1722 1
100 2016 1
101 3 1
101 1061 1
101 1200 1
101 1372 1
101 1821 1
101 1895 1
102 8 1
102 28 1
102 36 1
102 61 1
102 105 1
102 156 1
102 881 1
102 979 1
102 1422 1
103 38 1
103 815 1
103 1788 1
104 16 1
104 530 1
104 773 1
104 813 1
104 837 1
104 1613 1
104 1648 1
104 2021 1
105 14 1
105 120 1
105 198 1
105 254 1
105 367 1
105 418 1
105 598 1
105 650 1
105 734 1
105 884 1
105 986 1
105 1060 1
105 1161 1
105 1367 1
106 81 1
106 141 1
106 184 1
106 203 1
106 208 1
106 279 1
106 344 1
106 349 1
106 361 1
106 368 1
106 383 1
106 442 1
106 468 1
106 492 1
106 582 1
106 743 1
106 747 1
106 794 1
106 874 1
106 880 1
106 1148 1
106 1152 1
106 1318 1
106 1461 1
106 1540 1
106 1724 1
106 1844 1
106 1853 1
106 1858 1
106 1882 1
106 1927 1
106 1936 1
107 20 1
107 40 1
107 142 1
107 189 1
107 300 1
107 303 1
107 343 1
107 374 1
107 480 1
107 561 1
107 625 1
107 631 1
107 684 1
107 729 1
107 755 1
107 774 1
107 819 1
107 900 1
107 902 1
107 1185 1
107 1224 1
107 1282 1
107 1488 1
107 1543 1
107 1546 1
107 1586 1
107 1599 1
107 1708 1
107 1799 1
107 1802 1
107 1807 1
107 1847 1
107 1920 1
107 1937 1
107 1948 1
107 1961 1
107 2048 1
108 114 1
108 125 1
108 157 1
108 200 1
108 389 1
108 456 1
108 515 1
108 548 1
108 567 1
108 575 1
108 577 1
108 623 1
108 676 1
108 733 1
108 748 1
108 867 1
108 982 1
108 1045 1
108 1078 1
108 1202 1
108 1225 1
108 1229 1
108 1264 1
108 1265 1
108 1268 1
108 1276 1
108 1524 1
108 1532 1
108 1632 1
108 1634 1
108 1694 1
108 1712 1
108 1716 1
108 1754 1
108 1759 1
108 1771 1
108 1904 1
109 56 1
109 65 1
109 297 1
109 352 1
109 379 1
109 411 1
109 426 1
109 445 1
109 522 1
109 544 1
109 589 1
109 610 1
109 696 1
109 742 1
109 842 1
109 893 1
109 907 1
109 914 1
109 934 1
109 968 1
109 990 1
109 998 1
109 1030 1
109 1089 1
109 1135 1
109 1136 1
109 1198 1
109 1271 1
109 1274 1
109 1316 1
109 1319 1
109 1326 1
109 1358 1
109 1456 1
109 1478 1
109 1483 1
109 1535 1
109 1584 1
109 1589 1
109 1751 1
109 1808 1
109 1814 1
109 1929 1
109 1949 1
109 1977 1
109 1992 1
110 24 1
110 28 1
110 75 1
110 88 1
110 131 1
110 225 1
110 269 1
110 272 1
110 285 1
110 332 1
110 504 1
110 517 1
110 630 1
110 721 1
110 818 1
110 945 1
110 1010 1
110 1013 1
110 1047 1
110 1128 1
110 1214 1
110 1287 1
110 1309 1
110 1334 1
110 1341 1
110 1396 1
110 1426 1
110 1438 1
110 1633 1
110 1896 1
110 1947 1
110 1974 1
111 24 1
111 50 1
111 148 1
111 150 1
111 197 1
111 290 1
111 292 1
111 371 1
111 385 1
111 399 1
111 427 1
111 816 1
111 866 1
111 939 1
111 1027 1
111 1063 1
111 1087 1
111 1127 1
111 1285 1
111 1579 1
111 1667 1
111 1689 1
111 1707 1
111 1761 1
111 1795 1
111 1841 1
111 1868 1
111 1913 1
111 1983 1
112 5 1
112 20 1
112 22 1
112 24 1
112 37 1
112 100 1
112 294 1
112 403 1
112 474 1
112 506 1
112 518 1
112 700 1
112 832 1
112 870 1
112 1043 1
112 1357 1
112 1462 1
112 1509 1
112 1538 1
112 1539 1
112 1563 1
112 1655 1
112 1696 1
112 1964 1
112 2043 1
113 7 1
113 8 1
113 177 1
113 317 1
113 381 1
113 1190 1
113 1672 1
113 1762 1
113 1985 1
114 97 1
114 358 1
114 703 1
114 704 1
114 1026 1
114 1425 1
114 1432 1
114 1714 1
114 1815 1
114 1824 1
115 6 1
115 369 1
115 769 1
115 1005 1
115 1228 1
115 1404 1
115 1603 1
116 287 1
116 571 1
116 868 1
116 930 1
116 1158 1
116 1193 1
116 1687 1
117 40 1
117 263 1
117 670 1
117 759 1
117 843 1
117 978 1
117 1072 1
117 1679 1
117 1899 1
118 18 1
118 46 1
118 1186 1
119 20 1
119 347 1
119 563 1
119 786 1
119 1105 1
119 1291 1
120 5 1
120 16 1
120 25 1
120 53 1
120 134 1
120 207 1
120 592 1
120 892 1
120 1765 1
120 1820 1
121 85 1
121 257 1
121 657 1
121 689 1
121 790 1
121 1162 1
122 45 1
122 47 1
122 116 1
122 166 1
122 238 1
122 495 1
122 499 1
122 527 1
122 926 1
122 1269 1
122 1335 1
122 1582 1
122 1704 1
122 1976 1
122 2024 1
123 1 1
123 27 1
123 108 1
123 136 1
123 143 1
123 146 1
123 165 1
123 176 1
123 284 1
123 493 1
123 550 1
123 619 1
123 727 1
123 736 1
123 737 1
123 810 1
123 851 1
123 860 1
123 871 1
123 1141 1
123 1163 1
123 1410 1
123 1424 1
123 1433 1
123 1463 1
123 1505 1
123 1534 1
123 1548 1
123 1619 1
123 1665 1
123 1690 1
123 1710 1
123 1711 1
123 1717 1
123 1775 1
123 1870 1
123 1923 1
123 1925 1
123 1970 1
123 2046 1
124 169 1
124 220 1
124 253 1
124 316 1
124 340 1
124 407 1
124 479 1
124 535 1
124 546 1
124 606 1
124 616 1
124 908 1
124 970 1
124 997 1
124 1034 1
124 1108 1
124 1170 1
124 1172 1
124 1197 1
124 1206 1
124 1257 1
124 1297 1
124 1306 1
124 1348 1
124 1364 1
124 1368 1
124 1384 1
124 1385 1
124 1429 1
124 1506 1
124 1693 1
124 1695 1
124 1743 1
124 1746 1
124 1861 1
124 1866 1
124 1871 1
124 1889 1
124 1907 1
124 1919 1
124 1924 1
124 1978 1
124 2020 1
125 38 1
125 80 1
125 86 1
125 89 1
125 103 1
125 133 1
125 188 1
125 241 1
125 282 1
125 320 1
125 348 1
125 365 1
125 398 1
125 408 1
125 460 1
125 484 1
125 542 1
125 555 1
125 647 1
125 665 1
125 692 1
125 876 1
125 1054 1
125 1069 1
125 1181 1
125 1243 1
125 1289 1
125 1312 1
125 1324 1
125 1362 1
125 1398 1
125 1416 1
125 1431 1
125 1499 1
125 1608 1
125 1656 1
125 2019 1
125 2023 1
125 2047 1
126 35 1
126 62 1
126 196 1
126 222 1
126 293 1
126 359 1
126 412 1
126 415 1
126 443 1
126 449 1
126 521 1
126 562 1
126 648 1
126 662 1
126 808 1
126 887 1
126 923 1
126 955 1
126 1140 1
126 1246 1
126 1313 1
126 1386 1
126 1391 1
126 1513 1
126 1526 1
126 1583 1
126 1624 1
126 1630 1
126 1791 1
126 1838 1
126 1986 1
126 2007 1
127 79 1
127 181 1
127 237 1
127 366 1
127 378 1
127 422 1
127 486 1
127 503 1
127 514 1
127 557 1
127 574 1
127 585 1
127 671 1
127 699 1
127 731 1
127 783 1
127 965 1
127 995 1
127 1103 1
127 1146 1
127 1590 1
127 1618 1
127 1668 1
127 1726 1
127 1729 1
127 1750 1
127 1823 1
127 1835 1
127 1875 1
128 4 1
128 5 1
128 15 1
128 77 1
128 91 1
128 218 1
128 304 1
128 531 1
128 638 1
128 660 1
128 717 1
128 807 1
128 852 1
128 857 1
128 917 1
128 1033 1
128 1065 1
128 1258 1
128 1267 1
128 1631 1
128 1888 1
128 1934 1
129 1 1
129 4 1
129 24 1
129 51 1
129 67 1
129 145 1
129 236 1
129 276 1
129 434 1
129 455 1
129 690 1
129 753 1
129 758 1
129 784 1
129 796 1
129 1067 1
129 1174 1
129 1196 1
129 1254 1
129 1286 1
129 1395 1
129 1481 1
129 1768 1
129 1879 1
129 2013 1
130 68 1
130 95 1
130 216 1
130 217 1
130 712 1
130 836 1
130 854 1
130 961 1
130 963 1
130 1018 1
130 1191 1
130 1266 1
130 1376 1
130 1510 1
130 1615 1
130 1742 1
130 1787 1
130 1954 1
131 27 1
131 210 1
131 396 1
131 764 1
131 947 1
131 1248 1
131 1988 1
131 1990 1
132 652 1
132 705 1
132 950 1
132 1555 1
132 1654 1
132 1662 1
132 1749 1
132 1957 1
133 71 1
133 372 1
133 510 1
133 683 1
133 1458 1
133 1489 1
133 1932 1
134 19 1
134 637 1
134 861 1
134 1002 1
134 1581 1
135 801 1
135 1142 1
135 1329 1
135 1369 1
136 26 1
136 36 1
136 94 1
136 311 1
136 335 1
136 603 1
136 728 1
136 1677 1
137 37 1
137 39 1
137 376 1
137 409 1
137 1911 1
138 13 1
138 262 1
138 485 1
138 568 1
138 572 1
138 679 1
138 927 1
138 1151 1
138 1284 1
138 1382 1
138 1626 1
138 1719 1
138 1845 1
138 1849 1
138 2038 1
139 8 1
139 28 1
139 402 1
139 419 1
139 439 1
139 507 1
139 543 1
139 584 1
139 611 1
139 654 1
139 718 1
139 1210 1
139 1333 1
139 1544 1
139 1725 1
139 1793 1
139 1880 1
139 1901 1
139 1931 1
139 1950 1
139 1982 1
139 1994 1
139 2002 1
140 14 1
140 160 1
140 255 1
140 267 1
140 558 1
140 622 1
140 646 1
140 686 1
140 798 1
140 849 1
140 1090 1
140 1345 1
140 1355 1
140 1455 1
140 1466 1
140 1527 1
140 1554 1
140 1566 1
140 1567 1
140 1684 1
140 1860 1
140 1892 1
140 2000 1
140 2033 1
141 30 1
141 58 1
141 113 1
141 167 1
141 233 1
141 260 1
141 268 1
141 283 1
141 357 1
141 373 1
141 400 1
141 446 1
141 476 1
141 576 1
141 608 1
141 636 1
141 713 1
141 824 1
141 989 1
141 1085 1
141 1095 1
141 1117 1
141 1134 1
141 1168 1
141 1218 1
141 1230 1
141 1294 1
141 1370 1
141 1374 1
141 1454 1
141 1465 1
141 1495 1
141 1503 1
141 1511 1
141 1541 1
141 1597 1
141 1675 1
141 1918 1
141 1930 1
141 1995 1
141 2035 1
142 122 1
142 234 1
142 246 1
142 286 1
142 360 1
142 370 1
142 420 1
142 440 1
142 655 1
142 672 1
142 719 1
142 778 1
142 822 1
142 823 1
142 846 1
142 878 1
142 891 1
142 897 1
142 1004 1
142 1023 1
142 1109 1
142 1201 1
142 1242 1
142 1250 1
142 1307 1
142 1547 1
142 1570 1
142 1661 1
142 1732 1
142 1852 1
142 1960 1
143 90 1
143 129 1
143 406 1
143 553 1
143 633 1
143 666 1
143 706 1
143 840 1
143 873 1
143 975 1
143 1000 1
143 1003 1
143 1153 1
143 1169 1
143 1251 1
143 1255 1
143 1256 1
143 1346 1
143 1399 1
143 1421 1
143 1520 1
143 1639 1
143 1649 1
143 1670 1
143 1735 1
143 1830 1
143 1898 1
143 1956 1
143 1973 1
144 59 1
144 123 1
144 140 1
144 223 1
144 250 1
144 552 1
144 640 1
144 752 1
144 844 1
144 974 1
144 1019 1
144 1051 1
144 1082 1
144 1119 1
144 1401 1
144 1516 1
144 1636 1
144 1663 1
144 1681 1
144 1738 1
144 1780 1
144 1891 1
144 1922 1
144 1940 1
144 1946 1
144 2034 1
145 34 1
145 221 1
145 364 1
145 694 1
145 1351 1
145 1417 1
145 1731 1
145 1752 1
145 1781 1
145 1794 1
145 1941 1
145 2001 1
145 2036 1
146 536 1
146 634 1
146 678 1
146 740 1
146 746 1
146 770 1
146 911 1
146 1279 1
146 1504 1
146 1549 1
146 1701 1
146 1744 1
146 1769 1
146 1825 1
147 155 1
147 242 1
147 380 1
147 1086 1
147 1182 1
147 1383 1
147 1448 1
147 1493 1
147 1650 1
147 1774 1
147 1915 1
147 1972 1
148 33 1
148 73 1
148 346 1
148 792 1
148 932 1
148 992 1
148 1166 1
148 1195 1
148 1327 1
148 1556 1
148 1614 1
148 1643 1
148 1836 1
149 10 1
149 17 1
149 138 1
149 954 1
149 1006 1
149 1965 1
150 490 1
150 1159 1
151 162 1
151 726 1
151 993 1
151 1050 1
151 1176 1
151 1734 1
151 1819 1
152 334 1
152 395 1
152 436 1
152 1238 1
152 1460 1
152 1508 1
152 1512 1
152 1840 1
153 554 1
153 991 1
153 1107 1
153 1451 1
153 1479 1
153 1864 1
154 212 1
154 838 1
154 877 1
154 920 1
154 937 1
154 1189 1
155 350 1
155 429 1
155 491 1
155 826 1
155 864 1
155 922 1
155 1041 1
155 1042 1
155 1219 1
155 1293 1
155 1304 1
155 1659 1
155 1727 1
155 1776 1
155 1887 1
155 2044 1
156 48 1
156 112 1
156 450 1
156 511 1
156 539 1
156 583 1
156 595 1
156 635 1
156 661 1
156 772 1
156 802 1
156 958 1
156 1106 1
156 1428 1
156 1477 1
156 1702 1
156 1797 1
156 1935 1
156 1939 1
156 2032 1
156 2042 1
157 54 1
157 326 1
157 353 1
157 387 1
157 410 1
157 433 1
157 497 1
157 693 1
157 821 1
157 862 1
157 896 1
157 956 1
157 969 1
157 1155 1
157 1167 1
157 1180 1
157 1275 1
157 1298 1
157 1303 1
157 1353 1
157 1378 1
157 1472 1
157 1525 1
157 1585 1
157 1606 1
157 1705 1
157 1944 1
157 2011 1
158 43 1
158 44 1
158 57 1
158 151 1
158 235 1
158 259 1
158 281 1
158 310 1
158 388 1
158 500 1
158 520 1
158 586 1
158 710 1
158 776 1
158 888 1
158 918 1
158 931 1
158 942 1
158 960 1
158 1216 1
158 1468 1
158 1485 1
158 1552 1
158 1596 1
158 1698 1
158 1984 1
159 121 1
159 266 1
159 280 1
159 431 1
159 612 1
159 669 1
159 827 1
159 886 1
159 1165 1
159 1342 1
159 1423 1
159 1444 1
159 1480 1
159 1482 1
159 1536 1
159 1537 1
159 1545 1
159 1594 1
159 1612 1
159 1646 1
159 1658 1
159 1700 1
159 1767 1
159 1786 1
159 1848 1
160 69 1
160 248 1
160 457 1
160 641 1
160 735 1
160 768 1
160 830 1
160 985 1
160 1124 1
160 1156 1
160 1247 1
160 1397 1
160 1414 1
160 1542 1
160 1604 1
160 1620 1
160 1806 1
160 1862 1
161 64 1
161 215 1
161 277 1
161 307 1
161 596 1
161 820 1
161 976 1
161 1149 1
161 1377 1
161 1644 1
161 1834 1
161 1893 1
161 1959 1
161 2041 1
162 524 1
162 560 1
162 624 1
162 653 1
162 738 1
162 1301 1
162 2005 1
163 540 1
163 564 1
163 1281 1
164 565 1
164 833 1
164 1470 1
164 1641 1
165 430 1
165 489 1
165 745 1
165 916 1
165 1207 1
165 2017 1
167 593 1
167 1096 1
167 1387 1
167 1580 1
168 438 1
169 229 1
169 324 1
169 771 1
169 921 1
169 1009 1
170 190 1
170 397 1
170 658 1
170 687 1
170 724 1
170 751 1
170 953 1
170 1239 1
170 1381 1
170 1575 1
170 1576 1
171 117 1
171 214 1
171 452 1
171 614 1
171 707 1
171 716 1
171 793 1
171 895 1
171 906 1
171 1008 1
171 1208 1
171 1261 1
171 1611 1
171 1989 1
172 63 1
172 144 1
172 193 1
172 791 1
172 831 1
172 835 1
172 915 1
172 949 1
172 973 1
172 1066 1
172 1088 1
172 1102 1
172 1113 1
172 1263 1
172 1332 1
172 1403 1
172 1405 1
172 1459 1
172 1602 1
172 1713 1
172 1883 1
172 2015 1
172 2040 1
173 130 1
173 194 1
173 318 1
173 441 1
173 458 1
173 465 1
173 556 1
173 597 1
173 685 1
173 901 1
173 1001 1
173 1278 1
173 1610 1
173 1669 1
173 1697 1
173 1813 1
173 2003 1
174 93 1
174 115 1
174 211 1
174 273 1
174 322 1
174 828 1
174 904 1
174 1071 1
174 1075 1
174 1160 1
174 1192 1
174 1199 1
174 1339 1
174 1607 1
174 1629 1
174 1691 1
174 1777 1
175 299 1
175 444 1
175 760 1
175 814 1
175 865 1
175 1145 1
175 1260 1
175 1331 1
175 1379 1
175 1617 1
176 256 1
176 333 1
176 899 1
176 994 1
176 1356 1
176 1365 1
176 1591 1
176 1642 1
177 569 1
177 1179 1
177 1338 1
177 1340 1
177 1685 1
177 1975 1
178 161 1
178 201 1
178 532 1
178 856 1
178 1328 1
178 1430 1
178 1464 1
178 1967 1
179 1450 1
179 1968 1
180 52 1
181 331 1
183 766 1
183 1917 1
184 228 1
184 516 1
184 741 1
184 1126 1
184 1519 1
185 354 1
185 377 1
185 437 1
185 549 1
185 588 1
185 799 1
185 1673 1
185 2004 1
186 501 1
186 777 1
186 889 1
186 1048 1
186 1083 1
186 1118 1
186 1122 1
186 1211 1
186 1221 1
186 1625 1
186 1962 1
186 1991 1
186 2008 1
187 171 1
187 239 1
187 296 1
187 323 1
187 351 1
187 1446 1
187 1803 1
188 178 1
188 179 1
188 202 1
188 1017 1
188 1138 1
188 1249 1
188 1273 1
188 1409 1
188 1657 1
188 1958 1
189 139 1
189 405 1
189 519 1
189 787 1
189 829 1
189 928 1
189 1352 1
189 1359 1
189 1408 1
189 1415 1
189 1873 1
190 119 1
190 451 1
190 472 1
190 708 1
190 789 1
190 929 1
190 1068 1
190 1863 1
190 1908 1
191 1220 1
191 1295 1
191 1487 1
191 1587 1
191 1664 1
191 1900 1
191 1902 1
191 1966 1
192 382 1
192 882 1
192 938 1
192 1850 1
193 104 1
193 675 1
193 762 1
193 1758 1
193 1843 1
193 1897 1
194 466 1
195 1098 1
196 847 1
196 1811 1
197 110 1
197 642 1
197 841 1
197 935 1
197 1801 1
198 111 1
198 224 1
198 1125 1
199 261 1
199 883 1
199 1177 1
200 137 1
200 172 1
200 230 1
200 732 1
200 1032 1
200 1115 1
200 1568 1
200 1745 1
200 1854 1
200 1906 1
201 330 1
201 496 1
201 1037 1
201 1056 1
201 1194 1
201 1375 1
201 1419 1
201 1491 1
201 1647 1
202 76 1
202 175 1
202 271 1
202 362 1
202 390 1
202 508 1
202 626 1
202 1046 1
202 1402 1
202 1413 1
202 1609 1
202 1969 1
202 2025 1
203 74 1
203 204 1
203 226 1
203 325 1
203 464 1
203 744 1
203 863 1
203 1024 1
203 1305 1
203 1981 1
204 251 1
204 345 1
204 462 1
204 467 1
204 781 1
204 859 1
204 885 1
204 903 1
204 951 1
204 1012 1
204 1044 1
204 1064 1
204 1184 1
204 1442 1
204 1494 1
204 1660 1
204 1683 1
204 1739 1
204 1829 1
204 1874 1
205 152 1
205 628 1
205 919 1
205 1111 1
205 1380 1
205 1533 1
205 1605 1
205 1790 1
206 413 1
206 677 1
206 869 1
206 964 1
206 1245 1
206 1322 1
206 1500 1
206 1628 1
207 529 1
207 605 1
207 884 1
207 1737 1
207 1886 1
207 2031 1
208 825 1
208 996 1
208 1373 1
208 1407 1
209 723 1
209 905 1
209 1217 1
209 2014 1
210 1123 1
210 1302 1
210 1453 1
210 1810 1
212 245 1
212 445 1
212 946 1
213 482 1
213 1755 1
214 498 1
214 667 1
214 1035 1
214 1150 1
214 1183 1
214 2006 1
215 102 1
215 147 1
215 1073 1
215 1114 1
215 1130 1
215 1215 1
215 1354 1
215 1474 1
215 1595 1
215 1789 1
215 1881 1
216 270 1
216 834 1
216 858 1
216 1232 1
216 1259 1
216 1270 1
216 1412 1
216 1515 1
216 1638 1
216 1951 1
216 1963 1
217 164 1
217 185 1
217 432 1
217 488 1
217 607 1
217 806 1
217 872 1
217 999 1
217 1062 1
217 1171 1
217 1203 1
217 1226 1
217 1441 1
217 1796 1
217 1953 1
217 2030 1
218 84 1
218 244 1
218 275 1
218 306 1
218 312 1
218 477 1
218 599 1
218 1116 1
218 1147 1
218 1157 1
218 1227 1
218 1237 1
218 1310 1
218 1323 1
218 1366 1
218 1389 1
218 1390 1
218 1418 1
218 1434 1
218 1671 1
218 1720 1
218 1770 1
218 1921 1
219 126 1
219 128 1
219 305 1
219 321 1
219 416 1
219 615 1
219 663 1
219 987 1
219 1025 1
219 1074 1
219 1112 1
219 1213 1
219 1363 1
219 1490 1
219 1517 1
219 1538 1
219 1578 1
219 1903 1
219 1971 1
219 1980 1
220 42 1
220 355 1
220 578 1
220 590 1
220 613 1
220 668 1
220 674 1
220 980 1
220 1057 1
220 1133 1
220 1178 1
220 1337 1
220 1435 1
220 1747 1
220 1928 1
220 1993 1
221 258 1
221 315 1
221 544 1
221 688 1
221 749 1
221 754 1
221 853 1
221 868 1
221 890 1
221 1076 1
221 1079 1
221 1330 1
221 1467 1
221 1478 1
221 1522 1
221 1637 1
221 1809 1
221 1828 1
221 1885 1
222 103 1
222 106 1
222 192 1
222 832 1
222 971 1
222 1020 1
222 1277 1
222 1300 1
222 1318 1
222 1571 1
222 1593 1
222 1869 1
223 66 1
223 197 1
223 788 1
223 812 1
223 1135 1
223 1321 1
224 163 1
224 1144 1
225 186 1
225 513 1
225 643 1
225 711 1
225 1492 1
225 1653 1
226 1484 1
227 461 1
227 1439 1
228 118 1
228 691 1
228 1121 1
228 1550 1
229 471 1
229 478 1
229 587 1
229 1021 1
229 1240 1
229 1987 1
230 600 1
230 972 1
230 1241 1
231 209 1
231 651 1
231 811 1
231 1187 1
231 1473 1
231 1686 1
231 2026 1
232 87 1
232 231 1
232 629 1
232 875 1
232 924 1
232 1014 1
232 1317 1
232 1392 1
232 1469 1
232 1588 1
232 1621 1
232 1816 1
232 2029 1
233 107 1
233 243 1
233 252 1
233 414 1
233 463 1
233 494 1
233 502 1
233 523 1
233 630 1
233 659 1
233 757 1
233 1058 1
233 1120 1
233 1129 1
233 1132 1
233 1223 1
233 1274 1
233 1296 1
233 1360 1
233 1420 1
233 1502 1
233 1572 1
233 1598 1
233 1674 1
233 1741 1
233 1833 1
233 1865 1
233 1878 1
233 1905 1
233 1914 1
233 1970 1
234 31 1
234 60 1
234 174 1
234 182 1
234 386 1
234 473 1
234 761 1
234 809 1
234 912 1
234 943 1
234 944 1
234 988 1
234 1052 1
234 1092 1
234 1097 1
234 1209 1
234 1244 1
234 1299 1
234 1343 1
234 1347 1
234 1349 1
234 1388 1
234 1471 1
234 1523 1
234 1558 1
234 1651 1
234 1676 1
234 1721 1
234 1814 1
234 1822 1
234 1938 1
235 109 1
235 132 1
235 168 1
235 191 1
235 352 1
235 470 1
235 528 1
235 581 1
235 649 1
235 795 1
235 800 1
235 804 1
235 892 1
235 914 1
235 941 1
235 1015 1
235 1104 1
235 1231 1
235 1406 1
235 1445 1
235 1486 1
235 1497 1
235 1498 1
235 1531 1
235 1553 1
235 1561 1
235 1645 1
235 1699 1
235 1952 1
236 342 1
236 447 1
236 601 1
236 664 1
236 681 1
236 682 1
236 785 1
236 940 1
236 1081 1
236 1283 1
236 1616 1
236 1766 1
236 1826 1
236 1910 1
237 295 1
237 302 1
237 337 1
237 573 1
237 709 1
237 805 1
237 850 1
237 1314 1
237 1357 1
237 1411 1
237 1586 1
237 1680 1
237 1707 1
237 1933 1
238 213 1
238 227 1
238 343 1
238 639 1
238 720 1
238 763 1
238 1038 1
238 1666 1
238 1764 1
238 1773 1
238 1894 1
239 49 1
239 421 1
239 459 1
239 483 1
239 933 1
239 1170 1
239 1371 1
239 1762 1
240 23 1
240 55 1
240 199 1
240 733 1
240 1175 1
240 1252 1
240 1272 1
240 1285 1
240 1696 1
240 1802 1
240 2022 1
241 124 1
241 180 1
241 665 1
242 1577 1
242 1778 1
242 2039 1
243 417 1
243 1040 1
243 1754 1
244 913 1
245 274 1
245 1082 1
245 1528 1
245 1955 1
246 1344 1
246 1792 1
246 2027 1
247 187 1
247 336 1
247 579 1
247 598 1
247 1028 1
247 1029 1
247 1154 1
247 1288 1
247 1772 1
248 83 1
248 425 1
248 448 1
248 966 1
248 1016 1
248 1128 1
248 1488 1
248 1709 1
248 2009 1
248 2048 1
249 98 1
249 247 1
249 301 1
249 328 1
249 399 1
249 435 1
249 609 1
249 722 1
249 810 1
249 843 1
249 874 1
249 898 1
249 900 1
249 936 1
249 968 1
249 1039 1
249 1060 1
249 1110 1
249 1139 1
249 1173 1
249 1200 1
249 1234 1
249 1262 1
249 1438 1
249 1443 1
249 1483 1
249 1507 1
249 1559 1
249 1648 1
249 1799 1
249 1812 1
249 1827 1
249 1831 1
249 1844 1
249 1877 1
249 1926 1
249 1999 1
250 78 1
250 173 1
250 240 1
250 287 1
250 538 1
250 602 1
250 610 1
250 617 1
250 621 1
250 930 1
250 959 1
250 1011 1
250 1059 1
250 1070 1
250 1127 1
250 1164 1
250 1290 1
250 1564 1
250 1589 1
250 1640 1
250 1688 1
250 1692 1
250 1723 1
250 1839 1
250 1857 1
250 1927 1
251 70 1
251 96 1
251 127 1
251 157 1
251 158 1
251 225 1
251 383 1
251 512 1
251 525 1
251 570 1
251 631 1
251 645 1
251 695 1
251 819 1
251 1013 1
251 1093 1
251 1235 1
251 1264 1
251 1320 1
251 1361 1
251 1398 1
251 1569 1
251 1613 1
251 1622 1
251 1804 1
251 1823 1
251 1856 1
251 1884 1
252 105 1
252 265 1
252 329 1
252 773 1
252 1055 1
252 1592 1
252 1627 1
252 1998 1
253 288 1
253 475 1
253 509 1
253 526 1
253 580 1
253 721 1
253 779 1
253 986 1
253 1065 1
253 1188 1
253 1289 1
253 1325 1
253 1336 1
253 1837 1
253 2018 1
254 97 1
254 505 1
254 656 1
254 1036 1
254 1053 1
254 1546 1
254 1748 1
254 1904 1
255 114 1
255 220 1
255 338 1
255 403 1
255 454 1
255 533 1
255 632 1
255 1049 1
255 1078 1
255 1677 1
256 183 1
256 479 1
256 541 1
256 574 1
256 591 1
256 1475 1
256 1805 1
256 1867 1
256 1882 1
257 392 1
257 530 1
257 767 1
257 1404 1
257 1501 1
257 1763 1
257 1876 1
258 423 1
258 680 1
258 742 1
258 1532 1
258 1724 1
259 1022 1
260 577 1
260 1205 1
261 1400 1
262 356 1
262 1350 1
262 1394 1
262 1798 1
263 153 1
263 349 1
263 481 1
263 566 1
263 780 1
263 1447 1
263 1496 1
263 1521 1
264 75 1
264 206 1
264 673 1
264 894 1
264 948 1
264 981 1
264 1449 1
264 1635 1
264 1672 1
264 1943 1
265 47 1
265 61 1
265 99 1
265 165 1
265 198 1
265 200 1
265 289 1
265 314 1
265 359 1
265 404 1
265 453 1
265 518 1
265 557 1
265 644 1
265 747 1
265 837 1
265 962 1
265 1368 1
265 1518 1
265 1563 1
265 1601 1
265 1678 1
265 1753 1
265 1916 1
265 1924 1
266 45 1
266 62 1
266 72 1
266 134 1
266 159 1
266 219 1
266 294 1
266 298 1
266 371 1
266 536 1
266 737 1
266 775 1
266 867 1
266 910 1
266 945 1
266 1091 1
266 1158 1
266 1253 1
266 1266 1
266 1437 1
266 1573 1
266 1600 1
266 1706 1
266 1708 1
266 1736 1
266 1795 1
266 1853 1
266 1871 1
266 1912 1
266 1923 1
266 1964 1
267 81 1
267 116 1
267 120 1
267 170 1
267 422 1
267 424 1
267 702 1
267 715 1
267 755 1
267 803 1
267 848 1
267 925 1
267 947 1
267 957 1
267 1043 1
267 1099 1
267 1136 1
267 1198 1
267 1319 1
267 1427 1
267 1623 1
267 1633 1
267 1682 1
267 1742 1
267 1756 1
267 1783 1
267 1895 1
267 1937 1
267 1954 1
267 1979 1
267 2012 1
268 284 1
268 300 1
268 344 1
268 363 1
268 391 1
268 407 1
268 442 1
268 480 1
268 547 1
268 594 1
268 750 1
268 786 1
268 845 1
268 860 1
268 998 1
268 1072 1
268 1094 1
268 1196 1
268 1202 1
268 1393 1
268 1535 1
268 1543 1
268 1582 1
268 1630 1
268 1716 1
268 1977 1
268 2021 1
269 208 1
269 236 1
269 369 1
269 534 1
269 551 1
269 592 1
269 636 1
269 684 1
269 703 1
269 934 1
269 977 1
269 1190 1
269 1212 1
269 1242 1
269 1560 1
269 1574 1
269 1661 1
269 1757 1
269 1913 1
269 1920 1
269 1947 1
269 2016 1
269 2028 1
269 2043 1
270 135 1
270 308 1
270 418 1
270 699 1
270 1100 1
270 1101 1
270 1749 1
270 1890 1
271 149 1
271 537 1
271 648 1
271 650 1
271 701 1
271 1470 1
271 1534 1
271 1565 1
271 1782 1
271 1824 1
271 1849 1
272 456 1
272 1061 1
272 1335 1
272 1551 1
272 1652 1
272 1746 1
273 29 1
273 339 1
273 1759 1
273 1875 1
274 189 1
274 697 1
275 982 1
276 150 1
276 320 1
276 1562 1
276 1788 1
277 1152 1
277 1949 1
278 714 1
278 1233 1
278 1372 1
278 1599 1
278 1718 1
279 698 1
279 1229 1
279 1369 1
279 1462 1
280 25 1
280 269 1
280 276 1
280 389 1
280 561 1
280 571 1
280 618 1
280 729 1
280 739 1
280 952 1
280 1424 1
280 1425 1
280 1530 1
280 1779 1
280 1851 1
280 1859 1
280 1978 1
280 1997 1
280 2010 1
281 92 1
281 142 1
281 145 1
281 188 1
281 196 1
281 254 1
281 264 1
281 279 1
281 290 1
281 317 1
281 319 1
281 327 1
281 348 1
281 361 1
281 381 1
281 493 1
281 582 1
281 620 1
281 846 1
281 870 1
281 967 1
281 995 1
281 1063 1
281 1146 1
281 1225 1
281 1282 1
281 1327 1
281 1426 1
281 1529 1
281 1554 1
281 1632 1
281 1722 1
281 1728 1
281 1730 1
281 1768 1
281 1781 1
281 1870 1
281 1872 1
281 1907 1
282 101 1
282 154 1
282 156 1
282 232 1
282 278 1
282 366 1
282 376 1
282 439 1
282 440 1
282 492 1
282 527 1
282 548 1
282 559 1
282 676 1
282 759 1
282 794 1
282 1005 1
282 1010 1
282 1031 1
282 1041 1
282 1161 1
282 1172 1
282 1257 1
282 1267 1
282 1268 1
282 1303 1
282 1378 1
282 1485 1
282 1557 1
282 1603 1
282 1626 1
282 1690 1
282 1717 1
282 1765 1
282 1785 1
282 1808 1
282 1847 1
282 1888 1
282 1918 1
282 1974 1
282 1996 1
282 2002 1
282 2034 1
283 2 1
283 166 1
283 205 1
283 207 1
283 210 1
283 241 1
283 257 1
283 291 1
283 393 1
283 415 1
283 449 1
283 555 1
283 568 1
283 652 1
283 679 1
283 683 1
283 746 1
283 842 1
283 876 1
283 887 1
283 979 1
283 984 1
283 1030 1
283 1084 1
283 1163 1
283 1222 1
283 1238 1
283 1271 1
283 1291 1
283 1324 1
283 1416 1
283 1429 1
283 1514 1
283 1665 1
283 1704 1
283 1710 1
283 1714 1
283 1896 1
283 1936 1
283 2023 1
284 184 1
284 195 1
284 216 1
284 396 1
284 398 1
284 401 1
284 402 1
284 495 1
284 507 1
284 511 1
284 514 1
284 689 1
284 704 1
284 734 1
284 822 1
284 1362 1
284 1386 1
284 1575 1
284 1624 1
284 1667 1
284 1842 1
284 2035 1
285 82 1
285 146 1
285 218 1
285 367 1
285 866 1
285 1069 1
285 1095 1
285 1131 1
285 1214 1
285 1276 1
285 1433 1
285 1539 1
285 1662 1
285 1725 1
285 1791 1
285 1880 1
285 2047 1
286 73 1
286 108 1
286 246 1
286 350 1
286 357 1
286 550 1
286 1137 1
286 1162 1
286 1265 1
286 1329 1
286 1520 1
286 1655 1
286 1694 1
286 1744 1
286 1807 1
286 1817 1
286 1821 1
286 1838 1
286 1942 1
286 1961 1
286 1992 1
287 133 1
287 796 1
287 813 1
287 823 1
287 997 1
287 1410 1
287 1503 1
287 1511 1
287 1841 1
287 1899 1
287 2007 1
288 379 1
288 426 1
288 1201 1
288 1315 1
288 1516 1
288 1855 1
288 1860 1
288 1934 1
289 409 1
289 575 1
289 1042 1
289 1054 1
289 1258 1
289 1732 1
290 662 1
290 1456 1
290 1715 1
290 1800 1
291 129 1
291 647 1
291 692 1
291 1269 1
291 1311 1
291 2001 1
292 335 1
292 412 1
292 567 1
292 784 1
292 1034 1
292 1452 1
292 1524 1
292 1990 1
293 487 1
293 531 1
293 743 1
293 1176 1
293 2019 1
294 282 1
294 542 1
294 700 1
294 1948 1
294 2045 1
295 334 1
295 1026 1
295 1236 1
295 1364 1
295 1463 1
295 1689 1
295 1861 1
295 2038 1
296 11 1
296 801 1
296 917 1
296 1191 1
296 1256 1
296 1540 1
296 1544 1
296 1619 1
296 1740 1
296 1815 1
296 1909 1
297 79 1
297 85 1
297 141 1
297 203 1
297 309 1
297 358 1
297 572 1
297 955 1
297 1141 1
297 1193 1
297 1341 1
297 1391 1
297 1636 1
297 1787 1
297 1832 1
297 1950 1
298 138 1
298 235 1
298 249 1
298 253 1
298 273 1
298 285 1
298 286 1
298 297 1
298 332 1
298 374 1
298 378 1
298 455 1
298 476 1
298 562 1
298 765 1
298 927 1
298 1105 1
298 1230 1
298 1376 1
298 1476 1
298 1505 1
298 1552 1
298 1711 1
298 1835 1
298 1852 1
298 1983 1
298 2024 1
298 2046 1
299 65 1
299 122 1
299 262 1
299 267 1
299 484 1
299 585 1
299 589 1
299 672 1
299 686 1
299 693 1
299 725 1
299 727 1
299 783 1
299 792 1
299 881 1
299 950 1
299 963 1
299 1006 1
299 1023 1
299 1103 1
299 1143 1
299 1309 1
299 1460 1
299 1466 1
299 1509 1
299 1555 1
299 1556 1
299 1618 1
299 1712 1
299 1919 1
299 1922 1
299 2042 1
299 2044 1
300 68 1
300 80 1
300 125 1
300 136 1
300 238 1
300 272 1
300 292 1
300 313 1
300 372 1
300 384 1
300 406 1
300 485 1
300 563 1
300 634 1
300 728 1
300 730 1
300 756 1
300 774 1
300 778 1
300 854 1
300 1151 1
300 1216 1
300 1326 1
300 1358 1
300 1444 1
300 1457 1
300 1506 1
300 1510 1
300 1579 1
300 1583 1
300 1634 1
300 1733 1
300 1771 1
300 1957 1
300 1986 1
301 67 1
301 211 1
301 427 1
301 517 1
301 546 1
301 604 1
301 752 1
301 1047 1
301 1174 1
301 1185 1
301 1396 1
301 1436 1
301 1454 1
301 1495 1
301 1526 1
301 1649 1
301 1864 1
301 1898 1
301 1931 1
301 1945 1
302 474 1
302 499 1
302 654 1
302 655 1
302 816 1
302 827 1
302 855 1
302 1080 1
302 1108 1
302 1566 1
302 1769 1
302 1845 1
302 1930 1
302 1941 1
302 2013 1
302 2036 1
303 91 1
303 100 1
303 160 1
303 303 1
303 623 1
303 826 1
303 1542 1
303 1548 1
303 1734 1
303 1775 1
303 1786 1
303 1879 1
304 909 1
304 1465 1
304 1536 1
305 616 1
305 646 1
305 670 1
305 851 1
305 965 1
305 993 1
305 1382 1
305 1549 1
305 1597 1
305 1797 1
306 51 1
306 1346 1
307 53 1
307 606 1
307 627 1
307 671 1
308 167 1
308 436 1
308 468 1
308 1935 1
309 657 1
309 970 1
309 1684 1
310 769 1
310 1348 1
310 1675 1
311 506 1
311 989 1
311 1142 1
311 1206 1
312 782 1
312 815 1
312 839 1
312 907 1
312 932 1
312 1197 1
312 1345 1
312 1631 1
312 1820 1
312 1846 1
313 46 1
313 365 1
313 375 1
313 490 1
313 500 1
313 521 1
313 545 1
313 713 1
313 718 1
313 726 1
313 797 1
313 833 1
313 956 1
313 958 1
313 961 1
313 1027 1
313 1090 1
313 1189 1
313 1219 1
313 1650 1
313 1752 1
313 1767 1
313 1840 1
314 123 1
314 162 1
314 233 1
314 316 1
314 387 1
314 419 1
314 431 1
314 434 1
314 510 1
314 584 1
314 678 1
314 753 1
314 808 1
314 911 1
314 990 1
314 1004 1
314 1117 1
314 1251 1
314 1316 1
314 1440 1
314 1458 1
314 1513 1
314 1726 1
314 1727 1
314 1750 1
314 1784 1
314 1793 1
314 1836 1
314 1887 1
314 1994 1
314 2040 1
315 59 1
315 77 1
315 93 1
315 94 1
315 95 1
315 217 1
315 370 1
315 576 1
315 625 1
315 637 1
315 696 1
315 731 1
315 772 1
315 879 1
315 893 1
315 992 1
315 1077 1
315 1087 1
315 1181 1
315 1224 1
315 1228 1
315 1246 1
315 1293 1
315 1308 1
315 1374 1
315 1399 1
315 1422 1
315 1508 1
315 1527 1
315 1547 1
315 1584 1
315 1608 1
315 1611 1
315 1703 1
315 1729 1
315 1761 1
315 1776 1
315 1892 1
315 2032 1
316 143 1
316 223 1
316 237 1
316 260 1
316 293 1
316 341 1
316 346 1
316 382 1
316 443 1
316 469 1
316 608 1
316 687 1
316 712 1
316 735 1
316 736 1
316 836 1
316 931 1
316 1007 1
316 1106 1
316 1134 1
316 1155 1
316 1166 1
316 1211 1
316 1287 1
316 1294 1
316 1417 1
316 1421 1
316 1489 1
316 1541 1
316 1639 1
316 1643 1
316 1670 1
316 1834 1
316 1848 1
316 1960 1
316 1988 1
316 2011 1
317 44 1
317 299 1
317 395 1
317 397 1
317 522 1
317 873 1
317 926 1
317 978 1
317 1109 1
317 1570 1
317 1956 1
318 13 1
318 48 1
318 255 1
318 444 1
318 596 1
318 776 1
318 849 1
318 895 1
318 929 1
318 1119 1
318 1279 1
318 1397 1
318 1504 1
318 1617 1
318 1705 1
318 1760 1
318 1818 1
318 1972 1
319 33 1
319 250 1
319 368 1
319 438 1
319 817 1
319 880 1
319 902 1
319 1067 1
319 1140 1
319 1207 1
319 1292 1
319 1365 1
319 1468 1
319 1693 1
319 1825 1
320 770 1
321 277 1
321 543 1
321 1395 1
321 1701 1
321 1985 1
322 117 1
322 515 1
322 1169 1
322 1995 1
323 552 1
323 1153 1
323 1499 1
323 1774 1
324 871 1
325 410 1
325 710 1
325 798 1
325 908 1
325 974 1
325 1286 1
326 266 1
326 283 1
326 373 1
327 611 1
327 706 1
327 830 1
327 920 1
327 1159 1
327 1687 1
327 1915 1
328 50 1
328 88 1
328 130 1
328 148 1
328 428 1
328 694 1
328 719 1
328 758 1
328 790 1
328 824 1
328 844 1
328 991 1
328 1089 1
328 1124 1
328 1312 1
328 1615 1
329 56 1
329 169 1
329 248 1
329 394 1
329 429 1
329 491 1
329 497 1
329 535 1
329 539 1
329 554 1
329 595 1
329 624 1
329 666 1
329 740 1
329 745 1
329 838 1
329 969 1
329 1204 1
329 1331 1
329 1332 1
329 1355 1
329 1384 1
329 1481 1
329 1581 1
329 1751 1
329 1794 1
329 1889 1
329 1891 1
329 1901 1
329 1925 1
329 2033 1
330 161 1
330 212 1
330 263 1
330 268 1
330 304 1
330 310 1
330 430 1
330 520 1
330 633 1
330 675 1
330 818 1
330 888 1
330 891 1
330 922 1
330 1018 1
330 1243 1
330 1255 1
330 1281 1
330 1387 1
330 1423 1
330 1448 1
330 1612 1
330 1663 1
330 1668 1
330 1679 1
330 1868 1
330 1911 1
330 1929 1
330 1965 1
331 58 1
331 71 1
331 131 1
331 176 1
331 215 1
331 222 1
331 229 1
331 360 1
331 400 1
331 619 1
331 638 1
331 738 1
331 748 1
331 831 1
331 1003 1
331 1009 1
331 1075 1
331 1085 1
331 1160 1
331 1180 1
331 1186 1
331 1218 1
331 1273 1
331 1307 1
331 1431 1
331 1451 1
331 1477 1
331 1493 1
331 1519 1
331 1594 1
331 1654 1
331 1681 1
331 1811 1
331 1819 1
331 1830 1
331 1862 1
331 2020 1
332 140 1
332 181 1
332 259 1
332 457 1
332 458 1
332 524 1
332 560 1
332 603 1
332 640 1
332 802 1
332 939 1
332 976 1
332 1051 1
332 1149 1
332 1284 1
332 1334 1
332 1370 1
332 1685 1
332 1976 1
332 2017 1
333 35 1
333 113 1
333 807 1
333 865 1
333 886 1
333 897 1
333 938 1
333 954 1
333 994 1
333 1088 1
333 1297 1
333 1461 1
333 1525 1
333 1537 1
333 1614 1
333 1902 1
333 1984 1
333 1989 1
333 2041 1
334 340 1
334 388 1
334 460 1
334 503 1
334 821 1
334 1450 1
334 1664 1
334 1737 1
335 64 1
335 635 1
335 1102 1
335 1254 1
335 1480 1
335 1482 1
335 1858 1
335 1940 1
336 86 1
336 553 1
336 1479 1
336 1866 1
337 593 1
337 840 1
337 1167 1
337 1958 1
338 57 1
338 121 1
338 353 1
338 861 1
339 586 1
339 1991 1
340 446 1
340 768 1
340 1580 1
340 1585 1
340 1719 1
340 1968 1
341 1199 1
341 1304 1
341 1333 1
342 450 1
342 669 1
342 1045 1
342 1328 1
342 1383 1
342 1813 1
343 214 1
343 347 1
343 411 1
343 661 1
343 716 1
343 852 1
343 975 1
343 1002 1
343 1145 1
343 1168 1
343 1182 1
343 1306 1
343 1367 1
343 1408 1
343 1590 1
343 1596 1
343 1743 1
344 54 1
344 318 1
344 324 1
344 441 1
344 504 1
344 622 1
344 724 1
344 1280 1
344 1385 1
344 1604 1
344 1659 1
344 1695 1
344 1713 1
344 1758 1
344 1932 1
344 2037 1
345 43 1
345 177 1
345 242 1
345 437 1
345 540 1
345 612 1
345 660 1
345 820 1
345 862 1
345 916 1
345 921 1
345 1000 1
345 1248 1
345 1342 1
345 1459 1
345 1512 1
345 1644 1
345 1697 1
345 1850 1
346 28 1
346 30 1
346 307 1
346 420 1
346 486 1
346 532 1
346 556 1
346 569 1
346 614 1
346 653 1
346 707 1
346 717 1
346 764 1
346 857 1
346 904 1
346 949 1
346 1019 1
346 1050 1
346 1247 1
346 1301 1
346 1339 1
346 1432 1
346 1545 1
346 1641 1
346 1738 1
346 2015 1
347 26 1
347 52 1
347 151 1
347 194 1
347 281 1
347 377 1
347 405 1
347 472 1
347 516 1
347 658 1
347 787 1
347 878 1
347 896 1
347 953 1
347 973 1
347 1250 1
347 1305 1
347 1340 1
347 1353 1
347 1405 1
347 1587 1
347 1606 1
347 1629 1
347 1660 1
347 1806 1
348 155 1
348 234 1
348 311 1
348 385 1
348 565 1
348 597 1
348 841 1
348 1107 1
348 1313 1
348 1351 1
348 1602 1
348 1735 1
349 433 1
349 690 1
349 901 1
349 903 1
349 1275 1
349 1576 1
349 1669 1
349 1700 1
349 1873 1
350 41 1
350 63 1
350 326 1
350 333 1
350 1046 1
350 2003 1
351 766 1
351 1001 1
351 1156 1
351 1208 1
352 1657 1
352 1698 1
353 280 1
353 464 1
353 1295 1
353 1691 1
354 190 1
354 330 1
354 1017 1
354 1165 1
355 3 1
355 760 1
355 771 1
355 1192 1
356 221 1
356 705 1
356 1037 1
356 1115 1
356 1210 1
357 583 1
357 741 1
357 828 1
357 1239 1
357 1356 1
357 1403 1
358 452 1
358 641 1
358 1008 1
358 1338 1
358 1464 1
358 1591 1
358 1658 1
358 1731 1
358 1893 1
359 201 1
359 322 1
359 364 1
359 685 1
359 882 1
359 937 1
359 1033 1
359 1086 1
359 1125 1
359 1261 1
359 1428 1
359 1455 1
359 1620 1
359 1625 1
359 1642 1
359 1982 1
360 12 1
360 16 1
360 90 1
360 110 1
360 178 1
360 193 1
360 230 1
360 549 1
360 587 1
360 588 1
360 799 1
360 889 1
360 923 1
360 1118 1
360 1183 1
360 1245 1
360 1381 1
360 1656 1
360 1939 1
360 1946 1
360 1959 1
361 17 1
361 74 1
361 144 1
361 461 1
361 558 1
361 628 1
361 751 1
361 983 1
361 1071 1
361 1138 1
361 1220 1
361 1260 1
361 1413 1
361 1646 1
361 1721 1
361 1777 1
361 1917 1
362 1 1
362 7 1
362 84 1
362 202 1
362 239 1
362 814 1
362 928 1
362 1048 1
362 1263 1
362 1442 1
362 1492 1
362 2000 1
363 380 1
363 408 1
363 465 1
363 777 1
363 856 1
363 942 1
363 1179 1
363 1195 1
363 1616 1
363 1792 1
363 1829 1
363 1973 1
363 1975 1
363 2026 1
364 354 1
364 835 1
364 1610 1
365 296 1
365 762 1
365 788 1
365 951 1
365 960 1
365 1066 1
365 1126 1
365 1967 1
366 171 1
366 785 1
366 793 1
366 864 1
366 918 1
366 1869 1
366 2031 1
367 9 1
367 36 1
367 261 1
367 1944 1
368 1278 1
368 1402 1
369 104 1
369 708 1
369 1035 1
369 1083 1
370 564 1
370 1249 1
371 677 1
371 1148 1
371 1472 1
371 1567 1
372 115 1
372 152 1
372 613 1
373 139 1
373 271 1
373 1194 1
373 1379 1
373 1415 1
373 1439 1
373 1780 1
373 1801 1
374 18 1
374 42 1
374 312 1
374 351 1
374 413 1
374 905 1
374 935 1
374 1096 1
374 1098 1
374 1213 1
374 1323 1
374 1373 1
374 1500 1
374 1653 1
374 1874 1
374 1900 1
375 15 1
375 39 1
375 40 1
375 228 1
375 331 1
375 462 1
375 489 1
375 501 1
375 906 1
375 1113 1
375 1221 1
375 1409 1
375 1446 1
375 1605 1
375 1673 1
375 1796 1
375 1883 1
375 1886 1
375 1963 1
376 4 1
376 76 1
376 119 1
376 226 1
376 791 1
376 812 1
376 847 1
376 883 1
376 899 1
376 1177 1
376 1430 1
376 1533 1
376 1588 1
376 1609 1
376 1702 1
376 1803 1
376 1906 1
377 21 1
377 362 1
377 390 1
377 579 1
377 630 1
377 720 1
377 943 1
377 985 1
377 1032 1
377 1322 1
377 1401 1
377 1486 1
377 1843 1
377 1903 1
377 1952 1
377 2004 1
378 451 1
378 496 1
378 732 1
378 869 1
378 1135 1
378 1298 1
378 1407 1
378 1538 1
378 2008 1
379 32 1
379 109 1
379 204 1
379 345 1
379 834 1
379 1013 1
379 1092 1
379 1226 1
379 1647 1
379 1966 1
379 2025 1
380 10 1
380 22 1
380 663 1
380 806 1
380 1252 1
380 1302 1
380 1414 1
380 1755 1
380 2005 1
381 508 1
381 529 1
381 825 1
381 1025 1
381 1469 1
381 1607 1
381 1638 1
382 187 1
382 325 1
382 466 1
382 877 1
382 1133 1
382 1227 1
382 1359 1
382 1406 1
382 1453 1
383 175 1
383 1578 1
384 102 1
384 453 1
384 988 1
384 1354 1
384 1377 1
385 2029 1
386 89 1
386 1184 1
386 1484 1
387 1116 1
387 1814 1
388 1147 1
388 1330 1
388 1494 1
388 1770 1
389 27 1
389 578 1
389 829 1
389 971 1
389 1449 1
389 1745 1
389 1953 1
390 31 1
390 112 1
390 147 1
390 173 1
390 301 1
390 315 1
390 488 1
390 513 1
390 668 1
390 723 1
390 915 1
390 1073 1
390 1082 1
390 1114 1
390 1130 1
390 1317 1
390 1392 1
390 1404 1
390 1473 1
390 1799 1
391 66 1
391 69 1
391 111 1
391 128 1
391 231 1
391 275 1
391 445 1
391 477 1
391 667 1
391 1076 1
391 1217 1
391 1300 1
391 1418 1
391 1445 1
391 1487 1
391 1515 1
391 1863 1
391 1884 1
391 1962 1
392 158 1
392 182 1
392 323 1
392 607 1
392 781 1
392 875 1
392 972 1
392 1020 1
392 1081 1
392 1288 1
392 1380 1
392 1435 1
392 1471 1
392 1674 1
392 1699 1
392 1881 1
393 8 1
393 38 1
393 118 1
393 124 1
393 247 1
393 270 1
393 544 1
393 691 1
393 711 1
393 761 1
393 859 1
393 884 1
393 914 1
393 946 1
393 999 1
393 1058 1
393 1061 1
393 1223 1
393 1241 1
393 1262 1
393 1318 1
393 1434 1
393 1474 1
393 1497 1
393 1502 1
393 1724 1
393 1828 1
393 1878 1
393 1964 1
393 1971 1
393 1993 1
394 199 1
394 251 1
394 682 1
394 1016 1
394 1099 1
394 1121 1
394 1122 1
394 1441 1
394 1491 1
394 1804 1
394 2030 1
395 60 1
395 224 1
395 448 1
395 626 1
395 1021 1
395 1203 1
395 1419 1
395 1488 1
395 1628 1
395 1666 1
395 1683 1
395 1831 1
395 1943 1
396 34 1
396 523 1
396 912 1
396 1059 1
396 1412 1
396 1635 1
396 1747 1
396 1854 1
396 1926 1
397 120 1
397 329 1
397 811 1
397 944 1
397 1171 1
397 1187 1
397 1237 1
397 1388 1
397 1601 1
398 197 1
398 885 1
398 934 1
398 1055 1
398 1912 1
399 305 1
399 863 1
399 987 1
399 1062 1
399 1389 1
399 1522 1
399 1561 1
399 1810 1
400 1640 1
401 164 1
401 478 1
401 919 1
401 1150 1
401 1285 1
401 1676 1
401 1720 1
401 1908 1
402 959 1
403 209 1
403 1064 1
403 1337 1
403 1360 1
404 87 1
404 470 1
404 473 1
404 605 1
404 757 1
404 913 1
404 1044 1
404 1270 1
405 126 1
405 336 1
405 599 1
405 664 1
405 1310 1
405 1357 1
405 1375 1
405 1498 1
405 1981 1
406 6 1
406 180 1
406 321 1
406 328 1
406 355 1
406 475 1
406 632 1
406 659 1
406 874 1
406 890 1
406 1111 1
406 1127 1
406 1144 1
406 1352 1
406 1371 1
406 1553 1
406 1622 1
406 1677 1
406 1741 1
406 1844 1
406 1947 1
407 78 1
407 300 1
407 348 1
407 356 1
407 512 1
407 577 1
407 601 1
407 615 1
407 650 1
407 744 1
407 749 1
407 789 1
407 805 1
407 850 1
407 1065 1
407 1095 1
407 1120 1
407 1215 1
407 1314 1
407 1335 1
407 1363 1
407 1390 1
407 1523 1
407 1528 1
407 1568 1
407 1637 1
407 1645 1
407 1979 1
407 1980 1
407 2006 1
407 2027 1
407 2048 1
408 49 1
408 276 1
408 287 1
408 339 1
408 352 1
408 432 1
408 498 1
408 519 1
408 642 1
408 688 1
408 698 1
408 702 1
408 733 1
408 1043 1
408 1068 1
408 1132 1
408 1188 1
408 1259 1
408 1478 1
408 1778 1
408 1816 1
408 1897 1
408 1969 1
408 1970 1
409 191 1
409 252 1
409 295 1
409 302 1
409 306 1
409 483 1
409 530 1
409 533 1
409 557 1
409 742 1
409 786 1
409 843 1
409 858 1
409 898 1
409 900 1
409 996 1
409 1040 1
409 1060 1
409 1131 1
409 1231 1
409 1274 1
409 1343 1
409 1366 1
409 1529 1
409 1535 1
409 1564 1
409 1593 1
409 1595 1
409 1739 1
409 1773 1
409 1790 1
409 1853 1
409 1905 1
409 1999 1
409 2014 1
410 163 1
410 174 1
410 183 1
410 213 1
410 244 1
410 447 1
410 537 1
410 580 1
410 803 1
410 980 1
410 1014 1
410 1038 1
410 1069 1
410 1100 1
410 1232 1
410 1242 1
410 1283 1
410 1490 1
410 1572 1
410 1627 1
410 1633 1
410 1757 1
410 1857 1
410 1951 1
411 106 1
411 132 1
411 258 1
411 509 1
411 551 1
411 573 1
411 602 1
411 948 1
411 966 1
411 982 1
411 1070 1
411 1091 1
411 1110 1
411 1209 1
411 1452 1
411 1467 1
411 1565 1
411 1569 1
411 1621 1
411 1648 1
411 1688 1
411 1822 1
411 1987 1
412 219 1
412 337 1
412 538 1
412 810 1
412 887 1
412 1097 1
412 1205 1
412 1277 1
412 1416 1
412 1812 1
413 775 1
413 1420 1
413 1592 1
414 416 1
415 463 1
416 83 1
416 196 1
416 290 1
416 574 1
416 651 1
416 1798 1
417 342 1
418 527 1
418 590 1
418 853 1
419 55 1
419 359 1
419 467 1
419 1910 1
420 19 1
420 425 1
420 1112 1
421 20 1
421 179 1
421 186 1
421 505 1
421 617 1
421 809 1
421 848 1
421 1128 1
421 1178 1
421 1234 1
421 1235 1
421 1344 1
421 1706 1
421 1762 1
421 1766 1
421 1833 1
421 1914 1
422 14 1
422 37 1
422 75 1
422 114 1
422 150 1
422 459 1
422 681 1
422 747 1
422 767 1
422 868 1
422 925 1
422 1123 1
422 1157 1
422 1175 1
422 1253 1
422 1299 1
422 1321 1
422 1424 1
422 1550 1
422 1586 1
422 1599 1
422 1728 1
422 1837 1
422 1924 1
422 1937 1
423 96 1
423 98 1
423 105 1
423 107 1
423 198 1
423 208 1
423 243 1
423 314 1
423 338 1
423 421 1
423 440 1
423 449 1
423 454 1
423 487 1
423 631 1
423 649 1
423 656 1
423 754 1
423 773 1
423 837 1
423 860 1
423 910 1
423 947 1
423 964 1
423 968 1
423 1028 1
423 1053 1
423 1093 1
423 1101 1
423 1104 1
423 1272 1
423 1282 1
423 1485 1
423 1518 1
423 1571 1
423 1707 1
423 1795 1
423 1809 1
423 1856 1
423 1871 1
423 1885 1
423 1904 1
423 1916 1
423 2009 1
424 137 1
424 149 1
424 157 1
424 168 1
424 288 1
424 289 1
424 381 1
424 383 1
424 403 1
424 407 1
424 480 1
424 494 1
424 528 1
424 639 1
424 643 1
424 674 1
424 701 1
424 924 1
424 957 1
424 984 1
424 986 1
424 1024 1
424 1163 1
424 1240 1
424 1320 1
424 1325 1
424 1501 1
424 1521 1
424 1555 1
424 1589 1
424 1600 1
424 1744 1
424 1802 1
424 1841 1
424 1978 1
424 2028 1
425 240 1
425 269 1
425 294 1
425 313 1
425 518 1
425 559 1
425 644 1
425 686 1
425 779 1
425 800 1
425 845 1
425 1052 1
425 1244 1
425 1361 1
425 1425 1
425 1429 1
425 1524 1
425 1717 1
425 1754 1
425 1865 1
425 1867 1
425 1882 1
425 1899 1
425 1921 1
425 1938 1
425 2034 1
426 61 1
426 129 1
426 165 1
426 256 1
426 363 1
426 386 1
426 404 1
426 609 1
426 867 1
426 1057 1
426 1268 1
426 1427 1
426 1630 1
426 1696 1
426 1753 1
426 1827 1
426 1890 1
426 1928 1
426 1949 1
426 2039 1
427 236 1
427 415 1
427 598 1
427 629 1
427 645 1
427 822 1
427 930 1
427 1350 1
427 1369 1
427 1716 1
427 1847 1
427 1942 1
428 80 1
428 116 1
428 1011 1
428 1012 1
428 1079 1
428 1173 1
428 1212 1
428 1267 1
428 1438 1
428 1749 1
428 1764 1
428 1783 1
429 267 1
429 424 1
429 455 1
429 1517 1
429 1779 1
429 1933 1
430 264 1
430 536 1
430 683 1
430 734 1
430 1398 1
431 1368 1
431 1558 1
431 1927 1
432 592 1
432 1920 1
432 2021 1
434 570 1
434 652 1
434 962 1
434 2043 1
435 393 1
435 1129 1
435 1566 1
435 2022 1
436 188 1
436 422 1
436 581 1
436 600 1
436 1056 1
437 24 1
437 245 1
437 525 1
437 737 1
437 804 1
437 872 1
437 1015 1
437 1036 1
437 1139 1
437 1170 1
437 1198 1
437 1532 1
437 1574 1
437 1678 1
437 1826 1
438 45 1
438 70 1
438 185 1
438 189 1
438 409 1
438 471 1
438 571 1
438 648 1
438 819 1
438 832 1
438 870 1
438 892 1
438 894 1
438 1029 1
438 1072 1
438 1154 1
438 1271 1
438 1336 1
438 1411 1
438 1462 1
438 1470 1
438 1483 1
438 1546 1
438 1632 1
438 1709 1
438 1710 1
438 1730 1
438 1736 1
438 1742 1
438 1791 1
438 1820 1
438 1835 1
438 1913 1
438 1974 1
439 23 1
439 134 1
439 172 1
439 216 1
439 274 1
439 343 1
439 357 1
439 379 1
439 391 1
439 402 1
439 502 1
439 547 1
439 567 1
439 594 1
439 689 1
439 692 1
439 695 1
439 699 1
439 715 1
439 743 1
439 784 1
439 952 1
439 977 1
439 981 1
439 997 1
439 1030 1
439 1034 1
439 1041 1
439 1074 1
439 1162 1
439 1233 1
439 1269 1
439 1475 1
439 1496 1
439 1507 1
439 1531 1
439 1559 1
439 1598 1
439 1671 1
439 1708 1
439 1746 1
439 1756 1
439 1789 1
439 1849 1
439 1918 1
439 2016 1
439 2045 1
440 11 1
440 47 1
440 206 1
440 297 1
440 317 1
440 334 1
440 396 1
440 417 1
440 439 1
440 499 1
440 621 1
440 657 1
440 665 1
440 679 1
440 709 1
440 746 1
440 780 1
440 808 1
440 846 1
440 854 1
440 933 1
440 1010 1
440 1023 1
440 1200 1
440 1296 1
440 1443 1
440 1544 1
440 1680 1
440 1765 1
440 1823 1
440 1855 1
440 1872 1
441 127 1
441 135 1
441 154 1
441 344 1
441 360 1
441 442 1
441 561 1
441 654 1
441 722 1
441 794 1
441 1136 1
441 1190 1
441 1290 1
441 1362 1
441 1624 1
441 1667 1
441 1808 1
441 1851 1
441 1961 1
441 2012 1
442 5 1
442 192 1
442 241 1
442 253 1
442 284 1
442 728 1
442 1256 1
442 1613 1
442 1768 1
442 1948 1
442 1954 1
442 1977 1
443 361 1
443 555 1
443 721 1
443 1039 1
443 1311 1
443 1554 1
443 1562 1
443 1722 1
443 1781 1
443 1821 1
443 1870 1
443 1996 1
444 367 1
444 568 1
444 610 1
444 704 1
444 714 1
444 1063 1
444 1603 1
444 1763 1
445 141 1
445 184 1
445 1257 1
445 1347 1
445 1805 1
445 2046 1
446 541 1
446 755 1
446 1530 1
447 227 1
447 572 1
447 623 1
447 1551 1
448 232 1
448 1084 1
448 1864 1
449 366 1
449 414 1
449 1543 1
451 25 1
451 220 1
451 246 1
451 1026 1
451 1158 1
451 1426 1
451 1894 1
451 2002 1
452 97 1
452 153 1
452 200 1
452 254 1
452 482 1
452 492 1
452 647 1
452 1022 1
452 1238 1
452 1378 1
452 1386 1
452 1923 1
452 2019 1
453 103 1
453 225 1
453 282 1
453 335 1
453 399 1
453 763 1
453 795 1
453 936 1
453 940 1
453 1276 1
453 1289 1
453 1433 1
453 1661 1
453 2024 1
453 2035 1
454 73 1
454 85 1
454 327 1
454 444 1
454 485 1
454 680 1
454 941 1
454 967 1
454 1141 1
454 1303 1
454 1341 1
454 1364 1
454 1503 1
454 1509 1
454 1510 1
454 1573 1
454 1577 1
454 1626 1
454 1672 1
454 1690 1
454 1734 1
454 1784 1
454 1832 1
454 1861 1
454 1934 1
455 72 1
455 272 1
455 292 1
455 332 1
455 378 1
455 384 1
455 435 1
455 566 1
455 646 1
455 739 1
455 774 1
455 849 1
455 958 1
455 1047 1
455 1214 1
455 1436 1
455 1556 1
455 1718 1
455 1769 1
455 1824 1
455 1880 1
455 1955 1
455 2047 1
456 62 1
456 145 1
456 369 1
456 371 1
456 398 1
456 406 1
456 426 1
456 729 1
456 753 1
456 1376 1
456 1505 1
456 1534 1
456 1597 1
456 1634 1
456 1686 1
456 1733 1
456 1748 1
456 1877 1
456 2018 1
457 92 1
457 160 1
457 257 1
457 370 1
457 374 1
457 392 1
457 637 1
457 816 1
457 866 1
457 993 1
457 1176 1
457 1193 1
457 1219 1
457 1291 1
457 1319 1
457 1400 1
457 1437 1
457 1514 1
457 1552 1
457 1619 1
457 1650 1
457 1935 1
457 1995 1
458 210 1
458 273 1
458 298 1
458 376 1
458 423 1
458 481 1
458 534 1
458 585 1
458 902 1
458 1005 1
458 1094 1
458 1164 1
458 1329 1
458 1349 1
458 1495 1
458 1652 1
458 1714 1
458 1860 1
458 1998 1
459 51 1
459 211 1
459 235 1
459 548 1
459 672 1
459 1090 1
459 1105 1
459 1279 1
459 1345 1
459 1394 1
459 1760 1
459 1842 1
459 1960 1
459 2040 1
460 67 1
460 507 1
460 750 1
460 1358 1
460 1623 1
460 1670 1
460 1807 1
460 1895 1
460 1907 1
461 33 1
461 101 1
461 372 1
461 693 1
461 1326 1
461 1450 1
461 1557 1
462 375 1
462 634 1
462 842 1
462 1508 1
462 1516 1
462 1715 1
462 1931 1
463 65 1
463 88 1
464 1393 1
466 308 1
466 526 1
466 1410 1
466 1682 1
466 1704 1
467 79 1
467 1137 1
467 1225 1
468 620 1
468 979 1
468 1161 1
468 1651 1
469 136 1
469 156 1
469 159 1
469 262 1
469 320 1
469 772 1
469 927 1
469 1146 1
469 1201 1
469 1444 1
469 1583 1
469 1649 1
469 1662 1
469 1876 1
469 1941 1
470 82 1
470 138 1
470 217 1
470 349 1
470 427 1
470 511 1
470 662 1
470 752 1
470 926 1
470 945 1
470 998 1
470 1049 1
470 1067 1
470 1078 1
470 1109 1
470 1166 1
470 1174 1
470 1191 1
470 1382 1
470 1396 1
470 1466 1
470 1526 1
470 1631 1
470 1655 1
470 1665 1
470 2007 1
471 108 1
471 142 1
471 266 1
471 291 1
471 382 1
471 412 1
471 436 1
471 500 1
471 517 1
471 522 1
471 531 1
471 591 1
471 710 1
471 718 1
471 726 1
471 824 1
471 920 1
471 965 1
471 995 1
471 1042 1
471 1119 1
471 1287 1
471 1324 1
471 1397 1
471 1463 1
471 1537 1
471 1723 1
471 1786 1
471 1839 1
471 1840 1
471 1888 1
471 1902 1
471 1988 1
471 1990 1
471 2036 1
472 279 1
472 479 1
472 484 1
472 735 1
472 817 1
472 893 1
472 989 1
472 1152 1
472 1216 1
472 1258 1
472 1447 1
472 1458 1
472 1489 1
472 1542 1
472 1547 1
472 1582 1
472 1636 1
472 1811 1
472 1875 1
472 1892 1
472 1901 1
472 1994 1
472 1997 1
472 2010 1
473 99 1
473 203 1
473 223 1
473 286 1
473 373 1
473 419 1
473 510 1
473 550 1
473 618 1
473 640 1
473 931 1
473 961 1
473 1106 1
473 1202 1
473 1374 1
473 1668 1
473 1681 1
473 1992 1
474 358 1
474 400 1
474 431 1
474 469 1
474 614 1
474 880 1
474 903 1
474 929 1
474 956 1
474 1230 1
474 1273 1
474 1284 1
474 1327 1
474 1879 1
474 2041 1
474 2044 1
475 350 1
475 638 1
475 676 1
475 813 1
475 815 1
475 992 1
475 1054 1
475 1675 1
475 1727 1
475 1950 1
476 263 1
476 540 1
476 546 1
476 588 1
476 636 1
476 909 1
476 1222 1
476 1346 1
476 1481 1
476 1664 1
476 1782 1
477 309 1
477 514 1
477 833 1
477 1142 1
477 1312 1
477 1684 1
477 1711 1
477 1936 1
479 155 1
479 1729 1
479 1787 1
480 474 1
480 826 1
480 1151 1
480 1301 1
480 1540 1
481 368 1
481 839 1
481 878 1
481 1761 1
481 1945 1
482 1372 1
482 1459 1
482 1520 1
482 1771 1
483 278 1
483 830 1
483 897 1
484 44 1
484 95 1
484 130 1
484 170 1
484 265 1
484 1004 1
484 1236 1
484 1391 1
484 1775 1
484 1845 1
484 1859 1
485 2 1
485 91 1
485 117 1
485 493 1
485 666 1
485 790 1
485 831 1
485 1080 1
485 1117 1
485 1159 1
485 1196 1
485 1315 1
485 1527 1
485 1579 1
485 1692 1
485 1701 1
485 1726 1
485 1852 1
486 59 1
486 146 1
486 166 1
486 167 1
486 249 1
486 521 1
486 703 1
486 713 1
486 792 1
486 881 1
486 976 1
486 1124 1
486 1181 1
486 1308 1
486 1617 1
486 1689 1
486 1800 1
486 1848 1
486 1868 1
486 1896 1
486 1930 1
486 2023 1
487 57 1
487 148 1
487 387 1
487 397 1
487 429 1
487 443 1
487 476 1
487 619 1
487 697 1
487 823 1
487 861 1
487 911 1
487 1126 1
487 1206 1
487 1405 1
487 1457 1
487 1461 1
487 1548 1
487 1643 1
487 1697 1
487 1703 1
487 1825 1
487 1991 1
487 2020 1
488 29 1
488 81 1
488 93 1
488 122 1
488 259 1
488 503 1
488 554 1
488 593 1
488 706 1
488 821 1
488 991 1
488 1006 1
488 1134 1
488 1153 1
488 1384 1
488 1468 1
488 1560 1
488 1575 1
488 1793 1
488 1794 1
488 1806 1
488 1983 1
488 1986 1
488 2001 1
489 35 1
489 205 1
489 238 1
489 303 1
489 310 1
489 324 1
489 542 1
489 616 1
489 627 1
489 635 1
489 687 1
489 727 1
489 731 1
489 740 1
489 1075 1
489 1077 1
489 1199 1
489 1229 1
489 1243 1
489 1499 1
489 1563 1
489 1570 1
489 1576 1
489 1968 1
490 162 1
490 490 1
490 520 1
490 582 1
490 596 1
490 776 1
490 970 1
490 1145 1
490 1189 1
490 1281 1
490 2003 1
491 215 1
491 248 1
491 285 1
491 675 1
491 678 1
491 684 1
491 724 1
491 759 1
491 1169 1
491 1395 1
491 1399 1
491 1440 1
491 1511 1
491 1838 1
492 77 1
492 576 1
492 653 1
492 655 1
492 671 1
492 751 1
492 1168 1
492 1454 1
492 1513 1
492 1725 1
492 1817 1
492 1985 1
493 756 1
493 871 1
493 949 1
493 1156 1
493 1348 1
493 1482 1
493 1539 1
494 48 1
494 840 1
494 1525 1
494 1549 1
494 1984 1
495 280 1
495 589 1
495 1001 1
496 1294 1
496 1858 1
497 560 1
497 1891 1
497 2037 1
498 283 1
499 125 1
499 495 1
499 2038 1
500 237 1
500 430 1
500 524 1
500 606 1
500 694 1
500 782 1
500 827 1
500 891 1
500 1009 1
500 1143 1
500 1197 1
500 1331 1
500 1519 1
500 2042 1
501 212 1
501 277 1
501 716 1
501 758 1
501 801 1
501 852 1
501 873 1
501 922 1
501 1007 1
501 1149 1
501 1705 1
501 1850 1
501 1898 1
501 2033 1
502 94 1
502 218 1
502 260 1
502 388 1
502 401 1
502 446 1
502 491 1
502 506 1
502 563 1
502 604 1
502 633 1
502 670 1
502 765 1
502 787 1
502 851 1
502 855 1
502 886 1
502 888 1
502 969 1
502 1264 1
502 1293 1
502 1387 1
502 1422 1
502 1432 1
502 1448 1
502 1512 1
502 1685 1
502 1752 1
502 1797 1
502 1836 1
502 1887 1
502 1956 1
502 2011 1
502 2017 1
503 123 1
503 161 1
503 181 1
503 195 1
503 207 1
503 250 1
503 255 1
503 311 1
503 394 1
503 535 1
503 586 1
503 669 1
503 719 1
503 777 1
503 908 1
503 978 1
503 1003 1
503 1031 1
503 1087 1
503 1103 1
503 1185 1
503 1476 1
503 1477 1
503 1536 1
503 1596 1
503 1772 1
503 1919 1
503 1922 1
503 1940 1
504 54 1
504 64 1
504 68 1
504 326 1
504 341 1
504 410 1
504 420 1
504 658 1
504 745 1
504 778 1
504 793 1
504 907 1
504 1172 1
504 1266 1
504 1353 1
504 1355 1
504 1417 1
504 1421 1
504 1465 1
504 1581 1
504 1594 1
504 1759 1
504 1774 1
504 1785 1
504 1957 1
504 1958 1
504 2008 1
505 12 1
505 131 1
505 553 1
505 558 1
505 575 1
505 587 1
505 677 1
505 707 1
505 712 1
505 748 1
505 764 1
505 904 1
505 932 1
505 950 1
505 1247 1
505 1250 1
505 1265 1
505 1309 1
505 1313 1
505 1356 1
505 1480 1
505 1639 1
505 1830 1
505 1883 1
505 1925 1
506 121 1
506 299 1
506 307 1
506 319 1
506 437 1
506 539 1
506 565 1
506 921 1
506 1018 1
506 1207 1
506 1248 1
506 1340 1
506 1403 1
506 1585 1
506 1606 1
506 1608 1
506 1909 1
506 1939 1
506 1975 1
507 43 1
507 214 1
507 497 1
507 552 1
507 1073 1
507 1165 1
507 1712 1
507 1767 1
508 133 1
508 222 1
508 353 1
508 770 1
508 1102 1
508 1611 1
509 178 1
509 2032 1
510 50 1
510 293 1
510 690 1
510 771 1
510 939 1
510 942 1
510 1893 1
511 1737 1
512 113 1
512 177 1
512 1086 1
513 1328 1
515 322 1
515 783 1
515 896 1
515 916 1
515 975 1
515 1167 1
515 1251 1
515 1659 1
515 1663 1
515 1917 1
516 63 1
516 705 1
516 796 1
516 876 1
516 895 1
516 917 1
516 955 1
516 1027 1
516 1155 1
516 1304 1
516 1383 1
516 1700 1
516 1732 1
516 1738 1
516 1740 1
516 1788 1
516 1873 1
516 1932 1
516 1989 1
517 110 1
517 171 1
517 304 1
517 438 1
517 452 1
517 472 1
517 608 1
517 844 1
517 901 1
517 1045 1
517 1088 1
517 1115 1
517 1186 1
517 1192 1
517 1195 1
517 1211 1
517 1306 1
517 1351 1
517 1541 1
517 1618 1
517 1625 1
517 1660 1
517 1693 1
517 1694 1
518 46 1
518 115 1
518 151 1
518 194 1
518 275 1
518 316 1
518 365 1
518 456 1
518 465 1
518 516 1
518 641 1
518 660 1
518 700 1
518 725 1
518 938 1
518 973 1
518 1218 1
518 1278 1
518 1332 1
518 1423 1
518 1587 1
518 1604 1
518 1629 1
518 1654 1
518 1679 1
518 1750 1
518 1846 1
518 1889 1
518 1929 1
518 1972 1
518 2013 1
519 28 1
519 86 1
519 143 1
519 213 1
519 239 1
519 318 1
519 330 1
519 389 1
519 489 1
519 504 1
519 569 1
519 595 1
519 625 1
519 661 1
519 802 1
519 865 1
519 1083 1
519 1108 1
519 1125 1
519 1140 1
519 1160 1
519 1182 1
519 1183 1
519 1204 1
519 1333 1
519 1339 1
519 1370 1
519 1442 1
519 1472 1
519 1580 1
519 1698 1
519 1869 1
520 52 1
520 56 1
520 234 1
520 377 1
520 395 1
520 418 1
520 450 1
520 458 1
520 466 1
520 818 1
520 847 1
520 862 1
520 974 1
520 1246 1
520 1431 1
520 1567 1
520 1584 1
520 1657 1
520 1721 1
520 1862 1
520 1911 1
520 1915 1
520 1965 1
521 100 1
521 453 1
521 583 1
521 624 1
521 730 1
521 766 1
521 857 1
521 1107 1
521 1385 1
521 1464 1
521 1590 1
521 1620 1
521 1815 1
522 345 1
522 529 1
522 667 1
522 673 1
522 990 1
522 1210 1
522 1224 1
522 1245 1
522 1389 1
522 1646 1
522 1676 1
522 1973 1
523 242 1
523 696 1
523 1050 1
523 1255 1
523 1275 1
523 1373 1
523 1500 1
523 1602 1
523 1776 1
523 1813 1
524 53 1
524 545 1
524 807 1
524 1695 1
524 1843 1
524 1906 1
525 17 1
525 879 1
525 1096 1
525 1610 1
525 1751 1
525 1819 1
526 882 1
526 1089 1
526 1976 1
527 717 1
527 797 1
527 1342 1
527 1607 1
527 1687 1
527 2031 1
528 385 1
528 1451 1
529 1071 1
529 1180 1
530 685 1
530 1046 1
531 71 1
531 229 1
531 906 1
531 1435 1
531 1834 1
531 1967 1
532 102 1
532 144 1
532 193 1
532 346 1
532 441 1
532 460 1
532 549 1
532 741 1
532 1037 1
532 1228 1
532 1305 1
532 1691 1
532 1866 1
533 58 1
533 169 1
533 233 1
533 340 1
533 380 1
533 411 1
533 428 1
533 562 1
533 953 1
533 1002 1
533 1297 1
533 1713 1
534 9 1
534 16 1
534 42 1
534 140 1
534 281 1
534 296 1
534 312 1
534 390 1
534 464 1
534 486 1
534 584 1
534 630 1
534 798 1
534 812 1
534 877 1
534 1000 1
534 1019 1
534 1194 1
534 1338 1
534 1408 1
534 1492 1
534 1588 1
534 1647 1
534 1658 1
534 1777 1
534 1829 1
534 2015 1
534 2026 1
535 120 1
535 221 1
535 261 1
535 333 1
535 433 1
535 768 1
535 781 1
535 828 1
535 1138 1
535 1244 1
535 1263 1
535 1359 1
535 1415 1
535 1474 1
535 1612 1
535 1616 1
535 1638 1
535 1735 1
535 1946 1
536 30 1
536 201 1
536 434 1
536 457 1
536 597 1
536 736 1
536 988 1
536 1148 1
536 1203 1
536 1208 1
536 1365 1
536 1493 1
536 1731 1
536 1758 1
537 1 1
537 124 1
537 468 1
537 556 1
537 760 1
537 963 1
537 1051 1
537 1098 1
537 1239 1
537 1254 1
537 1316 1
537 1323 1
537 1330 1
537 1409 1
537 1818 1
538 36 1
538 84 1
538 268 1
538 573 1
538 905 1
538 937 1
538 1300 1
538 1354 1
538 1479 1
538 1504 1
538 1747 1
538 1886 1
539 347 1
539 785 1
539 859 1
539 1114 1
539 1407 1
539 1414 1
539 1614 1
539 1615 1
539 1656 1
540 76 1
540 190 1
540 1486 1
540 1792 1
541 104 1
541 331 1
541 944 1
541 1220 1
541 1449 1
541 1456 1
541 1473 1
541 1591 1
541 1773 1
542 1033 1
542 1221 1
542 1471 1
543 176 1
544 954 1
544 1533 1
545 708 1
545 1217 1
545 1298 1
545 1641 1
546 1085 1
546 1307 1
546 1601 1
547 1292 1
547 1295 1
547 1653 1
548 543 1
548 769 1
548 987 1
548 1021 1
548 1460 1
548 1487 1
548 1506 1
548 2029 1
549 40 1
549 164 1
549 175 1
549 187 1
549 325 1
549 354 1
549 923 1
549 994 1
549 1008 1
549 1013 1
549 1044 1
549 1059 1
549 1147 1
549 1261 1
549 1367 1
549 1484 1
549 1494 1
549 1669 1
549 1719 1
549 1812 1
549 1900 1
549 1971 1
550 74 1
550 300 1
550 611 1
550 682 1
550 732 1
550 761 1
550 834 1
550 864 1
550 912 1
550 971 1
550 1035 1
550 1113 1
550 1133 1
550 1188 1
550 1380 1
550 1392 1
550 1453 1
550 1903 1
550 1926 1
551 15 1
551 204 1
551 226 1
551 247 1
551 413 1
551 564 1
551 645 1
551 809 1
551 825 1
551 836 1
551 935 1
551 960 1
551 983 1
551 1062 1
551 1118 1
551 1130 1
551 1252 1
551 1302 1
551 1334 1
551 1337 1
551 1366 1
551 1497 1
551 1605 1
552 152 1
552 228 1
552 875 1
552 915 1
552 918 1
552 1097 1
552 1116 1
552 1286 1
552 1402 1
552 1413 1
552 1469 1
552 1515 1
552 1578 1
552 1633 1
552 1790 1
552 1964 1
552 2014 1
553 202 1
553 405 1
553 613 1
553 943 1
553 1082 1
553 1100 1
553 1226 1
553 1981 1
554 13 1
554 230 1
554 251 1
554 313 1
554 417 1
554 451 1
554 515 1
554 1076 1
554 1132 1
554 1241 1
554 1280 1
554 1406 1
554 1446 1
554 1799 1
554 1801 1
555 463 1
555 603 1
555 626 1
555 628 1
555 738 1
555 885 1
555 1381 1
555 1488 1
555 1491 1
555 1741 1
555 1962 1
556 578 1
556 1401 1
556 1571 1
556 1702 1
557 733 1
557 1066 1
557 1135 1
557 1609 1
557 1674 1
558 496 1
558 622 1
558 791 1
558 1017 1
558 1177 1
558 1745 1
559 508 1
559 1644 1
560 321 1
560 1642 1
560 1944 1
561 269 1
562 359 1
562 1884 1
563 10 1
563 126 1
563 668 1
563 838 1
563 1016 1
563 1828 1
563 2025 1
564 231 1
564 432 1
564 544 1
564 757 1
564 799 1
564 959 1
564 1184 1
564 1223 1
564 1270 1
564 1498 1
564 1814 1
564 1953 1
565 173 1
565 301 1
565 339 1
565 362 1
565 364 1
565 527 1
565 607 1
565 612 1
565 642 1
565 805 1
565 811 1
565 890 1
565 898 1
565 1038 1
565 1048 1
565 1121 1
565 1317 1
565 1343 1
565 1418 1
565 1439 1
565 1535 1
565 1912 1
565 1914 1
565 2027 1
566 89 1
566 90 1
566 128 1
566 197 1
566 305 1
566 448 1
566 470 1
566 518 1
566 632 1
566 788 1
566 806 1
566 1025 1
566 1043 1
566 1095 1
566 1260 1
566 1299 1
566 1375 1
566 1434 1
566 1523 1
566 1593 1
566 1622 1
566 1666 1
566 1780 1
566 1878 1
566 2004 1
567 27 1
567 139 1
567 252 1
567 447 1
567 505 1
567 820 1
567 841 1
567 889 1
567 928 1
567 951 1
567 1262 1
567 1274 1
567 1288 1
567 1310 1
567 1404 1
567 1445 1
567 1528 1
567 1789 1
567 1796 1
567 1831 1
567 1865 1
567 2000 1
568 83 1
568 306 1
568 329 1
568 351 1
568 403 1
568 477 1
568 530 1
568 579 1
568 609 1
568 744 1
568 814 1
568 874 1
568 972 1
568 986 1
568 1029 1
568 1055 1
568 1179 1
568 1227 1
568 1314 1
568 1318 1
568 1452 1
568 1538 1
568 1545 1
568 1553 1
568 1600 1
568 1749 1
568 1863 1
568 1881 1
568 1947 1
568 1963 1
568 1966 1
568 2012 1
569 38 1
569 66 1
569 107 1
569 189 1
569 532 1
569 720 1
569 848 1
569 858 1
569 914 1
569 1065 1
569 1127 1
569 1150 1
569 1171 1
569 1187 1
569 1558 1
569 1637 1
569 1724 1
569 1855 1
569 1904 1
570 196 1
570 315 1
570 475 1
570 602 1
570 846 1
570 883 1
570 1369 1
570 1621 1
571 150 1
571 163 1
571 599 1
571 691 1
571 925 1
571 1821 1
571 1949 1
572 147 1
572 271 1
572 913 1
572 1024 1
572 1677 1
572 1683 1
572 2048 1
573 34 1
573 270 1
573 523 1
573 639 1
574 856 1
574 941 1
574 1322 1
574 1951 1
576 119 1
576 1478 1
577 31 1
577 243 1
577 557 1
577 853 1
577 884 1
577 899 1
577 999 1
577 1371 1
578 711 1
578 762 1
578 1379 1
578 1743 1
578 1795 1
579 55 1
579 208 1
579 473 1
579 650 1
579 659 1
579 688 1
579 767 1
579 775 1
579 1277 1
579 1357 1
579 1707 1
579 1822 1
579 1982 1
580 14 1
580 180 1
580 601 1
580 652 1
580 664 1
580 702 1
580 966 1
580 1205 1
580 1213 1
580 1412 1
580 1673 1
580 1959 1
580 1969 1
580 1978 1
580 1979 1
581 3 1
581 22 1
581 78 1
581 165 1
581 188 1
581 209 1
581 244 1
581 287 1
581 302 1
581 381 1
581 580 1
581 643 1
581 657 1
581 723 1
581 786 1
581 948 1
581 982 1
581 1014 1
581 1060 1
581 1064 1
581 1068 1
581 1092 1
581 1093 1
581 1139 1
581 1282 1
581 1360 1
581 1363 1
581 1410 1
581 1425 1
581 1427 1
581 1428 1
581 1566 1
581 1595 1
581 1627 1
581 1798 1
581 1804 1
581 1921 1
581 1987 1
582 39 1
582 75 1
582 109 1
582 112 1
582 137 1
582 224 1
582 328 1
582 336 1
582 342 1
582 459 1
582 513 1
582 519 1
582 537 1
582 737 1
582 810 1
582 829 1
582 860 1
582 900 1
582 1061 1
582 1136 1
582 1178 1
582 1267 1
582 1285 1
582 1424 1
582 1522 1
582 1871 1
582 1899 1
582 1905 1
582 1999 1
583 87 1
583 98 1
583 185 1
583 445 1
583 467 1
583 483 1
583 570 1
583 663 1
583 679 1
583 837 1
583 845 1
583 962 1
583 980 1
583 984 1
583 985 1
583 1020 1
583 1053 1
583 1215 1
583 1335 1
583 1433 1
583 1561 1
583 1564 1
583 1568 1
583 1715 1
583 1746 1
583 1755 1
583 1778 1
583 1816 1
583 1841 1
583 1853 1
583 1870 1
583 1913 1
583 2006 1
583 2028 1
584 276 1
584 375 1
584 378 1
584 454 1
584 581 1
584 651 1
584 742 1
584 892 1
584 1104 1
584 1158 1
584 1438 1
584 1455 1
584 1483 1
584 1569 1
584 1766 1
584 1938 1
585 49 1
585 158 1
585 182 1
585 198 1
585 199 1
585 264 1
585 409 1
585 488 1
585 1128 1
585 1490 1
585 1562 1
585 1696 1
585 1709 1
585 1764 1
585 1770 1
585 1833 1
585 1907 1
586 393 1
586 478 1
586 494 1
586 551 1
586 644 1
586 648 1
586 704 1
586 1091 1
586 1209 1
586 1416 1
586 1462 1
586 1803 1
586 2034 1
587 408 1
587 780 1
587 1170 1
587 1419 1
587 1555 1
587 1952 1
588 69 1
588 132 1
588 746 1
588 996 1
588 1521 1
588 1586 1
588 1765 1
588 1809 1
589 37 1
589 498 1
589 501 1
589 1070 1
589 1231 1
590 338 1
590 536 1
590 590 1
590 1690 1
591 1467 1
592 106 1
592 258 1
592 314 1
592 1063 1
592 1249 1
592 2043 1
593 344 1
593 1240 1
593 1592 1
594 415 1
594 462 1
594 547 1
594 1058 1
594 1706 1
594 1781 1
594 1910 1
594 1924 1
595 26 1
595 105 1
595 352 1
595 356 1
595 386 1
595 421 1
595 869 1
595 968 1
595 1052 1
595 1762 1
595 2030 1
596 6 1
596 18 1
596 20 1
596 45 1
596 111 1
596 219 1
596 267 1
596 327 1
596 528 1
596 572 1
596 701 1
596 1099 1
596 1101 1
596 1111 1
596 1234 1
596 1296 1
596 1556 1
596 1791 1
597 7 1
597 21 1
597 80 1
597 179 1
597 236 1
597 348 1
597 461 1
597 559 1
597 591 1
597 699 1
597 803 1
597 910 1
597 1036 1
597 1269 1
597 1321 1
597 1430 1
597 1530 1
597 1635 1
597 1733 1
597 1826 1
597 1837 1
597 1885 1
597 1890 1
597 1927 1
597 1961 1
597 1977 1
598 116 1
598 134 1
598 183 1
598 290 1
598 294 1
598 335 1
598 383 1
598 406 1
598 424 1
598 482 1
598 507 1
598 509 1
598 654 1
598 734 1
598 773 1
598 784 1
598 868 1
598 934 1
598 1154 1
598 1311 1
598 1565 1
598 1573 1
598 1599 1
598 1645 1
598 1716 1
598 1718 1
598 1754 1
598 1807 1
598 1856 1
598 1874 1
598 2002 1
599 186 1
599 297 1
599 600 1
599 835 1
599 867 1
599 940 1
599 947 1
599 979 1
599 1010 1
599 1028 1
599 1034 1
599 1120 1
599 1123 1
599 1235 1
599 1242 1
599 1253 1
599 1257 1
599 1341 1
599 1362 1
599 1507 1
599 1532 1
599 1640 1
599 1717 1
599 1782 1
599 1908 1
599 2005 1
599 2022 1
600 168 1
600 240 1
600 361 1
600 794 1
600 1112 1
600 1144 1
600 1200 1
600 1233 1
600 1377 1
600 1388 1
600 1495 1
600 1518 1
600 1577 1
600 1628 1
600 1680 1
600 1728 1
600 1744 1
600 1753 1
601 5 1
601 512 1
601 548 1
601 568 1
601 698 1
601 850 1
601 946 1
601 1030 1
601 1175 1
601 1214 1
601 1470 1
601 1496 1
601 1517 1
601 1710 1
601 1730 1
601 1970 1
602 357 1
602 402 1
602 425 1
602 487 1
602 952 1
602 1032 1
602 1081 1
602 1441 1
602 1529 1
602 1648 1
602 1928 1
602 1937 1
603 439 1
603 686 1
603 831 1
603 909 1
603 1352 1
603 2047 1
604 399 1
604 577 1
604 1429 1
604 1475 1
604 1783 1
604 2020 1
604 2039 1
605 416 1
605 422 1
605 1012 1
605 1398 1
605 2009 1
606 41 1
606 715 1
606 1193 1
606 1756 1
606 1943 1
607 61 1
607 122 1
607 629 1
607 1176 1
607 2040 1
608 665 1
608 919 1
608 1505 1
609 525 1
609 808 1
609 854 1
609 1069 1
609 1122 1
609 1851 1
610 631 1
610 1632 1
610 1948 1
611 138 1
611 141 1
611 191 1
611 355 1
611 442 1
611 571 1
611 902 1
611 977 1
611 1023 1
611 1056 1
611 1137 1
611 1198 1
611 1256 1
611 1259 1
611 1768 1
611 1810 1
611 1844 1
611 2045 1
612 118 1
612 184 1
612 227 1
612 379 1
612 440 1
612 567 1
612 594 1
612 617 1
612 674 1
612 692 1
612 819 1
612 870 1
612 872 1
612 1161 1
612 1237 1
612 1368 1
612 1502 1
612 1524 1
612 1559 1
612 1678 1
612 1849 1
612 1897 1
612 1931 1
613 153 1
613 216 1
613 273 1
613 391 1
613 485 1
613 531 1
613 538 1
613 728 1
613 747 1
613 795 1
613 804 1
613 1057 1
613 1361 1
613 1544 1
613 1550 1
613 1739 1
613 1823 1
613 1835 1
613 1864 1
613 1920 1
613 1942 1
613 1993 1
613 2021 1
614 62 1
614 127 1
614 241 1
614 284 1
614 480 1
614 493 1
614 592 1
614 623 1
614 656 1
614 681 1
614 689 1
614 749 1
614 863 1
614 926 1
614 981 1
614 1041 1
614 1079 1
614 1283 1
614 1336 1
614 1349 1
614 1411 1
614 1463 1
614 1510 1
614 1551 1
614 1720 1
614 1722 1
614 1882 1
614 1918 1
614 2035 1
615 25 1
615 235 1
615 245 1
615 272 1
615 407 1
615 476 1
615 481 1
615 492 1
615 541 1
615 593 1
615 598 1
615 605 1
615 615 1
615 750 1
615 930 1
615 1090 1
615 1162 1
615 1390 1
615 1531 1
615 1546 1
615 1760 1
615 1808 1
615 1820 1
615 1854 1
616 154 1
616 414 1
616 427 1
616 449 1
616 894 1
616 924 1
616 1015 1
616 1105 1
616 1119 1
616 1141 1
616 1219 1
616 1230 1
616 1509 1
616 1597 1
616 1672 1
616 1688 1
616 1867 1
616 1880 1
617 32 1
617 70 1
617 295 1
617 510 1
617 589 1
617 646 1
617 755 1
617 813 1
617 1040 1
617 1047 1
617 1325 1
617 1344 1
617 1503 1
617 1634 1
617 1704 1
617 1784 1
617 1827 1
617 1860 1
618 85 1
618 156 1
618 887 1
618 1225 1
618 1312 1
618 1397 1
618 1443 1
618 1444 1
618 1543 1
618 1699 1
619 323 1
619 832 1
619 1146 1
619 1291 1
619 1378 1
619 1420 1
619 1516 1
619 1574 1
619 1933 1
620 370 1
620 444 1
620 779 1
620 1005 1
620 1289 1
620 1589 1
621 57 1
621 308 1
621 1072 1
622 726 1
622 1394 1
623 933 1
623 1872 1
624 1630 1
624 1661 1
624 1667 1
625 1514 1
625 1711 1
625 2019 1
626 4 1
626 822 1
626 843 1
626 1106 1
626 1271 1
626 1613 1
626 2024 1
627 289 1
627 332 1
627 366 1
627 706 1
627 739 1
627 1631 1
627 1802 1
627 1988 1
627 1995 1
628 19 1
628 60 1
628 88 1
628 114 1
628 145 1
628 225 1
628 246 1
628 282 1
628 288 1
628 471 1
628 502 1
628 539 1
628 561 1
628 649 1
628 672 1
628 789 1
628 849 1
628 958 1
628 1157 1
628 1276 1
628 1303 1
628 1548 1
628 1916 1
628 1954 1
628 1960 1
628 2016 1
629 65 1
629 67 1
629 79 1
629 200 1
629 211 1
629 232 1
629 360 1
629 367 1
629 382 1
629 392 1
629 735 1
629 772 1
629 995 1
629 1006 1
629 1049 1
629 1145 1
629 1190 1
629 1191 1
629 1347 1
629 1386 1
629 1668 1
629 1681 1
629 1708 1
629 1824 1
629 1875 1
629 1934 1
629 1996 1
629 1997 1
630 11 1
630 47 1
630 73 1
630 82 1
630 238 1
630 317 1
630 343 1
630 371 1
630 1163 1
630 1181 1
630 1207 1
630 1272 1
630 1358 1
630 1482 1
630 1552 1
630 1554 1
630 1649 1
630 1763 1
630 1894 1
630 1941 1
630 1974 1
630 2046 1
631 96 1
631 155 1
631 363 1
631 550 1
631 638 1
631 929 1
631 1074 1
631 1166 1
631 1324 1
631 1329 1
631 1331 1
631 1426 1
631 1902 1
631 1980 1
631 2023 1
632 266 1
632 384 1
632 500 1
632 533 1
632 555 1
632 800 1
632 839 1
632 957 1
632 1211 1
632 1232 1
632 1268 1
632 1284 1
632 1382 1
632 1400 1
632 1436 1
632 1485 1
632 1682 1
632 1852 1
632 1857 1
632 2018 1
633 135 1
633 254 1
633 274 1
633 369 1
633 514 1
633 1067 1
633 1080 1
633 1519 1
633 1547 1
633 1832 1
633 1923 1
634 223 1
634 278 1
634 320 1
634 372 1
634 394 1
634 404 1
634 566 1
634 683 1
634 927 1
634 1686 1
634 1805 1
634 1892 1
635 534 1
635 713 1
635 1279 1
635 1501 1
635 1603 1
635 1675 1
635 1811 1
636 129 1
636 159 1
636 596 1
636 1265 1
636 1327 1
636 1636 1
636 1664 1
636 1757 1
637 72 1
637 101 1
637 585 1
637 618 1
637 621 1
637 2044 1
638 157 1
638 218 1
638 435 1
638 1447 1
639 286 1
639 526 1
639 920 1
639 1576 1
640 142 1
640 455 1
642 253 1
642 292 1
643 8 1
643 136 1
643 192 1
643 206 1
643 334 1
643 358 1
643 522 1
643 718 1
643 722 1
643 743 1
643 967 1
643 1201 1
643 1454 1
644 172 1
644 337 1
644 374 1
644 426 1
644 431 1
644 484 1
644 499 1
644 707 1
644 961 1
644 1078 1
644 1142 1
644 1151 1
644 1169 1
644 1238 1
644 1350 1
644 1450 1
644 1575 1
644 1652 1
644 1670 1
645 220 1
645 256 1
645 257 1
645 490 1
645 554 1
645 647 1
645 662 1
645 790 1
645 873 1
645 1174 1
645 1345 1
645 1508 1
645 1598 1
645 1611 1
645 1619 1
645 1650 1
645 1714 1
645 1769 1
645 1879 1
645 1930 1
646 51 1
646 130 1
646 263 1
646 298 1
646 376 1
646 419 1
646 430 1
646 437 1
646 511 1
646 676 1
646 824 1
646 945 1
646 1039 1
646 1129 1
646 1173 1
646 1319 1
646 1457 1
646 1466 1
646 1542 1
646 1671 1
646 1734 1
646 1748 1
646 1861 1
646 2036 1
647 291 1
647 309 1
647 529 1
647 610 1
647 680 1
647 684 1
647 729 1
647 752 1
647 878 1
647 970 1
647 989 1
647 1011 1
647 1026 1
647 1216 1
647 1258 1
647 1396 1
647 1489 1
647 1534 1
647 1738 1
647 1771 1
647 1817 1
647 1840 1
647 1901 1
647 1936 1
647 2001 1
647 2041 1
648 77 1
648 93 1
648 207 1
648 469 1
648 479 1
648 816 1
648 830 1
648 888 1
648 991 1
648 1075 1
648 1131 1
648 1189 1
648 1320 1
648 1461 1
648 1580 1
648 1701 1
648 1775 1
649 24 1
649 279 1
649 491 1
649 521 1
649 753 1
649 763 1
649 833 1
649 881 1
649 895 1
649 1126 1
649 1222 1
649 1572 1
649 1626 1
649 1639 1
649 2007 1
650 123 1
650 620 1
650 637 1
650 748 1
650 765 1
650 1152 1
650 1273 1
650 1458 1
650 1540 1
650 1557 1
650 1651 1
650 1685 1
650 1689 1
650 1842 1
651 46 1
651 53 1
651 57 1
651 80 1
651 117 1
651 418 1
651 1537 1
652 2 1
652 446 1
652 695 1
652 721 1
653 52 1
653 69 1
653 215 1
653 634 1
653 815 1
653 942 1
653 955 1
653 993 1
653 1372 1
653 1665 1
654 671 1
654 751 1
654 1583 1
654 1585 1
655 46 1
655 1050 1
656 60 1
656 265 1
656 466 1
656 964 1
656 1991 1
658 316 1
658 397 1
658 861 1
658 1526 1
658 1950 1
659 95 1
659 574 1
659 866 1
659 903 1
659 1117 1
659 1168 1
659 1248 1
660 43 1
660 54 1
660 167 1
660 396 1
660 516 1
660 517 1
660 740 1
660 857 1
660 907 1
660 998 1
660 1364 1
660 1393 1
660 1662 1
660 1727 1
660 1994 1
660 1998 1
660 2008 1
661 62 1
661 81 1
661 108 1
661 148 1
661 149 1
661 249 1
661 310 1
661 322 1
661 349 1
661 619 1
661 956 1
661 1042 1
661 1164 1
661 1243 1
661 1247 1
661 1294 1
661 1596 1
661 1620 1
661 1624 1
661 1806 1
661 1868 1
662 174 1
662 260 1
662 324 1
662 373 1
662 389 1
662 616 1
662 635 1
662 658 1
662 687 1
662 778 1
662 823 1
662 871 1
662 938 1
662 1087 1
662 1088 1
662 1143 1
662 1212 1
662 1459 1
662 1512 1
662 1617 1
662 1623 1
662 1787 1
662 1845 1
662 1939 1
662 2032 1
663 52 1
663 210 1
663 293 1
663 304 1
663 412 1
663 429 1
663 436 1
663 497 1
663 520 1
663 670 1
663 792 1
663 817 1
663 852 1
663 976 1
663 1084 1
663 1094 1
663 1124 1
663 1192 1
663 1525 1
663 1579 1
663 1581 1
663 1607 1
663 1687 1
663 1794 1
663 1847 1
664 72 1
664 73 1
664 170 1
664 281 1
664 303 1
664 326 1
664 546 1
664 549 1
664 588 1
664 636 1
664 963 1
664 1009 1
664 1290 1
664 1355 1
664 1437 1
664 1448 1
664 1582 1
664 1750 1
664 1958 1
665 44 1
665 63 1
665 77 1
665 131 1
665 237 1
665 285 1
665 330 1
665 341 1
665 503 1
665 640 1
665 678 1
665 694 1
665 777 1
665 882 1
665 949 1
665 1206 1
665 1480 1
665 1725 1
665 1925 1
665 1965 1
666 33 1
666 49 1
666 59 1
666 255 1
666 299 1
666 535 1
666 576 1
666 625 1
666 754 1
666 911 1
666 953 1
666 1281 1
666 1374 1
666 1499 1
666 1638 1
666 1657 1
666 1975 1
667 66 1
667 388 1
667 553 1
667 1062 1
667 1071 1
667 1896 1
668 43 1
668 64 1
668 133 1
668 307 1
668 1159 1
668 1786 1
668 2003 1
669 506 1
669 1985 1
669 2038 1
670 614 1
670 1054 1
670 1301 1
670 1850 1
671 764 1
671 1007 1
672 770 1
672 787 1
673 56 1
673 78 1
673 727 1
673 1346 1
673 1570 1
674 73 1
674 143 1
674 1000 1
674 1797 1
674 1992 1
674 2017 1
675 64 1
675 669 1
675 1391 1
675 1403 1
675 1520 1
675 1694 1
675 1703 1
675 1742 1
676 194 1
676 234 1
676 703 1
676 759 1
676 821 1
676 1077 1
676 1110 1
676 1333 1
676 1606 1
676 1830 1
677 23 1
677 56 1
677 69 1
677 92 1
677 97 1
677 160 1
677 398 1
677 420 1
677 540 1
677 653 1
677 685 1
677 693 1
677 725 1
677 758 1
677 818 1
677 827 1
677 851 1
677 880 1
677 921 1
677 932 1
677 1308 1
677 1399 1
677 1422 1
677 1511 1
677 1513 1
677 1594 1
677 1629 1
677 1917 1
677 1940 1
678 48 1
678 73 1
678 113 1
678 115 1
678 212 1
678 474 1
678 661 1
678 709 1
678 745 1
678 802 1
678 865 1
678 931 1
678 1004 1
678 1195 1
678 1348 1
678 1376 1
678 1383 1
678 1465 1
678 1472 1
678 1479 1
678 1684 1
678 1740 1
678 1761 1
678 1800 1
678 1825 1
678 1836 1
678 1898 1
678 1935 1
679 35 1
679 47 1
679 181 1
679 387 1
679 410 1
679 452 1
679 504 1
679 705 1
679 712 1
679 756 1
679 939 1
679 1153 1
679 1167 1
679 1183 1
679 1208 1
679 1266 1
679 1356 1
679 1385 1
679 1389 1
679 1409 1
679 1432 1
679 1563 1
679 1608 1
679 1663 1
679 1705 1
679 1712 1
679 1779 1
679 1848 1
680 17 1
680 50 1
680 70 1
680 166 1
680 171 1
680 231 1
680 283 1
680 368 1
680 641 1
680 774 1
680 783 1
680 793 1
680 826 1
680 896 1
680 1103 1
680 1224 1
680 1229 1
680 1278 1
680 1328 1
680 1370 1
680 1405 1
680 1431 1
680 1442 1
680 1481 1
680 1692 1
680 1693 1
680 1859 1
680 1888 1
680 1983 1
681 68 1
681 91 1
681 569 1
681 633 1
681 897 1
681 1115 1
681 1177 1
681 1210 1
681 1297 1
681 1473 1
681 1527 1
681 1643 1
681 1968 1
682 43 1
682 46 1
682 162 1
682 677 1
682 682 1
682 782 1
682 1338 1
682 1615 1
682 1660 1
682 1697 1
682 1846 1
682 1909 1
683 56 1
683 76 1
683 77 1
683 161 1
683 214 1
683 558 1
683 1109 1
683 1587 1
683 1990 1
683 2042 1
684 43 1
684 280 1
684 331 1
684 1408 1
684 1421 1
684 1486 1
684 1492 1
684 1723 1
684 1785 1
684 1945 1
685 622 1
685 1022 1
685 1165 1
685 1891 1
685 1926 1
686 79 1
686 217 1
687 28 1
687 350 1
687 801 1
687 891 1
687 1659 1
688 12 1
688 58 1
688 61 1
688 64 1
688 1001 1
689 64 1
689 94 1
689 776 1
690 73 1
690 201 1
690 385 1
691 62 1
691 86 1
691 595 1
691 844 1
691 1202 1
691 2011 1
692 73 1
692 144 1
692 353 1
692 508 1
692 560 1
692 666 1
692 710 1
692 936 1
692 1315 1
692 1342 1
692 1752 1
692 1767 1
693 79 1
693 587 1
693 606 1
693 724 1
693 969 1
693 1125 1
693 1140 1
693 1504 1
693 1567 1
693 1590 1
693 1698 1
693 1838 1
693 1839 1
693 1919 1
693 1973 1
693 2010 1
694 103 1
694 169 1
694 233 1
694 400 1
694 423 1
694 457 1
694 524 1
694 771 1
694 950 1
694 1019 1
694 1130 1
694 1149 1
694 1264 1
694 1387 1
694 1605 1
694 1610 1
694 1792 1
694 1866 1
694 1906 1
695 54 1
695 67 1
695 75 1
695 190 1
695 311 1
695 318 1
695 489 1
695 667 1
695 673 1
695 690 1
695 719 1
695 807 1
695 908 1
695 922 1
695 954 1
695 997 1
695 1031 1
695 1045 1
695 1134 1
695 1182 1
695 1218 1
695 1304 1
695 1313 1
695 1777 1
695 1862 1
695 1929 1
696 193 1
696 242 1
696 362 1
696 401 1
696 438 1
696 441 1
696 604 1
696 797 1
696 893 1
696 906 1
696 973 1
696 1148 1
696 1194 1
696 1244 1
696 1392 1
696 1464 1
696 1604 1
696 1726 1
696 1893 1
697 45 1
697 48 1
697 195 1
697 319 1
697 465 1
697 472 1
697 624 1
697 965 1
697 1002 1
697 1096 1
697 1155 1
697 1245 1
697 1395 1
697 1986 1
697 2015 1
697 2031 1
698 54 1
698 56 1
698 433 1
698 660 1
698 886 1
698 1108 1
698 1118 1
698 1160 1
698 1293 1
698 1359 1
698 1440 1
698 1477 1
698 1774 1
698 1976 1
699 42 1
699 43 1
699 146 1
699 825 1
699 889 1
699 917 1
699 1488 1
699 1647 1
699 1737 1
699 1883 1
699 1887 1
699 1915 1
699 1922 1
700 443 1
700 1196 1
700 1451 1
700 1484 1
700 1602 1
700 1674 1
700 1815 1
700 1819 1
700 1876 1
700 2033 1
701 44 1
701 77 1
701 468 1
701 1584 1
702 1186 1
702 1468 1
703 42 1
703 48 1
704 77 1
704 450 1
704 877 1
704 978 1
704 1287 1
704 1446 1
704 1654 1
704 1759 1
705 395 1
706 75 1
706 1351 1
706 1772 1
707 45 1
707 47 1
707 68 1
707 205 1
707 627 1
707 1251 1
708 54 1
708 74 1
708 76 1
708 81 1
708 261 1
708 262 1
708 380 1
708 411 1
708 1172 1
708 1275 1
708 1309 1
708 1339 1
708 1402 1
708 1417 1
708 1869 1
708 1967 1
709 47 1
709 52 1
709 203 1
709 428 1
709 495 1
709 565 1
709 586 1
709 1046 1
709 1138 1
709 1261 1
709 1533 1
709 1536 1
709 1731 1
710 60 1
710 83 1
710 121 1
710 124 1
710 226 1
710 250 1
710 377 1
710 434 1
710 597 1
710 655 1
710 714 1
710 760 1
710 781 1
710 828 1
710 901 1
710 975 1
710 1003 1
710 1013 1
710 1086 1
710 1474 1
710 1679 1
710 1790 1
710 1801 1
710 1932 1
710 1989 1
711 248 1
711 486 1
711 847 1
711 1027 1
711 1102 1
711 1306 1
711 1439 1
711 1561 1
711 1691 1
712 30 1
712 213 1
712 346 1
712 483 1
712 768 1
712 796 1
712 992 1
712 1250 1
712 1384 1
712 1423 1
712 1676 1
712 1700 1
712 1781 1
712 1946 1
712 2025 1
712 2037 1
713 1 1
713 36 1
713 125 1
713 296 1
713 333 1
713 451 1
713 648 1
713 717 1
713 741 1
713 766 1
713 812 1
713 876 1
713 1199 1
713 1221 1
713 1326 1
713 1560 1
713 1713 1
713 2027 1
714 110 1
714 762 1
714 905 1
714 912 1
714 1048 1
714 1156 1
714 1618 1
714 1655 1
715 916 1
715 918 1
715 1008 1
715 1132 1
715 1353 1
715 1415 1
715 1471 1
715 1539 1
715 1813 1
715 2029 1
716 120 1
716 937 1
716 1018 1
716 1515 1
717 54 1
717 65 1
717 71 1
717 76 1
717 365 1
717 1021 1
717 1113 1
717 1493 1
717 1553 1
717 1873 1
717 1886 1
717 1956 1
718 42 1
718 50 1
718 64 1
718 700 1
718 1669 1
719 53 1
719 76 1
719 81 1
719 275 1
719 1435 1
720 81 1
721 853 1
721 1535 1
722 1217 1
722 1246 1
722 1263 1
723 79 1
723 197 1
724 29 1
724 59 1
724 75 1
724 84 1
724 645 1
724 855 1
724 1302 1
724 1332 1
724 1476 1
724 1736 1
724 1972 1
725 230 1
725 564 1
725 696 1
725 738 1
725 809 1
725 1220 1
725 1231 1
725 1295 1
725 1453 1
725 1666 1
725 1955 1
726 16 1
726 177 1
726 345 1
726 347 1
726 583 1
726 611 1
726 785 1
726 840 1
726 842 1
726 1035 1
726 1083 1
726 1197 1
726 1236 1
726 1343 1
726 1494 1
726 1812 1
726 1889 1
726 2012 1
726 2026 1
727 40 1
727 77 1
727 140 1
727 239 1
727 515 1
727 532 1
727 630 1
727 1204 1
727 1286 1
727 1300 1
727 1414 1
727 1452 1
727 1500 1
727 1591 1
727 1644 1
727 1695 1
727 1758 1
727 1903 1
728 72 1
728 126 1
728 164 1
728 175 1
728 176 1
728 183 1
728 221 1
728 300 1
728 312 1
728 530 1
728 543 1
728 834 1
728 1133 1
728 1434 1
728 1497 1
728 1571 1
728 1721 1
728 1829 1
729 128 1
729 204 1
729 613 1
729 943 1
729 960 1
729 987 1
729 994 1
729 1135 1
729 1252 1
729 1255 1
729 1262 1
729 1288 1
729 1369 1
729 1373 1
729 1445 1
729 1462 1
729 1702 1
729 1747 1
729 1751 1
729 1818 1
729 1843 1
729 2014 1
730 390 1
730 505 1
730 1073 1
730 1522 1
731 54 1
731 76 1
731 109 1
731 178 1
731 581 1
731 879 1
731 913 1
731 1043 1
731 1100 1
731 1491 1
732 13 1
732 47 1
732 552 1
732 959 1
732 1068 1
732 1176 1
732 1352 1
733 417 1
733 632 1
733 806 1
733 972 1
733 1024 1
733 1724 1
734 65 1
734 69 1
734 72 1
734 364 1
735 47 1
735 69 1
735 608 1
735 668 1
735 1051 1
736 66 1
736 1881 1
737 57 1
737 462 1
737 527 1
738 44 1
738 68 1
738 81 1
738 313 1
738 1116 1
738 1814 1
739 10 1
739 76 1
739 79 1
739 321 1
739 359 1
739 518 1
739 859 1
739 1228 1
739 1292 1
739 1357 1
739 1523 1
739 1971 1
739 1981 1
740 15 1
740 46 1
740 102 1
740 447 1
740 837 1
740 988 1
740 1014 1
740 1254 1
740 1401 1
740 1616 1
740 1641 1
740 1653 1
740 1656 1
740 1732 1
741 64 1
741 104 1
741 107 1
741 165 1
741 413 1
741 453 1
741 464 1
741 652 1
741 664 1
741 811 1
741 864 1
741 885 1
741 944 1
741 980 1
741 1038 1
741 1097 1
741 1298 1
741 1367 1
741 1460 1
741 1469 1
741 1568 1
741 2006 1
742 31 1
742 82 1
742 180 1
742 463 1
742 475 1
742 536 1
742 537 1
742 557 1
742 579 1
742 650 1
742 708 1
742 786 1
742 858 1
742 890 1
742 1107 1
742 1147 1
742 1150 1
742 1213 1
742 1363 1
742 1404 1
742 1487 1
742 1696 1
742 1745 1
742 1776 1
742 1789 1
742 1979 1
742 2002 1
742 2004 1
743 50 1
743 87 1
743 173 1
743 742 1
743 899 1
743 971 1
743 986 1
743 1092 1
743 1093 1
743 1241 1
743 1340 1
743 1360 1
743 1478 1
743 1633 1
743 1658 1
743 1683 1
743 1870 1
743 1911 1
743 1912 1
743 2000 1
743 2013 1
744 62 1
744 229 1
744 269 1
744 384 1
744 775 1
744 845 1
744 883 1
744 962 1
744 983 1
744 1020 1
744 1114 1
744 1240 1
744 1337 1
744 1427 1
744 1595 1
744 1793 1
744 1799 1
745 99 1
745 100 1
745 196 1
745 240 1
745 407 1
745 571 1
745 582 1
745 659 1
745 697 1
745 1017 1
745 1061 1
745 1305 1
745 1441 1
745 1495 1
745 1532 1
745 1541 1
745 1569 1
745 1600 1
745 1834 1
746 56 1
746 81 1
746 325 1
746 375 1
746 1180 1
746 1413 1
746 1706 1
746 1762 1
746 1765 1
746 1952 1
747 151 1
747 328 1
747 575 1
747 791 1
747 874 1
747 1215 1
747 1274 1
747 1307 1
747 1406 1
747 1531 1
747 1754 1
747 1865 1
747 1947 1
748 38 1
748 63 1
748 73 1
748 663 1
748 928 1
748 1424 1
748 1449 1
748 1566 1
749 51 1
749 90 1
749 189 1
749 405 1
749 732 1
749 799 1
749 1330 1
749 1354 1
749 1858 1
749 1964 1
750 421 1
750 761 1
750 875 1
750 1311 1
750 2048 0
