1 19 1
1 20 1
1 26 1
1 40 1
1 191 1
1 650 1
1 781 1
1 1147 1
1 1260 1
1 1584 1
1 1689 1
1 1751 1
1 1880 1
2 21 1
2 22 1
2 421 1
2 832 1
2 1012 1
2 1341 1
2 1545 1
2 1896 1
2 1899 1
3 11 1
3 428 1
3 464 1
3 831 1
3 1039 1
3 1648 1
3 1758 1
4 1 1
4 36 1
4 43 1
4 211 1
4 226 1
4 319 1
4 568 1
4 614 1
4 624 1
4 649 1
4 770 1
4 1011 1
4 1020 1
4 1270 1
4 1338 1
4 1348 1
4 1390 1
4 1582 1
4 1662 1
4 1684 1
4 1712 1
4 1741 1
4 1749 1
4 1815 1
4 1887 1
4 1983 1
5 28 1
5 37 1
5 142 1
5 232 1
5 233 1
5 277 1
5 482 1
5 593 1
5 699 1
5 747 1
5 907 1
5 952 1
5 1047 1
5 1240 1
5 1278 1
5 1281 1
5 1368 1
5 1668 1
5 1816 1
6 36 1
6 80 1
6 166 1
6 193 1
6 293 1
6 448 1
6 514 1
6 518 1
6 579 1
6 627 1
6 673 1
6 765 1
6 768 1
6 938 1
6 972 1
6 982 1
6 1079 1
6 1137 1
6 1294 1
6 1316 1
6 1325 1
6 1381 1
6 1568 1
6 1636 1
6 1698 1
6 1954 1
6 1961 1
6 2037 1
7 2 1
7 85 1
7 106 1
7 399 1
7 441 1
7 617 1
7 951 1
7 1171 1
7 1311 1
7 1393 1
7 1400 1
7 1757 1
8 143 1
8 408 1
8 594 1
8 782 1
8 895 1
8 914 1
8 964 1
8 1319 1
8 1525 1
8 1693 1
8 1810 1
8 1884 1
9 18 1
9 35 1
9 95 1
9 100 1
9 234 1
9 451 1
9 1022 1
9 1050 1
9 1102 1
9 1116 1
9 1259 1
9 1308 1
9 1837 1
10 65 1
10 300 1
10 583 1
10 634 1
10 871 1
10 970 1
10 1160 1
10 1428 1
10 1498 1
10 1714 1
10 1830 1
10 1874 1
10 1959 1
11 2 1
11 862 1
11 1073 1
11 1255 1
11 1397 1
11 1512 1
12 13 1
12 15 1
12 17 1
12 37 1
12 66 1
12 447 1
12 490 1
12 855 1
12 873 1
12 885 1
12 1952 1
13 11 1
13 15 1
13 27 1
13 746 1
13 1029 1
13 1852 1
13 1992 1
14 5 1
14 9 1
14 18 1
14 1131 1
14 1272 1
14 1292 1
14 1594 1
15 6 1
15 676 1
15 1297 1
15 1450 1
15 1489 1
15 1656 1
16 29 1
16 1127 1
16 1468 1
16 1657 1
16 1835 1
16 1886 1
16 1901 1
16 2045 1
17 657 1
17 1099 1
17 1145 1
17 1247 1
17 1375 1
17 1396 1
17 1409 1
17 1895 1
18 18 1
18 34 1
18 60 1
18 71 1
18 102 1
18 116 1
18 246 1
18 392 1
18 440 1
18 494 1
18 498 1
18 591 1
18 608 1
18 661 1
18 697 1
18 837 1
18 1083 1
18 1105 1
18 1246 1
18 1250 1
18 1277 1
18 1410 1
18 1669 1
18 1898 1
18 1979 1
19 140 1
19 201 1
19 248 1
19 275 1
19 322 1
19 384 1
19 396 1
19 587 1
19 679 1
19 696 1
19 743 1
19 789 1
19 838 1
19 909 1
19 923 1
19 968 1
19 969 1
19 1035 1
19 1052 1
19 1178 1
19 1190 1
19 1249 1
19 1274 1
19 1293 1
19 1296 1
19 1371 1
19 1477 1
19 1500 1
19 1522 1
19 1645 1
19 1650 1
19 1652 1
19 1680 1
19 1764 1
19 1778 1
19 1798 1
19 1866 1
19 1872 1
19 2008 1
20 14 1
20 16 1
20 112 1
20 171 1
20 187 1
20 245 1
20 255 1
20 279 1
20 305 1
20 456 1
20 521 1
20 536 1
20 605 1
20 632 1
20 670 1
20 682 1
20 695 1
20 722 1
20 801 1
20 822 1
20 843 1
20 859 1
20 869 1
20 881 1
20 899 1
20 945 1
20 949 1
20 1013 1
20 1075 1
20 1080 1
20 1090 1
20 1092 1
20 1097 1
20 1100 1
20 1150 1
20 1328 1
20 1351 1
20 1353 1
20 1366 1
20 1417 1
20 1419 1
20 1435 1
20 1446 1
20 1449 1
20 1476 1
20 1506 1
20 1528 1
20 1531 1
20 1673 1
20 1766 1
20 1811 1
20 2039 1
20 2041 1
21 94 1
21 111 1
21 134 1
21 154 1
21 169 1
21 178 1
21 180 1
21 202 1
21 259 1
21 265 1
21 285 1
21 309 1
21 333 1
21 340 1
21 348 1
21 374 1
21 409 1
21 418 1
21 452 1
21 500 1
21 539 1
21 542 1
21 543 1
21 567 1
21 685 1
21 689 1
21 691 1
21 830 1
21 894 1
21 929 1
21 977 1
21 1024 1
21 1123 1
21 1133 1
21 1176 1
21 1315 1
21 1355 1
21 1380 1
21 1383 1
21 1395 1
21 1434 1
21 1519 1
21 1548 1
21 1607 1
21 1641 1
21 1671 1
21 1738 1
21 1809 1
21 1882 1
21 1907 1
21 1908 1
21 1985 1
21 2035 1
22 33 1
22 45 1
22 91 1
22 92 1
22 137 1
22 161 1
22 164 1
22 186 1
22 304 1
22 389 1
22 407 1
22 474 1
22 544 1
22 588 1
22 659 1
22 684 1
22 701 1
22 748 1
22 794 1
22 814 1
22 823 1
22 897 1
22 985 1
22 1026 1
22 1071 1
22 1146 1
22 1151 1
22 1169 1
22 1323 1
22 1329 1
22 1431 1
22 1439 1
22 1473 1
22 1520 1
22 1557 1
22 1606 1
22 1634 1
22 1706 1
22 1724 1
22 1750 1
22 1855 1
22 1894 1
22 2027 1
22 2036 1
23 98 1
23 133 1
23 162 1
23 203 1
23 207 1
23 229 1
23 236 1
23 299 1
23 377 1
23 380 1
23 459 1
23 488 1
23 513 1
23 535 1
23 558 1
23 565 1
23 566 1
23 652 1
23 727 1
23 776 1
23 806 1
23 829 1
23 866 1
23 867 1
23 903 1
23 928 1
23 930 1
23 1088 1
23 1115 1
23 1170 1
23 1204 1
23 1231 1
23 1242 1
23 1343 1
23 1356 1
23 1412 1
23 1542 1
23 1558 1
23 1567 1
23 1586 1
23 1604 1
23 1605 1
23 1623 1
23 1717 1
23 1740 1
23 1747 1
23 1763 1
23 1929 1
23 1978 1
23 2028 1
24 86 1
24 222 1
24 231 1
24 320 1
24 330 1
24 361 1
24 385 1
24 455 1
24 461 1
24 528 1
24 554 1
24 586 1
24 618 1
24 653 1
24 704 1
24 754 1
24 759 1
24 887 1
24 890 1
24 898 1
24 953 1
24 1042 1
24 1060 1
24 1148 1
24 1168 1
24 1183 1
24 1262 1
24 1290 1
24 1370 1
24 1432 1
24 1454 1
24 1523 1
24 1544 1
24 1560 1
24 1589 1
24 1626 1
24 1670 1
24 1801 1
24 1928 1
24 1943 1
24 1969 1
24 2018 1
25 9 1
25 17 1
25 19 1
25 264 1
25 352 1
25 400 1
25 619 1
25 716 1
25 987 1
25 1054 1
25 1069 1
25 1122 1
25 1289 1
25 1326 1
25 1469 1
25 1630 1
25 1702 1
25 1727 1
25 1819 1
25 1946 1
25 2043 1
25 2044 1
26 1 1
26 13 1
26 157 1
26 213 1
26 290 1
26 302 1
26 318 1
26 329 1
26 453 1
26 477 1
26 620 1
26 694 1
26 741 1
26 845 1
26 850 1
26 910 1
26 1098 1
26 1342 1
26 1483 1
26 1491 1
26 1569 1
26 1629 1
26 1731 1
27 7 1
27 96 1
27 114 1
27 209 1
27 253 1
27 395 1
27 417 1
27 540 1
27 646 1
27 880 1
27 884 1
27 924 1
27 1016 1
27 1045 1
27 1174 1
27 1453 1
27 1456 1
27 1704 1
27 1879 1
28 139 1
28 469 1
28 478 1
28 625 1
28 918 1
28 1003 1
28 1017 1
28 1107 1
28 1537 1
28 1546 1
28 1601 1
28 1647 1
28 1708 1
28 1836 1
28 1905 1
29 25 1
29 28 1
29 34 1
29 592 1
29 1114 1
29 1162 1
29 1331 1
29 1524 1
30 11 1
30 68 1
30 381 1
30 980 1
30 1327 1
30 1481 1
30 1610 1
30 1917 1
30 2006 1
31 129 1
31 200 1
31 426 1
31 485 1
31 615 1
31 818 1
31 1189 1
31 1227 1
31 1279 1
31 1592 1
31 1951 1
32 41 1
32 546 1
32 656 1
32 702 1
32 774 1
32 1317 1
32 1677 1
32 1813 1
32 1850 1
33 26 1
33 149 1
33 251 1
33 358 1
33 516 1
33 812 1
33 836 1
33 905 1
33 1378 1
33 1579 1
33 1685 1
33 1710 1
33 1804 1
33 1827 1
33 1863 1
33 1956 1
34 11 1
34 14 1
34 38 1
34 172 1
34 173 1
34 195 1
34 220 1
34 412 1
34 545 1
34 580 1
34 597 1
34 735 1
34 841 1
34 940 1
34 1268 1
34 1465 1
34 1611 1
34 1638 1
34 1691 1
34 1735 1
34 1795 1
34 2005 1
34 2042 1
35 6 1
35 8 1
35 12 1
35 97 1
35 132 1
35 152 1
35 155 1
35 182 1
35 189 1
35 366 1
35 371 1
35 390 1
35 410 1
35 415 1
35 439 1
35 492 1
35 570 1
35 666 1
35 677 1
35 736 1
35 745 1
35 842 1
35 847 1
35 993 1
35 1010 1
35 1081 1
35 1094 1
35 1164 1
35 1202 1
35 1224 1
35 1225 1
35 1228 1
35 1241 1
35 1288 1
35 1376 1
35 1441 1
35 1497 1
35 1518 1
35 1581 1
35 1639 1
35 1643 1
35 1665 1
35 1722 1
35 1743 1
35 1744 1
35 1769 1
35 1828 1
35 1840 1
35 1845 1
35 1891 1
35 1900 1
35 1909 1
35 1940 1
35 2024 1
35 2031 1
36 5 1
36 13 1
36 23 1
36 26 1
36 39 1
36 56 1
36 58 1
36 59 1
36 64 1
36 69 1
36 77 1
36 82 1
36 87 1
36 99 1
36 141 1
36 146 1
36 167 1
36 170 1
36 205 1
36 256 1
36 303 1
36 308 1
36 327 1
36 342 1
36 347 1
36 354 1
36 388 1
36 405 1
36 424 1
36 443 1
36 458 1
36 463 1
36 479 1
36 502 1
36 524 1
36 525 1
36 541 1
36 596 1
36 609 1
36 683 1
36 726 1
36 744 1
36 750 1
36 755 1
36 778 1
36 780 1
36 805 1
36 854 1
36 861 1
36 868 1
36 870 1
36 911 1
36 946 1
36 967 1
36 974 1
36 1005 1
36 1006 1
36 1008 1
36 1032 1
36 1057 1
36 1173 1
36 1182 1
36 1198 1
36 1205 1
36 1218 1
36 1222 1
36 1223 1
36 1232 1
36 1234 1
36 1239 1
36 1256 1
36 1332 1
36 1365 1
36 1391 1
36 1416 1
36 1460 1
36 1499 1
36 1516 1
36 1541 1
36 1555 1
36 1577 1
36 1590 1
36 1625 1
36 1713 1
36 1718 1
36 1723 1
36 1770 1
36 1771 1
36 1779 1
36 1800 1
36 1831 1
36 1868 1
36 1897 1
36 1932 1
36 1953 1
36 2003 1
37 4 1
37 17 1
37 46 1
37 74 1
37 75 1
37 120 1
37 192 1
37 214 1
37 216 1
37 224 1
37 242 1
37 244 1
37 261 1
37 343 1
37 376 1
37 432 1
37 433 1
37 465 1
37 467 1
37 476 1
37 480 1
37 481 1
37 493 1
37 499 1
37 505 1
37 512 1
37 517 1
37 527 1
37 533 1
37 563 1
37 575 1
37 578 1
37 604 1
37 655 1
37 658 1
37 663 1
37 681 1
37 698 1
37 700 1
37 725 1
37 742 1
37 756 1
37 763 1
37 790 1
37 795 1
37 798 1
37 816 1
37 834 1
37 891 1
37 927 1
37 936 1
37 939 1
37 975 1
37 988 1
37 1086 1
37 1104 1
37 1108 1
37 1111 1
37 1156 1
37 1157 1
37 1180 1
37 1336 1
37 1339 1
37 1344 1
37 1382 1
37 1404 1
37 1407 1
37 1413 1
37 1466 1
37 1502 1
37 1503 1
37 1505 1
37 1517 1
37 1580 1
37 1599 1
37 1603 1
37 1627 1
37 1683 1
37 1692 1
37 1732 1
37 1832 1
37 1834 1
37 1846 1
37 1859 1
37 1867 1
37 1875 1
37 1877 1
37 1883 1
37 1889 1
37 1890 1
37 1921 1
37 1924 1
37 1927 1
37 1931 1
37 1998 1
37 2000 1
37 2009 1
37 2023 1
38 5 1
38 21 1
38 54 1
38 83 1
38 104 1
38 115 1
38 151 1
38 156 1
38 183 1
38 218 1
38 228 1
38 240 1
38 294 1
38 315 1
38 321 1
38 335 1
38 393 1
38 402 1
38 462 1
38 468 1
38 497 1
38 529 1
38 569 1
38 577 1
38 639 1
38 643 1
38 672 1
38 692 1
38 713 1
38 721 1
38 769 1
38 793 1
38 799 1
38 802 1
38 833 1
38 844 1
38 853 1
38 865 1
38 886 1
38 892 1
38 904 1
38 917 1
38 921 1
38 935 1
38 981 1
38 1001 1
38 1004 1
38 1021 1
38 1031 1
38 1061 1
38 1063 1
38 1109 1
38 1113 1
38 1129 1
38 1140 1
38 1149 1
38 1163 1
38 1172 1
38 1197 1
38 1201 1
38 1207 1
38 1213 1
38 1216 1
38 1263 1
38 1266 1
38 1324 1
38 1333 1
38 1335 1
38 1359 1
38 1362 1
38 1367 1
38 1394 1
38 1411 1
38 1420 1
38 1422 1
38 1423 1
38 1438 1
38 1458 1
38 1464 1
38 1484 1
38 1488 1
38 1588 1
38 1593 1
38 1613 1
38 1615 1
38 1637 1
38 1719 1
38 1726 1
38 1729 1
38 1745 1
38 1776 1
38 1783 1
38 1818 1
38 1824 1
38 1838 1
38 1856 1
38 1857 1
38 1933 1
38 1955 1
38 1981 1
38 1990 1
38 1997 1
38 2012 1
39 41 1
39 42 1
39 121 1
39 168 1
39 221 1
39 247 1
39 258 1
39 267 1
39 317 1
39 323 1
39 332 1
39 359 1
39 383 1
39 386 1
39 403 1
39 495 1
39 519 1
39 534 1
39 547 1
39 556 1
39 599 1
39 645 1
39 762 1
39 771 1
39 809 1
39 810 1
39 856 1
39 916 1
39 925 1
39 973 1
39 1023 1
39 1041 1
39 1072 1
39 1076 1
39 1095 1
39 1159 1
39 1199 1
39 1229 1
39 1245 1
39 1253 1
39 1298 1
39 1321 1
39 1345 1
39 1350 1
39 1379 1
39 1429 1
39 1430 1
39 1436 1
39 1474 1
39 1485 1
39 1494 1
39 1496 1
39 1507 1
39 1510 1
39 1553 1
39 1574 1
39 1576 1
39 1587 1
39 1596 1
39 1715 1
39 1742 1
39 1777 1
39 1797 1
39 1799 1
39 1870 1
39 1878 1
39 1948 1
39 1950 1
39 1958 1
39 1975 1
39 1991 1
39 2017 1
39 2025 1
39 2030 1
39 2040 1
40 72 1
40 73 1
40 88 1
40 128 1
40 270 1
40 288 1
40 295 1
40 307 1
40 337 1
40 350 1
40 520 1
40 553 1
40 584 1
40 669 1
40 678 1
40 708 1
40 788 1
40 803 1
40 804 1
40 819 1
40 826 1
40 827 1
40 888 1
40 933 1
40 961 1
40 979 1
40 996 1
40 1103 1
40 1158 1
40 1167 1
40 1177 1
40 1187 1
40 1215 1
40 1284 1
40 1463 1
40 1492 1
40 1538 1
40 1556 1
40 1563 1
40 1565 1
40 1572 1
40 1585 1
40 1617 1
40 1628 1
40 1682 1
40 1694 1
40 1734 1
40 1772 1
40 1829 1
40 1918 1
40 1964 1
40 1966 1
40 1976 1
40 1982 1
40 1984 1
40 1987 1
40 2010 1
41 52 1
41 174 1
41 237 1
41 238 1
41 379 1
41 434 1
41 446 1
41 523 1
41 642 1
41 705 1
41 738 1
41 772 1
41 915 1
41 1000 1
41 1040 1
41 1043 1
41 1066 1
41 1119 1
41 1125 1
41 1188 1
41 1194 1
41 1254 1
41 1307 1
41 1354 1
41 1374 1
41 1387 1
41 1398 1
41 1482 1
41 1490 1
41 1529 1
41 1530 1
41 1570 1
41 1575 1
41 1600 1
41 1612 1
41 1651 1
41 1762 1
41 1871 1
41 1888 1
41 1904 1
41 1938 1
41 1995 1
41 2002 1
42 61 1
42 148 1
42 163 1
42 281 1
42 473 1
42 515 1
42 581 1
42 607 1
42 629 1
42 688 1
42 813 1
42 872 1
42 947 1
42 962 1
42 991 1
42 1019 1
42 1120 1
42 1185 1
42 1361 1
42 1467 1
42 1591 1
42 1620 1
42 1774 1
42 1941 1
42 1965 1
43 181 1
43 188 1
43 190 1
43 230 1
43 414 1
43 644 1
43 963 1
43 1118 1
43 1219 1
43 1346 1
43 1405 1
43 1487 1
43 1508 1
43 1566 1
43 1666 1
43 1703 1
43 1705 1
43 1711 1
43 1906 1
43 1963 1
44 3 1
44 16 1
44 26 1
44 47 1
44 55 1
44 145 1
44 470 1
44 549 1
44 984 1
44 1034 1
44 1238 1
44 1275 1
44 1415 1
44 1447 1
44 1945 1
44 2032 1
45 38 1
45 363 1
45 431 1
45 740 1
45 901 1
45 1101 1
45 1110 1
45 1166 1
45 1186 1
45 1389 1
45 1452 1
45 1788 1
46 2 1
46 19 1
46 276 1
46 328 1
46 496 1
46 600 1
46 651 1
46 893 1
46 1209 1
46 1276 1
46 1509 1
46 1535 1
46 1549 1
46 1796 1
47 7 1
47 105 1
47 225 1
47 413 1
47 422 1
47 687 1
47 983 1
47 1511 1
47 1653 1
47 1661 1
48 7 1
48 13 1
48 324 1
48 356 1
48 475 1
48 552 1
48 635 1
48 908 1
48 1077 1
48 1602 1
48 1787 1
48 2020 1
49 13 1
49 127 1
49 382 1
49 387 1
49 445 1
49 506 1
49 572 1
49 582 1
49 724 1
49 728 1
49 1007 1
49 1078 1
49 1091 1
49 1134 1
49 1155 1
49 1451 1
49 1807 1
49 1848 1
49 1957 1
49 2016 1
50 2 1
50 31 1
50 50 1
50 70 1
50 78 1
50 101 1
50 123 1
50 252 1
50 457 1
50 484 1
50 487 1
50 550 1
50 560 1
50 590 1
50 714 1
50 733 1
50 773 1
50 821 1
50 851 1
50 912 1
50 919 1
50 926 1
50 937 1
50 1036 1
50 1044 1
50 1049 1
50 1265 1
50 1309 1
50 1425 1
50 1472 1
50 1501 1
50 1551 1
50 1644 1
50 1676 1
50 1739 1
50 1746 1
50 1913 1
50 1919 1
50 1934 1
50 2038 1
51 23 1
51 57 1
51 63 1
51 93 1
51 153 1
51 159 1
51 175 1
51 185 1
51 263 1
51 334 1
51 341 1
51 351 1
51 372 1
51 373 1
51 391 1
51 436 1
51 466 1
51 501 1
51 626 1
51 636 1
51 648 1
51 712 1
51 737 1
51 758 1
51 775 1
51 808 1
51 889 1
51 902 1
51 934 1
51 971 1
51 1087 1
51 1096 1
51 1130 1
51 1135 1
51 1181 1
51 1236 1
51 1244 1
51 1248 1
51 1314 1
51 1318 1
51 1322 1
51 1330 1
51 1357 1
51 1373 1
51 1377 1
51 1386 1
51 1402 1
51 1421 1
51 1427 1
51 1448 1
51 1462 1
51 1470 1
51 1475 1
51 1536 1
51 1595 1
51 1609 1
51 1618 1
51 1624 1
51 1655 1
51 1695 1
51 1707 1
51 1720 1
51 1784 1
51 1786 1
51 1844 1
51 1849 1
51 1922 1
51 1999 1
51 2013 1
51 2021 1
51 2022 1
51 2029 1
52 51 1
52 62 1
52 67 1
52 135 1
52 179 1
52 194 1
52 198 1
52 199 1
52 206 1
52 257 1
52 268 1
52 269 1
52 271 1
52 331 1
52 353 1
52 367 1
52 369 1
52 406 1
52 416 1
52 425 1
52 437 1
52 450 1
52 471 1
52 504 1
52 508 1
52 530 1
52 531 1
52 532 1
52 562 1
52 571 1
52 603 1
52 611 1
52 630 1
52 675 1
52 680 1
52 693 1
52 707 1
52 710 1
52 766 1
52 796 1
52 800 1
52 820 1
52 839 1
52 840 1
52 846 1
52 849 1
52 874 1
52 882 1
52 883 1
52 906 1
52 913 1
52 941 1
52 955 1
52 959 1
52 1014 1
52 1027 1
52 1033 1
52 1048 1
52 1056 1
52 1067 1
52 1084 1
52 1126 1
52 1141 1
52 1142 1
52 1154 1
52 1211 1
52 1251 1
52 1252 1
52 1258 1
52 1291 1
52 1305 1
52 1313 1
52 1399 1
52 1408 1
52 1414 1
52 1437 1
52 1479 1
52 1533 1
52 1534 1
52 1539 1
52 1547 1
52 1550 1
52 1561 1
52 1562 1
52 1578 1
52 1614 1
52 1619 1
52 1658 1
52 1659 1
52 1664 1
52 1672 1
52 1679 1
52 1687 1
52 1721 1
52 1737 1
52 1756 1
52 1773 1
52 1789 1
52 1790 1
52 1792 1
52 1808 1
52 1821 1
52 1902 1
52 1935 1
52 1960 1
52 1962 1
52 1968 1
52 1971 1
52 1974 1
52 1993 1
52 2011 1
52 2019 1
52 2048 1
53 12 1
53 30 1
53 49 1
53 119 1
53 138 1
53 144 1
53 239 1
53 280 1
53 284 1
53 286 1
53 287 1
53 291 1
53 355 1
53 420 1
53 423 1
53 427 1
53 430 1
53 444 1
53 511 1
53 522 1
53 538 1
53 559 1
53 573 1
53 598 1
53 602 1
53 621 1
53 622 1
53 667 1
53 668 1
53 703 1
53 709 1
53 717 1
53 723 1
53 734 1
53 791 1
53 875 1
53 900 1
53 944 1
53 957 1
53 978 1
53 992 1
53 1059 1
53 1074 1
53 1089 1
53 1106 1
53 1143 1
53 1261 1
53 1264 1
53 1310 1
53 1312 1
53 1340 1
53 1358 1
53 1364 1
53 1384 1
53 1418 1
53 1433 1
53 1443 1
53 1478 1
53 1552 1
53 1554 1
53 1571 1
53 1635 1
53 1642 1
53 1700 1
53 1725 1
53 1733 1
53 1753 1
53 1754 1
53 1760 1
53 1782 1
53 1793 1
53 1825 1
53 1826 1
53 1842 1
53 1843 1
53 1853 1
53 1864 1
53 1876 1
53 1893 1
53 1910 1
53 1930 1
53 1973 1
53 1996 1
53 2014 1
53 2034 1
54 48 1
54 84 1
54 117 1
54 126 1
54 176 1
54 177 1
54 212 1
54 217 1
54 250 1
54 272 1
54 326 1
54 362 1
54 411 1
54 419 1
54 537 1
54 555 1
54 557 1
54 638 1
54 662 1
54 711 1
54 751 1
54 757 1
54 811 1
54 852 1
54 864 1
54 960 1
54 989 1
54 994 1
54 995 1
54 1030 1
54 1128 1
54 1153 1
54 1191 1
54 1195 1
54 1221 1
54 1283 1
54 1337 1
54 1385 1
54 1406 1
54 1480 1
54 1486 1
54 1493 1
54 1504 1
54 1513 1
54 1521 1
54 1631 1
54 1633 1
54 1748 1
54 1755 1
54 1780 1
54 1841 1
54 1851 1
54 1892 1
54 1915 1
54 1916 1
54 1925 1
54 1939 1
54 1994 1
55 10 1
55 25 1
55 122 1
55 124 1
55 215 1
55 235 1
55 273 1
55 336 1
55 339 1
55 360 1
55 438 1
55 442 1
55 664 1
55 719 1
55 828 1
55 848 1
55 876 1
55 879 1
55 943 1
55 1053 1
55 1070 1
55 1112 1
55 1179 1
55 1196 1
55 1214 1
55 1217 1
55 1237 1
55 1282 1
55 1286 1
55 1363 1
55 1495 1
55 1515 1
55 1608 1
55 1696 1
55 1761 1
55 1803 1
55 1814 1
55 1860 1
55 1972 1
55 2015 1
55 2033 1
56 2 1
56 12 1
56 22 1
56 23 1
56 79 1
56 262 1
56 314 1
56 454 1
56 489 1
56 564 1
56 628 1
56 764 1
56 825 1
56 1085 1
56 1121 1
56 1175 1
56 1854 1
56 1869 1
56 1912 1
56 2004 1
57 19 1
57 39 1
57 40 1
57 107 1
57 266 1
57 311 1
57 345 1
57 368 1
57 640 1
57 686 1
57 920 1
57 932 1
57 1937 1
57 1977 1
58 370 1
58 397 1
58 507 1
58 718 1
58 1015 1
58 1028 1
58 1220 1
58 1334 1
58 1455 1
58 1767 1
58 1833 1
59 25 1
60 197 1
60 486 1
60 948 1
60 1820 1
61 1 1
61 19 1
61 349 1
61 739 1
61 950 1
61 1730 1
61 1794 1
62 32 1
62 589 1
62 1065 1
62 1165 1
62 1885 1
63 34 1
63 150 1
63 282 1
63 824 1
63 1093 1
63 1273 1
63 1369 1
63 1564 1
64 21 1
64 548 1
64 616 1
64 641 1
64 654 1
64 665 1
64 760 1
64 1791 1
64 2007 1
64 2047 1
65 6 1
65 19 1
65 165 1
65 297 1
65 394 1
65 401 1
65 783 1
65 785 1
65 954 1
65 1271 1
65 1426 1
65 1621 1
65 1660 1
65 1663 1
65 1839 1
65 1942 1
66 472 1
66 526 1
66 731 1
66 807 1
66 1046 1
66 1055 1
66 1117 1
66 1306 1
66 1471 1
66 2001 1
67 30 1
67 1037 1
67 1424 1
68 21 1
69 1304 1
70 41 1
70 289 1
70 1440 1
71 1640 1
72 3 1
72 1457 1
74 136 1
75 29 1
76 6 1
76 24 1
76 37 1
80 7 1
80 13 1
80 15 1
80 34 1
80 39 1
81 36 1
84 10 1
85 24 1
85 35 1
86 37 1
91 34 1
92 30 1
93 15 1
93 19 1
93 20 1
94 11 1
94 19 1
94 28 1
94 364 1
95 1674 1
96 11 1
96 41 1
96 982 1
96 1573 1
97 649 1
97 674 1
97 1272 1
97 1861 1
98 871 1
99 11 1
99 301 1
99 1366 1
100 1944 1
101 1152 1
102 14 1
102 34 1
102 260 1
102 1025 1
104 15 1
104 21 1
104 30 1
104 39 1
104 184 1
104 860 1
104 1914 1
105 298 1
105 447 1
105 613 1
105 1139 1
105 1360 1
105 1706 1
105 1855 1
105 1895 1
106 1 1
106 227 1
106 469 1
106 505 1
106 691 1
106 815 1
106 914 1
106 976 1
106 1079 1
106 1338 1
106 1449 1
106 1527 1
106 1648 1
106 1813 1
106 1823 1
107 20 1
107 35 1
107 455 1
107 459 1
107 918 1
107 985 1
107 997 1
107 1233 1
107 1259 1
107 1288 1
107 1300 1
107 1302 1
107 1540 1
107 1583 1
107 1626 1
107 1719 1
107 1952 1
107 2041 1
108 14 1
108 25 1
108 35 1
108 37 1
108 279 1
108 330 1
108 346 1
108 415 1
108 456 1
108 615 1
108 794 1
108 804 1
108 884 1
108 1090 1
108 1102 1
108 1132 1
108 1180 1
108 1203 1
108 1371 1
108 1416 1
108 1450 1
108 1555 1
108 1652 1
108 1686 1
108 1728 1
108 1775 1
108 1934 1
108 2045 1
109 32 1
109 33 1
109 116 1
109 302 1
109 376 1
109 481 1
109 768 1
109 858 1
109 1009 1
109 1022 1
109 1100 1
109 1124 1
109 1301 1
109 1458 1
109 1528 1
109 1606 1
109 1688 1
109 1954 1
109 2012 1
110 111 1
110 249 1
110 523 1
110 539 1
110 720 1
110 792 1
110 970 1
110 993 1
110 1011 1
110 1018 1
110 1138 1
110 1320 1
110 1667 1
110 1815 1
110 1878 1
110 1887 1
110 1928 1
110 1933 1
111 14 1
111 15 1
111 325 1
111 365 1
111 385 1
111 396 1
111 412 1
111 453 1
111 1151 1
111 1239 1
111 1395 1
111 1396 1
111 1811 1
111 1980 1
111 1985 1
112 89 1
112 242 1
112 897 1
112 1060 1
112 1123 1
112 1137 1
112 1361 1
112 1531 1
112 1650 1
112 1844 1
113 231 1
113 247 1
113 656 1
113 1061 1
113 1107 1
113 1467 1
113 1857 1
113 1903 1
114 761 1
114 877 1
114 1122 1
114 1884 1
115 7 1
116 1243 1
117 30 1
117 857 1
117 1058 1
117 1812 1
118 16 1
118 18 1
118 490 1
118 1989 1
119 40 1
119 161 1
119 399 1
119 561 1
119 1192 1
119 1270 1
119 1768 1
119 1949 1
120 313 1
120 344 1
120 787 1
120 986 1
120 1020 1
120 1403 1
121 192 1
121 208 1
121 234 1
121 274 1
121 576 1
121 786 1
121 878 1
121 1062 1
121 1193 1
121 1329 1
121 1598 1
121 1881 1
122 32 1
122 109 1
122 147 1
122 196 1
122 210 1
122 254 1
122 278 1
122 378 1
122 384 1
122 593 1
122 619 1
122 779 1
122 831 1
122 881 1
122 942 1
122 972 1
122 1206 1
122 1280 1
122 1287 1
122 1299 1
122 1303 1
122 1349 1
122 1400 1
122 1435 1
122 1584 1
122 1712 1
122 1724 1
122 1749 1
122 1809 1
122 1822 1
123 11 1
123 90 1
123 131 1
123 139 1
123 142 1
123 154 1
123 201 1
123 338 1
123 404 1
123 429 1
123 449 1
123 482 1
123 612 1
123 671 1
123 685 1
123 704 1
123 754 1
123 765 1
123 910 1
123 956 1
123 1038 1
123 1050 1
123 1052 1
123 1071 1
123 1224 1
123 1231 1
123 1331 1
123 1353 1
123 1372 1
123 1392 1
123 1401 1
123 1442 1
123 1459 1
123 1514 1
123 1532 1
123 1668 1
123 1699 1
123 1709 1
123 1865 1
124 45 1
124 80 1
124 108 1
124 243 1
124 310 1
124 312 1
124 514 1
124 518 1
124 536 1
124 595 1
124 601 1
124 729 1
124 847 1
124 885 1
124 896 1
124 1111 1
124 1183 1
124 1210 1
124 1262 1
124 1269 1
124 1278 1
124 1308 1
124 1397 1
124 1525 1
124 1662 1
124 1684 1
124 1716 1
124 1835 1
125 23 1
125 178 1
125 322 1
125 340 1
125 451 1
125 468 1
125 558 1
125 591 1
125 724 1
125 898 1
125 938 1
125 965 1
125 968 1
125 1092 1
125 1147 1
125 1208 1
125 1268 1
125 1393 1
125 1473 1
125 1802 1
125 1979 1
126 4 1
126 37 1
126 38 1
126 158 1
126 285 1
126 305 1
126 441 1
126 477 1
126 574 1
126 647 1
126 732 1
126 1002 1
126 1204 1
126 1257 1
126 1816 1
126 2006 1
126 2008 1
127 24 1
127 34 1
127 53 1
127 96 1
127 202 1
127 380 1
127 392 1
127 543 1
127 544 1
127 551 1
127 715 1
127 766 1
127 782 1
127 784 1
127 822 1
127 835 1
127 1047 1
127 1064 1
127 1162 1
127 1432 1
127 1761 1
127 1947 1
128 1 1
128 2 1
128 33 1
128 103 1
128 125 1
128 193 1
128 606 1
128 689 1
128 841 1
128 1332 1
128 1368 1
128 1597 1
128 2037 1
129 98 1
129 209 1
129 1235 1
129 1246 1
129 1967 1
130 1136 1
130 1388 1
130 1938 1
131 8 1
131 65 1
131 76 1
131 1838 1
132 1649 1
132 1817 1
133 36 1
133 631 1
133 1161 1
133 1681 1
134 12 1
134 41 1
134 1016 1
134 1923 1
134 2026 1
135 241 1
135 1362 1
135 1797 1
135 1988 1
136 43 1
136 660 1
136 770 1
136 865 1
136 1341 1
136 1601 1
136 1669 1
136 1701 1
136 1766 1
137 19 1
137 130 1
137 157 1
137 160 1
137 232 1
137 316 1
137 435 1
137 464 1
137 509 1
137 652 1
137 661 1
137 701 1
137 706 1
137 749 1
137 753 1
137 817 1
137 999 1
137 1013 1
137 1026 1
137 1068 1
137 1568 1
137 1646 1
137 1759 1
137 1926 1
137 1951 1
138 81 1
138 110 1
138 204 1
138 222 1
138 236 1
138 296 1
138 478 1
138 528 1
138 540 1
138 579 1
138 585 1
138 623 1
138 694 1
138 747 1
138 909 1
138 953 1
138 1249 1
138 1254 1
138 1285 1
138 1292 1
138 1295 1
138 1445 1
138 1526 1
138 1747 1
138 1752 1
138 1758 1
138 1781 1
138 1852 1
138 1908 1
138 1936 1
138 1986 1
139 16 1
139 19 1
139 21 1
139 58 1
139 187 1
139 226 1
139 246 1
139 265 1
139 352 1
139 428 1
139 452 1
139 500 1
139 510 1
139 568 1
139 610 1
139 627 1
139 748 1
139 901 1
139 929 1
139 931 1
139 964 1
139 987 1
139 1012 1
139 1145 1
139 1168 1
139 1178 1
139 1184 1
139 1200 1
139 1213 1
139 1223 1
139 1247 1
139 1274 1
139 1327 1
139 1461 1
139 1494 1
139 1498 1
139 1542 1
139 1559 1
139 1582 1
139 1607 1
139 1632 1
139 1654 1
139 1673 1
139 1697 1
139 1704 1
139 1859 1
139 1866 1
139 1886 1
139 1896 1
139 1961 1
139 1966 1
139 2042 1
140 9 1
140 22 1
140 92 1
140 292 1
140 299 1
140 300 1
140 515 1
140 608 1
140 659 1
140 696 1
140 832 1
140 862 1
140 1051 1
140 1099 1
140 1127 1
140 1311 1
140 1316 1
140 1409 1
140 1464 1
140 1516 1
140 1569 1
140 1616 1
140 1636 1
140 1641 1
140 1677 1
140 1714 1
140 1750 1
140 1801 1
140 1858 1
140 1897 1
140 1920 1
140 2046 1
141 29 1
141 113 1
141 172 1
141 228 1
141 483 1
141 498 1
141 583 1
141 637 1
141 688 1
141 699 1
141 781 1
141 818 1
141 952 1
141 1114 1
141 1129 1
141 1227 1
141 1297 1
141 1355 1
141 1374 1
141 1436 1
141 1524 1
141 1541 1
141 1622 1
141 1671 1
141 1680 1
141 1770 1
141 1873 1
141 1894 1
141 1932 1
141 2028 1
142 189 1
142 219 1
142 337 1
142 357 1
142 398 1
142 752 1
142 845 1
142 863 1
142 1039 1
142 1116 1
142 1256 1
142 1317 1
142 1344 1
142 1417 1
142 1489 1
142 1537 1
142 1543 1
142 1656 1
142 1741 1
142 1879 1
142 1978 1
142 2031 1
143 61 1
143 245 1
143 306 1
143 390 1
143 653 1
143 673 1
143 695 1
143 795 1
143 886 1
143 922 1
143 1032 1
143 1176 1
143 1335 1
143 1764 1
143 1863 1
143 1871 1
143 1956 1
143 1983 1
144 6 1
144 106 1
144 186 1
144 214 1
144 283 1
144 409 1
144 503 1
144 1101 1
144 1202 1
144 1294 1
144 1296 1
144 1298 1
144 1738 1
144 1818 1
144 1836 1
144 1970 1
145 18 1
145 374 1
145 512 1
145 618 1
145 632 1
145 690 1
145 726 1
145 988 1
145 1144 1
145 1798 1
146 837 1
146 958 1
146 1545 1
146 1845 1
147 38 1
147 60 1
147 348 1
147 1751 1
147 1783 1
148 152 1
148 1454 1
148 1717 1
149 14 1
149 319 1
149 892 1
149 1226 1
149 1476 1
149 1557 1
150 6 1
150 40 1
150 191 1
150 597 1
150 1613 1
150 1670 1
151 211 1
151 587 1
151 1097 1
151 1883 1
152 44 1
152 617 1
152 633 1
152 670 1
152 730 1
152 789 1
152 1293 1
152 1319 1
152 1347 1
152 1806 1
152 2025 1
153 74 1
153 164 1
153 290 1
153 389 1
153 461 1
153 700 1
153 702 1
153 722 1
153 930 1
153 1035 1
153 1045 1
153 1131 1
153 1260 1
153 1323 1
153 1343 1
153 1410 1
153 1428 1
153 1444 1
153 1698 1
153 1907 1
153 1911 1
154 55 1
154 64 1
154 82 1
154 100 1
154 146 1
154 171 1
154 200 1
154 259 1
154 277 1
154 375 1
154 417 1
154 418 1
154 421 1
154 801 1
154 935 1
154 951 1
154 1024 1
154 1080 1
154 1156 1
154 1212 1
154 1266 1
154 1351 1
154 1356 1
154 1359 1
154 1446 1
154 1468 1
154 1500 1
154 1560 1
154 1594 1
154 1675 1
154 1736 1
154 1800 1
154 1831 1
154 1847 1
154 1880 1
154 2013 1
155 57 1
155 102 1
155 218 1
155 251 1
155 307 1
155 329 1
155 359 1
155 366 1
155 405 1
155 448 1
155 479 1
155 492 1
155 513 1
155 529 1
155 567 1
155 624 1
155 625 1
155 679 1
155 767 1
155 776 1
155 788 1
155 790 1
155 814 1
155 838 1
155 867 1
155 869 1
155 875 1
155 887 1
155 891 1
155 903 1
155 949 1
155 966 1
155 969 1
155 977 1
155 1008 1
155 1077 1
155 1082 1
155 1098 1
155 1146 1
155 1148 1
155 1241 1
155 1242 1
155 1276 1
155 1277 1
155 1365 1
155 1420 1
155 1474 1
155 1477 1
155 1482 1
155 1497 1
155 1508 1
155 1512 1
155 1522 1
155 1665 1
155 1828 1
155 1899 1
155 1953 1
155 1992 1
155 1997 1
155 2024 1
155 2036 1
155 2043 1
156 66 1
156 73 1
156 83 1
156 97 1
156 151 1
156 168 1
156 182 1
156 256 1
156 440 1
156 480 1
156 565 1
156 614 1
156 682 1
156 778 1
156 806 1
156 830 1
156 883 1
156 890 1
156 899 1
156 919 1
156 980 1
156 1041 1
156 1073 1
156 1081 1
156 1140 1
156 1164 1
156 1189 1
156 1279 1
156 1290 1
156 1325 1
156 1402 1
156 1530 1
156 1604 1
156 1625 1
156 1639 1
156 1683 1
156 1772 1
156 1810 1
156 1872 1
156 1927 1
157 77 1
157 143 1
157 255 1
157 261 1
157 286 1
157 293 1
157 327 1
157 333 1
157 343 1
157 372 1
157 408 1
157 605 1
157 620 1
157 650 1
157 777 1
157 888 1
157 905 1
157 992 1
157 1104 1
157 1118 1
157 1133 1
157 1169 1
157 1414 1
157 1487 1
157 1503 1
157 1535 1
157 1551 1
157 1599 1
157 1611 1
157 1710 1
157 1787 1
157 1868 1
157 1889 1
157 1898 1
157 1909 1
157 1946 1
157 2016 1
157 2035 1
158 71 1
158 84 1
158 87 1
158 114 1
158 118 1
158 137 1
158 156 1
158 162 1
158 237 1
158 275 1
158 303 1
158 347 1
158 460 1
158 476 1
158 485 1
158 527 1
158 535 1
158 592 1
158 663 1
158 678 1
158 741 1
158 745 1
158 771 1
158 802 1
158 907 1
158 961 1
158 1010 1
158 1054 1
158 1255 1
158 1315 1
158 1380 1
158 1383 1
158 1438 1
158 1479 1
158 1615 1
158 1711 1
158 1740 1
158 1969 1
159 94 1
159 166 1
159 533 1
159 580 1
159 586 1
159 683 1
159 894 1
159 924 1
159 939 1
159 940 1
159 1003 1
159 1069 1
159 1075 1
159 1125 1
159 1232 1
159 1352 1
159 1391 1
159 1499 1
159 1507 1
159 1518 1
159 1572 1
159 1623 1
159 1729 1
159 1785 1
159 1874 1
159 1973 1
160 358 1
160 386 1
160 933 1
160 1221 1
160 1434 1
160 1837 1
160 1888 1
160 2018 1
161 175 1
161 195 1
161 238 1
161 692 1
161 762 1
161 855 1
161 928 1
161 1170 1
161 1222 1
161 1381 1
161 1618 1
161 1678 1
161 1708 1
162 52 1
162 122 1
162 1230 1
162 1267 1
162 1586 1
162 1634 1
162 1685 1
162 1746 1
162 1795 1
162 1827 1
163 446 1
163 1029 1
163 1682 1
164 491 1
164 697 1
164 721 1
164 1407 1
164 1581 1
164 1628 1
165 746 1
165 1720 1
165 1804 1
166 411 1
166 1390 1
166 1546 1
166 1723 1
166 2027 1
167 439 1
167 735 1
167 750 1
167 759 1
167 843 1
167 870 1
167 1159 1
167 1240 1
167 1517 1
167 1727 1
167 1805 1
167 1834 1
167 1901 1
168 167 1
168 213 1
168 248 1
168 308 1
168 320 1
168 350 1
168 395 1
168 437 1
168 542 1
168 742 1
168 990 1
168 1160 1
168 1412 1
168 1466 1
168 1862 1
168 2009 1
169 163 1
169 173 1
169 216 1
169 288 1
169 424 1
169 443 1
169 506 1
169 516 1
169 634 1
169 646 1
169 657 1
169 736 1
169 829 1
169 1113 1
169 1234 1
169 1506 1
169 1602 1
169 1643 1
169 1689 1
169 1757 1
169 1763 1
169 1891 1
169 1940 1
170 27 1
170 47 1
170 72 1
170 101 1
170 104 1
170 120 1
170 129 1
170 133 1
170 149 1
170 207 1
170 229 1
170 233 1
170 269 1
170 271 1
170 281 1
170 309 1
170 323 1
170 361 1
170 377 1
170 521 1
170 594 1
170 609 1
170 635 1
170 705 1
170 728 1
170 743 1
170 840 1
170 850 1
170 868 1
170 873 1
170 945 1
170 974 1
170 1040 1
170 1042 1
170 1083 1
170 1163 1
170 1190 1
170 1250 1
170 1336 1
170 1348 1
170 1354 1
170 1375 1
170 1386 1
170 1398 1
170 1419 1
170 1439 1
170 1469 1
170 1488 1
170 1539 1
170 1554 1
170 1567 1
170 1596 1
170 1676 1
170 1693 1
170 1702 1
170 1718 1
170 1734 1
170 1840 1
170 1913 1
170 1917 1
170 1945 1
170 1976 1
171 59 1
171 63 1
171 145 1
171 153 1
171 180 1
171 304 1
171 339 1
171 371 1
171 410 1
171 444 1
171 531 1
171 534 1
171 546 1
171 556 1
171 566 1
171 570 1
171 596 1
171 599 1
171 604 1
171 669 1
171 698 1
171 738 1
171 740 1
171 780 1
171 797 1
171 799 1
171 805 1
171 816 1
171 851 1
171 854 1
171 859 1
171 944 1
171 946 1
171 998 1
171 1000 1
171 1021 1
171 1043 1
171 1072 1
171 1086 1
171 1110 1
171 1115 1
171 1135 1
171 1205 1
171 1229 1
171 1253 1
171 1281 1
171 1282 1
171 1284 1
171 1307 1
171 1345 1
171 1357 1
171 1378 1
171 1379 1
171 1429 1
171 1430 1
171 1493 1
171 1566 1
171 1576 1
171 1577 1
171 1590 1
171 1600 1
171 1603 1
171 1627 1
171 1629 1
171 1635 1
171 1645 1
171 1647 1
171 1653 1
171 1658 1
171 1672 1
171 1691 1
171 1692 1
171 1722 1
171 1742 1
171 1745 1
171 1771 1
171 1779 1
171 1829 1
171 1846 1
171 1875 1
171 1882 1
171 1890 1
171 1912 1
171 1943 1
171 1958 1
171 2000 1
171 2020 1
171 2030 1
171 2032 1
172 42 1
172 54 1
172 69 1
172 115 1
172 217 1
172 264 1
172 270 1
172 273 1
172 315 1
172 324 1
172 328 1
172 341 1
172 342 1
172 355 1
172 407 1
172 414 1
172 431 1
172 432 1
172 457 1
172 493 1
172 496 1
172 519 1
172 525 1
172 584 1
172 642 1
172 648 1
172 651 1
172 668 1
172 716 1
172 812 1
172 842 1
172 856 1
172 906 1
172 911 1
172 917 1
172 967 1
172 1001 1
172 1088 1
172 1095 1
172 1167 1
172 1171 1
172 1207 1
172 1218 1
172 1244 1
172 1286 1
172 1333 1
172 1441 1
172 1491 1
172 1501 1
172 1511 1
172 1523 1
172 1556 1
172 1558 1
172 1575 1
172 1580 1
172 1591 1
172 1610 1
172 1620 1
172 1630 1
172 1707 1
172 1732 1
172 1776 1
172 1825 1
172 1848 1
172 1924 1
172 1950 1
172 1960 1
172 1981 1
172 1996 1
173 70 1
173 91 1
173 105 1
173 141 1
173 174 1
173 225 1
173 280 1
173 317 1
173 332 1
173 356 1
173 363 1
173 369 1
173 445 1
173 488 1
173 538 1
173 549 1
173 575 1
173 713 1
173 800 1
173 866 1
173 904 1
173 913 1
173 921 1
173 927 1
173 978 1
173 1048 1
173 1153 1
173 1173 1
173 1238 1
173 1258 1
173 1275 1
173 1326 1
173 1415 1
173 1431 1
173 1448 1
173 1453 1
173 1465 1
173 1502 1
173 1510 1
173 1548 1
173 1592 1
173 1642 1
173 1651 1
173 1690 1
173 1796 1
173 1807 1
173 1918 1
173 1929 1
173 1955 1
173 1957 1
173 1959 1
173 1982 1
173 1995 1
173 2029 1
174 223 1
174 318 1
174 353 1
174 360 1
174 744 1
174 756 1
174 876 1
174 902 1
174 925 1
174 962 1
174 1057 1
174 1063 1
174 1117 1
174 1172 1
174 1177 1
174 1219 1
174 1342 1
174 1529 1
174 1587 1
174 1588 1
174 1589 1
174 1605 1
174 1735 1
174 1778 1
174 1849 1
174 1867 1
174 1892 1
174 1991 1
174 2039 1
175 206 1
175 272 1
175 351 1
175 367 1
175 458 1
175 502 1
175 820 1
175 827 1
175 1004 1
175 1006 1
175 1049 1
175 1074 1
175 1085 1
175 1105 1
175 1157 1
175 1225 1
175 1496 1
175 1533 1
175 1637 1
175 1664 1
175 1726 1
175 1850 1
175 1964 1
175 1975 1
176 78 1
176 123 1
176 169 1
176 413 1
176 471 1
176 644 1
176 681 1
176 718 1
176 733 1
176 809 1
176 908 1
176 1030 1
176 1031 1
176 1036 1
176 1263 1
176 1456 1
176 1744 1
176 2003 1
177 88 1
177 170 1
177 194 1
177 198 1
177 354 1
177 541 1
177 641 1
177 846 1
177 984 1
177 1034 1
177 1186 1
177 1215 1
177 1228 1
177 1472 1
177 1475 1
177 1484 1
177 1515 1
177 2022 1
178 687 1
178 923 1
178 983 1
178 1324 1
178 1340 1
178 1408 1
178 1423 1
178 1490 1
179 769 1
179 834 1
179 1196 1
179 1321 1
179 1841 1
179 1972 1
180 545 1
180 677 1
181 465 1
181 672 1
181 725 1
181 1078 1
181 1251 1
181 1731 1
182 95 1
182 224 1
182 368 1
182 406 1
182 796 1
182 844 1
182 955 1
182 2014 1
183 517 1
183 572 1
183 630 1
183 680 1
183 708 1
183 774 1
183 1730 1
184 276 1
184 383 1
184 391 1
184 402 1
184 403 1
184 554 1
184 666 1
184 684 1
184 1166 1
184 1185 1
184 1312 1
184 1427 1
184 1509 1
184 1519 1
184 1666 1
184 1694 1
184 1904 1
185 46 1
185 68 1
185 86 1
185 134 1
185 159 1
185 177 1
185 220 1
185 253 1
185 381 1
185 393 1
185 416 1
185 426 1
185 433 1
185 463 1
185 511 1
185 524 1
185 560 1
185 563 1
185 571 1
185 581 1
185 611 1
185 622 1
185 629 1
185 645 1
185 676 1
185 712 1
185 714 1
185 727 1
185 772 1
185 773 1
185 791 1
185 864 1
185 895 1
185 916 1
185 936 1
185 959 1
185 975 1
185 981 1
185 989 1
185 991 1
185 996 1
185 1005 1
185 1007 1
185 1027 1
185 1091 1
185 1094 1
185 1108 1
185 1126 1
185 1143 1
185 1174 1
185 1216 1
185 1261 1
185 1305 1
185 1339 1
185 1367 1
185 1394 1
185 1447 1
185 1460 1
185 1478 1
185 1483 1
185 1492 1
185 1549 1
185 1571 1
185 1617 1
185 1657 1
185 1703 1
185 1733 1
185 1773 1
185 1777 1
185 1792 1
185 1856 1
185 1948 1
185 2005 1
186 56 1
186 67 1
186 85 1
186 99 1
186 127 1
186 132 1
186 155 1
186 179 1
186 183 1
186 212 1
186 250 1
186 252 1
186 258 1
186 268 1
186 321 1
186 334 1
186 362 1
186 373 1
186 388 1
186 422 1
186 436 1
186 473 1
186 474 1
186 484 1
186 497 1
186 522 1
186 550 1
186 553 1
186 577 1
186 588 1
186 589 1
186 626 1
186 628 1
186 655 1
186 717 1
186 793 1
186 813 1
186 819 1
186 848 1
186 872 1
186 893 1
186 934 1
186 948 1
186 963 1
186 1028 1
186 1033 1
186 1066 1
186 1103 1
186 1106 1
186 1109 1
186 1121 1
186 1128 1
186 1130 1
186 1134 1
186 1155 1
186 1165 1
186 1181 1
186 1188 1
186 1201 1
186 1211 1
186 1236 1
186 1245 1
186 1248 1
186 1289 1
186 1318 1
186 1328 1
186 1330 1
186 1387 1
186 1389 1
186 1404 1
186 1433 1
186 1462 1
186 1504 1
186 1520 1
186 1534 1
186 1536 1
186 1544 1
186 1562 1
186 1574 1
186 1579 1
186 1585 1
186 1609 1
186 1612 1
186 1614 1
186 1631 1
186 1644 1
186 1661 1
186 1679 1
186 1687 1
186 1705 1
186 1737 1
186 1748 1
186 1765 1
186 1774 1
186 1784 1
186 1803 1
186 1819 1
186 1824 1
186 1830 1
186 1877 1
186 1906 1
186 1915 1
186 1916 1
186 1941 1
186 1974 1
186 1987 1
186 1993 1
186 1994 1
186 1999 1
186 2004 1
186 2010 1
186 2017 1
186 2019 1
186 2044 1
187 48 1
187 51 1
187 75 1
187 93 1
187 112 1
187 119 1
187 121 1
187 176 1
187 188 1
187 244 1
187 263 1
187 267 1
187 291 1
187 297 1
187 314 1
187 331 1
187 400 1
187 420 1
187 423 1
187 454 1
187 495 1
187 532 1
187 537 1
187 573 1
187 582 1
187 590 1
187 603 1
187 607 1
187 621 1
187 658 1
187 675 1
187 734 1
187 758 1
187 775 1
187 823 1
187 839 1
187 912 1
187 915 1
187 937 1
187 971 1
187 1056 1
187 1059 1
187 1076 1
187 1089 1
187 1093 1
187 1120 1
187 1142 1
187 1150 1
187 1179 1
187 1182 1
187 1187 1
187 1194 1
187 1197 1
187 1220 1
187 1271 1
187 1309 1
187 1322 1
187 1350 1
187 1363 1
187 1377 1
187 1384 1
187 1399 1
187 1422 1
187 1451 1
187 1455 1
187 1463 1
187 1481 1
187 1486 1
187 1513 1
187 1550 1
187 1565 1
187 1570 1
187 1638 1
187 1659 1
187 1695 1
187 1696 1
187 1700 1
187 1743 1
187 1753 1
187 1754 1
187 1756 1
187 1790 1
187 1821 1
187 1833 1
187 1902 1
187 1919 1
187 1939 1
187 1962 1
187 1977 1
187 1984 1
187 1998 1
187 2002 1
187 2021 1
187 2023 1
187 2048 1
188 62 1
188 140 1
188 181 1
188 190 1
188 203 1
188 239 1
188 425 1
188 442 1
188 450 1
188 475 1
188 487 1
188 489 1
188 552 1
188 600 1
188 602 1
188 664 1
188 686 1
188 709 1
188 711 1
188 764 1
188 798 1
188 810 1
188 826 1
188 828 1
188 833 1
188 874 1
188 889 1
188 932 1
188 947 1
188 950 1
188 995 1
188 1037 1
188 1053 1
188 1084 1
188 1087 1
188 1154 1
188 1199 1
188 1217 1
188 1265 1
188 1273 1
188 1310 1
188 1313 1
188 1337 1
188 1346 1
188 1364 1
188 1373 1
188 1405 1
188 1421 1
188 1425 1
188 1426 1
188 1437 1
188 1485 1
188 1495 1
188 1538 1
188 1655 1
188 1760 1
188 1762 1
188 1769 1
188 1791 1
188 1826 1
188 1869 1
188 1870 1
188 1905 1
188 1922 1
188 2034 1
188 2040 1
189 117 1
189 148 1
189 205 1
189 230 1
189 349 1
189 438 1
189 466 1
189 467 1
189 470 1
189 486 1
189 526 1
189 530 1
189 693 1
189 703 1
189 707 1
189 710 1
189 739 1
189 785 1
189 853 1
189 880 1
189 941 1
189 1055 1
189 1065 1
189 1141 1
189 1195 1
189 1370 1
189 1376 1
189 1382 1
189 1385 1
189 1505 1
189 1552 1
189 1578 1
189 1633 1
189 1713 1
189 1715 1
189 1739 1
189 1789 1
189 1799 1
189 1851 1
189 1965 1
189 2011 1
189 2015 1
190 50 1
190 79 1
190 294 1
190 335 1
190 379 1
190 387 1
190 504 1
190 562 1
190 636 1
190 662 1
190 757 1
190 763 1
190 783 1
190 836 1
190 1019 1
190 1096 1
190 1264 1
190 1411 1
190 1553 1
190 1595 1
190 1608 1
190 1755 1
190 1782 1
190 1786 1
190 1853 1
190 1935 1
190 1942 1
191 197 1
191 266 1
191 287 1
191 419 1
191 849 1
191 926 1
191 960 1
191 1014 1
191 1044 1
191 1860 1
191 2033 1
192 185 1
192 755 1
192 824 1
192 1314 1
192 1564 1
192 1963 1
192 2038 1
193 235 1
193 879 1
193 1191 1
193 1237 1
193 1252 1
193 1885 1
194 345 1
194 1624 1
195 221 1
195 289 1
195 427 1
195 723 1
195 900 1
195 1017 1
195 1149 1
195 1413 1
195 1563 1
195 1910 1
196 499 1
196 667 1
196 1780 1
196 1820 1
197 144 1
197 462 1
197 737 1
197 1725 1
197 1900 1
197 2001 1
198 282 1
198 578 1
198 882 1
198 994 1
199 165 1
199 430 1
199 434 1
199 494 1
199 665 1
199 803 1
199 861 1
199 920 1
199 1067 1
199 1198 1
199 1470 1
199 1521 1
199 1793 1
199 1794 1
199 1808 1
199 1921 1
199 1937 1
199 1971 1
200 124 1
200 128 1
200 199 1
200 215 1
200 240 1
200 262 1
200 311 1
200 336 1
200 397 1
200 508 1
200 520 1
200 547 1
200 559 1
200 569 1
200 598 1
200 639 1
200 654 1
200 731 1
200 808 1
200 821 1
200 825 1
200 852 1
200 943 1
200 954 1
200 957 1
200 973 1
200 1015 1
200 1023 1
200 1119 1
200 1158 1
200 1209 1
200 1214 1
200 1291 1
200 1306 1
200 1358 1
200 1369 1
200 1406 1
200 1418 1
200 1424 1
200 1440 1
200 1452 1
200 1480 1
200 1547 1
200 1619 1
200 1842 1
200 1843 1
200 1854 1
200 1876 1
200 1893 1
200 1925 1
200 1930 1
200 1931 1
200 1968 1
200 1990 1
201 49 1
201 135 1
201 138 1
201 150 1
201 284 1
201 295 1
201 394 1
201 401 1
201 557 1
201 807 1
201 811 1
201 979 1
201 1070 1
201 1112 1
201 1175 1
201 1283 1
201 1304 1
201 1457 1
201 1471 1
201 1561 1
201 1593 1
201 1621 1
201 1663 1
201 1721 1
201 1767 1
201 1788 1
201 1832 1
201 1839 1
201 1864 1
202 31 1
202 107 1
202 126 1
202 136 1
202 257 1
202 326 1
202 370 1
202 501 1
202 548 1
202 555 1
202 564 1
202 616 1
202 638 1
202 640 1
202 643 1
202 751 1
202 760 1
202 1046 1
202 1660 1
202 2007 1
203 10 1
203 382 1
203 507 1
203 719 1
203 1443 1
203 1814 1
203 2047 1
205 1640 1
207 1334 1
215 472 1
215 1139 1
651 51 1
651 60 1
652 58 1
653 48 1
653 56 1
653 64 1
654 57 1
654 59 1
655 71 1
656 77 1
656 80 1
657 42 1
657 46 1
657 68 1
658 63 1
660 42 1
660 46 1
660 78 1
662 66 1
662 72 1
662 570 1
663 341 1
663 419 1
663 593 1
663 712 1
663 1019 1
663 1103 1
663 1214 1
663 1561 1
664 37 1
664 44 1
664 110 1
664 487 1
664 548 1
664 622 1
664 641 1
664 651 1
664 685 1
664 763 1
664 781 1
664 875 1
664 1156 1
664 1273 1
664 1292 1
664 1295 1
664 1312 1
664 1475 1
664 1477 1
664 1482 1
664 1611 1
664 1643 1
664 1663 1
664 1722 1
664 1757 1
664 1780 1
664 1830 1
664 1876 1
664 1927 1
664 1939 1
664 1946 1
665 23 1
665 177 1
665 207 1
665 318 1
665 372 1
665 422 1
665 457 1
665 460 1
665 517 1
665 576 1
665 598 1
665 605 1
665 724 1
665 738 1
665 783 1
665 812 1
665 907 1
665 930 1
665 960 1
665 1000 1
665 1026 1
665 1060 1
665 1106 1
665 1112 1
665 1115 1
665 1170 1
665 1186 1
665 1217 1
665 1220 1
665 1221 1
665 1328 1
665 1371 1
665 1376 1
665 1404 1
665 1448 1
665 1453 1
665 1508 1
665 1539 1
665 1549 1
665 1595 1
665 1626 1
665 1650 1
665 1656 1
665 1904 1
665 1975 1
666 15 1
666 61 1
666 68 1
666 107 1
666 130 1
666 167 1
666 240 1
666 290 1
666 329 1
666 458 1
666 491 1
666 529 1
666 537 1
666 671 1
666 678 1
666 791 1
666 806 1
666 807 1
666 828 1
666 838 1
666 843 1
666 869 1
666 898 1
666 923 1
666 933 1
666 1045 1
666 1046 1
666 1051 1
666 1072 1
666 1074 1
666 1131 1
666 1241 1
666 1249 1
666 1263 1
666 1309 1
666 1345 1
666 1408 1
666 1471 1
666 1501 1
666 1553 1
666 1565 1
666 1579 1
666 1604 1
666 1649 1
666 1659 1
666 1665 1
666 1687 1
666 1777 1
666 1844 1
666 1879 1
666 1950 1
666 1965 1
666 1977 1
666 1999 1
667 7 1
667 26 1
667 91 1
667 113 1
667 128 1
667 138 1
667 196 1
667 264 1
667 266 1
667 331 1
667 339 1
667 353 1
667 376 1
667 416 1
667 420 1
667 434 1
667 452 1
667 506 1
667 532 1
667 538 1
667 608 1
667 630 1
667 656 1
667 714 1
667 740 1
667 761 1
667 774 1
667 785 1
667 821 1
667 858 1
667 920 1
667 941 1
667 946 1
667 955 1
667 1012 1
667 1147 1
667 1210 1
667 1350 1
667 1359 1
667 1411 1
667 1427 1
667 1512 1
667 1531 1
667 1535 1
667 1587 1
667 1600 1
667 1673 1
667 1724 1
667 1790 1
667 1823 1
667 1869 1
667 1874 1
667 1903 1
667 1972 1
667 1995 1
667 2016 1
668 66 1
668 115 1
668 426 1
668 508 1
668 536 1
668 559 1
668 625 1
668 634 1
668 669 1
668 670 1
668 694 1
668 746 1
668 748 1
668 767 1
668 768 1
668 849 1
668 860 1
668 872 1
668 909 1
668 974 1
668 979 1
668 990 1
668 1018 1
668 1036 1
668 1047 1
668 1069 1
668 1081 1
668 1101 1
668 1108 1
668 1141 1
668 1155 1
668 1158 1
668 1176 1
668 1192 1
668 1361 1
668 1364 1
668 1437 1
668 1444 1
668 1476 1
668 1480 1
668 1484 1
668 1496 1
668 1502 1
668 1504 1
668 1514 1
668 1618 1
668 1645 1
668 1660 1
668 1711 1
668 1769 1
668 1836 1
668 1855 1
668 1894 1
668 1970 1
668 1973 1
668 1974 1
668 2032 1
668 2036 1
668 2041 1
669 62 1
669 68 1
669 72 1
669 79 1
669 89 1
669 144 1
669 147 1
669 183 1
669 218 1
669 310 1
669 421 1
669 488 1
669 515 1
669 627 1
669 788 1
669 847 1
669 962 1
669 1014 1
669 1049 1
669 1086 1
669 1095 1
669 1212 1
669 1248 1
669 1370 1
669 1383 1
669 1395 1
669 1422 1
669 1522 1
669 1582 1
669 1803 1
669 1818 1
669 1822 1
669 1897 1
669 1992 1
670 47 1
670 239 1
670 332 1
670 477 1
670 482 1
670 531 1
670 553 1
670 749 1
670 770 1
670 948 1
670 1048 1
670 1068 1
670 1224 1
670 1243 1
670 1286 1
670 1346 1
670 1460 1
670 1678 1
670 1747 1
670 1850 1
670 1893 1
670 1916 1
670 1926 1
670 1956 1
670 1993 1
671 54 1
671 60 1
671 126 1
671 176 1
671 221 1
671 281 1
671 373 1
671 414 1
671 658 1
671 765 1
671 827 1
671 883 1
671 932 1
671 1145 1
671 1311 1
671 1367 1
671 1462 1
671 1485 1
671 1610 1
671 1612 1
671 1740 1
671 1812 1
671 1833 1
671 1837 1
672 78 1
672 330 1
672 456 1
672 624 1
672 635 1
672 645 1
672 829 1
672 833 1
672 1062 1
672 1358 1
672 2022 1
672 2030 1
673 489 1
673 563 1
673 722 1
673 1056 1
673 1076 1
673 1271 1
673 1674 1
674 48 1
674 52 1
674 315 1
674 396 1
674 826 1
674 1739 1
674 1760 1
674 1859 1
674 1981 1
675 62 1
675 131 1
675 552 1
675 853 1
676 60 1
676 63 1
676 230 1
676 237 1
676 546 1
676 560 1
676 564 1
676 989 1
676 1245 1
676 1278 1
676 1573 1
677 150 1
677 265 1
677 500 1
677 524 1
677 556 1
677 589 1
677 636 1
677 953 1
677 1781 1
677 1963 1
678 66 1
678 148 1
678 475 1
678 596 1
678 607 1
678 693 1
678 717 1
678 817 1
678 836 1
678 844 1
678 947 1
678 1017 1
678 1052 1
678 1188 1
678 1208 1
678 1339 1
678 1440 1
678 1572 1
678 1651 1
678 1756 1
679 24 1
679 31 1
679 117 1
679 136 1
679 155 1
679 161 1
679 198 1
679 220 1
679 273 1
679 314 1
679 317 1
679 326 1
679 362 1
679 379 1
679 382 1
679 398 1
679 402 1
679 424 1
679 433 1
679 455 1
679 471 1
679 492 1
679 496 1
679 519 1
679 603 1
679 620 1
679 638 1
679 650 1
679 665 1
679 682 1
679 737 1
679 747 1
679 787 1
679 800 1
679 805 1
679 811 1
679 819 1
679 842 1
679 870 1
679 888 1
679 899 1
679 908 1
679 957 1
679 971 1
679 972 1
679 976 1
679 977 1
679 1006 1
679 1040 1
679 1044 1
679 1059 1
679 1082 1
679 1143 1
679 1148 1
679 1183 1
679 1196 1
679 1198 1
679 1234 1
679 1256 1
679 1258 1
679 1287 1
679 1294 1
679 1308 1
679 1338 1
679 1368 1
679 1384 1
679 1386 1
679 1421 1
679 1429 1
679 1447 1
679 1463 1
679 1468 1
679 1486 1
679 1511 1
679 1518 1
679 1524 1
679 1541 1
679 1547 1
679 1556 1
679 1570 1
679 1589 1
679 1615 1
679 1670 1
679 1677 1
679 1709 1
679 1763 1
679 1772 1
679 1805 1
679 1840 1
679 1842 1
679 1906 1
679 1949 1
679 1953 1
679 1982 1
679 2006 1
679 2015 1
679 2028 1
680 1 1
680 8 1
680 12 1
680 18 1
680 21 1
680 32 1
680 43 1
680 49 1
680 74 1
680 83 1
680 86 1
680 88 1
680 96 1
680 123 1
680 134 1
680 149 1
680 159 1
680 164 1
680 169 1
680 173 1
680 186 1
680 189 1
680 199 1
680 202 1
680 209 1
680 210 1
680 214 1
680 217 1
680 223 1
680 225 1
680 232 1
680 242 1
680 246 1
680 254 1
680 261 1
680 276 1
680 288 1
680 291 1
680 293 1
680 297 1
680 301 1
680 321 1
680 325 1
680 336 1
680 361 1
680 365 1
680 384 1
680 386 1
680 391 1
680 401 1
680 406 1
680 409 1
680 413 1
680 415 1
680 418 1
680 425 1
680 432 1
680 448 1
680 450 1
680 454 1
680 464 1
680 467 1
680 469 1
680 478 1
680 493 1
680 498 1
680 509 1
680 522 1
680 523 1
680 527 1
680 540 1
680 542 1
680 543 1
680 549 1
680 554 1
680 557 1
680 558 1
680 562 1
680 566 1
680 567 1
680 592 1
680 594 1
680 602 1
680 606 1
680 613 1
680 617 1
680 623 1
680 626 1
680 644 1
680 653 1
680 655 1
680 687 1
680 689 1
680 699 1
680 718 1
680 719 1
680 739 1
680 742 1
680 743 1
680 757 1
680 769 1
680 773 1
680 775 1
680 778 1
680 779 1
680 784 1
680 792 1
680 803 1
680 820 1
680 823 1
680 824 1
680 840 1
680 848 1
680 855 1
680 861 1
680 862 1
680 879 1
680 881 1
680 882 1
680 885 1
680 897 1
680 912 1
680 913 1
680 914 1
680 919 1
680 937 1
680 943 1
680 956 1
680 958 1
680 1004 1
680 1013 1
680 1039 1
680 1067 1
680 1075 1
680 1080 1
680 1084 1
680 1087 1
680 1094 1
680 1117 1
680 1122 1
680 1124 1
680 1126 1
680 1127 1
680 1136 1
680 1160 1
680 1161 1
680 1165 1
680 1174 1
680 1177 1
680 1180 1
680 1199 1
680 1216 1
680 1226 1
680 1230 1
680 1233 1
680 1244 1
680 1251 1
680 1253 1
680 1255 1
680 1261 1
680 1264 1
680 1268 1
680 1276 1
680 1277 1
680 1299 1
680 1307 1
680 1313 1
680 1318 1
680 1320 1
680 1326 1
680 1333 1
680 1343 1
680 1349 1
680 1363 1
680 1369 1
680 1400 1
680 1405 1
680 1406 1
680 1438 1
680 1443 1
680 1458 1
680 1464 1
680 1465 1
680 1470 1
680 1479 1
680 1483 1
680 1492 1
680 1498 1
680 1506 1
680 1509 1
680 1513 1
680 1515 1
680 1520 1
680 1530 1
680 1533 1
680 1534 1
680 1538 1
680 1546 1
680 1548 1
680 1563 1
680 1566 1
680 1567 1
680 1578 1
680 1584 1
680 1596 1
680 1603 1
680 1608 1
680 1614 1
680 1624 1
680 1629 1
680 1631 1
680 1634 1
680 1640 1
680 1641 1
680 1652 1
680 1675 1
680 1683 1
680 1690 1
680 1693 1
680 1694 1
680 1695 1
680 1707 1
680 1710 1
680 1716 1
680 1733 1
680 1742 1
680 1748 1
680 1750 1
680 1755 1
680 1762 1
680 1782 1
680 1784 1
680 1793 1
680 1794 1
680 1807 1
680 1826 1
680 1827 1
680 1841 1
680 1843 1
680 1854 1
680 1860 1
680 1861 1
680 1865 1
680 1898 1
680 1900 1
680 1915 1
680 1928 1
680 1930 1
680 1934 1
680 1935 1
680 1942 1
680 1957 1
680 1958 1
680 1961 1
680 1962 1
680 1971 1
680 1996 1
680 2002 1
680 2021 1
680 2026 1
680 2037 1
681 4 1
681 9 1
681 27 1
681 29 1
681 45 1
681 73 1
681 76 1
681 85 1
681 93 1
681 101 1
681 102 1
681 103 1
681 105 1
681 118 1
681 125 1
681 132 1
681 141 1
681 145 1
681 151 1
681 153 1
681 156 1
681 158 1
681 180 1
681 185 1
681 188 1
681 191 1
681 200 1
681 201 1
681 211 1
681 226 1
681 243 1
681 248 1
681 249 1
681 250 1
681 253 1
681 255 1
681 274 1
681 275 1
681 280 1
681 283 1
681 287 1
681 289 1
681 292 1
681 294 1
681 295 1
681 307 1
681 319 1
681 322 1
681 324 1
681 334 1
681 338 1
681 344 1
681 350 1
681 357 1
681 370 1
681 371 1
681 375 1
681 385 1
681 390 1
681 394 1
681 395 1
681 404 1
681 427 1
681 429 1
681 431 1
681 435 1
681 437 1
681 447 1
681 449 1
681 462 1
681 463 1
681 468 1
681 473 1
681 474 1
681 476 1
681 484 1
681 486 1
681 499 1
681 503 1
681 505 1
681 507 1
681 521 1
681 528 1
681 539 1
681 555 1
681 568 1
681 586 1
681 591 1
681 597 1
681 600 1
681 609 1
681 610 1
681 614 1
681 632 1
681 662 1
681 664 1
681 666 1
681 673 1
681 674 1
681 675 1
681 680 1
681 683 1
681 691 1
681 705 1
681 710 1
681 711 1
681 713 1
681 725 1
681 732 1
681 736 1
681 745 1
681 753 1
681 756 1
681 759 1
681 786 1
681 789 1
681 793 1
681 802 1
681 808 1
681 813 1
681 816 1
681 825 1
681 830 1
681 834 1
681 837 1
681 841 1
681 852 1
681 857 1
681 863 1
681 865 1
681 873 1
681 878 1
681 880 1
681 887 1
681 889 1
681 892 1
681 895 1
681 896 1
681 903 1
681 915 1
681 916 1
681 922 1
681 928 1
681 929 1
681 931 1
681 936 1
681 938 1
681 959 1
681 966 1
681 969 1
681 978 1
681 981 1
681 991 1
681 993 1
681 998 1
681 1003 1
681 1007 1
681 1011 1
681 1022 1
681 1027 1
681 1030 1
681 1041 1
681 1053 1
681 1063 1
681 1064 1
681 1078 1
681 1085 1
681 1090 1
681 1091 1
681 1093 1
681 1096 1
681 1097 1
681 1100 1
681 1105 1
681 1113 1
681 1116 1
681 1120 1
681 1128 1
681 1130 1
681 1134 1
681 1138 1
681 1146 1
681 1154 1
681 1163 1
681 1171 1
681 1182 1
681 1189 1
681 1195 1
681 1204 1
681 1207 1
681 1211 1
681 1218 1
681 1222 1
681 1228 1
681 1229 1
681 1238 1
681 1239 1
681 1240 1
681 1246 1
681 1250 1
681 1254 1
681 1266 1
681 1293 1
681 1297 1
681 1298 1
681 1304 1
681 1305 1
681 1316 1
681 1319 1
681 1327 1
681 1335 1
681 1337 1
681 1341 1
681 1342 1
681 1356 1
681 1360 1
681 1362 1
681 1365 1
681 1372 1
681 1373 1
681 1378 1
681 1387 1
681 1389 1
681 1391 1
681 1393 1
681 1399 1
681 1401 1
681 1403 1
681 1418 1
681 1426 1
681 1428 1
681 1430 1
681 1431 1
681 1435 1
681 1441 1
681 1452 1
681 1457 1
681 1467 1
681 1469 1
681 1487 1
681 1493 1
681 1495 1
681 1497 1
681 1500 1
681 1503 1
681 1519 1
681 1521 1
681 1525 1
681 1526 1
681 1529 1
681 1532 1
681 1543 1
681 1557 1
681 1564 1
681 1568 1
681 1569 1
681 1583 1
681 1588 1
681 1592 1
681 1594 1
681 1599 1
681 1602 1
681 1606 1
681 1613 1
681 1617 1
681 1619 1
681 1620 1
681 1621 1
681 1627 1
681 1655 1
681 1668 1
681 1676 1
681 1684 1
681 1691 1
681 1696 1
681 1698 1
681 1699 1
681 1700 1
681 1719 1
681 1728 1
681 1731 1
681 1734 1
681 1735 1
681 1736 1
681 1745 1
681 1749 1
681 1754 1
681 1759 1
681 1767 1
681 1775 1
681 1783 1
681 1785 1
681 1789 1
681 1791 1
681 1797 1
681 1799 1
681 1800 1
681 1806 1
681 1810 1
681 1813 1
681 1814 1
681 1815 1
681 1816 1
681 1819 1
681 1825 1
681 1829 1
681 1834 1
681 1838 1
681 1856 1
681 1864 1
681 1872 1
681 1882 1
681 1884 1
681 1885 1
681 1887 1
681 1889 1
681 1891 1
681 1905 1
681 1923 1
681 1924 1
681 1929 1
681 1931 1
681 1938 1
681 1940 1
681 1952 1
681 1955 1
681 1959 1
681 1966 1
681 1983 1
681 1985 1
681 1987 1
681 1989 1
681 1991 1
681 1994 1
681 1997 1
681 2000 1
681 2007 1
681 2009 1
681 2014 1
681 2024 1
681 2029 1
681 2034 1
681 2038 1
682 10 1
682 11 1
682 20 1
682 33 1
682 39 1
682 43 1
682 53 1
682 97 1
682 98 1
682 124 1
682 160 1
682 175 1
682 190 1
682 208 1
682 212 1
682 215 1
682 219 1
682 231 1
682 267 1
682 269 1
682 282 1
682 284 1
682 286 1
682 296 1
682 305 1
682 308 1
682 309 1
682 312 1
682 316 1
682 347 1
682 352 1
682 392 1
682 397 1
682 407 1
682 410 1
682 417 1
682 436 1
682 439 1
682 466 1
682 472 1
682 481 1
682 483 1
682 485 1
682 495 1
682 511 1
682 514 1
682 525 1
682 530 1
682 569 1
682 571 1
682 575 1
682 578 1
682 579 1
682 580 1
682 582 1
682 583 1
682 585 1
682 612 1
682 628 1
682 637 1
682 639 1
682 640 1
682 646 1
682 652 1
682 686 1
682 726 1
682 730 1
682 750 1
682 776 1
682 782 1
682 790 1
682 794 1
682 796 1
682 798 1
682 799 1
682 809 1
682 815 1
682 818 1
682 831 1
682 832 1
682 845 1
682 851 1
682 890 1
682 901 1
682 917 1
682 924 1
682 939 1
682 944 1
682 945 1
682 964 1
682 967 1
682 973 1
682 982 1
682 983 1
682 1015 1
682 1021 1
682 1028 1
682 1032 1
682 1034 1
682 1042 1
682 1057 1
682 1061 1
682 1065 1
682 1066 1
682 1070 1
682 1083 1
682 1092 1
682 1107 1
682 1110 1
682 1111 1
682 1114 1
682 1125 1
682 1129 1
682 1135 1
682 1137 1
682 1142 1
682 1164 1
682 1166 1
682 1167 1
682 1181 1
682 1185 1
682 1201 1
682 1205 1
682 1223 1
682 1225 1
682 1237 1
682 1247 1
682 1260 1
682 1280 1
682 1281 1
682 1284 1
682 1289 1
682 1290 1
682 1315 1
682 1317 1
682 1325 1
682 1329 1
682 1332 1
682 1336 1
682 1340 1
682 1353 1
682 1366 1
682 1374 1
682 1394 1
682 1398 1
682 1402 1
682 1424 1
682 1432 1
682 1449 1
682 1455 1
682 1478 1
682 1488 1
682 1507 1
682 1517 1
682 1540 1
682 1542 1
682 1545 1
682 1550 1
682 1560 1
682 1575 1
682 1585 1
682 1590 1
682 1593 1
682 1646 1
682 1647 1
682 1653 1
682 1661 1
682 1680 1
682 1688 1
682 1702 1
682 1704 1
682 1708 1
682 1718 1
682 1725 1
682 1726 1
682 1727 1
682 1729 1
682 1732 1
682 1738 1
682 1752 1
682 1801 1
682 1808 1
682 1809 1
682 1811 1
682 1821 1
682 1828 1
682 1849 1
682 1862 1
682 1883 1
682 1890 1
682 1892 1
682 1899 1
682 1907 1
682 1909 1
682 1911 1
682 1912 1
682 1914 1
682 1917 1
682 1918 1
682 1943 1
682 1960 1
682 1967 1
682 1968 1
682 1984 1
682 1998 1
682 2001 1
682 2004 1
682 2017 1
682 2019 1
682 2025 1
683 2 1
683 19 1
683 22 1
683 38 1
683 40 1
683 55 1
683 67 1
683 70 1
683 90 1
683 94 1
683 95 1
683 108 1
683 121 1
683 129 1
683 133 1
683 157 1
683 178 1
683 187 1
683 192 1
683 193 1
683 216 1
683 228 1
683 229 1
683 238 1
683 241 1
683 247 1
683 285 1
683 302 1
683 304 1
683 328 1
683 340 1
683 342 1
683 346 1
683 351 1
683 366 1
683 367 1
683 378 1
683 388 1
683 389 1
683 399 1
683 411 1
683 412 1
683 423 1
683 440 1
683 441 1
683 494 1
683 504 1
683 512 1
683 518 1
683 526 1
683 541 1
683 547 1
683 551 1
683 572 1
683 574 1
683 601 1
683 611 1
683 619 1
683 642 1
683 649 1
683 659 1
683 660 1
683 681 1
683 723 1
683 731 1
683 754 1
683 755 1
683 766 1
683 771 1
683 777 1
683 797 1
683 835 1
683 839 1
683 846 1
683 854 1
683 859 1
683 871 1
683 906 1
683 910 1
683 911 1
683 918 1
683 926 1
683 949 1
683 950 1
683 951 1
683 988 1
683 999 1
683 1016 1
683 1031 1
683 1033 1
683 1038 1
683 1058 1
683 1071 1
683 1088 1
683 1102 1
683 1121 1
683 1139 1
683 1152 1
683 1172 1
683 1190 1
683 1203 1
683 1231 1
683 1252 1
683 1259 1
683 1265 1
683 1272 1
683 1275 1
683 1283 1
683 1301 1
683 1302 1
683 1306 1
683 1321 1
683 1323 1
683 1347 1
683 1348 1
683 1351 1
683 1375 1
683 1379 1
683 1380 1
683 1390 1
683 1392 1
683 1407 1
683 1415 1
683 1417 1
683 1419 1
683 1423 1
683 1439 1
683 1451 1
683 1454 1
683 1466 1
683 1544 1
683 1559 1
683 1576 1
683 1581 1
683 1598 1
683 1622 1
683 1639 1
683 1682 1
683 1689 1
683 1717 1
683 1730 1
683 1743 1
683 1746 1
683 1764 1
683 1779 1
683 1846 1
683 1875 1
683 1877 1
683 1944 1
683 1945 1
683 1969 1
683 1979 1
683 2011 1
683 2031 1
683 2035 1
683 2039 1
683 2042 1
683 2047 1
684 3 1
684 5 1
684 30 1
684 43 1
684 54 1
684 69 1
684 84 1
684 100 1
684 109 1
684 119 1
684 135 1
684 137 1
684 170 1
684 172 1
684 182 1
684 204 1
684 213 1
684 251 1
684 259 1
684 270 1
684 303 1
684 311 1
684 320 1
684 323 1
684 333 1
684 349 1
684 358 1
684 374 1
684 377 1
684 387 1
684 408 1
684 502 1
684 550 1
684 573 1
684 581 1
684 599 1
684 621 1
684 629 1
684 661 1
684 663 1
684 667 1
684 684 1
684 688 1
684 702 1
684 744 1
684 752 1
684 780 1
684 814 1
684 864 1
684 876 1
684 891 1
684 893 1
684 940 1
684 952 1
684 975 1
684 980 1
684 1001 1
684 1009 1
684 1020 1
684 1055 1
684 1099 1
684 1123 1
684 1144 1
684 1150 1
684 1162 1
684 1175 1
684 1200 1
684 1206 1
684 1235 1
684 1300 1
684 1409 1
684 1414 1
684 1416 1
684 1420 1
684 1472 1
684 1527 1
684 1528 1
684 1555 1
684 1633 1
684 1638 1
684 1642 1
684 1666 1
684 1713 1
684 1744 1
684 1795 1
684 1804 1
684 1835 1
684 1848 1
684 1851 1
684 1853 1
684 1866 1
684 1881 1
684 1888 1
684 1896 1
684 1908 1
684 1932 1
684 1941 1
684 1951 1
685 14 1
685 28 1
685 56 1
685 106 1
685 114 1
685 152 1
685 174 1
685 179 1
685 195 1
685 271 1
685 355 1
685 383 1
685 405 1
685 497 1
685 510 1
685 565 1
685 595 1
685 677 1
685 772 1
685 795 1
685 927 1
685 970 1
685 986 1
685 1043 1
685 1104 1
685 1119 1
685 1197 1
685 1209 1
685 1282 1
685 1314 1
685 1377 1
685 1442 1
685 1459 1
685 1554 1
685 1586 1
685 1706 1
685 1737 1
685 1824 1
685 1852 1
685 1873 1
685 1878 1
686 60 1
686 165 1
686 168 1
686 233 1
686 235 1
686 262 1
686 278 1
686 298 1
686 428 1
686 513 1
686 657 1
686 672 1
686 698 1
686 706 1
686 762 1
686 877 1
686 886 1
686 904 1
686 954 1
686 987 1
686 996 1
686 1178 1
686 1187 1
686 1191 1
686 1215 1
686 1269 1
686 1499 1
686 1577 1
686 1607 1
686 1644 1
686 1662 1
686 1679 1
686 1705 1
686 1758 1
686 1817 1
686 1886 1
686 1933 1
686 1976 1
687 54 1
687 112 1
687 203 1
687 224 1
687 227 1
687 300 1
687 356 1
687 470 1
687 516 1
687 561 1
687 615 1
687 643 1
687 704 1
687 867 1
687 968 1
687 1098 1
687 1219 1
687 1461 1
687 1623 1
687 1657 1
687 1664 1
687 1714 1
687 1778 1
687 1792 1
687 1796 1
687 1847 1
687 1937 1
688 59 1
688 81 1
688 82 1
688 162 1
688 252 1
688 442 1
688 461 1
688 707 1
688 935 1
688 1050 1
688 1232 1
688 1446 1
688 1562 1
688 1574 1
688 1654 1
688 1770 1
688 1901 1
688 2027 1
688 2043 1
688 2045 1
689 74 1
689 81 1
689 87 1
689 343 1
689 430 1
689 480 1
689 648 1
689 720 1
689 721 1
689 764 1
689 874 1
689 965 1
689 1202 1
689 1213 1
689 1310 1
689 1672 1
689 1703 1
689 2010 1
690 34 1
690 35 1
690 79 1
690 364 1
690 588 1
690 728 1
690 902 1
690 995 1
690 1054 1
690 1089 1
690 1270 1
690 1510 1
690 1867 1
690 2040 1
691 6 1
691 41 1
691 42 1
691 65 1
691 171 1
691 194 1
691 205 1
691 729 1
691 850 1
691 900 1
691 942 1
691 1008 1
691 1035 1
691 1194 1
691 1397 1
691 1616 1
691 1686 1
691 1798 1
692 64 1
692 76 1
692 181 1
692 222 1
692 236 1
692 337 1
692 381 1
692 451 1
692 520 1
692 533 1
692 590 1
692 856 1
692 984 1
692 1010 1
692 1140 1
692 1227 1
692 1354 1
692 1456 1
692 1552 1
692 1601 1
692 1636 1
692 1697 1
692 1701 1
692 1773 1
692 1947 1
692 2033 1
693 16 1
693 36 1
693 75 1
693 92 1
693 104 1
693 263 1
693 380 1
693 465 1
693 584 1
693 697 1
693 700 1
693 709 1
693 715 1
693 758 1
693 810 1
693 934 1
693 1037 1
693 1077 1
693 1133 1
693 1193 1
693 1296 1
693 1357 1
693 1434 1
693 1436 1
693 1551 1
693 1597 1
693 1609 1
693 1625 1
693 1632 1
693 1637 1
693 1667 1
693 1692 1
693 1715 1
693 1802 1
693 1910 1
693 1948 1
693 2023 1
694 17 1
694 50 1
694 61 1
694 99 1
694 120 1
694 139 1
694 146 1
694 154 1
694 163 1
694 197 1
694 234 1
694 256 1
694 257 1
694 258 1
694 260 1
694 268 1
694 279 1
694 299 1
694 306 1
694 335 1
694 348 1
694 354 1
694 359 1
694 360 1
694 363 1
694 368 1
694 393 1
694 400 1
694 403 1
694 438 1
694 444 1
694 459 1
694 479 1
694 490 1
694 501 1
694 535 1
694 545 1
694 616 1
694 618 1
694 654 1
694 668 1
694 690 1
694 695 1
694 703 1
694 708 1
694 727 1
694 734 1
694 760 1
694 801 1
694 804 1
694 866 1
694 884 1
694 921 1
694 992 1
694 994 1
694 1005 1
694 1023 1
694 1024 1
694 1029 1
694 1073 1
694 1109 1
694 1118 1
694 1132 1
694 1173 1
694 1179 1
694 1257 1
694 1262 1
694 1267 1
694 1279 1
694 1291 1
694 1322 1
694 1381 1
694 1382 1
694 1385 1
694 1425 1
694 1433 1
694 1473 1
694 1474 1
694 1481 1
694 1489 1
694 1494 1
694 1523 1
694 1558 1
694 1580 1
694 1591 1
694 1628 1
694 1635 1
694 1658 1
694 1669 1
694 1681 1
694 1712 1
694 1761 1
694 1765 1
694 1771 1
694 1774 1
694 1786 1
694 1787 1
694 1788 1
694 1820 1
694 1839 1
694 1868 1
694 1880 1
694 1921 1
694 1936 1
694 1978 1
694 1980 1
694 1988 1
694 2003 1
694 2020 1
694 2046 1
694 2048 1
695 13 1
695 25 1
695 76 1
695 111 1
695 116 1
695 122 1
695 127 1
695 142 1
695 143 1
695 166 1
695 184 1
695 206 1
695 244 1
695 245 1
695 277 1
695 313 1
695 327 1
695 345 1
695 369 1
695 445 1
695 446 1
695 453 1
695 534 1
695 544 1
695 577 1
695 587 1
695 604 1
695 631 1
695 633 1
695 647 1
695 676 1
695 679 1
695 692 1
695 696 1
695 701 1
695 716 1
695 733 1
695 735 1
695 741 1
695 751 1
695 822 1
695 868 1
695 894 1
695 905 1
695 925 1
695 961 1
695 963 1
695 985 1
695 997 1
695 1002 1
695 1025 1
695 1079 1
695 1149 1
695 1151 1
695 1153 1
695 1157 1
695 1159 1
695 1168 1
695 1169 1
695 1184 1
695 1236 1
695 1242 1
695 1274 1
695 1285 1
695 1288 1
695 1303 1
695 1330 1
695 1331 1
695 1334 1
695 1344 1
695 1352 1
695 1355 1
695 1388 1
695 1410 1
695 1412 1
695 1413 1
695 1445 1
695 1450 1
695 1490 1
695 1491 1
695 1505 1
695 1516 1
695 1536 1
695 1537 1
695 1571 1
695 1605 1
695 1630 1
695 1648 1
695 1671 1
695 1685 1
695 1720 1
695 1721 1
695 1723 1
695 1741 1
695 1751 1
695 1753 1
695 1766 1
695 1768 1
695 1776 1
695 1831 1
695 1832 1
695 1845 1
695 1857 1
695 1870 1
695 1871 1
695 1895 1
695 1902 1
695 1913 1
695 1919 1
695 1920 1
695 1922 1
695 1925 1
695 1954 1
695 1964 1
695 1986 1
695 1990 1
695 2008 1
695 2012 1
695 2013 1
695 2018 1
695 2044 1
696 140 1
696 272 1
696 443 1
696 1324 1
696 1396 1
696 1858 1
696 1863 1
696 2005 1
697 56 1
697 57 1
697 74 1
698 58 1
698 64 1
698 73 1
698 74 1
701 51 1
702 71 1
704 80 1
705 60 1
708 45 1
709 55 1
709 72 1
711 58 1
712 60 1
714 57 1
715 64 1
716 64 1
717 67 1
719 66 1
721 61 1
721 67 1
721 77 1
722 59 1
722 64 1
723 51 1
723 65 1
724 48 1
726 61 1
726 76 1
726 82 1
729 48 1
729 58 1
732 79 1
733 50 1
734 57 1
735 712 1
736 46 1
736 68 1
736 91 1
737 48 1
737 1049 1
737 1292 1
737 1359 1
737 1844 1
737 1939 1
739 570 1
739 641 1
739 649 1
740 60 1
740 80 1
740 130 1
740 1312 1
740 1553 1
741 1115 1
741 1210 1
741 1539 1
741 1876 1
742 55 1
742 57 1
742 1579 1
743 52 1
743 57 1
743 1150 1
743 1830 1
744 15 1
744 63 1
744 341 1
745 548 1
746 42 1
746 75 1
747 62 1
747 593 1
748 57 1
748 76 1
749 46 1
749 63 1
750 57 1
750 67 1
750 2048 0
