1 371 1
1 1236 1
1 1291 1
1 1543 1
1 1886 1
2 358 1
2 699 1
2 852 1
2 992 1
2 1819 1
3 117 1
3 1988 1
4 23 1
4 991 1
4 1136 1
4 1721 1
4 1971 1
5 703 1
5 924 1
5 1032 1
5 1286 1
5 1348 1
5 1494 1
5 1619 1
5 1673 1
5 1711 1
5 1983 1
6 13 1
6 39 1
6 188 1
6 1735 1
6 1764 1
6 1977 1
7 21 1
7 179 1
7 984 1
7 1875 1
8 133 1
8 374 1
8 420 1
8 526 1
8 545 1
8 575 1
8 649 1
8 662 1
8 1069 1
8 1257 1
8 1625 1
8 1632 1
8 1824 1
8 1860 1
8 2017 1
8 2039 1
9 118 1
9 462 1
9 463 1
9 827 1
9 928 1
9 948 1
9 1027 1
9 1066 1
9 1139 1
9 1293 1
9 1634 1
9 1651 1
9 1863 1
9 1917 1
9 1931 1
9 1937 1
9 1968 1
10 27 1
10 110 1
10 192 1
10 193 1
10 544 1
10 746 1
10 786 1
10 856 1
10 1225 1
10 1228 1
10 1349 1
10 1551 1
10 1663 1
10 1785 1
10 1903 1
11 10 1
11 26 1
11 33 1
11 90 1
11 136 1
11 208 1
11 339 1
11 803 1
11 901 1
11 947 1
11 1016 1
11 1211 1
11 1319 1
11 1745 1
11 1849 1
11 2001 1
12 24 1
12 95 1
12 280 1
12 439 1
12 767 1
12 770 1
12 840 1
12 986 1
12 1083 1
12 1110 1
12 1331 1
12 1412 1
12 1457 1
12 1581 1
12 1803 1
12 1877 1
12 1896 1
12 1919 1
13 69 1
13 102 1
13 126 1
13 273 1
13 312 1
13 401 1
13 424 1
13 654 1
13 964 1
13 1157 1
13 1354 1
13 1388 1
13 1411 1
13 1461 1
13 1574 1
13 1780 1
13 1801 1
14 40 1
14 184 1
14 473 1
14 621 1
14 635 1
14 637 1
14 1192 1
14 1288 1
14 1328 1
14 1329 1
14 1710 1
14 1769 1
14 1929 1
14 1992 1
15 387 1
15 623 1
15 627 1
15 781 1
15 1144 1
15 1284 1
15 1313 1
15 1588 1
15 1965 1
16 6 1
16 220 1
16 309 1
16 417 1
16 441 1
16 1025 1
16 1118 1
16 1311 1
16 1554 1
16 1978 1
17 638 1
17 1497 1
18 1145 1
18 1321 1
19 21 1
19 42 1
19 236 1
19 563 1
19 1076 1
19 1432 1
19 1599 1
20 4 1
20 37 1
20 122 1
20 386 1
20 1492 1
21 33 1
21 125 1
21 864 1
21 1858 1
22 33 1
23 435 1
23 705 1
23 1082 1
24 22 1
24 91 1
24 171 1
24 398 1
24 490 1
24 689 1
24 877 1
24 955 1
24 1480 1
24 1868 1
25 4 1
25 25 1
25 36 1
25 219 1
25 249 1
25 261 1
25 322 1
25 790 1
25 1013 1
25 1105 1
25 1131 1
25 1175 1
25 1184 1
25 1310 1
25 1646 1
25 1792 1
25 2040 1
26 68 1
26 252 1
26 298 1
26 457 1
26 524 1
26 708 1
26 793 1
26 857 1
26 1035 1
26 1143 1
26 1146 1
26 1597 1
26 1779 1
26 1783 1
26 1854 1
26 1961 1
26 1973 1
26 2029 1
27 25 1
27 34 1
27 294 1
27 616 1
27 632 1
27 773 1
27 1053 1
27 1733 1
28 32 1
28 348 1
28 503 1
28 593 1
28 653 1
28 719 1
28 884 1
28 1124 1
28 1775 1
28 1911 1
29 9 1
29 21 1
29 24 1
29 511 1
29 684 1
29 717 1
29 807 1
29 930 1
29 988 1
29 1363 1
29 1476 1
29 1670 1
30 29 1
30 636 1
30 1195 1
30 1278 1
30 1766 1
31 209 1
31 450 1
31 481 1
31 510 1
31 695 1
31 1230 1
32 15 1
32 600 1
32 1535 1
32 1914 1
32 2003 1
33 10 1
33 36 1
33 44 1
33 400 1
33 698 1
33 754 1
33 1081 1
34 29 1
34 680 1
34 995 1
34 1297 1
35 1 1
35 10 1
35 18 1
35 25 1
35 403 1
35 560 1
35 1045 1
36 19 1
36 26 1
36 867 1
37 3 1
37 391 1
37 494 1
37 1098 1
37 1736 1
37 1876 1
38 11 1
38 17 1
38 33 1
38 65 1
38 151 1
38 1067 1
38 1245 1
38 1924 1
39 260 1
39 620 1
39 1386 1
39 1641 1
40 121 1
40 384 1
40 791 1
40 919 1
40 1459 1
40 1719 1
40 1723 1
40 1741 1
40 1986 1
41 4 1
41 73 1
41 116 1
41 373 1
41 950 1
41 951 1
41 1229 1
41 1262 1
41 1289 1
41 1444 1
41 1856 1
42 3 1
42 1352 1
42 1731 1
42 1757 1
42 1998 1
43 38 1
43 344 1
43 522 1
43 1265 1
44 397 1
44 480 1
44 607 1
44 829 1
44 1003 1
44 2016 1
45 394 1
45 755 1
45 796 1
45 1015 1
45 1489 1
46 20 1
46 37 1
46 243 1
46 361 1
46 456 1
46 771 1
46 779 1
46 1197 1
47 6 1
47 13 1
47 14 1
47 216 1
47 1327 1
47 1541 1
47 1747 1
47 1833 1
47 1949 1
48 7 1
48 10 1
48 11 1
48 923 1
48 1323 1
48 1691 1
48 1939 1
49 5 1
49 7 1
49 52 1
49 106 1
49 405 1
49 646 1
49 782 1
50 39 1
50 380 1
50 431 1
50 1019 1
50 1395 1
51 11 1
51 1177 1
51 2012 1
52 41 1
52 162 1
52 1103 1
53 5 1
53 124 1
53 139 1
53 142 1
53 749 1
53 1138 1
53 1180 1
53 1754 1
53 1859 1
54 11 1
54 16 1
54 18 1
54 32 1
54 34 1
54 862 1
54 1553 1
55 8 1
55 13 1
56 2 1
56 21 1
56 39 1
56 2018 1
57 1661 1
58 20 1
58 1133 1
58 1176 1
58 1314 1
58 1892 1
59 10 1
59 35 1
59 170 1
59 505 1
59 1041 1
59 1460 1
60 26 1
60 196 1
60 1908 1
60 1932 1
60 1933 1
61 22 1
61 72 1
62 1447 1
63 13 1
63 149 1
63 234 1
63 561 1
63 723 1
64 337 1
64 921 1
64 1373 1
64 1451 1
64 1653 1
65 104 1
65 1155 1
65 1158 1
65 1512 1
66 16 1
66 37 1
66 370 1
66 548 1
66 1857 1
67 16 1
67 242 1
67 429 1
67 1222 1
67 1458 1
67 1606 1
67 1855 1
68 5 1
68 40 1
68 631 1
68 1107 1
69 10 1
69 23 1
69 465 1
69 468 1
69 1099 1
69 1102 1
70 7 1
70 39 1
70 350 1
70 1137 1
71 245 1
71 285 1
71 714 1
71 1199 1
71 1415 1
71 1441 1
72 353 1
72 691 1
72 1009 1
72 1676 1
72 2026 1
73 6 1
73 317 1
73 318 1
73 1275 1
73 1737 1
74 14 1
74 17 1
74 185 1
74 1528 1
75 22 1
75 495 1
75 1387 1
76 3 1
76 329 1
76 584 1
77 32 1
77 1437 1
77 1644 1
77 1951 1
78 27 1
78 28 1
78 328 1
78 1418 1
79 239 1
79 354 1
79 426 1
79 645 1
79 741 1
79 1694 1
80 38 1
80 685 1
80 1462 1
80 1698 1
81 475 1
81 1204 1
81 1362 1
81 1548 1
81 1607 1
81 1638 1
82 3 1
82 26 1
82 175 1
82 591 1
82 1079 1
82 1160 1
82 1431 1
82 1516 1
82 1846 1
82 1993 1
83 84 1
83 540 1
83 1185 1
83 1885 1
84 313 1
84 504 1
84 1534 1
85 21 1
85 36 1
85 147 1
85 271 1
85 586 1
85 687 1
85 822 1
85 1712 1
86 37 1
86 345 1
86 750 1
86 1172 1
86 1196 1
86 1203 1
86 1330 1
86 1827 1
87 45 1
87 1108 1
87 1426 1
87 1956 1
88 9 1
88 20 1
88 183 1
88 254 1
88 300 1
88 775 1
88 837 1
88 1101 1
88 1496 1
88 2033 1
89 201 1
89 1260 1
90 99 1
90 128 1
90 893 1
90 1455 1
90 1770 1
91 176 1
91 704 1
91 1235 1
91 1713 1
92 17 1
92 27 1
92 874 1
92 1292 1
92 1580 1
93 501 1
93 865 1
93 1467 1
93 1501 1
93 1525 1
93 1620 1
94 392 1
94 415 1
94 564 1
94 898 1
94 972 1
94 1014 1
94 1148 1
94 1277 1
95 13 1
95 17 1
95 1316 1
95 1985 1
96 166 1
96 212 1
96 478 1
96 492 1
96 520 1
96 549 1
96 580 1
96 1061 1
96 1080 1
96 1392 1
97 610 1
97 657 1
97 920 1
97 1091 1
97 1116 1
97 1301 1
97 1401 1
97 1505 1
97 1519 1
97 1777 1
97 1852 1
98 241 1
98 720 1
98 805 1
98 845 1
98 1255 1
98 1342 1
98 1449 1
98 1504 1
98 1563 1
98 1615 1
98 1850 1
98 1916 1
99 20 1
99 32 1
99 34 1
99 35 1
99 351 1
99 514 1
99 624 1
99 794 1
99 1078 1
99 1339 1
99 1515 1
99 1571 1
99 1972 1
100 13 1
100 356 1
100 533 1
100 605 1
100 707 1
100 834 1
100 1120 1
100 1351 1
100 1700 1
100 1753 1
100 1800 1
100 1880 1
101 29 1
101 207 1
101 427 1
101 1132 1
101 1320 1
101 1381 1
101 1566 1
102 206 1
102 288 1
102 578 1
102 1272 1
102 1510 1
102 1832 1
102 1943 1
102 1976 1
103 9 1
103 23 1
103 28 1
103 31 1
103 32 1
103 665 1
103 679 1
103 913 1
103 1042 1
103 1704 1
104 1 1
104 41 1
104 286 1
104 367 1
104 467 1
104 724 1
104 916 1
104 1302 1
104 1523 1
104 1675 1
104 1716 1
104 1964 1
105 5 1
105 224 1
105 555 1
105 906 1
105 1012 1
105 1059 1
105 1213 1
106 274 1
106 879 1
106 1031 1
106 1848 1
107 11 1
107 23 1
107 112 1
107 399 1
107 455 1
107 1241 1
107 1287 1
107 1616 1
107 1749 1
108 1530 1
108 2028 1
109 2 1
109 1127 1
109 2043 1
110 41 1
111 3 1
111 12 1
111 164 1
111 364 1
111 466 1
111 529 1
111 1047 1
111 1248 1
111 1575 1
111 1804 1
112 21 1
112 41 1
112 729 1
112 739 1
112 971 1
112 1738 1
113 17 1
113 28 1
113 129 1
113 270 1
113 534 1
113 557 1
113 917 1
113 1945 1
114 158 1
114 565 1
114 1017 1
114 1601 1
114 1821 1
114 1828 1
115 61 1
115 89 1
115 321 1
115 421 1
115 471 1
115 562 1
115 617 1
115 1169 1
115 1341 1
115 1364 1
115 1493 1
115 1514 1
115 1536 1
115 1797 1
115 1884 1
115 1955 1
116 6 1
116 365 1
116 609 1
116 656 1
116 844 1
116 886 1
116 925 1
116 936 1
116 963 1
116 1207 1
116 1429 1
116 1445 1
116 1600 1
116 1944 1
117 27 1
117 80 1
117 85 1
117 154 1
117 352 1
117 407 1
117 761 1
117 905 1
117 1049 1
117 1697 1
117 1725 1
117 1947 1
118 202 1
118 325 1
118 806 1
118 851 1
118 980 1
118 1063 1
118 1592 1
118 1726 1
119 32 1
119 38 1
119 140 1
119 277 1
119 541 1
119 659 1
119 889 1
119 1156 1
119 1253 1
119 1259 1
119 2011 1
119 2021 1
120 16 1
120 30 1
120 213 1
120 423 1
120 559 1
120 1254 1
120 1312 1
120 1402 1
120 1463 1
120 1617 1
121 15 1
121 32 1
121 94 1
121 823 1
121 854 1
121 1872 1
121 2024 1
122 9 1
122 303 1
122 571 1
122 1454 1
123 30 1
123 715 1
123 1613 1
124 681 1
124 1007 1
125 11 1
125 33 1
125 731 1
125 799 1
125 978 1
125 1410 1
125 1573 1
126 5 1
126 34 1
126 459 1
126 671 1
126 1095 1
126 1182 1
126 1680 1
127 3 1
127 33 1
127 153 1
127 747 1
127 2010 1
128 22 1
128 40 1
128 486 1
128 1246 1
128 1624 1
129 22 1
129 35 1
129 40 1
129 231 1
129 725 1
129 1104 1
129 1640 1
130 31 1
130 146 1
130 611 1
130 751 1
130 762 1
130 785 1
130 1796 1
130 1844 1
131 5 1
131 24 1
131 40 1
131 57 1
131 396 1
131 652 1
131 839 1
131 943 1
131 974 1
131 1062 1
131 1162 1
131 1427 1
131 1531 1
131 1539 1
131 1565 1
131 1652 1
131 1869 1
131 1950 1
132 32 1
132 262 1
132 299 1
132 320 1
132 330 1
132 379 1
132 658 1
132 672 1
132 757 1
132 908 1
132 1232 1
132 1256 1
132 1434 1
132 1477 1
132 1657 1
133 28 1
133 301 1
133 311 1
133 452 1
133 537 1
133 613 1
133 700 1
133 712 1
133 902 1
133 1005 1
133 1114 1
133 1147 1
133 1264 1
133 1300 1
133 1375 1
133 1382 1
133 1518 1
133 1630 1
133 1887 1
133 1942 1
134 48 1
134 189 1
134 414 1
134 438 1
134 797 1
134 962 1
134 1154 1
134 1927 1
135 24 1
135 103 1
135 308 1
135 998 1
135 1087 1
135 1226 1
135 1385 1
135 1456 1
135 1557 1
135 1786 1
135 1882 1
135 2031 1
136 36 1
136 58 1
136 88 1
136 137 1
136 493 1
136 525 1
136 801 1
136 816 1
136 835 1
136 1790 1
137 897 1
137 941 1
137 1112 1
137 1306 1
137 1705 1
137 1831 1
137 1928 1
138 7 1
138 13 1
138 18 1
138 29 1
138 460 1
138 521 1
138 710 1
138 711 1
138 800 1
138 882 1
138 934 1
138 1218 1
139 24 1
139 34 1
139 362 1
139 1440 1
139 1598 1
140 39 1
140 432 1
140 1008 1
140 1453 1
140 1744 1
141 875 1
141 2047 1
142 29 1
142 37 1
142 306 1
142 1495 1
143 3 1
143 13 1
143 29 1
143 553 1
143 1149 1
143 1471 1
144 5 1
144 16 1
144 32 1
144 587 1
144 859 1
144 1294 1
144 1635 1
144 1666 1
145 33 1
145 752 1
145 1033 1
145 1438 1
145 1642 1
145 1645 1
145 1806 1
146 1 1
146 8 1
146 22 1
146 26 1
146 302 1
146 428 1
146 694 1
146 1075 1
146 1353 1
146 1366 1
146 1822 1
146 1881 1
146 1894 1
146 2023 1
147 3 1
147 145 1
147 226 1
147 272 1
147 506 1
147 606 1
147 787 1
147 841 1
147 981 1
147 985 1
147 1018 1
147 1500 1
147 1567 1
147 1920 1
147 1996 1
148 1 1
148 3 1
148 233 1
148 278 1
148 349 1
148 622 1
148 732 1
148 792 1
148 1202 1
148 1396 1
148 1419 1
148 1811 1
149 24 1
149 41 1
149 98 1
149 340 1
149 402 1
149 640 1
149 813 1
149 957 1
149 996 1
149 1074 1
149 1271 1
149 1389 1
149 1452 1
149 1503 1
149 1647 1
149 1703 1
149 1841 1
149 1873 1
149 2014 1
150 62 1
150 195 1
150 615 1
150 810 1
150 1170 1
150 1188 1
150 1667 1
150 1711 1
150 1794 1
150 1816 1
150 2019 1
151 244 1
151 817 1
151 965 1
151 1060 1
151 1092 1
151 1383 1
151 1669 1
151 1685 1
151 1773 1
151 1789 1
152 71 1
152 437 1
152 543 1
152 682 1
152 1052 1
152 1618 1
152 1847 1
153 82 1
153 181 1
153 419 1
153 650 1
153 1153 1
153 1247 1
153 1546 1
153 1952 1
154 780 1
154 937 1
154 993 1
154 1020 1
154 1152 1
154 1317 1
154 1329 1
154 1479 1
154 1549 1
154 1890 1
155 539 1
155 1597 1
155 1866 1
156 1391 1
156 1552 1
156 1883 1
157 1027 1
157 1611 1
157 2027 1
158 734 1
158 1268 1
159 769 1
159 1151 1
160 515 1
160 726 1
160 1022 1
160 1071 1
161 190 1
161 619 1
161 697 1
161 783 1
161 870 1
161 1056 1
161 1209 1
161 1376 1
161 1587 1
161 1681 1
161 1839 1
162 150 1
162 284 1
162 538 1
162 556 1
162 588 1
162 701 1
162 909 1
162 1242 1
162 1478 1
162 1891 1
162 2046 1
163 291 1
163 573 1
163 660 1
163 778 1
163 1143 1
163 1280 1
163 1334 1
163 1578 1
163 1589 1
163 1650 1
163 1693 1
163 1879 1
164 152 1
164 159 1
164 388 1
164 446 1
164 532 1
164 551 1
164 738 1
164 776 1
164 815 1
164 819 1
164 828 1
164 863 1
164 894 1
164 903 1
164 940 1
164 976 1
164 977 1
164 1096 1
164 1171 1
164 1223 1
164 1296 1
164 1344 1
164 1442 1
164 1520 1
164 1583 1
164 1636 1
164 1672 1
164 1768 1
164 1878 1
164 1960 1
164 1982 1
164 2005 1
165 368 1
165 530 1
165 568 1
165 608 1
165 647 1
165 666 1
165 702 1
165 866 1
165 1131 1
165 1163 1
165 1283 1
165 1414 1
165 1481 1
165 1540 1
165 1708 1
165 1724 1
165 1755 1
165 1845 1
165 1865 1
165 1948 1
166 114 1
166 197 1
166 295 1
166 315 1
166 408 1
166 713 1
166 766 1
166 1146 1
166 1181 1
166 1219 1
166 1405 1
166 1509 1
166 1517 1
166 1532 1
166 1799 1
167 191 1
167 422 1
167 602 1
167 847 1
167 935 1
167 946 1
167 1037 1
167 1068 1
167 1585 1
167 1715 1
167 1979 1
168 97 1
168 251 1
168 381 1
168 434 1
168 497 1
168 499 1
168 509 1
168 527 1
168 728 1
168 1150 1
168 1205 1
168 1637 1
168 1686 1
168 1902 1
168 2004 1
169 304 1
169 593 1
169 1602 1
169 1678 1
169 1901 1
170 79 1
170 811 1
170 849 1
170 901 1
170 1038 1
170 1161 1
170 1239 1
170 1569 1
170 1701 1
170 1717 1
170 1970 1
171 227 1
171 292 1
171 662 1
171 678 1
171 926 1
171 1046 1
171 1189 1
171 1210 1
171 1464 1
171 1506 1
171 1522 1
172 1024 1
172 1577 1
172 1997 1
173 592 1
173 649 1
173 1370 1
174 96 1
174 309 1
174 357 1
174 910 1
174 975 1
174 1340 1
175 566 1
175 581 1
175 1224 1
175 1568 1
176 263 1
176 282 1
176 463 1
176 740 1
176 956 1
176 1596 1
177 59 1
177 186 1
177 590 1
177 890 1
177 970 1
177 1345 1
177 1925 1
178 412 1
178 425 1
178 502 1
178 855 1
178 878 1
178 1109 1
178 1484 1
178 2035 1
179 64 1
179 101 1
179 178 1
179 200 1
179 448 1
179 458 1
179 579 1
179 589 1
179 599 1
179 634 1
179 663 1
179 808 1
179 1054 1
179 1142 1
179 1164 1
179 1446 1
179 1582 1
179 1658 1
179 1702 1
179 1853 1
179 1904 1
180 161 1
180 240 1
180 363 1
180 498 1
180 519 1
180 558 1
180 618 1
180 676 1
180 703 1
180 746 1
180 777 1
180 1140 1
180 1183 1
180 1198 1
180 1439 1
180 1470 1
180 1508 1
180 1524 1
180 1576 1
180 1662 1
180 1829 1
180 1936 1
181 56 1
181 132 1
181 173 1
181 269 1
181 583 1
181 668 1
181 736 1
181 772 1
181 818 1
181 958 1
181 1000 1
181 1073 1
181 1119 1
181 1179 1
181 1319 1
181 1372 1
181 1424 1
181 1432 1
181 1562 1
181 1612 1
181 1718 1
181 1784 1
181 1795 1
181 1823 1
181 1862 1
181 1864 1
181 2020 1
182 266 1
182 410 1
182 523 1
182 789 1
182 964 1
182 1021 1
182 1117 1
182 1123 1
182 1167 1
182 1227 1
182 1230 1
182 1315 1
182 1545 1
182 1605 1
182 1648 1
182 1692 1
182 1739 1
182 1746 1
182 1817 1
182 1938 1
182 1975 1
182 1981 1
182 1988 1
182 2025 1
182 2034 1
183 43 1
183 53 1
183 67 1
183 120 1
183 228 1
183 253 1
183 341 1
183 516 1
183 716 1
183 821 1
183 830 1
183 947 1
183 1122 1
183 1187 1
183 1258 1
183 1263 1
183 1554 1
183 1588 1
183 1651 1
183 1655 1
183 1778 1
184 54 1
184 225 1
184 336 1
184 390 1
184 413 1
184 476 1
184 512 1
184 517 1
184 550 1
184 795 1
184 907 1
184 1135 1
184 1166 1
184 1233 1
184 1285 1
184 1363 1
184 1954 1
184 1984 1
184 2015 1
185 307 1
185 369 1
185 536 1
185 603 1
185 885 1
185 1157 1
185 1359 1
185 1593 1
185 1782 1
185 1868 1
185 1971 1
185 2008 1
185 2039 1
186 109 1
186 258 1
186 404 1
186 503 1
186 764 1
186 1130 1
186 1249 1
186 1288 1
186 1305 1
186 1649 1
186 1750 1
186 1820 1
186 2045 1
187 141 1
187 229 1
187 389 1
187 850 1
187 1295 1
187 1309 1
187 1631 1
187 1690 1
187 1977 1
188 78 1
188 1368 1
188 1494 1
188 1688 1
188 1774 1
188 1798 1
188 1807 1
188 1983 1
188 2007 1
188 2032 1
189 217 1
189 305 1
189 334 1
189 944 1
189 997 1
189 1559 1
189 1671 1
189 1812 1
190 677 1
190 804 1
190 1365 1
190 1482 1
191 232 1
191 443 1
191 569 1
192 222 1
192 641 1
192 774 1
192 1082 1
192 1946 1
193 194 1
193 338 1
193 494 1
193 1034 1
193 1216 1
194 107 1
194 661 1
194 758 1
194 900 1
194 1212 1
194 1361 1
194 1579 1
194 1748 1
194 1752 1
194 1802 1
195 49 1
195 134 1
195 507 1
195 967 1
195 1159 1
195 1350 1
195 1378 1
195 1825 1
196 60 1
196 113 1
196 238 1
196 416 1
196 633 1
196 742 1
196 891 1
196 896 1
196 968 1
196 1025 1
196 1290 1
196 1408 1
196 1417 1
196 1614 1
196 1629 1
196 1734 1
196 1743 1
196 1787 1
196 1826 1
196 1867 1
196 1905 1
196 1931 1
197 130 1
197 653 1
197 748 1
197 1077 1
197 1086 1
197 1141 1
197 1191 1
197 1282 1
197 1324 1
197 1695 1
197 1707 1
197 1720 1
197 1756 1
197 1762 1
197 1791 1
197 1909 1
198 247 1
198 275 1
198 547 1
198 576 1
198 601 1
198 690 1
198 814 1
198 949 1
198 1030 1
198 1039 1
198 1070 1
198 1084 1
198 1110 1
198 1139 1
198 1206 1
198 1303 1
198 1420 1
198 1561 1
198 1742 1
198 1889 1
198 1903 1
199 55 1
199 172 1
199 220 1
199 223 1
199 518 1
199 577 1
199 625 1
199 692 1
199 760 1
199 825 1
199 853 1
199 873 1
199 915 1
199 919 1
199 954 1
199 955 1
199 1035 1
199 1194 1
199 1217 1
199 1326 1
199 1377 1
199 1416 1
199 1498 1
199 1560 1
199 1677 1
199 1709 1
199 1728 1
199 1767 1
199 1835 1
199 1836 1
199 1897 1
199 1926 1
199 2001 1
200 177 1
200 343 1
200 376 1
200 491 1
200 574 1
200 1053 1
200 1090 1
200 1491 1
200 1499 1
200 1529 1
200 1727 1
200 1781 1
200 1877 1
200 1886 1
200 1941 1
200 1959 1
200 1995 1
201 267 1
201 524 1
201 696 1
201 802 1
201 858 1
201 867 1
201 1251 1
201 1304 1
201 1384 1
201 1475 1
201 1507 1
201 1633 1
201 1643 1
201 1733 1
201 2000 1
201 2048 1
202 102 1
202 444 1
202 899 1
202 1029 1
202 1051 1
202 1121 1
202 1231 1
202 1461 1
202 1696 1
202 1900 1
202 1980 1
203 420 1
203 474 1
203 642 1
203 1266 1
203 1274 1
203 1599 1
204 66 1
204 450 1
204 868 1
204 1055 1
204 1281 1
204 1609 1
204 1771 1
204 2013 1
205 366 1
205 378 1
205 1729 1
206 1776 1
206 1818 1
207 864 1
207 1714 1
207 1899 1
208 626 1
208 664 1
208 827 1
208 1168 1
208 1177 1
208 1590 1
209 215 1
209 297 1
209 1332 1
209 1513 1
209 1978 1
210 63 1
210 332 1
210 911 1
210 969 1
210 1126 1
210 1570 1
211 199 1
211 430 1
211 567 1
211 718 1
211 753 1
211 836 1
211 838 1
211 842 1
211 1244 1
211 1279 1
211 1335 1
211 1357 1
211 1808 1
211 1990 1
212 76 1
212 293 1
212 296 1
212 472 1
212 999 1
212 1178 1
212 1276 1
212 1406 1
212 1594 1
212 1706 1
212 1761 1
212 2042 1
213 210 1
213 323 1
213 384 1
213 433 1
213 436 1
213 451 1
213 464 1
213 582 1
213 585 1
213 614 1
213 646 1
213 670 1
213 933 1
213 1081 1
213 1291 1
213 1679 1
213 1699 1
213 1810 1
213 1863 1
213 1893 1
213 1906 1
213 1965 1
213 2022 1
214 86 1
214 90 1
214 265 1
214 406 1
214 531 1
214 535 1
214 600 1
214 604 1
214 651 1
214 876 1
214 918 1
214 1298 1
214 1310 1
214 1323 1
214 1399 1
214 1421 1
214 1474 1
214 1521 1
214 1527 1
214 1689 1
214 1710 1
214 1788 1
214 1793 1
214 1809 1
214 1819 1
214 1921 1
214 1987 1
215 83 1
215 235 1
215 268 1
215 398 1
215 401 1
215 409 1
215 482 1
215 655 1
215 674 1
215 727 1
215 737 1
215 759 1
215 1058 1
215 1208 1
215 1211 1
215 1398 1
215 1595 1
215 1626 1
215 1962 1
215 1969 1
215 2037 1
216 123 1
216 136 1
216 316 1
216 331 1
216 375 1
216 457 1
216 513 1
216 621 1
216 628 1
216 840 1
216 948 1
216 1040 1
216 1057 1
216 1076 1
216 1325 1
216 1586 1
216 1684 1
216 1751 1
216 1910 1
216 1911 1
217 372 1
217 485 1
217 508 1
217 598 1
217 629 1
217 959 1
217 1045 1
217 1134 1
217 1221 1
217 1413 1
217 1550 1
217 1556 1
217 1682 1
217 1934 1
218 160 1
218 203 1
218 563 1
218 779 1
218 1343 1
218 1400 1
218 1769 1
218 1843 1
218 1917 1
219 92 1
219 155 1
219 552 1
219 630 1
219 982 1
219 995 1
219 1032 1
219 1490 1
219 1581 1
219 1632 1
219 1913 1
219 1966 1
220 722 1
220 807 1
220 1234 1
220 1299 1
220 1472 1
221 1252 1
221 1634 1
221 1930 1
221 1989 1
222 169 1
222 745 1
222 1190 1
222 1261 1
222 1466 1
223 939 1
223 1673 1
224 230 1
224 335 1
224 1128 1
224 1307 1
225 326 1
225 411 1
225 489 1
225 1003 1
226 280 1
226 374 1
226 449 1
226 709 1
227 188 1
227 488 1
227 636 1
227 730 1
227 824 1
227 983 1
227 1622 1
227 1849 1
227 1858 1
228 75 1
228 182 1
228 324 1
228 371 1
228 383 1
228 560 1
228 771 1
228 961 1
228 973 1
228 1093 1
228 1360 1
228 1369 1
228 1444 1
228 1803 1
229 81 1
229 180 1
229 214 1
229 310 1
229 312 1
229 333 1
229 477 1
229 483 1
229 484 1
229 595 1
229 643 1
229 880 1
229 938 1
229 950 1
229 1036 1
229 1106 1
229 1165 1
229 1267 1
229 1483 1
229 1537 1
229 1641 1
229 1814 1
229 1888 1
230 119 1
230 138 1
230 198 1
230 219 1
230 257 1
230 287 1
230 594 1
230 686 1
230 966 1
230 1083 1
230 1273 1
230 1286 1
230 1356 1
230 1485 1
230 1511 1
230 1558 1
230 1683 1
230 1719 1
230 1772 1
230 1830 1
230 1874 1
230 1924 1
230 2040 1
231 47 1
231 126 1
231 205 1
231 209 1
231 236 1
231 290 1
231 675 1
231 689 1
231 733 1
231 912 1
231 1009 1
231 1193 1
231 1195 1
231 1200 1
231 1237 1
231 1269 1
231 1270 1
231 1371 1
231 1373 1
231 1544 1
231 1875 1
231 1896 1
231 2002 1
231 2036 1
232 168 1
232 246 1
232 469 1
232 790 1
232 809 1
232 832 1
232 857 1
232 922 1
232 1115 1
232 1245 1
232 1278 1
232 1284 1
232 1297 1
232 1412 1
232 1425 1
232 1469 1
232 1526 1
232 1628 1
232 1674 1
232 1805 1
232 1834 1
232 1838 1
232 1851 1
232 1870 1
233 110 1
233 193 1
233 454 1
233 768 1
233 820 1
233 914 1
233 1186 1
233 1393 1
233 1423 1
233 1486 1
233 1543 1
233 1603 1
233 1840 1
233 1968 1
234 93 1
234 125 1
234 127 1
234 256 1
234 462 1
234 596 1
234 627 1
234 635 1
234 744 1
234 892 1
234 1397 1
234 1940 1
235 143 1
235 147 1
235 187 1
235 400 1
235 687 1
235 784 1
235 991 1
235 1016 1
236 843 1
236 1173 1
236 1214 1
236 1367 1
236 1783 1
236 1915 1
237 719 1
237 928 1
237 942 1
237 979 1
237 987 1
237 1220 1
237 1660 1
238 105 1
238 355 1
238 1225 1
238 1328 1
239 87 1
239 165 1
239 793 1
239 990 1
239 1422 1
239 1991 1
240 620 1
240 856 1
240 1766 1
240 1861 1
241 156 1
241 788 1
241 1604 1
241 1815 1
241 1923 1
241 1953 1
242 473 1
242 989 1
242 1002 1
242 1974 1
243 221 1
243 259 1
243 442 1
243 1006 1
243 1111 1
243 1433 1
244 260 1
244 294 1
244 639 1
244 699 1
244 767 1
244 848 1
244 877 1
244 1346 1
244 1394 1
244 1457 1
244 1480 1
244 1763 1
244 1824 1
244 1929 1
244 1937 1
244 1963 1
244 2009 1
245 218 1
245 570 1
245 644 1
245 680 1
245 688 1
245 860 1
245 872 1
245 887 1
245 1094 1
245 1113 1
245 1174 1
245 1184 1
245 1322 1
245 1435 1
245 1538 1
245 1574 1
245 1736 1
246 144 1
246 166 1
246 204 1
246 314 1
246 339 1
246 405 1
246 470 1
246 706 1
246 846 1
246 924 1
246 986 1
246 1192 1
246 1311 1
246 1355 1
246 1623 1
246 1898 1
247 51 1
247 118 1
247 391 1
247 418 1
247 461 1
247 478 1
247 657 1
247 904 1
247 945 1
247 1547 1
247 1564 1
247 1610 1
247 1627 1
247 1639 1
247 1687 1
247 1779 1
247 1907 1
247 1958 1
247 1973 1
247 2041 1
248 248 1
248 377 1
248 496 1
248 612 1
248 833 1
248 927 1
248 952 1
248 1023 1
248 1129 1
248 1236 1
248 1250 1
248 1265 1
248 1428 1
248 1443 1
248 1497 1
248 1608 1
248 1747 1
248 1967 1
249 163 1
249 208 1
249 347 1
249 359 1
249 387 1
249 435 1
249 673 1
249 871 1
249 1089 1
249 1136 1
249 1145 1
249 1172 1
249 1380 1
249 1458 1
249 1487 1
249 1502 1
249 1621 1
249 1854 1
250 447 1
250 1124 1
250 1238 1
250 1533 1
250 1665 1
250 1730 1
250 1813 1
250 2017 1
251 44 1
251 77 1
251 211 1
251 638 1
251 667 1
251 852 1
251 929 1
251 951 1
251 1336 1
251 1737 1
252 73 1
252 500 1
252 1313 1
252 1395 1
252 1468 1
252 1551 1
252 1584 1
252 1957 1
253 276 1
253 327 1
253 654 1
253 895 1
253 1085 1
253 1390 1
253 1555 1
254 185 1
254 669 1
254 869 1
254 1088 1
254 1318 1
255 192 1
255 261 1
255 1013 1
256 546 1
256 693 1
256 923 1
256 1144 1
256 1745 1
256 1758 1
257 888 1
257 1118 1
257 1337 1
257 1388 1
258 171 1
258 250 1
258 403 1
258 684 1
258 743 1
258 932 1
258 1010 1
258 1668 1
259 50 1
259 319 1
259 342 1
259 735 1
259 1374 1
259 1409 1
259 1448 1
259 1663 1
259 1735 1
259 1842 1
260 300 1
260 346 1
260 721 1
260 786 1
260 798 1
260 1011 1
260 1403 1
260 1654 1
260 1785 1
260 1837 1
261 264 1
261 382 1
261 394 1
261 479 1
261 490 1
261 631 1
261 637 1
261 1019 1
261 1240 1
261 1430 1
261 1713 1
262 106 1
262 121 1
262 174 1
262 242 1
262 440 1
262 526 1
262 616 1
262 632 1
262 698 1
262 883 1
262 1404 1
262 1764 1
262 1775 1
262 1860 1
263 131 1
263 135 1
263 167 1
263 179 1
263 829 1
263 960 1
263 1097 1
263 1102 1
263 1133 1
263 1203 1
263 1327 1
263 1358 1
263 1379 1
263 1721 1
263 1792 1
263 1895 1
264 95 1
264 117 1
264 361 1
264 487 1
264 554 1
264 756 1
264 884 1
264 1004 1
264 1065 1
264 1103 1
264 1407 1
264 1473 1
264 1935 1
264 2029 1
265 104 1
265 133 1
265 148 1
265 545 1
265 695 1
265 775 1
265 826 1
265 1028 1
265 1041 1
265 1155 1
265 1572 1
265 1759 1
265 1765 1
265 1780 1
265 2003 1
266 108 1
266 542 1
266 1026 1
266 1257 1
266 1659 1
266 1992 1
267 157 1
267 279 1
267 281 1
267 528 1
267 597 1
267 1012 1
267 1105 1
267 1347 1
267 1606 1
267 1656 1
268 1158 1
268 1415 1
268 1450 1
268 1732 1
268 1857 1
269 122 1
269 255 1
269 348 1
269 648 1
269 765 1
269 1069 1
269 1243 1
269 1320 1
270 243 1
270 572 1
270 739 1
270 1001 1
270 1176 1
270 1354 1
271 19 1
271 393 1
271 429 1
271 1255 1
271 1757 1
272 623 1
272 1050 1
272 1625 1
273 373 1
273 514 1
273 1760 1
274 1542 1
275 91 1
275 395 1
275 931 1
275 1098 1
275 1331 1
275 2038 1
276 72 1
276 184 1
276 439 1
276 822 1
276 898 1
276 1801 1
276 1922 1
276 2043 1
277 46 1
277 69 1
277 74 1
277 237 1
277 252 1
277 273 1
277 456 1
277 1321 1
277 1535 1
277 1591 1
277 1670 1
278 111 1
278 115 1
278 441 1
278 511 1
278 803 1
278 1064 1
278 1067 1
278 1072 1
278 1222 1
278 1492 1
278 1852 1
278 1876 1
278 1918 1
278 2016 1
279 285 1
279 916 1
279 1697 1
279 1740 1
279 1919 1
280 241 1
280 723 1
280 763 1
280 781 1
280 1912 1
280 1994 1
281 151 1
281 360 1
281 386 1
281 773 1
281 984 1
281 988 1
281 1330 1
281 1341 1
281 2006 1
282 522 1
282 548 1
282 591 1
282 1431 1
283 504 1
283 1215 1
283 1827 1
284 25 1
284 274 1
284 575 1
284 770 1
284 1125 1
284 1349 1
284 1661 1
284 1694 1
284 1856 1
285 80 1
285 271 1
285 424 1
285 754 1
285 1676 1
285 1698 1
285 1846 1
285 2044 1
286 162 1
286 1197 1
286 1262 1
287 344 1
287 881 1
287 1731 1
288 289 1
288 358 1
288 417 1
288 1044 1
289 42 1
289 201 1
289 992 1
289 1465 1
290 94 1
290 216 1
290 705 1
290 1375 1
291 1228 1
291 1754 1
292 350 1
292 467 1
292 683 1
292 1099 1
292 1229 1
292 1447 1
292 1460 1
292 1722 1
292 1939 1
293 313 1
293 455 1
293 861 1
293 1180 1
293 1292 1
293 1488 1
293 1617 1
293 1892 1
294 445 1
294 731 1
294 921 1
294 1619 1
294 1850 1
295 70 1
295 571 1
295 920 1
295 1248 1
295 1272 1
295 1352 1
295 1436 1
295 1459 1
295 1711 1
296 68 1
296 116 1
296 426 1
296 750 1
296 1048 1
296 1451 1
296 1725 1
296 1999 1
297 65 1
297 207 1
297 239 1
297 249 1
297 283 1
297 385 1
297 521 1
297 762 1
297 1616 1
297 1956 1
298 103 1
298 176 1
298 345 1
298 356 1
298 510 1
298 886 1
298 930 1
298 1411 1
298 1536 1
299 100 1
299 128 1
299 196 1
299 330 1
299 465 1
299 534 1
299 879 1
299 1014 1
299 1031 1
299 1575 1
300 89 1
300 1312 1
300 1638 1
300 1691 1
300 1914 1
300 2012 1
301 146 1
301 812 1
301 845 1
301 1066 1
301 1100 1
301 1256 1
301 1401 1
302 317 1
302 320 1
302 834 1
302 1392 1
302 1519 1
302 1664 1
303 224 1
303 607 1
303 1043 1
303 1080 1
303 1348 1
303 1592 1
304 1640 1
305 189 1
305 794 1
305 1201 1
305 1455 1
305 1489 1
305 1885 1
305 2033 1
306 782 1
306 953 1
306 1063 1
306 1833 1
307 206 1
307 254 1
307 380 1
307 453 1
307 555 1
307 578 1
307 831 1
307 1927 1
307 1961 1
308 337 1
308 353 1
308 392 1
308 553 1
308 796 1
308 994 1
308 1338 1
308 1504 1
308 2030 1
309 84 1
309 85 1
309 328 1
309 650 1
309 1254 1
309 1563 1
309 1908 1
309 2018 1
310 352 1
310 459 1
310 540 1
310 561 1
310 592 1
310 610 1
310 851 1
310 865 1
310 1162 1
310 1235 1
310 1437 1
310 1441 1
310 1476 1
311 370 1
311 397 1
311 586 1
311 1075 1
311 1253 1
311 1353 1
311 1636 1
311 1887 1
311 1993 1
312 64 1
312 142 1
312 262 1
312 520 1
312 544 1
312 972 1
312 1496 1
312 1700 1
312 1828 1
312 2026 1
313 286 1
313 349 1
313 437 1
313 529 1
313 541 1
313 564 1
313 656 1
313 1017 1
313 1108 1
313 1242 1
314 270 1
314 905 1
314 974 1
314 1079 1
314 1092 1
314 1372 1
314 1512 1
314 1880 1
314 1947 1
315 11 1
315 244 1
315 492 1
315 847 1
315 1333 1
315 1534 1
315 1601 1
315 1916 1
315 1964 1
316 468 1
316 724 1
316 908 1
316 1199 1
316 1277 1
316 1314 1
316 1566 1
317 45 1
317 505 1
317 584 1
317 659 1
317 799 1
317 801 1
317 1127 1
317 1241 1
317 1316 1
317 1381 1
317 1386 1
317 1505 1
317 1607 1
318 351 1
318 874 1
318 1462 1
318 1825 1
319 164 1
319 191 1
319 231 1
319 738 1
319 1204 1
319 1426 1
319 1503 1
319 1998 1
320 396 1
320 749 1
320 1952 1
321 139 1
321 811 1
321 1293 1
321 1541 1
321 1553 1
321 1749 1
322 501 1
322 747 1
322 1467 1
322 1744 1
323 996 1
323 1768 1
324 322 1
324 466 1
324 493 1
324 537 1
324 708 1
324 1138 1
324 1226 1
324 1944 1
325 158 1
325 362 1
325 365 1
325 791 1
325 963 1
325 1132 1
325 1271 1
325 1434 1
325 1525 1
325 1567 1
326 175 1
326 183 1
326 407 1
326 427 1
326 562 1
326 611 1
326 755 1
326 1120 1
326 1289 1
326 1516 1
326 1804 1
326 1821 1
326 1871 1
326 1972 1
327 120 1
327 234 1
327 298 1
327 367 1
327 936 1
327 1246 1
327 1515 1
327 1675 1
327 1882 1
328 28 1
328 137 1
328 475 1
328 495 1
328 565 1
328 1078 1
328 1086 1
328 1351 1
328 1493 1
328 1510 1
328 1540 1
328 2031 1
329 15 1
329 170 1
329 321 1
329 480 1
329 622 1
329 640 1
329 902 1
329 917 1
329 1005 1
329 1275 1
329 1635 1
329 1657 1
329 1666 1
329 1753 1
329 1951 1
329 1976 1
330 12 1
330 402 1
330 681 1
330 805 1
330 862 1
330 1056 1
330 1059 1
330 1188 1
330 1667 1
330 1797 1
330 1800 1
331 43 1
331 153 1
331 299 1
331 741 1
331 757 1
331 980 1
331 1189 1
331 1258 1
331 1342 1
331 1362 1
331 1389 1
331 1588 1
331 1932 1
331 1942 1
331 1986 1
332 486 1
332 647 1
332 704 1
332 976 1
332 1114 1
332 1300 1
332 1518 1
332 1523 1
332 1571 1
332 1746 1
332 1770 1
332 1790 1
332 1949 1
333 340 1
333 1052 1
334 1137 1
335 814 1
335 1672 1
335 1890 1
336 1101 1
336 1718 1
336 1832 1
337 251 1
337 1061 1
338 985 1
338 1282 1
338 1653 1
338 1723 1
338 2021 1
339 114 1
339 277 1
339 1724 1
339 1728 1
339 1755 1
340 325 1
340 557 1
340 1062 1
340 1160 1
340 1317 1
340 1644 1
340 1848 1
340 1873 1
341 729 1
341 806 1
341 813 1
341 934 1
341 1294 1
341 1308 1
341 1539 1
341 1855 1
342 311 1
342 364 1
342 366 1
342 660 1
342 751 1
342 823 1
342 859 1
342 1042 1
342 1104 1
342 1495 1
342 1717 1
342 1869 1
342 1928 1
343 2 1
343 413 1
343 428 1
343 549 1
343 605 1
343 685 1
343 697 1
343 717 1
343 725 1
343 971 1
343 1119 1
343 1344 1
343 1522 1
343 1650 1
343 1781 1
343 1847 1
343 1984 1
343 1996 1
343 2023 1
344 4 1
344 58 1
344 124 1
344 202 1
344 318 1
344 338 1
344 381 1
344 412 1
344 460 1
344 506 1
344 624 1
344 817 1
344 894 1
344 1015 1
344 1148 1
344 1161 1
344 1175 1
344 1181 1
344 1213 1
344 1376 1
344 1577 1
344 1598 1
344 1618 1
344 1624 1
344 1646 1
344 1681 1
345 101 1
345 227 1
345 463 1
345 795 1
345 925 1
345 943 1
345 962 1
345 1020 1
345 1022 1
345 1033 1
345 1095 1
345 1146 1
345 1345 1
345 1680 1
345 1738 1
345 1741 1
345 1743 1
345 1808 1
345 2004 1
345 2046 1
346 423 1
346 431 1
346 615 1
346 715 1
346 785 1
346 844 1
346 870 1
346 1123 1
346 1135 1
346 1169 1
346 1185 1
346 1280 1
346 1463 1
346 1500 1
346 1565 1
346 1777 1
347 159 1
347 523 1
347 525 1
347 559 1
347 665 1
347 761 1
347 1217 1
347 1296 1
347 1402 1
347 1410 1
347 1905 1
348 21 1
348 200 1
348 617 1
348 679 1
348 746 1
348 1147 1
348 1156 1
348 1340 1
348 1715 1
348 1921 1
348 2007 1
349 35 1
349 527 1
349 1087 1
349 1227 1
349 1445 1
349 1573 1
349 1613 1
349 1615 1
349 1647 1
349 1678 1
349 1789 1
349 2005 1
350 181 1
350 190 1
350 419 1
350 998 1
350 1997 1
351 34 1
351 309 1
351 599 1
351 1478 1
351 1532 1
351 2024 1
352 52 1
352 303 1
352 613 1
353 7 1
353 421 1
353 732 1
353 965 1
354 941 1
354 2010 1
355 408 1
355 536 1
355 855 1
355 1202 1
355 1405 1
356 145 1
356 329 1
356 1530 1
356 1841 1
357 284 1
357 410 1
357 854 1
357 978 1
357 1218 1
357 1385 1
357 1649 1
357 1945 1
358 291 1
358 354 1
358 507 1
358 1196 1
358 1259 1
358 1370 1
358 1528 1
358 1652 1
358 1693 1
358 1829 1
359 154 1
359 292 1
359 379 1
359 416 1
359 458 1
359 671 1
359 700 1
359 720 1
359 821 1
359 835 1
359 863 1
359 913 1
359 1364 1
359 1387 1
360 23 1
360 57 1
360 272 1
360 388 1
360 446 1
360 477 1
360 497 1
360 707 1
360 714 1
360 957 1
360 1018 1
360 1084 1
360 1112 1
360 1287 1
360 1363 1
360 1408 1
360 1456 1
360 1498 1
360 1557 1
360 1642 1
360 1692 1
361 48 1
361 66 1
361 76 1
361 129 1
361 178 1
361 266 1
361 278 1
361 302 1
361 399 1
361 550 1
361 556 1
361 787 1
361 1049 1
361 1060 1
361 1073 1
361 1077 1
361 1152 1
361 1207 1
361 1210 1
361 1315 1
361 1427 1
361 1705 1
361 1709 1
361 1784 1
361 1853 1
361 1878 1
361 1883 1
361 1979 1
361 2048 1
362 113 1
362 226 1
362 288 1
362 422 1
362 558 1
362 579 1
362 590 1
362 672 1
362 758 1
362 849 1
362 875 1
362 900 1
362 1021 1
362 1143 1
362 1149 1
362 1205 1
362 1239 1
362 1249 1
362 1301 1
362 1420 1
362 1453 1
362 1501 1
362 1587 1
362 1677 1
362 1726 1
362 1859 1
362 1877 1
362 1931 1
362 2027 1
362 2047 1
363 107 1
363 195 1
363 245 1
363 282 1
363 608 1
363 800 1
363 858 1
363 993 1
363 1232 1
363 1454 1
363 1773 1
364 530 1
364 539 1
364 819 1
364 830 1
364 841 1
364 907 1
364 1091 1
364 1139 1
364 1209 1
364 1303 1
364 1589 1
364 1778 1
365 8 1
365 306 1
365 376 1
365 658 1
365 691 1
365 740 1
365 779 1
365 1153 1
365 1230 1
365 1290 1
365 1499 1
366 225 1
366 258 1
366 568 1
366 682 1
366 1163 1
366 1170 1
367 1704 1
367 1716 1
368 666 1
368 897 1
368 1122 1
368 1823 1
369 764 1
369 780 1
369 1452 1
370 509 1
370 573 1
370 772 1
370 1597 1
370 1748 1
371 98 1
371 450 1
371 516 1
371 1799 1
372 14 1
372 368 1
372 713 1
373 1151 1
374 27 1
374 404 1
374 577 1
374 662 1
374 885 1
374 1107 1
374 1264 1
374 1432 1
374 1602 1
374 1669 1
374 1822 1
374 1839 1
375 88 1
375 150 1
375 152 1
375 406 1
375 414 1
375 420 1
375 580 1
375 634 1
375 815 1
375 878 1
375 889 1
375 890 1
375 955 1
375 1008 1
375 1046 1
375 1126 1
375 1157 1
375 1247 1
375 1424 1
375 1548 1
376 54 1
376 61 1
376 308 1
376 341 1
376 482 1
376 574 1
376 602 1
376 702 1
376 825 1
376 1030 1
376 1285 1
376 1288 1
376 1359 1
376 1414 1
376 1419 1
376 1477 1
376 1580 1
376 1585 1
376 1686 1
376 1703 1
376 1707 1
376 1786 1
376 1802 1
376 1826 1
376 1864 1
376 1933 1
376 1934 1
376 2034 1
377 295 1
377 401 1
377 425 1
377 443 1
377 444 1
377 543 1
377 742 1
377 893 1
377 944 1
377 1131 1
377 1182 1
377 1329 1
377 1334 1
377 1438 1
377 1583 1
377 1595 1
377 1796 1
377 1836 1
377 1950 1
377 1960 1
377 1977 1
378 56 1
378 59 1
378 180 1
378 267 1
378 515 1
378 532 1
378 970 1
378 1171 1
378 1440 1
378 1520 1
378 1600 1
378 1708 1
378 1798 1
378 1831 1
378 1948 1
378 1990 1
379 149 1
379 223 1
379 519 1
379 576 1
379 589 1
379 850 1
379 947 1
379 1035 1
379 1068 1
379 1096 1
379 1211 1
379 1268 1
379 1306 1
379 1482 1
379 1611 1
379 1612 1
379 1631 1
379 1645 1
379 1695 1
379 1816 1
379 1844 1
379 1920 1
380 20 1
380 40 1
380 102 1
380 538 1
380 626 1
380 797 1
380 827 1
380 999 1
380 1187 1
380 1620 1
380 1739 1
380 1959 1
381 438 1
381 1251 1
381 1278 1
381 1514 1
381 1817 1
381 1872 1
381 1894 1
382 332 1
382 968 1
382 1140 1
382 1569 1
382 1771 1
382 1879 1
382 1881 1
383 694 1
383 1000 1
383 1233 1
383 1508 1
383 1788 1
383 1811 1
383 2045 1
384 55 1
384 1040 1
384 1047 1
384 1142 1
384 1339 1
384 1399 1
384 1819 1
384 1981 1
385 629 1
385 712 1
385 903 1
385 1150 1
385 1183 1
386 49 1
386 766 1
386 956 1
386 2000 1
387 512 1
387 692 1
387 810 1
388 177 1
388 926 1
388 1309 1
388 1637 1
388 1752 1
388 1943 1
389 53 1
389 899 1
389 1166 1
389 1897 1
390 18 1
390 653 1
390 857 1
390 1442 1
390 2019 1
391 210 1
391 229 1
391 296 1
391 481 1
391 935 1
391 1168 1
391 1231 1
391 1470 1
391 1484 1
391 1506 1
391 1549 1
391 1605 1
391 1701 1
391 1712 1
391 1884 1
391 1954 1
391 1970 1
391 1975 1
391 2028 1
392 22 1
392 186 1
392 212 1
392 240 1
392 253 1
392 471 1
392 502 1
392 551 1
392 609 1
392 818 1
392 950 1
392 977 1
392 1090 1
392 1145 1
392 1167 1
392 1328 1
392 1604 1
392 1868 1
392 1886 1
392 1962 1
392 2013 1
393 10 1
393 36 1
393 78 1
393 233 1
393 588 1
393 625 1
393 644 1
393 652 1
393 690 1
393 1027 1
393 1117 1
393 1224 1
393 1382 1
393 1396 1
393 1439 1
393 1593 1
393 1702 1
393 1809 1
393 1835 1
393 1985 1
393 1988 1
394 155 1
394 172 1
394 304 1
394 415 1
394 448 1
394 581 1
394 606 1
394 645 1
394 896 1
394 906 1
394 911 1
394 937 1
394 1223 1
394 1260 1
394 1323 1
394 1335 1
394 1418 1
394 1559 1
394 1596 1
394 1684 1
394 1710 1
394 2001 1
394 2032 1
395 130 1
395 141 1
395 222 1
395 728 1
395 983 1
395 1083 1
395 1216 1
395 1304 1
395 1307 1
395 1562 1
395 1803 1
395 1863 1
396 213 1
396 432 1
396 593 1
396 760 1
396 767 1
396 1291 1
396 1556 1
396 1840 1
396 1978 1
397 71 1
397 109 1
397 268 1
397 269 1
397 674 1
397 703 1
397 1141 1
397 1429 1
397 1449 1
397 1472 1
397 1546 1
397 1626 1
397 1685 1
397 1955 1
397 2015 1
398 508 1
398 774 1
398 882 1
398 959 1
398 969 1
398 1082 1
398 1578 1
398 1629 1
398 1750 1
398 1818 1
398 1958 1
399 958 1
399 1057 1
399 1110 1
399 1383 1
399 1633 1
400 433 1
400 582 1
400 1671 1
401 307 1
401 675 1
402 664 1
402 1198 1
402 1281 1
402 1466 1
402 1643 1
402 1688 1
403 995 1
403 2020 1
404 112 1
404 301 1
404 524 1
404 639 1
404 910 1
404 1045 1
404 1350 1
404 1464 1
405 828 1
405 1070 1
405 1941 1
406 90 1
406 161 1
406 228 1
406 324 1
406 371 1
406 696 1
406 736 1
406 868 1
406 1071 1
406 1630 1
406 1820 1
407 82 1
407 499 1
407 701 1
407 710 1
407 711 1
407 919 1
407 1299 1
407 1378 1
407 1806 1
407 1946 1
407 2009 1
408 215 1
408 259 1
408 369 1
408 474 1
408 867 1
408 1006 1
408 1007 1
408 1184 1
408 1194 1
408 1361 1
409 232 1
409 316 1
409 363 1
409 633 1
409 649 1
409 699 1
409 915 1
409 1179 1
409 1195 1
409 1279 1
409 1444 1
409 1727 1
409 2042 1
410 39 1
410 99 1
410 185 1
410 435 1
410 472 1
410 603 1
410 663 1
410 670 1
410 792 1
410 838 1
410 1051 1
410 1134 1
410 1164 1
410 1252 1
410 1310 1
410 1368 1
410 1552 1
410 1895 1
410 2035 1
411 5 1
411 96 1
411 119 1
411 260 1
411 378 1
411 655 1
411 876 1
411 891 1
411 1118 1
411 1219 1
411 1568 1
411 1614 1
411 1674 1
411 1761 1
411 1874 1
411 1889 1
412 6 1
412 217 1
412 628 1
412 748 1
412 832 1
412 1155 1
412 1284 1
412 1446 1
412 1554 1
412 1558 1
412 1706 1
412 1733 1
412 1782 1
412 1891 1
413 9 1
413 454 1
413 566 1
413 668 1
413 695 1
413 839 1
413 853 1
413 1305 1
413 1479 1
413 1772 1
414 79 1
414 173 1
414 547 1
414 596 1
414 1428 1
414 1641 1
414 1915 1
415 131 1
415 646 1
415 744 1
415 790 1
415 808 1
415 981 1
415 1212 1
415 1390 1
415 1787 1
415 1795 1
416 476 1
416 1244 1
416 1576 1
416 1756 1
416 1901 1
417 194 1
417 618 1
417 1388 1
417 1769 1
417 2011 1
418 436 1
418 1039 1
418 1365 1
418 1509 1
418 1590 1
418 1670 1
418 1987 1
419 357 1
419 641 1
419 680 1
419 997 1
419 1906 1
420 310 1
420 661 1
420 730 1
420 1036 1
420 1237 1
420 1332 1
420 1560 1
421 752 1
421 871 1
421 1903 1
421 1938 1
422 598 1
422 1009 1
422 1561 1
423 97 1
423 138 1
423 235 1
423 374 1
423 457 1
423 918 1
423 1989 1
424 24 1
424 86 1
424 188 1
424 219 1
424 709 1
424 727 1
424 820 1
424 842 1
424 877 1
424 1054 1
424 1325 1
424 1373 1
424 1690 1
424 1719 1
424 1814 1
424 1888 1
425 125 1
425 355 1
425 643 1
425 837 1
425 873 1
425 939 1
425 1261 1
425 1586 1
425 1911 1
426 30 1
426 132 1
426 208 1
426 214 1
426 339 1
426 563 1
426 677 1
426 975 1
426 1173 1
426 1406 1
426 1461 1
426 1751 1
426 1845 1
426 1995 1
426 2008 1
427 585 1
427 669 1
427 716 1
427 733 1
427 778 1
427 816 1
427 982 1
427 1053 1
427 1105 1
427 1193 1
427 1262 1
427 1269 1
427 1298 1
427 1443 1
427 1579 1
427 1603 1
427 1907 1
427 1909 1
427 2041 1
428 31 1
428 77 1
428 110 1
428 323 1
428 892 1
428 1190 1
428 1371 1
428 1609 1
428 1662 1
428 1720 1
428 1842 1
429 600 1
429 777 1
429 942 1
429 991 1
429 1109 1
429 1469 1
429 1550 1
429 1729 1
429 1893 1
429 1917 1
430 67 1
430 123 1
430 174 1
430 265 1
430 496 1
430 517 1
430 627 1
430 745 1
430 804 1
430 951 1
430 1019 1
430 1581 1
431 575 1
431 595 1
431 718 1
431 922 1
431 933 1
431 1089 1
431 1393 1
431 1545 1
431 1794 1
431 1929 1
432 464 1
432 620 1
432 1346 1
432 1483 1
432 1621 1
432 1762 1
432 1861 1
432 2017 1
433 384 1
433 389 1
433 872 1
433 940 1
433 1088 1
433 1234 1
433 1458 1
433 1582 1
433 1651 1
433 1980 1
434 73 1
434 92 1
434 294 1
434 513 1
434 546 1
434 583 1
435 824 1
435 1321 1
435 1324 1
436 442 1
436 542 1
436 631 1
436 1154 1
437 386 1
437 485 1
437 1121 1
437 1319 1
438 533 1
438 657 1
438 783 1
438 973 1
438 1286 1
438 1774 1
439 87 1
439 483 1
439 1058 1
439 1076 1
439 1116 1
439 1128 1
439 1507 1
439 1870 1
440 280 1
440 315 1
440 587 1
440 1203 1
440 1971 1
441 247 1
441 895 1
441 954 1
441 1524 1
441 1531 1
441 1747 1
441 1866 1
442 134 1
442 148 1
442 182 1
442 405 1
442 473 1
442 866 1
442 1013 1
442 1221 1
442 1474 1
442 1481 1
442 1599 1
442 1812 1
442 1851 1
442 1904 1
443 91 1
443 105 1
443 126 1
443 133 1
443 140 1
443 199 1
443 612 1
443 1106 1
443 1115 1
443 1433 1
443 1475 1
443 1538 1
443 1699 1
443 1734 1
443 1815 1
444 151 1
444 275 1
444 293 1
444 494 1
444 614 1
444 638 1
444 912 1
444 1074 1
444 1102 1
444 1421 1
444 1543 1
444 1698 1
444 1764 1
444 1801 1
444 1865 1
444 1991 1
445 60 1
445 238 1
445 276 1
445 281 1
445 327 1
445 452 1
445 735 1
445 960 1
445 1034 1
445 1494 1
445 1910 1
445 2040 1
446 38 1
446 383 1
446 678 1
446 743 1
446 860 1
446 990 1
446 1081 1
446 1144 1
446 1857 1
447 19 1
447 205 1
447 263 1
447 330 1
447 387 1
447 394 1
447 449 1
447 1004 1
447 1037 1
447 1276 1
447 1403 1
447 1416 1
447 1471 1
447 1737 1
447 1898 1
448 430 1
448 570 1
448 809 1
448 1322 1
449 552 1
449 784 1
449 1136 1
450 47 1
450 93 1
450 403 1
450 923 1
451 236 1
451 1409 1
452 127 1
452 143 1
452 400 1
452 798 1
452 1448 1
452 1486 1
452 1742 1
453 305 1
453 722 1
453 1926 1
454 13 1
454 333 1
454 630 1
454 989 1
454 1214 1
454 1265 1
454 1266 1
454 1696 1
454 1805 1
454 2037 1
455 72 1
455 601 1
455 979 1
455 1521 1
455 1571 1
455 1655 1
456 211 1
456 216 1
456 246 1
456 300 1
456 312 1
456 346 1
456 1192 1
456 1336 1
456 1391 1
456 1824 1
456 1913 1
457 26 1
457 81 1
457 83 1
457 434 1
457 491 1
457 498 1
457 689 1
457 750 1
457 803 1
457 898 1
457 1041 1
457 1165 1
457 1270 1
457 1487 1
457 1632 1
457 1634 1
457 1732 1
457 1982 1
458 1 1
458 16 1
458 156 1
458 204 1
458 287 1
458 445 1
458 522 1
458 569 1
458 594 1
458 642 1
458 688 1
458 932 1
458 1002 1
458 1011 1
458 1016 1
458 1125 1
458 1318 1
458 1398 1
458 1423 1
458 1660 1
458 1896 1
458 1900 1
458 1965 1
458 2014 1
459 103 1
459 187 1
459 203 1
459 411 1
459 621 1
459 874 1
459 921 1
459 1028 1
459 1191 1
459 1220 1
459 1236 1
459 1245 1
459 1492 1
459 1502 1
459 1584 1
459 1867 1
460 63 1
460 106 1
460 192 1
460 616 1
460 654 1
460 676 1
460 734 1
460 768 1
460 807 1
460 833 1
460 1177 1
460 1289 1
460 1394 1
460 1412 1
460 1435 1
460 1563 1
460 1736 1
460 1807 1
460 1937 1
460 2022 1
461 290 1
461 347 1
461 1038 1
461 1097 1
461 1297 1
461 1326 1
461 1384 1
461 1404 1
462 220 1
462 1347 1
462 1434 1
462 1610 1
462 1730 1
462 1838 1
463 121 1
463 209 1
463 286 1
463 382 1
463 802 1
463 1124 1
463 1267 1
463 1465 1
463 1902 1
464 409 1
464 786 1
464 961 1
464 1366 1
464 1517 1
464 1785 1
464 1930 1
464 1940 1
465 95 1
465 118 1
465 887 1
465 1327 1
465 1899 1
465 1999 1
466 560 1
466 946 1
466 1311 1
466 1511 1
467 42 1
467 243 1
467 1085 1
468 535 1
468 632 1
468 636 1
468 775 1
468 884 1
469 836 1
470 104 1
470 144 1
470 345 1
470 504 1
470 1274 1
470 1283 1
470 1673 1
470 1683 1
471 166 1
471 334 1
471 1024 1
471 1158 1
471 1413 1
471 1497 1
471 1513 1
471 1834 1
471 1908 1
472 136 1
472 488 1
472 831 1
472 909 1
472 1069 1
472 1178 1
472 1330 1
472 1491 1
472 1648 1
473 250 1
473 256 1
473 257 1
473 336 1
473 418 1
473 478 1
473 487 1
473 503 1
473 518 1
473 604 1
473 693 1
473 846 1
473 987 1
473 1302 1
473 1337 1
473 1485 1
473 1490 1
473 1529 1
473 1547 1
473 1757 1
473 1793 1
474 139 1
474 167 1
474 242 1
474 252 1
474 273 1
474 314 1
474 548 1
474 623 1
474 667 1
474 1354 1
474 1355 1
474 1357 1
474 1714 1
474 1919 1
474 1924 1
474 2044 1
475 70 1
475 142 1
475 353 1
475 372 1
475 597 1
475 1064 1
475 1422 1
475 1457 1
475 1535 1
475 1663 1
475 1837 1
475 1967 1
475 1983 1
476 50 1
476 348 1
476 607 1
476 706 1
476 769 1
476 793 1
476 1050 1
476 1250 1
476 1765 1
476 1776 1
476 1779 1
476 1961 1
476 1969 1
477 447 1
477 505 1
477 528 1
477 726 1
477 782 1
477 822 1
477 826 1
477 829 1
477 888 1
477 1113 1
477 1176 1
477 1263 1
477 1417 1
477 1468 1
478 74 1
478 541 1
478 683 1
478 1679 1
478 1687 1
478 1860 1
478 1862 1
478 1871 1
478 2029 1
479 69 1
479 165 1
479 342 1
479 964 1
479 1123 1
479 1627 1
479 1654 1
479 1675 1
480 17 1
480 25 1
480 122 1
480 479 1
480 1240 1
481 1129 1
481 1206 1
481 1381 1
481 1533 1
481 1760 1
482 33 1
482 264 1
482 391 1
482 1763 1
482 2038 1
483 37 1
483 193 1
483 619 1
483 771 1
483 1204 1
483 1380 1
483 1594 1
484 1172 1
485 698 1
485 2039 1
486 75 1
486 373 1
486 417 1
486 1966 1
486 2025 1
487 62 1
487 160 1
487 297 1
487 331 1
487 359 1
487 440 1
487 686 1
487 773 1
487 1029 1
487 1792 1
487 1810 1
487 2016 1
488 169 1
488 375 1
488 470 1
488 770 1
488 848 1
488 924 1
488 1093 1
488 1397 1
488 1415 1
488 1619 1
488 1849 1
489 3 1
489 168 1
489 390 1
489 441 1
489 756 1
489 904 1
489 930 1
489 1098 1
489 1200 1
489 1273 1
489 1534 1
489 1638 1
489 1697 1
489 1745 1
489 1922 1
489 1956 1
490 164 1
490 221 1
490 439 1
490 468 1
490 469 1
490 567 1
490 708 1
490 861 1
490 870 1
490 1341 1
490 1460 1
490 1766 1
490 1858 1
491 237 1
491 461 1
491 484 1
491 557 1
491 901 1
491 1160 1
491 1241 1
491 1411 1
491 1639 1
491 1682 1
491 1713 1
491 1758 1
491 1790 1
492 197 1
492 356 1
492 490 1
492 765 1
492 789 1
492 840 1
492 1003 1
492 1215 1
492 1628 1
492 1658 1
492 1843 1
492 1936 1
493 367 1
493 429 1
493 511 1
493 763 1
493 883 1
493 1159 1
493 1293 1
493 1295 1
493 1377 1
493 1401 1
493 1525 1
493 1615 1
493 1759 1
493 1791 1
493 1927 1
494 147 1
494 184 1
494 531 1
494 564 1
494 753 1
494 1275 1
494 1935 1
495 65 1
495 117 1
495 283 1
495 362 1
495 554 1
495 928 1
495 1120 1
495 1375 1
495 1441 1
495 1455 1
495 1606 1
495 1608 1
495 1939 1
496 46 1
496 1392 1
496 1555 1
497 489 1
497 673 1
497 1343 1
497 1473 1
497 1700 1
497 1813 1
497 1973 1
498 949 1
499 171 1
499 540 1
499 571 1
499 592 1
499 635 1
499 864 1
499 914 1
499 1369 1
500 615 1
500 953 1
500 1320 1
500 1692 1
501 395 1
501 398 1
501 1480 1
502 514 1
502 1055 1
502 1061 1
502 1133 1
502 1570 1
502 1912 1
502 1953 1
502 1968 1
503 218 1
503 241 1
503 249 1
503 586 1
504 397 1
504 572 1
504 776 1
504 1023 1
504 1248 1
504 1395 1
504 1450 1
504 1846 1
505 29 1
505 198 1
505 361 1
505 847 1
505 852 1
505 856 1
505 916 1
505 927 1
505 986 1
505 1044 1
505 1099 1
505 1180 1
505 1197 1
505 1242 1
505 2006 1
506 135 1
506 244 1
506 285 1
506 719 1
506 731 1
506 749 1
506 759 1
506 805 1
506 917 1
506 1072 1
506 1246 1
506 1349 1
506 1379 1
506 1445 1
506 1592 1
506 1689 1
506 1723 1
506 1767 1
506 1914 1
506 1925 1
506 2002 1
507 113 1
507 650 1
507 908 1
507 1092 1
507 1352 1
507 1367 1
507 1400 1
507 1542 1
507 1572 1
507 1607 1
507 1659 1
507 1830 1
507 1947 1
507 1972 1
508 158 1
508 224 1
508 234 1
508 343 1
508 455 1
508 894 1
508 1080 1
508 1225 1
508 1356 1
508 1364 1
508 1374 1
508 1430 1
508 1504 1
508 1537 1
508 1640 1
508 1653 1
508 1721 1
508 1850 1
508 2021 1
509 326 1
509 492 1
509 510 1
509 537 1
509 617 1
509 781 1
509 812 1
509 902 1
509 945 1
509 1012 1
509 1386 1
509 1717 1
509 1744 1
510 255 1
510 319 1
510 761 1
510 952 1
510 963 1
510 992 1
510 1189 1
510 1243 1
510 1519 1
510 1544 1
510 1657 1
510 1797 1
510 1854 1
511 610 1
511 723 1
511 737 1
511 1130 1
511 1272 1
511 1437 1
511 1694 1
511 1833 1
511 2033 1
512 176 1
512 377 1
512 393 1
512 721 1
512 967 1
512 1010 1
512 1066 1
512 1876 1
513 996 1
513 1575 1
514 1735 1
515 1201 1
515 2043 1
516 865 1
516 1103 1
516 2036 1
517 191 1
517 451 1
517 1527 1
518 189 1
518 1210 1
519 85 1
519 687 1
519 1238 1
519 1344 1
519 1832 1
519 1923 1
520 111 1
520 128 1
520 137 1
520 248 1
520 402 1
520 423 1
520 426 1
520 544 1
520 555 1
520 637 1
520 660 1
520 1043 1
520 1111 1
520 1783 1
520 1827 1
521 100 1
521 115 1
521 146 1
521 179 1
521 317 1
521 335 1
521 396 1
521 495 1
521 788 1
521 880 1
521 948 1
521 988 1
521 1668 1
521 1676 1
521 1731 1
521 1775 1
521 1828 1
521 1847 1
521 1952 1
521 1992 1
522 15 1
522 124 1
522 313 1
522 407 1
522 456 1
522 459 1
522 685 1
522 754 1
522 1005 1
522 1014 1
522 1075 1
522 1094 1
522 1135 1
522 1174 1
522 1229 1
522 1256 1
522 1338 1
522 1425 1
522 1540 1
522 1553 1
522 1665 1
522 1780 1
522 1808 1
522 1878 1
522 1918 1
522 2045 1
523 35 1
523 58 1
523 89 1
523 245 1
523 366 1
523 465 1
523 466 1
523 500 1
523 545 1
523 648 1
523 938 1
523 971 1
523 984 1
523 1015 1
523 1056 1
523 1254 1
523 1331 1
523 1402 1
523 1526 1
523 1564 1
523 1577 1
523 1591 1
523 1885 1
523 1933 1
523 1942 1
523 2012 1
523 2023 1
524 44 1
524 94 1
524 153 1
524 349 1
524 350 1
524 584 1
524 656 1
524 672 1
524 729 1
524 738 1
524 823 1
524 834 1
524 980 1
524 1065 1
524 1222 1
524 1300 1
524 1512 1
524 1647 1
524 1661 1
524 1664 1
524 1848 1
525 183 1
525 190 1
525 225 1
525 254 1
525 578 1
525 746 1
525 747 1
525 757 1
525 795 1
525 851 1
525 1063 1
525 1163 1
525 1235 1
525 1342 1
525 1493 1
525 1496 1
525 1574 1
525 1725 1
525 1993 1
526 202 1
526 460 1
526 740 1
526 830 1
526 1389 1
526 1426 1
526 1882 1
526 1974 1
526 2003 1
527 28 1
527 527 1
527 553 1
527 732 1
527 974 1
527 1695 1
527 1821 1
527 2030 1
528 51 1
528 57 1
528 311 1
528 659 1
528 725 1
528 739 1
528 1186 1
528 1226 1
528 1257 1
528 1358 1
528 1825 1
529 1588 1
530 101 1
530 152 1
530 421 1
530 1345 1
531 1567 1
532 11 1
532 1052 1
532 1296 1
533 413 1
533 437 1
533 1518 1
534 1048 1
535 84 1
535 231 1
535 651 1
535 1313 1
535 1463 1
535 1994 1
536 272 1
536 320 1
536 340 1
536 467 1
536 591 1
536 679 1
536 700 1
536 705 1
536 751 1
536 1062 1
536 1181 1
536 1208 1
536 1353 1
536 1622 1
537 41 1
537 162 1
537 201 1
537 270 1
537 328 1
537 684 1
537 811 1
537 859 1
537 920 1
537 976 1
537 1025 1
537 1147 1
537 1255 1
537 1436 1
537 1459 1
537 1462 1
537 1467 1
537 1566 1
537 1573 1
537 1617 1
537 1666 1
537 1754 1
538 64 1
538 318 1
538 379 1
538 791 1
538 845 1
538 855 1
538 881 1
538 966 1
538 994 1
538 1207 1
538 1292 1
538 1351 1
538 1495 1
538 1503 1
538 1516 1
538 1616 1
538 1711 1
538 1749 1
538 1855 1
538 1856 1
538 1892 1
539 108 1
539 228 1
539 279 1
539 338 1
539 360 1
539 410 1
539 424 1
539 462 1
539 602 1
539 869 1
539 1001 1
539 1100 1
539 1162 1
539 1316 1
539 1451 1
539 1515 1
539 1770 1
539 1841 1
539 1964 1
539 1976 1
540 76 1
540 299 1
540 309 1
540 406 1
540 425 1
540 565 1
540 715 1
540 741 1
540 843 1
540 978 1
540 1086 1
540 1151 1
540 1175 1
540 1188 1
540 1362 1
540 1407 1
540 1724 1
540 1799 1
540 1890 1
540 1957 1
540 1975 1
540 2034 1
541 206 1
541 365 1
541 453 1
541 766 1
541 801 1
541 929 1
541 1032 1
541 1139 1
541 1230 1
541 1264 1
541 1282 1
541 1523 1
541 1539 1
541 1649 1
541 1652 1
541 1678 1
541 1880 1
541 1928 1
541 1950 1
542 618 1
542 647 1
542 1317 1
542 1831 1
543 129 1
543 358 1
543 758 1
543 1091 1
543 1271 1
543 1294 1
543 1556 1
543 1623 1
543 1636 1
543 1677 1
544 354 1
544 799 1
545 102 1
545 341 1
545 352 1
545 526 1
545 550 1
545 1021 1
545 1476 1
545 1500 1
546 267 1
546 292 1
546 785 1
546 879 1
546 1551 1
547 408 1
547 566 1
547 1067 1
547 1477 1
547 1905 1
548 497 1
549 903 1
549 1688 1
549 1710 1
549 1804 1
550 344 1
550 376 1
550 1625 1
550 1635 1
551 196 1
551 261 1
551 813 1
551 1143 1
551 1644 1
551 1718 1
551 1743 1
551 1949 1
552 289 1
552 1138 1
552 1277 1
552 1333 1
552 1510 1
552 1656 1
552 1839 1
552 1869 1
553 98 1
553 159 1
553 401 1
553 613 1
553 886 1
553 936 1
553 943 1
553 1431 1
553 1611 1
553 1875 1
553 1998 1
554 4 1
554 120 1
554 271 1
554 302 1
554 321 1
554 370 1
554 521 1
554 549 1
554 931 1
554 1020 1
554 1078 1
554 1108 1
554 1132 1
554 1396 1
554 1408 1
554 1478 1
554 1701 1
555 207 1
555 609 1
555 666 1
555 720 1
555 794 1
555 925 1
555 962 1
555 1017 1
555 1253 1
555 1290 1
555 1746 1
555 1800 1
555 1945 1
555 1948 1
555 2024 1
556 66 1
556 303 1
556 671 1
556 825 1
556 862 1
556 1031 1
556 1107 1
556 1131 1
556 1303 1
556 1309 1
556 1334 1
556 1520 1
556 1528 1
556 1602 1
556 1726 1
556 1796 1
556 2026 1
557 258 1
557 534 1
557 681 1
557 742 1
557 999 1
557 1232 1
557 1420 1
557 1589 1
557 1738 1
557 1755 1
557 1887 1
557 1894 1
557 2013 1
557 2046 1
558 181 1
558 227 1
558 239 1
558 251 1
558 268 1
558 475 1
558 955 1
558 1026 1
558 1149 1
558 1753 1
558 1951 1
559 212 1
559 278 1
559 1079 1
559 1427 1
560 78 1
560 282 1
560 1104 1
560 1126 1
560 1424 1
560 1453 1
560 1986 1
561 427 1
561 692 1
561 800 1
561 1095 1
561 1205 1
561 1557 1
561 1981 1
563 34 1
563 56 1
563 1077 1
563 1360 1
563 1877 1
564 163 1
564 581 1
564 885 1
564 893 1
564 1624 1
565 45 1
565 599 1
565 702 1
565 717 1
565 1741 1
565 1963 1
565 2028 1
566 814 1
566 1598 1
566 1705 1
567 977 1
567 1488 1
567 1536 1
567 1612 1
567 1708 1
568 186 1
568 368 1
568 412 1
568 523 1
568 529 1
568 573 1
568 764 1
568 827 1
568 934 1
568 957 1
569 428 1
569 450 1
569 561 1
569 622 1
569 653 1
569 724 1
569 941 1
569 1137 1
569 1372 1
569 1382 1
569 1482 1
569 1499 1
569 1618 1
569 1997 1
569 2031 1
570 32 1
570 36 1
570 230 1
570 304 1
570 525 1
570 536 1
570 762 1
570 817 1
570 1227 1
570 1280 1
570 1304 1
570 1348 1
570 1440 1
570 1852 1
570 1943 1
570 1954 1
570 1990 1
571 49 1
571 114 1
571 433 1
571 471 1
571 493 1
571 691 1
571 1033 1
571 1101 1
571 1153 1
571 1166 1
571 1209 1
571 1340 1
571 1643 1
571 1684 1
571 1748 1
571 1773 1
571 1853 1
571 1916 1
571 2047 1
572 61 1
572 195 1
572 208 1
572 288 1
572 295 1
572 431 1
572 446 1
572 580 1
572 806 1
572 959 1
572 1083 1
572 1084 1
572 1127 1
572 1228 1
572 1456 1
572 1530 1
572 1702 1
572 1704 1
572 1715 1
572 1740 1
572 1789 1
572 1826 1
572 1959 1
572 1996 1
572 2007 1
573 217 1
573 274 1
573 392 1
573 590 1
573 593 1
573 704 1
573 787 1
573 818 1
573 858 1
573 1049 1
573 1218 1
573 1508 1
573 1637 1
573 1646 1
573 1693 1
573 1823 1
574 178 1
574 1376 1
574 1447 1
574 1505 1
574 1728 1
574 1920 1
574 1988 1
575 12 1
575 414 1
575 458 1
575 543 1
575 605 1
575 797 1
575 891 1
575 947 1
575 1173 1
575 1184 1
575 1595 1
575 1605 1
575 1727 1
575 2005 1
576 512 1
576 696 1
576 1187 1
576 1211 1
576 1809 1
577 210 1
577 337 1
577 991 1
577 1046 1
577 1306 1
578 277 1
578 371 1
578 1142 1
578 1501 1
579 1198 1
579 1314 1
579 1414 1
579 1752 1
580 269 1
580 363 1
581 779 1
581 849 1
581 972 1
581 1030 1
582 2 1
582 835 1
582 905 1
582 1224 1
582 1258 1
582 1439 1
582 1470 1
582 1472 1
582 1960 1
583 253 1
583 316 1
583 1781 1
584 88 1
584 419 1
584 889 1
584 910 1
584 1182 1
584 1251 1
584 1285 1
584 1670 1
584 1771 1
584 1868 1
584 1970 1
584 1984 1
585 177 1
585 233 1
585 296 1
585 388 1
585 515 1
585 579 1
585 644 1
585 662 1
585 697 1
585 755 1
585 815 1
585 985 1
585 1146 1
585 1597 1
585 1883 1
585 1886 1
586 10 1
586 68 1
586 157 1
586 232 1
586 477 1
586 509 1
586 559 1
586 628 1
586 670 1
586 844 1
586 1110 1
586 1145 1
586 1168 1
586 1817 1
586 2027 1
587 8 1
587 59 1
587 154 1
587 174 1
587 266 1
587 298 1
587 443 1
587 486 1
587 598 1
587 646 1
587 675 1
587 690 1
587 730 1
587 810 1
587 997 1
587 1018 1
587 1213 1
587 1268 1
587 1489 1
587 1569 1
587 1620 1
587 1669 1
587 1729 1
588 55 1
588 150 1
588 173 1
588 308 1
588 438 1
588 501 1
588 682 1
588 867 1
588 906 1
588 983 1
588 1040 1
588 1216 1
588 1301 1
588 1428 1
588 1580 1
588 1599 1
588 1626 1
588 1642 1
588 1769 1
588 1777 1
588 1787 1
588 1897 1
588 1941 1
588 1985 1
588 2042 1
589 43 1
589 79 1
589 574 1
589 603 1
589 713 1
589 875 1
589 1060 1
589 1073 1
589 1089 1
589 1109 1
589 1114 1
589 1329 1
589 1681 1
589 1784 1
589 1864 1
589 1915 1
589 1946 1
589 1977 1
590 481 1
590 530 1
590 663 1
590 748 1
590 872 1
590 950 1
590 1281 1
590 1522 1
590 1554 1
590 1750 1
591 332 1
591 454 1
591 524 1
591 614 1
591 709 1
591 1117 1
591 1179 1
591 1387 1
591 1829 1
592 436 1
592 639 1
592 707 1
592 890 1
592 1231 1
592 1308 1
592 1895 1
592 2048 1
593 80 1
593 188 1
593 380 1
593 577 1
593 857 1
593 1070 1
593 1325 1
593 1484 1
594 1691 1
595 96 1
595 714 1
595 1452 1
595 1722 1
595 2018 1
596 215 1
596 432 1
596 499 1
596 896 1
596 1195 1
596 1261 1
596 1645 1
597 262 1
597 1709 1
598 780 1
598 1237 1
599 105 1
599 532 1
599 1278 1
599 1287 1
600 54 1
600 444 1
600 551 1
600 1152 1
600 1383 1
600 1418 1
600 1819 1
601 116 1
601 223 1
601 665 1
601 915 1
601 933 1
601 1045 1
601 1148 1
601 1150 1
601 1350 1
601 1385 1
601 1442 1
601 1650 1
601 1840 1
602 48 1
602 86 1
602 145 1
602 200 1
602 219 1
602 260 1
602 520 1
602 627 1
602 629 1
602 655 1
602 664 1
602 868 1
602 1140 1
602 1291 1
602 1324 1
602 1690 1
602 1842 1
602 1906 1
602 2001 1
603 40 1
603 222 1
603 339 1
603 727 1
603 735 1
603 736 1
603 850 1
603 853 1
603 937 1
603 998 1
603 1164 1
603 1169 1
603 1233 1
603 1406 1
603 1576 1
603 1706 1
603 1818 1
603 1907 1
603 1987 1
603 2019 1
604 112 1
604 123 1
604 203 1
604 796 1
604 824 1
604 911 1
604 918 1
604 944 1
604 1498 1
604 1541 1
604 1561 1
604 1609 1
605 346 1
605 442 1
605 576 1
605 582 1
605 658 1
605 968 1
605 1167 1
605 1398 1
605 1461 1
605 1464 1
605 1546 1
605 1861 1
606 109 1
606 324 1
606 457 1
606 476 1
606 482 1
606 516 1
606 563 1
606 568 1
606 1019 1
606 1112 1
606 1136 1
606 1185 1
606 1265 1
606 1448 1
606 1543 1
606 1613 1
606 1667 1
606 1788 1
606 1820 1
606 1844 1
606 1944 1
607 21 1
607 240 1
607 506 1
607 519 1
607 657 1
607 783 1
607 882 1
607 907 1
607 1036 1
607 1312 1
607 1587 1
608 22 1
608 77 1
608 1035 1
608 1057 1
608 1071 1
608 1579 1
608 1707 1
608 1962 1
609 284 1
609 539 1
609 608 1
609 1199 1
609 1601 1
610 90 1
610 307 1
610 384 1
610 640 1
610 643 1
610 699 1
610 711 1
610 821 1
610 1027 1
611 415 1
612 291 1
612 1835 1
613 969 1
614 624 1
614 1881 1
615 611 1
615 1155 1
615 1323 1
615 1532 1
615 1586 1
615 1822 1
616 588 1
616 1795 1
617 641 1
617 688 1
617 913 1
617 960 1
617 1068 1
617 1269 1
617 1322 1
617 1466 1
617 1509 1
617 1559 1
617 1685 1
617 1873 1
618 130 1
618 294 1
618 760 1
618 899 1
618 1161 1
618 1221 1
618 1286 1
618 1422 1
618 1680 1
618 1716 1
618 1720 1
618 1836 1
618 1888 1
619 329 1
619 357 1
619 420 1
619 694 1
619 790 1
619 841 1
619 995 1
619 1090 1
619 1096 1
619 1141 1
619 1315 1
619 1971 1
620 67 1
620 97 1
620 148 1
620 180 1
620 306 1
620 435 1
620 502 1
620 507 1
620 892 1
620 897 1
620 919 1
620 1008 1
620 1223 1
620 1363 1
620 1475 1
620 1507 1
620 1596 1
620 1703 1
620 1739 1
620 1859 1
620 1893 1
620 1901 1
620 1932 1
620 1934 1
620 1978 1
620 2040 1
621 19 1
621 141 1
621 286 1
621 322 1
621 325 1
621 449 1
621 474 1
621 498 1
621 674 1
621 680 1
621 772 1
621 819 1
621 866 1
621 935 1
621 1267 1
621 1279 1
621 1326 1
621 1483 1
621 1719 1
621 1747 1
621 1764 1
621 1806 1
621 1921 1
621 1940 1
621 1958 1
621 2010 1
622 38 1
622 103 1
622 310 1
622 463 1
622 464 1
622 468 1
622 695 1
622 860 1
622 876 1
622 970 1
622 1000 1
622 1125 1
622 1196 1
622 1217 1
622 1802 1
622 1803 1
622 1884 1
623 7 1
623 214 1
623 863 1
623 873 1
623 956 1
623 989 1
623 1144 1
623 1171 1
623 1444 1
623 1583 1
623 1673 1
623 1762 1
623 1772 1
623 1931 1
624 508 1
624 877 1
624 1009 1
624 1022 1
624 1028 1
624 1059 1
624 1085 1
624 1419 1
624 1443 1
624 1458 1
624 1531 1
624 1603 1
624 1991 1
625 132 1
625 710 1
625 990 1
625 1305 1
625 1328 1
625 1838 1
625 1851 1
625 1911 1
626 480 1
626 768 1
626 993 1
626 1004 1
626 1134 1
626 1156 1
626 1565 1
626 1734 1
626 1872 1
627 625 1
627 633 1
627 1249 1
627 1410 1
628 1219 1
628 1368 1
628 1524 1
628 1549 1
628 1560 1
628 1604 1
630 416 1
630 649 1
630 1087 1
630 1359 1
630 1938 1
631 184 1
631 2004 1
632 404 1
632 878 1
632 1047 1
632 1373 1
632 1910 1
633 216 1
633 399 1
633 448 1
633 1193 1
633 1259 1
633 2041 1
634 170 1
634 546 1
634 669 1
634 808 1
634 922 1
634 1339 1
634 1432 1
634 1582 1
635 110 1
635 483 1
635 538 1
635 556 1
635 626 1
635 645 1
635 792 1
635 838 1
635 900 1
635 1176 1
635 1299 1
635 1697 1
636 31 1
636 92 1
636 99 1
636 131 1
636 235 1
636 293 1
636 301 1
636 385 1
636 422 1
636 589 1
636 606 1
636 712 1
636 854 1
636 1039 1
636 1307 1
636 1594 1
636 1629 1
636 1631 1
636 1658 1
636 1674 1
636 1712 1
636 1786 1
636 1909 1
637 73 1
637 136 1
637 327 1
637 355 1
637 533 1
637 562 1
637 693 1
637 832 1
637 839 1
637 942 1
637 951 1
637 975 1
637 1069 1
637 1102 1
637 1194 1
637 1506 1
637 1633 1
637 1698 1
637 1699 1
637 1733 1
637 1913 1
637 1930 1
637 2008 1
638 42 1
638 82 1
638 118 1
638 134 1
638 175 1
638 250 1
638 330 1
638 540 1
638 583 1
638 600 1
638 831 1
638 888 1
638 912 1
638 1082 1
638 1170 1
638 1234 1
638 1247 1
638 1260 1
638 1335 1
638 1371 1
638 1423 1
638 1474 1
638 1621 1
638 1627 1
638 1630 1
638 1721 1
638 1798 1
639 144 1
639 280 1
639 585 1
639 719 1
639 728 1
639 743 1
639 786 1
639 833 1
639 836 1
639 846 1
639 895 1
639 958 1
639 1558 1
639 1593 1
639 1899 1
640 47 1
640 52 1
640 156 1
640 445 1
640 478 1
640 570 1
640 1076 1
640 1121 1
640 1250 1
640 1288 1
640 1399 1
640 1562 1
641 121 1
641 138 1
641 718 1
641 1190 1
641 1321 1
641 1845 1
642 125 1
642 220 1
642 661 1
642 750 1
642 1154 1
642 1361 1
642 1552 1
642 1608 1
642 1812 1
642 2037 1
643 211 1
643 552 1
643 1097 1
644 142 1
644 187 1
644 1119 1
644 1801 1
645 63 1
645 263 1
645 667 1
645 1122 1
645 1405 1
645 1568 1
645 1937 1
645 2017 1
646 151 1
646 1206 1
646 1545 1
648 149 1
648 172 1
649 194 1
649 229 1
649 634 1
649 1354 1
649 1896 1
650 374 1
650 630 1
650 940 1
651 61 1
651 155 1
651 182 1
651 238 1
651 473 1
651 837 1
651 1042 1
651 1390 1
651 1782 1
651 2032 1
652 14 1
652 63 1
652 165 1
652 315 1
652 547 1
652 621 1
652 904 1
652 1054 1
652 1416 1
652 1435 1
652 1446 1
652 1563 1
652 1660 1
652 1857 1
652 2009 1
653 53 1
653 226 1
653 312 1
653 351 1
653 767 1
653 807 1
653 828 1
653 901 1
653 965 1
653 973 1
653 979 1
653 1053 1
653 1128 1
653 1388 1
653 1455 1
653 1481 1
653 1486 1
653 1955 1
653 2011 1
654 1 1
654 44 1
654 65 1
654 287 1
654 439 1
654 469 1
654 484 1
654 496 1
654 575 1
654 612 1
654 822 1
654 1118 1
654 1201 1
654 1239 1
654 1318 1
654 1336 1
654 1394 1
654 1514 1
654 1672 1
654 1778 1
654 1903 1
654 1922 1
654 1989 1
655 72 1
655 95 1
655 119 1
655 247 1
655 383 1
655 447 1
655 518 1
655 744 1
655 775 1
655 1051 1
655 1129 1
655 1183 1
655 1191 1
655 1293 1
655 1319 1
655 1370 1
655 1393 1
655 1403 1
655 1421 1
655 1438 1
655 1614 1
655 1924 1
656 77 1
656 82 1
656 171 1
656 275 1
656 378 1
656 505 1
656 1332 1
656 1415 1
656 1494 1
656 1671 1
656 1757 1
656 1980 1
656 2022 1
657 5 1
657 79 1
657 364 1
657 382 1
657 558 1
657 642 1
657 733 1
657 745 1
657 921 1
657 1641 1
657 1663 1
657 1807 1
657 1863 1
658 64 1
658 83 1
658 104 1
658 205 1
658 236 1
658 345 1
658 522 1
658 597 1
658 1016 1
658 1581 1
659 33 1
659 42 1
659 44 1
659 50 1
659 66 1
659 77 1
659 1289 1
659 1529 1
659 1553 1
659 1676 1
659 1732 1
659 1902 1
659 2000 1
660 74 1
660 403 1
660 472 1
660 488 1
660 1347 1
660 1793 1
661 51 1
661 1756 1
661 1979 1
662 71 1
662 1365 1
663 57 1
663 69 1
663 93 1
663 1956 1
664 60 1
664 256 1
664 411 1
665 61 1
665 75 1
665 513 1
665 1662 1
666 61 1
666 69 1
666 82 1
667 72 1
667 81 1
667 91 1
667 631 1
667 1124 1
667 1276 1
668 68 1
668 107 1
668 874 1
668 946 1
668 1105 1
668 1511 1
668 1870 1
669 59 1
669 140 1
669 265 1
669 635 1
669 782 1
669 798 1
669 1115 1
669 1572 1
669 1874 1
669 1926 1
669 2029 1
670 204 1
670 297 1
670 347 1
670 386 1
670 390 1
670 394 1
670 434 1
670 491 1
670 494 1
670 587 1
670 870 1
670 909 1
670 1058 1
670 1106 1
670 1157 1
670 1212 1
670 1262 1
670 1330 1
670 1585 1
670 1686 1
670 1714 1
670 1908 1
670 1952 1
670 1965 1
671 369 1
671 372 1
671 722 1
671 829 1
671 1003 1
671 1007 1
671 1449 1
671 1648 1
671 1751 1
671 1776 1
671 1785 1
671 2016 1
672 87 1
672 259 1
672 636 1
672 638 1
672 689 1
672 856 1
672 1013 1
672 1081 1
672 1220 1
672 1310 1
672 1355 1
672 1600 1
672 1745 1
672 1816 1
673 221 1
673 281 1
673 373 1
673 375 1
673 677 1
673 752 1
673 1012 1
673 1248 1
673 1297 1
673 1302 1
673 1411 1
673 1468 1
673 1504 1
673 1929 1
674 264 1
674 300 1
674 342 1
674 359 1
674 1298 1
674 1632 1
674 1651 1
674 1794 1
675 37 1
675 44 1
675 64 1
675 80 1
675 620 1
675 1610 1
675 1867 1
675 1898 1
676 58 1
676 80 1
676 701 1
676 1437 1
676 1866 1
677 56 1
677 218 1
677 405 1
677 887 1
678 44 1
678 57 1
678 1409 1
678 1434 1
678 1824 1
679 50 1
679 66 1
679 1241 1
679 1578 1
679 1615 1
680 237 1
681 331 1
681 820 1
682 517 1
683 353 1
683 381 1
684 56 1
684 61 1
684 455 1
684 596 1
684 1064 1
684 1192 1
684 1590 1
684 1917 1
685 30 1
685 487 1
685 564 1
685 1214 1
685 1245 1
685 1337 1
685 1730 1
685 1849 1
686 160 1
686 161 1
686 169 1
686 429 1
686 470 1
686 654 1
686 698 1
686 1006 1
686 1072 1
686 1172 1
686 1295 1
686 1485 1
686 1537 1
686 1547 1
686 1657 1
686 1761 1
686 1900 1
686 1936 1
686 1961 1
687 39 1
687 305 1
687 673 1
687 763 1
687 847 1
687 898 1
687 902 1
687 987 1
687 988 1
687 1002 1
687 1226 1
687 1266 1
687 1391 1
687 1502 1
687 1523 1
687 1973 1
687 1999 1
687 2014 1
688 128 1
688 143 1
688 336 1
688 773 1
688 784 1
688 1311 1
688 1395 1
688 1454 1
688 1639 1
688 1950 1
689 57 1
689 65 1
689 67 1
689 126 1
689 213 1
689 323 1
689 348 1
689 511 1
689 567 1
689 610 1
689 1178 1
689 1242 1
689 1263 1
689 1591 1
689 1768 1
689 1810 1
689 1860 1
690 45 1
690 79 1
690 1116 1
690 1273 1
690 1346 1
690 1517 1
690 1550 1
690 1584 1
690 1780 1
690 1821 1
690 1935 1
691 65 1
691 68 1
691 437 1
691 542 1
691 1011 1
691 1367 1
691 1471 1
691 1548 1
691 1904 1
691 1919 1
691 2020 1
692 283 1
692 601 1
692 923 1
692 962 1
692 1041 1
692 1542 1
692 1815 1
692 1927 1
693 71 1
693 74 1
693 1063 1
693 1384 1
694 44 1
694 77 1
694 164 1
694 703 1
694 753 1
694 1023 1
694 1037 1
694 1159 1
695 72 1
695 185 1
695 595 1
695 1229 1
697 43 1
697 54 1
697 73 1
697 209 1
698 75 1
698 883 1
699 52 1
699 69 1
699 78 1
699 1496 1
700 774 1
700 812 1
700 1188 1
700 1469 1
700 1659 1
701 45 1
701 62 1
701 70 1
701 409 1
701 809 1
701 1352 1
701 1450 1
701 1837 1
701 1850 1
701 2002 1
702 398 1
702 963 1
702 1246 1
702 1256 1
702 1407 1
702 1430 1
702 1570 1
702 1687 1
702 1814 1
702 1892 1
703 18 1
703 81 1
703 117 1
703 124 1
703 270 1
703 560 1
703 676 1
703 770 1
703 795 1
703 927 1
703 1098 1
703 1203 1
703 1222 1
703 1713 1
703 1805 1
704 9 1
704 50 1
704 57 1
704 73 1
704 276 1
704 396 1
704 441 1
704 479 1
704 548 1
704 557 1
704 679 1
704 765 1
704 1052 1
704 1177 1
704 1386 1
704 1417 1
704 1460 1
704 1480 1
704 1492 1
704 1493 1
704 1624 1
704 1654 1
704 1758 1
704 2035 1
705 62 1
705 67 1
705 290 1
705 352 1
705 440 1
705 586 1
705 659 1
705 759 1
705 996 1
705 1240 1
705 1270 1
705 1272 1
705 1634 1
705 1638 1
705 1763 1
705 1891 1
706 65 1
706 78 1
706 101 1
706 113 1
706 193 1
706 234 1
706 1029 1
706 1180 1
706 1366 1
706 1429 1
706 1501 1
706 1649 1
706 1678 1
707 50 1
707 60 1
707 79 1
707 198 1
707 354 1
707 362 1
707 393 1
707 489 1
707 687 1
707 716 1
707 964 1
707 1024 1
707 1099 1
707 1158 1
707 1316 1
707 1465 1
707 1617 1
707 1731 1
708 69 1
708 81 1
708 249 1
708 917 1
708 1044 1
708 1238 1
708 1404 1
708 1602 1
708 1682 1
708 1912 1
709 49 1
709 50 1
709 79 1
709 531 1
709 1791 1
709 2012 1
709 2039 1
710 246 1
710 1244 1
710 1533 1
710 2045 1
711 42 1
711 47 1
711 535 1
711 544 1
711 826 1
712 42 1
712 57 1
712 793 1
712 1556 1
712 1616 1
713 395 1
713 1356 1
713 1765 1
713 1775 1
714 80 1
714 1080 1
714 1397 1
715 50 1
715 939 1
716 328 1
716 334 1
716 418 1
717 43 1
717 57 1
717 285 1
717 981 1
717 1894 1
718 26 1
718 46 1
718 60 1
718 243 1
718 685 1
718 1378 1
718 1441 1
718 1628 1
718 1636 1
718 1640 1
718 1846 1
718 1925 1
719 6 1
719 27 1
719 44 1
719 58 1
719 167 1
719 453 1
719 504 1
719 592 1
719 650 1
719 771 1
719 781 1
719 852 1
719 992 1
719 1413 1
719 1476 1
719 1495 1
719 1521 1
719 1575 1
719 1647 1
719 1653 1
719 1974 1
720 65 1
720 71 1
720 527 1
720 604 1
720 1032 1
720 1092 1
720 1254 1
720 1381 1
720 1453 1
720 1790 1
720 1972 1
720 1982 1
721 201 1
721 321 1
721 607 1
721 615 1
721 652 1
721 740 1
721 749 1
721 816 1
721 1088 1
721 1163 1
721 1202 1
721 1345 1
721 1364 1
721 1369 1
721 1433 1
721 1473 1
721 1564 1
721 1692 1
721 1705 1
721 1830 1
722 85 1
722 426 1
722 747 1
722 769 1
722 893 1
722 1274 1
722 1362 1
722 1497 1
722 1535 1
722 1748 1
722 1848 1
722 1945 1
723 64 1
723 176 1
723 197 1
723 326 1
723 344 1
723 356 1
723 855 1
723 953 1
723 971 1
723 1130 1
723 1230 1
723 1377 1
723 1544 1
724 183 1
724 672 1
724 961 1
724 1165 1
724 1268 1
724 1525 1
724 1724 1
724 1741 1
724 1942 1
725 43 1
725 54 1
725 66 1
725 190 1
725 248 1
725 366 1
725 376 1
725 526 1
725 851 1
725 916 1
725 1143 1
725 1147 1
725 1711 1
726 64 1
726 267 1
726 952 1
726 1174 1
726 1197 1
726 1341 1
726 1800 1
727 78 1
727 309 1
727 497 1
727 503 1
727 706 1
728 68 1
728 341 1
728 801 1
728 1056 1
728 2025 1
729 69 1
729 1995 1
730 15 1
730 44 1
730 73 1
730 74 1
731 1074 1
732 192 1
733 70 1
733 424 1
733 804 1
733 1865 1
734 343 1
734 738 1
734 1062 1
734 1108 1
734 1275 1
735 59 1
735 71 1
735 152 1
735 251 1
735 317 1
735 475 1
735 500 1
735 761 1
735 1456 1
735 1675 1
736 34 1
736 333 1
736 391 1
736 637 1
736 823 1
736 879 1
736 881 1
736 1153 1
736 1162 1
736 1623 1
737 20 1
737 24 1
737 231 1
737 569 1
737 594 1
737 871 1
737 972 1
737 998 1
737 1515 1
737 1618 1
737 1696 1
737 1797 1
737 1847 1
737 1939 1
737 1992 1
737 2015 1
737 2026 1
738 47 1
738 58 1
738 64 1
738 77 1
738 80 1
738 425 1
738 486 1
738 516 1
738 523 1
738 788 1
738 789 1
738 1204 1
738 1767 1
738 1966 1
739 361 1
739 602 1
739 656 1
739 683 1
739 692 1
739 707 1
739 776 1
739 955 1
739 984 1
739 1061 1
739 1123 1
739 1207 1
739 1479 1
739 1489 1
739 1519 1
739 1534 1
739 1566 1
739 1611 1
739 1879 1
739 1957 1
740 4 1
740 42 1
740 257 1
740 340 1
740 389 1
740 410 1
740 450 1
740 648 1
740 943 1
740 1026 1
740 1467 1
740 1832 1
741 48 1
741 79 1
741 228 1
741 732 1
741 834 1
741 908 1
741 941 1
741 994 1
741 1186 1
741 1224 1
741 1264 1
741 1555 1
741 2028 1
742 81 1
742 412 1
742 864 1
742 1447 1
742 1606 1
742 1694 1
742 1823 1
743 46 1
743 64 1
743 493 1
743 1255 1
743 1527 1
744 242 1
744 618 1
745 65 1
745 71 1
745 1862 1
746 554 1
746 1280 1
746 1808 1
747 64 1
747 1811 1
748 73 1
748 191 1
749 89 1
749 1290 1
749 1510 1
749 1540 1
749 1679 1
749 2023 1
750 72 1
750 272 1
750 2048 0
