1 15 1
1 112 1
1 141 1
1 226 1
1 678 1
1 1234 1
1 1376 1
2 1 1
2 10 1
2 140 1
2 927 1
2 1151 1
2 1180 1
2 1184 1
2 1383 1
2 1655 1
3 30 1
3 998 1
3 1161 1
3 1438 1
3 1473 1
3 1623 1
4 8 1
4 307 1
4 579 1
4 1467 1
4 1577 1
4 1777 1
5 781 1
5 875 1
5 903 1
5 907 1
5 981 1
5 1683 1
5 1756 1
6 7 1
6 22 1
6 26 1
6 159 1
6 232 1
6 639 1
6 899 1
6 1023 1
6 1108 1
6 1370 1
6 1505 1
6 1566 1
6 1730 1
6 1901 1
6 1931 1
7 113 1
7 470 1
7 641 1
7 876 1
7 953 1
7 1021 1
7 1045 1
7 1257 1
7 1364 1
7 1387 1
7 1482 1
7 1585 1
7 1720 1
7 1957 1
7 1986 1
7 2032 1
8 31 1
8 60 1
8 101 1
8 268 1
8 329 1
8 387 1
8 598 1
8 991 1
8 1290 1
8 1358 1
8 1379 1
8 1569 1
8 1893 1
9 207 1
9 248 1
9 333 1
9 348 1
9 438 1
9 634 1
9 740 1
9 798 1
9 862 1
9 960 1
9 996 1
9 1058 1
9 1216 1
9 1348 1
9 1535 1
9 1823 1
9 1867 1
9 1988 1
9 2031 1
10 4 1
10 178 1
10 276 1
10 306 1
10 363 1
10 388 1
10 479 1
10 487 1
10 516 1
10 559 1
10 785 1
10 808 1
10 874 1
10 1357 1
10 1403 1
10 1436 1
10 1540 1
10 1543 1
10 1754 1
11 15 1
11 40 1
11 512 1
11 613 1
11 900 1
11 1313 1
11 1534 1
11 1773 1
11 1829 1
12 10 1
12 18 1
12 30 1
12 177 1
12 286 1
12 420 1
12 499 1
12 826 1
12 1097 1
12 1162 1
12 1440 1
12 1530 1
12 1859 1
13 34 1
13 77 1
13 185 1
13 510 1
13 624 1
13 758 1
13 936 1
13 966 1
13 1203 1
13 1285 1
13 1287 1
13 1531 1
13 1576 1
13 1653 1
13 1861 1
13 1999 1
13 2024 1
14 980 1
14 1148 1
14 1553 1
14 1612 1
15 80 1
15 1073 1
15 1125 1
15 1729 1
16 12 1
16 33 1
16 1157 1
16 1222 1
17 1 1
17 351 1
17 505 1
17 1182 1
17 1190 1
17 1336 1
18 38 1
18 98 1
18 554 1
18 1225 1
18 1706 1
19 25 1
19 36 1
19 53 1
19 722 1
19 1350 1
19 1666 1
19 1956 1
19 1976 1
20 21 1
20 474 1
20 1154 1
20 1943 1
21 331 1
21 648 1
21 726 1
21 1412 1
21 1571 1
21 1798 1
22 9 1
22 96 1
22 122 1
22 546 1
22 633 1
22 1079 1
22 1198 1
22 1255 1
22 1811 1
23 25 1
23 81 1
23 341 1
23 848 1
23 1346 1
24 21 1
24 31 1
24 69 1
24 128 1
24 274 1
24 707 1
24 780 1
24 889 1
24 1185 1
25 23 1
25 615 1
25 665 1
26 6 1
26 20 1
26 213 1
26 763 1
26 801 1
26 1298 1
27 238 1
27 1107 1
27 1115 1
27 1380 1
28 2 1
28 14 1
28 404 1
28 1985 1
29 31 1
29 39 1
29 1229 1
29 1526 1
30 1615 1
31 41 1
31 428 1
31 1552 1
31 1966 1
32 360 1
32 1955 1
33 4 1
33 1315 1
34 362 1
35 17 1
35 33 1
35 64 1
35 566 1
37 37 1
37 40 1
37 984 1
38 210 1
38 1312 1
39 54 1
39 399 1
39 411 1
40 35 1
40 332 1
40 675 1
40 965 1
40 1400 1
41 475 1
42 1675 1
43 27 1
44 6 1
44 9 1
44 1844 1
45 1 1
45 13 1
45 18 1
46 17 1
46 29 1
46 1320 1
47 16 1
47 17 1
48 11 1
48 12 1
48 23 1
48 37 1
49 5 1
49 36 1
50 36 1
50 1568 1
50 1902 1
51 11 1
51 17 1
51 962 1
52 1170 1
53 26 1
53 37 1
54 2 1
54 3 1
55 29 1
55 93 1
55 250 1
55 551 1
55 608 1
55 1445 1
56 31 1
56 33 1
56 35 1
56 619 1
56 920 1
56 1061 1
57 21 1
57 27 1
57 313 1
57 659 1
58 17 1
58 39 1
58 867 1
58 1710 1
59 11 1
59 225 1
59 806 1
59 910 1
59 1064 1
59 1952 1
60 1 1
60 37 1
60 382 1
60 456 1
60 1259 1
61 2 1
61 9 1
61 18 1
61 24 1
61 84 1
61 309 1
61 620 1
61 1000 1
61 1118 1
61 1194 1
61 1196 1
61 1296 1
61 1458 1
61 1903 1
62 62 1
62 469 1
62 1060 1
62 1294 1
62 1430 1
62 1954 1
63 925 1
63 970 1
63 1010 1
63 1034 1
63 1329 1
63 1341 1
63 1393 1
64 28 1
64 38 1
64 325 1
64 679 1
64 1116 1
64 1606 1
64 1946 1
65 261 1
65 1101 1
66 15 1
66 455 1
66 985 1
66 1630 1
67 11 1
67 38 1
67 493 1
67 761 1
67 1178 1
67 1250 1
67 1858 1
68 20 1
68 23 1
68 305 1
68 533 1
68 584 1
68 746 1
68 847 1
69 1204 1
71 4 1
71 14 1
71 18 1
71 1555 1
71 1638 1
71 1662 1
71 1766 1
72 14 1
72 436 1
72 541 1
72 823 1
72 1588 1
73 391 1
73 412 1
73 888 1
73 944 1
73 986 1
73 1193 1
74 209 1
74 364 1
74 513 1
74 575 1
74 681 1
74 756 1
74 951 1
74 1704 1
74 1890 1
75 449 1
75 750 1
75 757 1
75 791 1
75 884 1
75 1005 1
75 1302 1
75 1560 1
75 1602 1
76 61 1
76 107 1
76 161 1
76 259 1
76 491 1
76 496 1
76 545 1
76 914 1
76 990 1
76 1239 1
76 1327 1
76 1392 1
76 1492 1
76 1603 1
76 1855 1
76 1906 1
77 5 1
77 18 1
77 380 1
77 572 1
77 655 1
77 715 1
77 734 1
77 1114 1
77 1244 1
77 1307 1
77 1317 1
77 1319 1
78 190 1
78 230 1
78 252 1
78 262 1
78 273 1
78 544 1
78 606 1
78 652 1
78 703 1
78 717 1
78 1059 1
78 1419 1
78 1429 1
78 1468 1
78 1516 1
78 1733 1
78 1779 1
78 1963 1
79 3 1
79 5 1
79 38 1
79 55 1
79 379 1
79 670 1
79 695 1
79 721 1
79 829 1
79 1124 1
79 1362 1
79 1431 1
79 1908 1
80 198 1
80 561 1
80 744 1
80 934 1
80 1758 1
80 2012 1
81 36 1
81 427 1
81 525 1
81 616 1
81 1992 1
82 253 1
82 498 1
82 892 1
82 1127 1
82 1345 1
82 1635 1
83 29 1
83 415 1
84 15 1
84 39 1
84 481 1
84 1215 1
85 25 1
85 439 1
85 658 1
85 1539 1
85 1979 1
86 23 1
86 831 1
86 1001 1
87 99 1
87 922 1
87 1503 1
87 1866 1
88 16 1
88 204 1
88 355 1
88 476 1
88 1857 1
89 208 1
89 530 1
89 856 1
89 1441 1
89 1711 1
89 1800 1
89 1806 1
89 1927 1
90 15 1
90 277 1
90 368 1
90 550 1
90 672 1
90 794 1
90 1133 1
90 1146 1
90 1226 1
90 1306 1
90 1622 1
90 1961 1
91 15 1
91 26 1
91 34 1
91 39 1
91 121 1
91 153 1
91 223 1
91 440 1
91 741 1
91 1093 1
91 1235 1
91 1397 1
91 1713 1
91 1775 1
91 1896 1
92 29 1
92 34 1
92 83 1
92 144 1
92 167 1
92 196 1
92 282 1
92 558 1
92 712 1
92 714 1
92 747 1
92 782 1
92 822 1
92 873 1
92 935 1
92 959 1
92 1082 1
92 1135 1
92 1326 1
92 1388 1
92 1451 1
92 1613 1
92 1619 1
92 1667 1
92 1863 1
92 1884 1
92 2010 1
92 2028 1
93 182 1
93 270 1
93 316 1
93 515 1
93 526 1
93 677 1
93 871 1
93 1033 1
93 1104 1
93 1172 1
93 1303 1
93 1314 1
93 1381 1
93 1395 1
93 1475 1
93 1592 1
93 1596 1
93 1726 1
93 1794 1
93 1821 1
93 1831 1
93 1848 1
93 1878 1
93 2026 1
94 22 1
94 129 1
94 453 1
94 473 1
94 564 1
94 593 1
94 853 1
94 870 1
94 941 1
94 1006 1
94 1013 1
94 1076 1
94 1325 1
94 1455 1
94 1589 1
94 1889 1
94 2025 1
95 10 1
95 47 1
95 495 1
95 779 1
95 972 1
95 1063 1
95 1324 1
95 1583 1
95 1712 1
95 1787 1
95 1849 1
95 1895 1
95 1947 1
96 6 1
96 45 1
96 137 1
96 350 1
96 657 1
96 724 1
96 1022 1
96 1291 1
96 1452 1
96 1618 1
97 4 1
97 26 1
97 621 1
97 1120 1
97 1321 1
97 1731 1
97 1755 1
97 1977 1
98 33 1
98 1639 1
99 27 1
99 132 1
99 720 1
99 1233 1
99 1494 1
100 39 1
100 534 1
101 12 1
101 24 1
101 691 1
101 1416 1
101 1685 1
102 385 1
102 684 1
102 1077 1
102 1651 1
103 28 1
103 904 1
103 1242 1
104 41 1
104 784 1
104 1014 1
104 1243 1
104 1934 1
105 2 1
105 490 1
105 688 1
105 787 1
105 834 1
105 835 1
105 2037 1
106 12 1
106 28 1
106 39 1
106 245 1
106 345 1
106 484 1
106 635 1
106 680 1
106 683 1
106 895 1
106 943 1
106 1138 1
106 1199 1
106 1493 1
106 1609 1
106 1688 1
106 1915 1
106 1936 1
107 120 1
107 166 1
107 343 1
107 409 1
107 577 1
107 580 1
107 591 1
107 592 1
107 623 1
107 669 1
107 814 1
107 837 1
107 956 1
107 1218 1
107 1274 1
107 1275 1
107 1575 1
107 1652 1
107 1681 1
107 1846 1
107 1962 1
107 2006 1
108 85 1
108 102 1
108 197 1
108 218 1
108 328 1
108 414 1
108 435 1
108 442 1
108 708 1
108 733 1
108 773 1
108 967 1
108 995 1
108 1025 1
108 1071 1
108 1072 1
108 1205 1
108 1474 1
108 1541 1
108 1565 1
108 1600 1
108 1648 1
108 1699 1
108 1815 1
108 1945 1
108 2016 1
109 27 1
109 110 1
109 125 1
109 231 1
109 256 1
109 375 1
109 609 1
109 752 1
109 771 1
109 993 1
109 1015 1
109 1057 1
109 1262 1
109 1281 1
109 1322 1
109 1450 1
109 1797 1
109 1944 1
109 1994 1
110 12 1
110 206 1
110 236 1
110 392 1
110 485 1
110 508 1
110 783 1
110 893 1
110 1356 1
110 1413 1
110 1432 1
110 1462 1
110 1471 1
110 1820 1
110 1886 1
110 1913 1
111 13 1
111 131 1
111 149 1
111 523 1
111 532 1
111 571 1
111 700 1
111 777 1
111 933 1
111 947 1
111 1197 1
111 1247 1
111 1265 1
111 1334 1
111 1375 1
111 1515 1
111 1544 1
111 1989 1
112 552 1
112 570 1
112 1050 1
112 1344 1
112 1366 1
112 1439 1
112 1644 1
112 1850 1
112 1941 1
112 2015 1
113 188 1
113 406 1
113 602 1
113 636 1
113 1009 1
113 1437 1
113 1490 1
114 754 1
114 1105 1
114 1110 1
114 1195 1
115 39 1
115 1342 1
115 1660 1
116 6 1
116 257 1
116 424 1
116 774 1
116 807 1
116 1055 1
116 1481 1
116 1495 1
116 1749 1
117 29 1
117 354 1
117 1875 1
117 1887 1
118 3 1
118 4 1
118 19 1
118 451 1
118 877 1
118 1062 1
118 1102 1
118 1752 1
119 1301 1
121 187 1
121 214 1
121 628 1
121 689 1
121 1276 1
121 1426 1
121 1751 1
122 20 1
122 24 1
122 298 1
122 334 1
122 543 1
122 649 1
122 730 1
122 880 1
122 1119 1
122 1374 1
122 1406 1
122 1605 1
122 1937 1
123 109 1
123 212 1
123 235 1
123 264 1
123 296 1
123 335 1
123 860 1
123 896 1
123 1103 1
123 1246 1
123 1258 1
123 1411 1
123 1423 1
123 1586 1
123 1637 1
123 1717 1
123 1745 1
123 1770 1
123 1928 1
124 2 1
124 3 1
124 38 1
124 103 1
124 304 1
124 336 1
124 339 1
124 519 1
124 583 1
124 605 1
124 793 1
124 866 1
124 879 1
124 976 1
124 1111 1
124 1169 1
124 1217 1
124 1252 1
124 1309 1
124 1601 1
124 1670 1
124 1684 1
124 1714 1
124 1783 1
124 1876 1
124 1888 1
124 1932 1
124 1968 1
124 2045 1
125 7 1
125 12 1
125 24 1
125 52 1
125 146 1
125 338 1
125 403 1
125 407 1
125 522 1
125 529 1
125 698 1
125 767 1
125 797 1
125 887 1
125 902 1
125 1179 1
125 1213 1
125 1245 1
125 1514 1
125 1533 1
125 1656 1
125 1872 1
125 1951 1
126 31 1
126 39 1
126 116 1
126 175 1
126 371 1
126 471 1
126 743 1
126 906 1
126 958 1
126 979 1
126 999 1
126 1011 1
126 1188 1
126 1253 1
126 1264 1
126 1293 1
126 1610 1
126 1678 1
126 1732 1
126 1780 1
126 1826 1
126 1975 1
127 9 1
127 40 1
127 521 1
127 563 1
127 565 1
127 617 1
127 770 1
127 916 1
127 957 1
127 1295 1
127 1420 1
127 1433 1
127 1556 1
127 1676 1
127 1803 1
127 1805 1
127 1883 1
128 34 1
128 88 1
128 143 1
128 400 1
128 905 1
128 911 1
128 1210 1
128 1753 1
129 66 1
129 82 1
129 727 1
129 909 1
129 1088 1
129 1192 1
129 1207 1
130 100 1
130 283 1
130 509 1
130 568 1
130 1708 1
130 1948 1
131 18 1
131 28 1
131 824 1
132 4 1
132 10 1
132 21 1
132 894 1
132 926 1
132 1340 1
132 1917 1
133 413 1
133 629 1
133 772 1
133 1098 1
133 1582 1
134 11 1
134 33 1
134 34 1
134 585 1
134 1914 1
135 6 1
135 12 1
135 22 1
135 514 1
135 1308 1
135 1522 1
135 1737 1
136 289 1
136 1368 1
136 2013 1
137 123 1
137 1409 1
137 1837 1
138 4 1
138 12 1
138 124 1
138 147 1
138 1031 1
138 1507 1
138 1545 1
138 1563 1
138 1996 1
139 2 1
139 26 1
139 127 1
139 234 1
139 275 1
139 356 1
139 537 1
139 603 1
139 1054 1
139 1084 1
139 1087 1
139 1354 1
139 1477 1
139 1795 1
139 2008 1
140 28 1
140 86 1
140 91 1
140 133 1
140 211 1
140 244 1
140 344 1
140 422 1
140 928 1
140 963 1
140 964 1
140 1186 1
140 1280 1
140 1385 1
140 1447 1
140 1518 1
140 1597 1
140 1759 1
140 1809 1
140 2039 1
141 42 1
141 402 1
141 651 1
141 656 1
141 989 1
141 1109 1
141 1137 1
141 1206 1
141 1355 1
141 1449 1
141 1517 1
141 1584 1
141 1701 1
141 1808 1
141 1870 1
142 7 1
142 29 1
142 89 1
142 145 1
142 233 1
142 321 1
142 444 1
142 460 1
142 604 1
142 974 1
142 1051 1
142 1052 1
142 1141 1
142 1228 1
142 1277 1
142 1559 1
142 1669 1
142 1818 1
142 1923 1
142 1925 1
142 1969 1
142 1982 1
142 2027 1
143 104 1
143 141 1
143 361 1
143 553 1
143 751 1
143 832 1
143 1083 1
143 1152 1
143 1284 1
143 1297 1
143 1331 1
143 1448 1
143 1807 1
144 29 1
144 115 1
144 118 1
144 186 1
144 800 1
144 886 1
144 907 1
144 939 1
144 1220 1
144 1414 1
144 1856 1
144 1891 1
144 1984 1
144 2036 1
145 200 1
145 390 1
145 643 1
145 915 1
145 1090 1
145 1442 1
145 1562 1
145 2034 1
146 17 1
146 34 1
146 35 1
146 408 1
146 1121 1
146 1657 1
146 1781 1
147 394 1
147 630 1
147 661 1
147 919 1
147 1620 1
147 1707 1
148 21 1
148 29 1
148 68 1
148 220 1
148 329 1
148 441 1
148 749 1
148 789 1
148 790 1
148 1686 1
148 1741 1
149 19 1
149 31 1
149 540 1
149 882 1
149 949 1
149 1367 1
149 1496 1
149 1679 1
149 1772 1
150 20 1
150 323 1
150 1616 1
151 937 1
151 1827 1
152 117 1
152 299 1
152 945 1
152 1018 1
152 1486 1
152 1587 1
153 1027 1
153 1311 1
154 255 1
154 732 1
154 836 1
154 883 1
154 1456 1
154 1509 1
155 191 1
155 417 1
155 587 1
155 1029 1
155 1038 1
155 1240 1
155 1361 1
155 1363 1
155 1485 1
155 1668 1
156 112 1
156 216 1
156 302 1
156 454 1
156 1085 1
156 1828 1
156 1836 1
156 1965 1
157 148 1
157 240 1
157 365 1
157 457 1
157 500 1
157 687 1
157 869 1
157 932 1
157 988 1
157 1132 1
157 1156 1
157 1491 1
157 1504 1
157 1536 1
157 1537 1
157 1567 1
157 1634 1
157 1765 1
157 1897 1
157 1930 1
157 1935 1
157 2042 1
158 73 1
158 134 1
158 192 1
158 318 1
158 398 1
158 488 1
158 588 1
158 753 1
158 842 1
158 845 1
158 1030 1
158 1113 1
158 1338 1
158 1383 1
158 1453 1
158 1580 1
158 1645 1
158 1918 1
158 1974 1
158 2014 1
159 229 1
159 263 1
159 267 1
159 419 1
159 728 1
159 861 1
159 908 1
159 1048 1
159 1068 1
159 1155 1
159 1159 1
159 1288 1
159 1372 1
159 1465 1
159 1501 1
159 1788 1
159 1885 1
159 1916 1
160 470 1
160 486 1
160 685 1
160 696 1
160 898 1
160 929 1
160 1269 1
160 1271 1
160 1335 1
160 1476 1
160 1497 1
160 1578 1
160 1629 1
160 1647 1
160 1804 1
160 1824 1
161 168 1
161 274 1
161 279 1
161 396 1
161 497 1
161 804 1
161 930 1
161 982 1
161 1017 1
161 1574 1
161 1743 1
161 1847 1
162 176 1
162 567 1
162 799 1
162 1043 1
162 1056 1
162 1067 1
162 1143 1
162 1151 1
162 1224 1
162 1396 1
162 1410 1
162 1424 1
162 1512 1
162 1697 1
162 1853 1
162 1980 1
162 2007 1
162 2030 1
163 729 1
163 912 1
163 1045 1
163 1332 1
163 1570 1
164 432 1
164 644 1
164 1070 1
164 1343 1
164 1671 1
164 1764 1
164 1778 1
165 418 1
165 815 1
165 1100 1
165 1167 1
165 1283 1
165 1599 1
165 1740 1
165 1750 1
165 1763 1
166 1012 1
166 1623 1
167 114 1
167 820 1
167 1251 1
167 1399 1
168 692 1
168 775 1
169 994 1
169 1292 1
169 1724 1
170 666 1
170 713 1
170 809 1
170 817 1
171 174 1
171 287 1
171 363 1
171 857 1
171 918 1
171 1129 1
171 1147 1
171 1446 1
171 1548 1
171 1641 1
171 1692 1
172 79 1
172 156 1
172 272 1
172 405 1
172 612 1
172 647 1
172 917 1
172 1126 1
172 1617 1
172 1868 1
172 1971 1
172 1983 1
172 2017 1
173 467 1
173 472 1
173 569 1
173 599 1
173 690 1
173 726 1
173 766 1
173 768 1
173 913 1
173 923 1
173 1241 1
173 1330 1
173 1349 1
173 1421 1
173 1459 1
173 1519 1
173 1767 1
173 1810 1
173 1854 1
173 1862 1
173 1879 1
173 2002 1
173 2035 1
174 50 1
174 164 1
174 347 1
174 410 1
174 446 1
174 507 1
174 560 1
174 631 1
174 653 1
174 716 1
174 723 1
174 796 1
174 805 1
174 813 1
174 833 1
174 881 1
174 921 1
174 924 1
174 954 1
174 1267 1
174 1463 1
174 1500 1
174 1590 1
174 1723 1
174 1761 1
174 1892 1
174 1920 1
174 1967 1
174 2005 1
174 2048 1
175 70 1
175 75 1
175 97 1
175 111 1
175 155 1
175 189 1
175 201 1
175 232 1
175 241 1
175 251 1
175 373 1
175 374 1
175 458 1
175 477 1
175 556 1
175 642 1
175 706 1
175 719 1
175 759 1
175 828 1
175 840 1
175 938 1
175 1039 1
175 1095 1
175 1108 1
175 1128 1
175 1149 1
175 1171 1
175 1200 1
175 1390 1
175 1398 1
175 1472 1
175 1510 1
175 1534 1
175 1593 1
175 1611 1
175 1636 1
175 1709 1
175 1880 1
175 1991 1
175 2001 1
175 2003 1
175 2004 1
175 2033 1
175 2046 1
176 65 1
176 72 1
176 80 1
176 160 1
176 377 1
176 430 1
176 555 1
176 645 1
176 710 1
176 821 1
176 872 1
176 1004 1
176 1026 1
176 1032 1
176 1106 1
176 1145 1
176 1158 1
176 1163 1
176 1174 1
176 1248 1
176 1318 1
176 1350 1
176 1443 1
176 1467 1
176 1480 1
176 1521 1
176 1573 1
176 1664 1
176 1687 1
176 1690 1
176 1734 1
176 1739 1
176 1845 1
176 1949 1
176 1981 1
176 2011 1
176 2020 1
177 63 1
177 67 1
177 139 1
177 228 1
177 243 1
177 434 1
177 738 1
177 786 1
177 864 1
177 971 1
177 977 1
177 1255 1
177 1369 1
177 1391 1
177 1595 1
177 1705 1
177 1791 1
177 1822 1
177 1861 1
177 1924 1
177 2041 1
178 278 1
178 461 1
178 578 1
178 841 1
178 983 1
178 1042 1
178 1166 1
178 1175 1
178 1208 1
178 1300 1
178 1358 1
178 1365 1
178 1425 1
178 1427 1
178 1566 1
178 1621 1
178 1694 1
178 1756 1
178 1860 1
178 1910 1
178 1987 1
179 310 1
179 357 1
179 369 1
179 650 1
179 1285 1
179 1538 1
179 1792 1
179 1905 1
180 601 1
180 1134 1
180 1460 1
180 1572 1
180 1909 1
181 173 1
181 1074 1
181 1187 1
181 1744 1
182 8 1
182 249 1
182 1202 1
182 1469 1
182 1995 1
183 388 1
183 718 1
183 889 1
183 978 1
183 1046 1
183 1632 1
184 566 1
184 1069 1
185 30 1
185 351 1
185 998 1
185 1581 1
185 1843 1
186 527 1
186 1028 1
186 1286 1
186 1359 1
186 1412 1
186 1802 1
187 281 1
187 627 1
187 686 1
187 827 1
187 885 1
187 897 1
187 1020 1
187 1081 1
187 1144 1
187 1261 1
187 1911 1
187 1953 1
188 32 1
188 226 1
188 239 1
188 376 1
188 622 1
188 802 1
188 942 1
188 987 1
188 1142 1
188 1181 1
188 1231 1
188 1378 1
188 1457 1
188 1654 1
188 1718 1
188 1748 1
188 1898 1
189 119 1
189 150 1
189 151 1
189 217 1
189 292 1
189 301 1
189 480 1
189 489 1
189 638 1
189 641 1
189 740 1
189 852 1
189 969 1
189 1035 1
189 1086 1
189 1122 1
189 1270 1
189 1278 1
189 1377 1
189 1464 1
189 1478 1
189 1508 1
189 1569 1
189 1631 1
189 1659 1
189 1703 1
189 1907 1
189 1921 1
189 1926 1
189 1933 1
189 1959 1
189 1973 1
189 1988 1
189 1998 1
190 126 1
190 162 1
190 179 1
190 300 1
190 340 1
190 384 1
190 438 1
190 450 1
190 542 1
190 581 1
190 595 1
190 664 1
190 705 1
190 762 1
190 778 1
190 803 1
190 844 1
190 890 1
190 901 1
190 946 1
190 961 1
190 1019 1
190 1037 1
190 1049 1
190 1066 1
190 1125 1
190 1236 1
190 1260 1
190 1346 1
190 1502 1
190 1523 1
190 1547 1
190 1691 1
190 1771 1
190 1786 1
190 1793 1
190 1796 1
190 1834 1
190 1929 1
190 1964 1
190 2024 1
191 56 1
191 76 1
191 199 1
191 221 1
191 227 1
191 314 1
191 330 1
191 393 1
191 431 1
191 437 1
191 483 1
191 547 1
191 549 1
191 594 1
191 598 1
191 607 1
191 610 1
191 792 1
191 810 1
191 992 1
191 996 1
191 1211 1
191 1216 1
191 1223 1
191 1232 1
191 1323 1
191 1360 1
191 1370 1
191 1418 1
191 1529 1
191 1640 1
191 1719 1
191 1762 1
191 1782 1
191 1790 1
191 1817 1
191 1833 1
191 1838 1
191 1839 1
191 1865 1
191 1940 1
191 1956 1
191 1972 1
192 128 1
192 170 1
192 193 1
192 288 1
192 297 1
192 327 1
192 366 1
192 386 1
192 528 1
192 637 1
192 654 1
192 673 1
192 701 1
192 764 1
192 795 1
192 863 1
192 1189 1
192 1371 1
192 1386 1
192 1389 1
192 1401 1
192 1546 1
192 1554 1
192 1564 1
192 1658 1
192 1825 1
192 1900 1
192 1999 1
193 43 1
193 138 1
193 246 1
193 290 1
193 337 1
193 378 1
193 389 1
193 429 1
193 482 1
193 589 1
193 748 1
193 1040 1
193 1117 1
193 1150 1
193 1154 1
193 1203 1
193 1234 1
193 1526 1
193 1561 1
193 1612 1
193 1683 1
193 1768 1
193 1832 1
193 1942 1
194 152 1
194 202 1
194 447 1
194 478 1
194 539 1
194 626 1
194 646 1
194 678 1
194 874 1
194 955 1
194 1209 1
194 1483 1
194 1626 1
194 1650 1
194 1720 1
194 1784 1
194 1830 1
194 2018 1
195 172 1
195 462 1
195 524 1
195 613 1
195 704 1
195 709 1
195 843 1
195 984 1
195 1160 1
195 1279 1
195 1407 1
195 1591 1
195 1710 1
195 1742 1
195 1776 1
195 1799 1
195 1873 1
195 1976 1
195 1978 1
196 96 1
196 165 1
196 295 1
196 312 1
196 557 1
196 660 1
196 765 1
196 1402 1
197 265 1
197 694 1
197 1168 1
197 1364 1
197 1487 1
197 1689 1
198 562 1
198 854 1
198 1543 1
198 2009 1
199 238 1
199 781 1
199 1871 1
200 349 1
200 360 1
200 463 1
200 1096 1
200 1417 1
201 1176 1
201 1201 1
201 1222 1
201 1466 1
201 1721 1
201 1812 1
202 94 1
202 940 1
202 1130 1
202 2043 1
203 60 1
203 101 1
203 506 1
203 1177 1
203 1489 1
204 178 1
204 317 1
204 359 1
204 667 1
204 693 1
204 830 1
204 838 1
204 948 1
204 1003 1
204 1024 1
204 1075 1
204 1078 1
204 1094 1
204 1097 1
204 1263 1
204 1484 1
204 1607 1
204 1716 1
204 2023 1
205 135 1
205 154 1
205 183 1
205 284 1
205 381 1
205 433 1
205 479 1
205 510 1
205 611 1
205 676 1
205 711 1
205 798 1
205 973 1
205 1140 1
205 1180 1
205 1282 1
205 1339 1
205 1351 1
205 1482 1
205 1532 1
205 1550 1
205 1677 1
205 1696 1
205 1789 1
205 1894 1
205 1904 1
206 158 1
206 171 1
206 203 1
206 222 1
206 242 1
206 258 1
206 266 1
206 308 1
206 531 1
206 548 1
206 559 1
206 574 1
206 590 1
206 618 1
206 640 1
206 671 1
206 674 1
206 742 1
206 868 1
206 968 1
206 1023 1
206 1041 1
206 1123 1
206 1182 1
206 1212 1
206 1227 1
206 1287 1
206 1316 1
206 1408 1
206 1557 1
206 1558 1
206 1725 1
206 1760 1
206 1769 1
206 1774 1
206 1874 1
206 1893 1
206 1938 1
206 1997 1
206 2021 1
207 90 1
207 130 1
207 184 1
207 342 1
207 346 1
207 401 1
207 464 1
207 597 1
207 702 1
207 731 1
207 736 1
207 816 1
207 826 1
207 846 1
207 849 1
207 1008 1
207 1112 1
207 1136 1
207 1153 1
207 1190 1
207 1219 1
207 1272 1
207 1273 1
207 1305 1
207 1498 1
207 1585 1
207 1653 1
207 1736 1
207 1746 1
207 1777 1
207 1813 1
207 1835 1
207 1881 1
207 1931 1
208 58 1
208 77 1
208 194 1
208 280 1
208 291 1
208 322 1
208 326 1
208 397 1
208 425 1
208 459 1
208 499 1
208 511 1
208 520 1
208 625 1
208 1002 1
208 1379 1
208 1382 1
208 1387 1
208 1428 1
208 1700 1
208 1798 1
208 1814 1
208 1901 1
208 2019 1
208 2032 1
209 57 1
209 294 1
209 426 1
209 504 1
209 586 1
209 675 1
209 722 1
209 769 1
209 848 1
209 855 1
209 1016 1
209 1347 1
209 1353 1
209 1404 1
209 1594 1
209 1604 1
209 1646 1
209 1655 1
209 1663 1
209 1665 1
209 1727 1
209 1851 1
209 1852 1
209 1882 1
209 1919 1
209 1943 1
210 46 1
210 71 1
210 311 1
210 468 1
210 662 1
210 735 1
210 776 1
210 1173 1
210 1254 1
210 1373 1
210 1405 1
210 1672 1
210 1682 1
210 1867 1
211 106 1
211 140 1
211 219 1
211 269 1
211 399 1
211 466 1
211 579 1
211 811 1
211 839 1
211 1738 1
212 195 1
212 307 1
212 600 1
212 763 1
212 865 1
212 970 1
212 1191 1
212 1869 1
213 59 1
213 108 1
213 475 1
213 516 1
213 818 1
213 953 1
213 1184 1
213 1527 1
213 1649 1
213 1811 1
214 271 1
214 517 1
215 487 1
215 1958 1
216 582 1
216 1304 1
216 1333 1
216 1403 1
216 1525 1
217 293 1
217 416 1
217 1337 1
217 1729 1
217 2000 1
218 254 1
218 1400 1
218 1579 1
219 44 1
219 331 1
219 421 1
219 423 1
219 648 1
219 760 1
219 1695 1
219 1747 1
219 1960 1
220 87 1
220 503 1
220 758 1
220 850 1
220 862 1
220 952 1
220 1161 1
220 1435 1
220 1524 1
220 1643 1
220 2040 1
221 113 1
221 237 1
221 395 1
221 535 1
221 614 1
221 755 1
221 788 1
221 1007 1
221 1157 1
221 1183 1
221 1214 1
221 1221 1
221 1230 1
221 1506 1
221 1511 1
221 1785 1
221 1864 1
221 1950 1
221 1955 1
221 1970 1
222 181 1
222 205 1
222 320 1
222 353 1
222 448 1
222 452 1
222 546 1
222 991 1
222 1044 1
222 1080 1
222 1099 1
222 1107 1
222 1131 1
222 1444 1
222 1528 1
222 1549 1
222 1661 1
222 1680 1
222 1728 1
222 1899 1
222 2029 1
223 49 1
223 51 1
223 157 1
223 177 1
223 315 1
223 372 1
223 443 1
223 608 1
223 663 1
223 682 1
223 745 1
223 825 1
223 960 1
223 1036 1
223 1053 1
223 1256 1
223 1298 1
223 1415 1
223 1488 1
223 1513 1
223 1819 1
223 1859 1
223 1922 1
223 1957 1
224 95 1
224 180 1
224 319 1
224 420 1
224 445 1
224 538 1
224 573 1
224 746 1
224 801 1
224 1089 1
224 1170 1
224 1520 1
224 1625 1
224 1674 1
224 1702 1
224 1706 1
224 1722 1
224 1773 1
224 1877 1
224 1939 1
225 136 1
225 224 1
225 285 1
225 306 1
225 370 1
225 668 1
225 707 1
225 876 1
225 900 1
225 1092 1
225 1139 1
225 1185 1
225 1266 1
225 1336 1
225 1348 1
225 1461 1
225 1505 1
225 1542 1
225 1642 1
225 1754 1
225 1842 1
225 1912 1
226 513 1
226 670 1
226 1165 1
226 1470 1
226 1633 1
226 1666 1
226 1698 1
227 169 1
227 383 1
227 492 1
227 505 1
227 536 1
227 596 1
227 891 1
227 997 1
227 1237 1
227 1422 1
227 1693 1
227 1823 1
227 2031 1
228 248 1
228 348 1
228 501 1
228 554 1
228 665 1
228 899 1
228 1148 1
228 1313 1
229 53 1
229 213 1
229 324 1
229 332 1
229 679 1
229 903 1
229 966 1
229 1198 1
229 1551 1
229 2038 1
230 502 1
230 878 1
232 576 1
234 163 1
234 858 1
234 1352 1
234 1801 1
235 303 1
235 1290 1
235 1394 1
235 1479 1
235 1627 1
236 352 1
236 494 1
236 737 1
236 1047 1
236 1454 1
236 1499 1
237 81 1
237 812 1
237 851 1
237 1840 1
237 2022 1
238 268 1
238 358 1
238 367 1
238 465 1
238 780 1
238 975 1
238 1058 1
238 1268 1
238 1434 1
238 1438 1
238 1577 1
238 1608 1
238 1673 1
238 2047 1
239 159 1
239 382 1
239 474 1
239 518 1
239 632 1
239 847 1
239 856 1
239 1091 1
239 1345 1
239 1986 1
240 207 1
240 215 1
240 247 1
240 260 1
240 575 1
240 785 1
240 927 1
240 1225 1
240 1229 1
240 1312 1
240 1445 1
240 1571 1
240 1757 1
240 1927 1
241 74 1
241 341 1
241 619 1
241 980 1
241 1079 1
241 1299 1
241 1530 1
241 1993 1
242 78 1
242 345 1
242 739 1
242 757 1
242 859 1
242 1162 1
242 1384 1
242 1841 1
242 2044 1
243 481 1
243 1060 1
243 1289 1
243 1531 1
243 1985 1
244 92 1
244 456 1
244 990 1
244 1966 1
245 69 1
245 122 1
245 624 1
246 1614 1
247 276 1
247 449 1
247 699 1
247 931 1
248 1249 1
248 1329 1
249 1257 1
250 210 1
250 981 1
250 1164 1
250 1730 1
252 93 1
252 362 1
252 615 1
252 1588 1
253 428 1
253 561 1
253 658 1
253 1021 1
253 1065 1
253 1310 1
253 1451 1
253 1606 1
254 105 1
254 110 1
254 391 1
254 512 1
254 606 1
254 633 1
254 829 1
254 1124 1
254 1436 1
254 1440 1
254 1715 1
254 1945 1
254 1963 1
255 125 1
255 412 1
255 568 1
255 636 1
255 657 1
255 1193 1
255 1296 1
255 1306 1
255 1334 1
255 1576 1
255 1816 1
255 1979 1
256 98 1
256 208 1
256 338 1
256 455 1
256 571 1
256 875 1
256 965 1
256 1005 1
256 1315 1
256 1380 1
256 1541 1
256 1553 1
256 1863 1
257 929 1
257 1537 1
257 1603 1
258 1258 1
258 1850 1
258 1858 1
259 54 1
259 407 1
259 415 1
259 551 1
259 819 1
259 853 1
259 1238 1
259 1516 1
259 1555 1
259 1628 1
259 1675 1
259 2025 1
260 584 1
260 744 1
260 995 1
260 1568 1
260 1624 1
260 1990 1
261 944 1
261 1022 1
261 1297 1
261 1779 1
262 262 1
262 364 1
262 976 1
262 1328 1
262 1431 1
262 1618 1
263 724 1
263 1954 1
264 986 1
264 1902 1
265 333 1
265 950 1
266 84 1
266 914 1
266 951 1
266 1025 1
267 634 1
267 867 1
267 1104 1
267 1326 1
267 1800 1
267 1821 1
268 214 1
268 469 1
268 495 1
268 532 1
268 750 1
268 808 1
268 1416 1
268 1429 1
268 1540 1
268 1560 1
269 252 1
269 261 1
269 277 1
269 602 1
269 741 1
269 922 1
269 1319 1
269 1450 1
269 1622 1
269 1681 1
269 1937 1
269 1946 1
270 14 1
270 121 1
270 197 1
270 250 1
270 253 1
270 282 1
270 544 1
270 577 1
270 583 1
270 703 1
270 715 1
270 1303 1
270 1733 1
271 109 1
271 137 1
271 176 1
271 188 1
271 451 1
271 620 1
271 771 1
271 779 1
271 871 1
271 888 1
271 936 1
271 985 1
271 999 1
271 1073 1
271 1243 1
271 1293 1
271 1294 1
271 1535 1
271 1735 1
271 1915 1
272 41 1
272 147 1
272 404 1
272 460 1
272 672 1
272 725 1
272 873 1
272 895 1
272 928 1
272 1001 1
272 1010 1
272 1059 1
272 1195 1
272 1196 1
272 1314 1
272 1849 1
272 1932 1
272 2012 1
273 48 1
273 142 1
273 198 1
273 350 1
273 791 1
273 1013 1
273 1014 1
273 1127 1
273 1135 1
273 1138 1
273 1250 1
273 1357 1
273 1419 1
273 1544 1
273 1644 1
273 1711 1
273 1749 1
273 2028 1
274 244 1
274 935 1
274 972 1
274 1033 1
274 1057 1
274 1172 1
274 1215 1
274 1775 1
274 1906 1
274 1989 1
275 64 1
275 83 1
275 604 1
275 1192 1
275 1302 1
275 1324 1
275 1426 1
275 1630 1
275 2037 1
276 681 1
276 733 1
276 894 1
276 896 1
276 910 1
276 1006 1
276 1061 1
276 1105 1
276 1430 1
276 1815 1
277 55 1
277 225 1
277 522 1
277 1592 1
278 204 1
278 814 1
278 837 1
279 440 1
279 592 1
279 623 1
279 1752 1
280 123 1
280 144 1
280 491 1
280 525 1
280 616 1
280 1197 1
280 1589 1
281 1011 1
281 1992 1
282 794 1
282 1806 1
283 286 1
283 316 1
283 1063 1
283 1866 1
283 1961 1
284 496 1
284 541 1
284 565 1
284 700 1
284 1064 1
284 1376 1
284 1395 1
284 1468 1
284 1602 1
285 190 1
285 235 1
285 270 1
285 368 1
285 490 1
285 893 1
285 1178 1
285 1552 1
285 1635 1
285 1952 1
285 1977 1
286 13 1
286 120 1
286 387 1
286 400 1
286 453 1
286 526 1
286 533 1
286 652 1
286 683 1
286 720 1
286 773 1
286 884 1
286 959 1
286 1034 1
286 1246 1
286 1276 1
286 1291 1
286 1307 1
286 1355 1
286 1374 1
286 1503 1
286 1598 1
286 1713 1
286 1889 1
286 2026 1
287 45 1
287 118 1
287 209 1
287 409 1
287 436 1
287 530 1
287 591 1
287 609 1
287 697 1
287 708 1
287 721 1
287 782 1
287 974 1
287 1093 1
287 1118 1
287 1244 1
287 1320 1
287 1356 1
287 1410 1
287 1583 1
287 1648 1
287 1676 1
287 1714 1
287 1797 1
287 1805 1
287 1903 1
287 2016 1
288 99 1
288 161 1
288 166 1
288 355 1
288 361 1
288 543 1
288 655 1
288 822 1
288 898 1
288 1009 1
288 1015 1
288 1242 1
288 1281 1
288 1317 1
288 1471 1
288 1601 1
288 1637 1
288 1652 1
288 1708 1
288 1726 1
288 1766 1
288 1855 1
288 1875 1
288 1887 1
289 133 1
289 229 1
289 313 1
289 336 1
289 523 1
289 572 1
289 669 1
289 717 1
289 770 1
289 783 1
289 879 1
289 907 1
289 963 1
289 1111 1
289 1119 1
289 1235 1
289 1239 1
289 1381 1
289 1433 1
289 1473 1
289 1678 1
290 117 1
290 153 1
290 230 1
290 325 1
290 402 1
290 484 1
290 564 1
290 629 1
290 727 1
290 905 1
290 1050 1
290 1062 1
290 1341 1
290 1455 1
290 1493 1
290 1596 1
290 1685 1
291 385 1
291 439 1
291 651 1
291 933 1
291 947 1
291 1071 1
291 1226 1
291 1301 1
291 1392 1
292 102 1
292 967 1
292 1447 1
292 1795 1
292 1896 1
293 16 1
293 182 1
293 509 1
293 570 1
293 787 1
293 834 1
293 835 1
293 860 1
293 920 1
293 943 1
293 1031 1
293 1475 1
293 1609 1
293 1688 1
294 187 1
294 659 1
294 1213 1
294 1331 1
295 392 1
295 603 1
296 887 1
296 1072 1
296 1340 1
296 1495 1
296 1656 1
298 1565 1
298 1615 1
298 1732 1
299 767 1
299 1188 1
299 1616 1
300 200 1
300 245 1
300 550 1
300 784 1
300 1115 1
300 1344 1
300 1539 1
300 1829 1
300 1923 1
301 103 1
301 116 1
301 129 1
301 343 1
301 371 1
301 687 1
301 1204 1
301 1575 1
301 1639 1
301 1770 1
301 1886 1
301 1890 1
302 61 1
302 212 1
302 218 1
302 375 1
302 411 1
302 695 1
302 777 1
302 904 1
302 909 1
302 925 1
302 1055 1
302 1205 1
302 1262 1
302 1388 1
302 1490 1
302 1638 1
302 1758 1
302 1913 1
303 220 1
303 240 1
303 403 1
303 473 1
303 476 1
303 832 1
303 870 1
303 1120 1
303 1133 1
303 1253 1
303 1354 1
303 1362 1
303 1494 1
303 1684 1
303 1787 1
303 1848 1
303 1975 1
304 3 1
304 86 1
304 185 1
304 223 1
304 363 1
304 414 1
304 485 1
304 508 1
304 534 1
304 558 1
304 628 1
304 789 1
304 892 1
304 957 1
304 1102 1
304 1110 1
304 1179 1
304 1295 1
304 1325 1
304 1699 1
304 1731 1
304 1884 1
304 1895 1
304 2010 1
305 5 1
305 62 1
305 211 1
305 356 1
305 585 1
305 774 1
305 908 1
305 958 1
305 1186 1
305 1375 1
305 1469 1
305 1780 1
305 1846 1
305 1876 1
305 1947 1
306 175 1
306 264 1
306 283 1
306 329 1
306 334 1
306 753 1
306 793 1
306 1132 1
306 1149 1
306 1311 1
306 1448 1
306 1593 1
306 1679 1
306 1870 1
307 127 1
307 146 1
307 167 1
307 231 1
307 273 1
307 493 1
307 743 1
307 1000 1
307 1082 1
307 1098 1
307 1259 1
307 1500 1
307 1509 1
307 1522 1
308 339 1
308 1667 1
308 1751 1
308 1818 1
308 2015 1
309 962 1
309 1146 1
309 1460 1
310 1233 1
310 1322 1
310 1778 1
310 1888 1
311 148 1
311 656 1
311 1284 1
312 563 1
312 824 1
312 831 1
312 1043 1
312 1252 1
313 514 1
313 915 1
314 279 1
314 309 1
314 684 1
314 1309 1
314 1406 1
314 1857 1
315 751 1
315 1077 1
316 131 1
316 305 1
316 442 1
316 470 1
316 537 1
316 956 1
316 1194 1
316 1393 1
316 1397 1
317 107 1
317 124 1
317 380 1
317 540 1
317 621 1
317 643 1
317 752 1
317 1218 1
317 1308 1
317 1437 1
317 1442 1
318 275 1
318 298 1
318 406 1
318 649 1
318 761 1
318 880 1
318 937 1
318 1076 1
318 1321 1
318 1385 1
318 1432 1
318 1563 1
318 1586 1
318 1662 1
318 1772 1
318 1804 1
319 85 1
319 104 1
319 191 1
319 379 1
319 486 1
319 498 1
319 644 1
319 691 1
319 800 1
319 823 1
319 1084 1
319 1545 1
319 1562 1
319 1705 1
319 1717 1
319 1723 1
319 1737 1
319 1934 1
320 35 1
320 257 1
320 417 1
320 639 1
320 756 1
320 845 1
320 861 1
320 934 1
320 994 1
320 1051 1
320 1210 1
320 1413 1
320 1465 1
320 1536 1
320 1567 1
320 1584 1
320 1755 1
321 75 1
321 287 1
321 365 1
321 418 1
321 424 1
321 435 1
321 605 1
321 688 1
321 790 1
321 836 1
321 841 1
321 1101 1
321 1121 1
321 1251 1
321 1269 1
321 1533 1
321 1794 1
321 1826 1
321 1872 1
321 2006 1
321 2034 1
322 206 1
322 1054 1
322 1458 1
322 1491 1
322 1669 1
322 1745 1
322 1948 1
323 47 1
323 79 1
323 112 1
323 236 1
323 302 1
323 354 1
323 778 1
323 1169 1
323 1368 1
323 1481 1
323 1824 1
323 2030 1
324 233 1
324 519 1
324 552 1
324 580 1
324 1570 1
324 1629 1
324 1837 1
324 1944 1
325 483 1
325 866 1
325 955 1
325 1068 1
325 1171 1
325 1275 1
325 1996 1
326 1128 1
327 251 1
327 529 1
328 234 1
328 1247 1
329 1114 1
329 1152 1
329 1492 1
330 1366 1
330 2013 1
331 1155 1
331 1441 1
332 132 1
332 515 1
332 588 1
332 749 1
332 1518 1
333 272 1
333 712 1
333 954 1
333 1330 1
333 1417 1
333 1496 1
333 1744 1
333 1860 1
333 1941 1
334 192 1
334 419 1
334 444 1
334 977 1
334 979 1
334 1004 1
334 1108 1
334 1383 1
334 1423 1
334 1474 1
334 1521 1
334 1759 1
334 1809 1
334 1925 1
334 1928 1
334 1967 1
335 259 1
335 405 1
335 488 1
335 587 1
335 627 1
335 680 1
335 732 1
335 806 1
335 906 1
335 926 1
335 993 1
335 1085 1
335 1103 1
335 1137 1
335 1411 1
335 1439 1
335 1527 1
335 1559 1
335 1578 1
335 1621 1
335 1891 1
335 1962 1
336 30 1
336 50 1
336 91 1
336 100 1
336 143 1
336 408 1
336 438 1
336 504 1
336 569 1
336 622 1
336 714 1
336 844 1
336 1142 1
336 1267 1
336 1270 1
336 1277 1
336 1332 1
336 1360 1
336 1367 1
336 1452 1
336 1477 1
336 1534 1
336 1657 1
336 1740 1
336 1820 1
336 1878 1
336 1908 1
336 1971 1
336 2014 1
337 10 1
337 70 1
337 115 1
337 155 1
337 165 1
337 321 1
337 698 1
337 747 1
337 842 1
337 889 1
337 921 1
337 923 1
337 1069 1
337 1327 1
337 1501 1
337 1697 1
337 1868 1
337 2027 1
337 2041 1
338 19 1
338 255 1
338 357 1
338 422 1
338 432 1
338 877 1
338 940 1
338 1150 1
338 1154 1
338 1228 1
338 1574 1
338 1591 1
338 1620 1
338 1671 1
338 1701 1
338 1734 1
338 1741 1
338 1825 1
338 1959 1
338 1974 1
339 67 1
339 160 1
339 186 1
339 256 1
339 441 1
339 677 1
339 1245 1
339 1412 1
339 1478 1
339 1526 1
339 1605 1
339 1709 1
340 23 1
340 72 1
340 374 1
340 446 1
340 996 1
340 1116 1
340 1189 1
340 1220 1
340 1556 1
340 1600 1
340 1796 1
340 1953 1
341 89 1
341 1023 1
341 1580 1
341 1655 1
341 1712 1
341 1910 1
342 1349 1
342 1619 1
342 1916 1
344 366 1
344 646 1
344 1151 1
344 1917 1
345 1136 1
345 1511 1
345 1736 1
346 754 1
346 1409 1
346 1476 1
347 941 1
347 1691 1
347 1763 1
348 172 1
348 556 1
348 567 1
348 734 1
348 1088 1
348 1883 1
349 52 1
349 151 1
349 289 1
349 775 1
349 786 1
349 869 1
349 1590 1
349 1783 1
349 1788 1
349 1853 1
349 1914 1
349 1994 1
349 2009 1
350 37 1
350 88 1
350 299 1
350 301 1
350 323 1
350 393 1
350 398 1
350 645 1
350 792 1
350 809 1
350 932 1
350 1012 1
350 1042 1
350 1048 1
350 1187 1
350 1515 1
350 1651 1
350 1935 1
350 1949 1
350 2002 1
350 2007 1
351 1 1
351 174 1
351 239 1
351 274 1
351 284 1
351 335 1
351 427 1
351 710 1
351 804 1
351 857 1
351 930 1
351 939 1
351 1030 1
351 1126 1
351 1134 1
351 1140 1
351 1207 1
351 1287 1
351 1292 1
351 1378 1
351 1391 1
351 1561 1
351 1686 1
351 1861 1
351 1905 1
351 1940 1
352 38 1
352 139 1
352 141 1
352 243 1
352 454 1
352 497 1
352 500 1
352 505 1
352 650 1
352 768 1
352 802 1
352 886 1
352 949 1
352 1038 1
352 1175 1
352 1300 1
352 1514 1
352 1517 1
352 1582 1
352 1683 1
352 1687 1
352 1781 1
352 1951 1
352 1991 1
352 2036 1
353 32 1
353 246 1
353 317 1
353 450 1
353 471 1
353 661 1
353 694 1
353 788 1
353 918 1
353 948 1
353 953 1
353 969 1
353 1002 1
353 1032 1
353 1045 1
353 1158 1
353 1200 1
353 1283 1
353 1288 1
353 1342 1
353 1361 1
353 1399 1
353 1414 1
353 1420 1
353 1548 1
353 1617 1
353 1660 1
353 1670 1
353 1692 1
353 1765 1
353 1774 1
353 1793 1
353 1807 1
353 1897 1
353 1995 1
353 1999 1
353 2020 1
353 2042 1
354 60 1
354 138 1
354 149 1
354 227 1
354 249 1
354 344 1
354 631 1
354 635 1
354 726 1
354 781 1
354 916 1
354 938 1
354 1083 1
354 1333 1
354 1365 1
354 1386 1
354 1424 1
354 1446 1
354 1456 1
354 1457 1
354 1569 1
354 1668 1
354 1739 1
354 1753 1
354 1844 1
354 1885 1
354 1978 1
355 82 1
355 447 1
355 579 1
355 713 1
355 815 1
355 1026 1
355 1163 1
355 1428 1
355 1482 1
355 1645 1
355 1654 1
355 1727 1
355 1930 1
355 1980 1
355 2003 1
356 135 1
356 348 1
356 689 1
356 964 1
356 1037 1
356 1538 1
356 1864 1
356 1898 1
356 1938 1
357 36 1
357 258 1
357 388 1
357 448 1
357 467 1
357 586 1
357 674 1
357 913 1
358 748 1
358 772 1
358 807 1
358 1106 1
358 1141 1
358 1208 1
358 1231 1
358 1658 1
359 226 1
360 263 1
360 1822 1
361 919 1
361 1222 1
362 1240 1
362 1640 1
362 1862 1
363 1402 1
364 97 1
364 430 1
365 854 1
365 1070 1
365 1090 1
365 1100 1
365 1359 1
365 1597 1
365 1641 1
365 1982 1
366 267 1
366 376 1
366 378 1
366 386 1
366 527 1
366 555 1
366 601 1
366 612 1
366 735 1
366 820 1
366 942 1
366 1086 1
366 1095 1
366 1113 1
366 1144 1
366 1168 1
366 1343 1
366 1358 1
366 1557 1
366 1827 1
366 1921 1
366 1968 1
367 80 1
367 232 1
367 281 1
367 377 1
367 548 1
367 617 1
367 664 1
367 685 1
367 706 1
367 730 1
367 882 1
367 1130 1
367 1145 1
367 1182 1
367 1280 1
367 1282 1
367 1377 1
367 1421 1
367 1443 1
367 1485 1
367 1507 1
367 1508 1
367 1546 1
367 1585 1
367 1791 1
367 1792 1
367 1926 1
367 1936 1
367 1943 1
367 1976 1
367 2046 1
368 9 1
368 11 1
368 66 1
368 130 1
368 173 1
368 184 1
368 193 1
368 340 1
368 478 1
368 510 1
368 521 1
368 528 1
368 590 1
368 593 1
368 690 1
368 764 1
368 805 1
368 828 1
368 840 1
368 902 1
368 911 1
368 971 1
368 988 1
368 1052 1
368 1264 1
368 1337 1
368 1346 1
368 1459 1
368 1566 1
368 1610 1
368 1611 1
368 1632 1
368 1843 1
368 1847 1
368 1909 1
368 1987 1
368 1988 1
368 2021 1
368 2024 1
369 27 1
369 189 1
369 318 1
369 328 1
369 349 1
369 381 1
369 413 1
369 429 1
369 542 1
369 653 1
369 673 1
369 973 1
369 983 1
369 1020 1
369 1029 1
369 1094 1
369 1125 1
369 1156 1
369 1167 1
369 1216 1
369 1219 1
369 1396 1
369 1484 1
369 1743 1
369 1767 1
369 1790 1
369 1856 1
369 1912 1
369 1942 1
369 1969 1
369 2017 1
370 304 1
370 396 1
370 642 1
370 723 1
370 766 1
370 872 1
370 1019 1
370 1217 1
370 1272 1
370 1278 1
370 1347 1
370 1489 1
370 1672 1
370 1680 1
370 1764 1
370 1773 1
371 53 1
371 150 1
371 170 1
371 431 1
371 464 1
371 489 1
371 559 1
371 607 1
371 662 1
371 946 1
371 1159 1
371 1199 1
371 1212 1
371 1338 1
371 1750 1
371 1836 1
371 1852 1
371 2004 1
372 17 1
372 59 1
372 152 1
372 194 1
372 626 1
372 875 1
372 982 1
372 1248 1
372 1254 1
372 1483 1
372 1626 1
372 1828 1
372 1904 1
372 1911 1
372 1964 1
372 2035 1
373 324 1
373 507 1
373 553 1
373 728 1
373 885 1
373 1201 1
373 1612 1
373 1682 1
373 1700 1
373 2045 1
374 1241 1
374 1453 1
374 1504 1
374 1554 1
375 600 1
376 25 1
376 566 1
377 718 1
377 1631 1
378 1353 1
378 1894 1
379 221 1
379 1802 1
380 8 1
380 945 1
380 991 1
381 114 1
381 1547 1
381 1634 1
382 40 1
382 199 1
382 228 1
382 410 1
382 630 1
382 797 1
382 1067 1
382 1081 1
382 1266 1
382 1418 1
382 1464 1
382 1650 1
382 1981 1
382 2011 1
382 2033 1
383 140 1
383 196 1
383 203 1
383 216 1
383 306 1
383 310 1
383 466 1
383 482 1
383 499 1
383 595 1
383 654 1
383 801 1
383 803 1
383 1379 1
383 1449 1
383 1467 1
383 1587 1
383 1599 1
383 1696 1
383 1706 1
383 1803 1
383 1873 1
383 1933 1
383 1984 1
383 2008 1
384 71 1
384 300 1
384 327 1
384 369 1
384 513 1
384 538 1
384 696 1
384 760 1
384 810 1
384 924 1
384 970 1
384 998 1
384 1024 1
384 1097 1
384 1227 1
384 1369 1
384 1371 1
384 1372 1
384 1408 1
384 1463 1
384 1498 1
384 1613 1
384 1724 1
384 1756 1
384 1768 1
384 1831 1
384 1920 1
385 15 1
385 179 1
385 217 1
385 443 1
385 461 1
385 465 1
385 574 1
385 666 1
385 693 1
385 722 1
385 765 1
385 798 1
385 883 1
385 950 1
385 1018 1
385 1056 1
385 1075 1
385 1190 1
385 1198 1
385 1234 1
385 1405 1
385 1407 1
385 1505 1
385 1607 1
385 1812 1
385 1830 1
385 1874 1
385 1879 1
385 1931 1
385 1983 1
386 28 1
386 73 1
386 90 1
386 134 1
386 177 1
386 237 1
386 248 1
386 292 1
386 311 1
386 638 1
386 838 1
386 839 1
386 843 1
386 1003 1
386 1180 1
386 1274 1
386 1316 1
386 1497 1
386 1519 1
386 1523 1
386 1808 1
386 1972 1
387 42 1
387 171 1
387 266 1
387 390 1
387 463 1
387 517 1
387 545 1
387 549 1
387 848 1
387 897 1
387 1257 1
387 1296 1
387 1461 1
387 1532 1
387 1614 1
387 1998 1
388 126 1
388 158 1
388 265 1
388 506 1
388 573 1
388 667 1
388 704 1
388 852 1
388 881 1
388 1382 1
388 1572 1
388 1782 1
388 1893 1
388 2048 1
389 96 1
389 330 1
389 610 1
389 618 1
389 665 1
389 855 1
389 1506 1
389 1694 1
390 554 1
390 961 1
390 1516 1
390 1643 1
390 1721 1
391 472 1
391 1305 1
391 1350 1
391 1695 1
391 1746 1
391 1845 1
392 322 1
392 389 1
392 1604 1
392 1762 1
393 394 1
393 927 1
394 219 1
394 1810 1
395 811 1
395 1017 1
395 1123 1
395 1636 1
396 164 1
396 745 1
396 865 1
396 1074 1
396 1157 1
396 2019 1
397 589 1
397 597 1
397 641 1
397 1177 1
397 1704 1
398 168 1
398 296 1
398 539 1
398 547 1
398 648 1
398 705 1
398 1107 1
398 1153 1
398 1173 1
398 1318 1
398 1880 1
398 1956 1
399 202 1
399 315 1
399 531 1
399 686 1
399 864 1
399 912 1
399 1044 1
399 1080 1
399 1129 1
399 1232 1
399 1339 1
399 1479 1
399 1510 1
399 1571 1
399 1703 1
399 1747 1
399 1769 1
399 1819 1
399 1834 1
400 69 1
400 94 1
400 111 1
400 278 1
400 346 1
400 351 1
400 399 1
400 401 1
400 692 1
400 719 1
400 736 1
400 830 1
400 851 1
400 874 1
400 952 1
400 1191 1
400 1221 1
400 1271 1
400 1323 1
400 1415 1
400 1434 1
400 1462 1
400 1472 1
400 1487 1
400 1512 1
400 1531 1
400 1558 1
400 1594 1
400 1623 1
400 1719 1
400 2000 1
401 294 1
401 331 1
401 423 1
401 426 1
401 457 1
401 671 1
401 821 1
401 849 1
401 890 1
401 1087 1
401 1363 1
401 1364 1
401 1404 1
401 1529 1
401 1542 1
401 1581 1
401 1649 1
401 1661 1
401 1973 1
402 7 1
402 31 1
402 154 1
402 420 1
402 468 1
402 598 1
402 660 1
402 825 1
402 1049 1
402 1139 1
402 1214 1
402 1486 1
402 1595 1
402 1738 1
402 1776 1
402 2023 1
403 20 1
403 33 1
403 242 1
403 370 1
403 477 1
403 480 1
403 701 1
403 1161 1
403 1451 1
403 1513 1
403 1647 1
403 1789 1
403 1900 1
404 56 1
404 201 1
404 560 1
404 707 1
404 1039 1
404 1096 1
404 1202 1
404 1224 1
404 1225 1
404 1329 1
404 1659 1
404 1970 1
405 87 1
405 520 1
405 611 1
405 613 1
405 711 1
405 769 1
405 1001 1
405 1165 1
405 1722 1
406 383 1
406 395 1
406 891 1
406 1027 1
406 1260 1
406 1429 1
406 1440 1
406 1715 1
406 1907 1
406 2043 1
407 1203 1
407 1265 1
407 1960 1
407 1993 1
408 312 1
408 1066 1
408 1373 1
408 1939 1
408 1997 1
409 81 1
409 181 1
409 238 1
409 984 1
409 1117 1
409 1444 1
409 1901 1
410 709 1
410 1801 1
410 2029 1
411 22 1
411 63 1
411 1664 1
412 917 1
412 1748 1
413 342 1
413 1754 1
413 1832 1
414 18 1
414 716 1
414 795 1
414 1143 1
414 1524 1
414 1564 1
414 1677 1
414 1786 1
414 1918 1
415 128 1
415 445 1
415 562 1
415 763 1
415 978 1
415 1078 1
415 1109 1
415 1387 1
415 1642 1
415 1646 1
415 1728 1
415 1854 1
415 1955 1
416 57 1
416 65 1
416 136 1
416 156 1
416 222 1
416 241 1
416 269 1
416 297 1
416 557 1
416 670 1
416 759 1
416 901 1
416 997 1
416 1089 1
416 1127 1
416 1261 1
416 1370 1
416 1454 1
416 1480 1
416 1573 1
416 1608 1
416 1690 1
416 1838 1
416 1945 1
416 1950 1
417 44 1
417 77 1
417 271 1
417 458 1
417 492 1
417 524 1
417 578 1
417 640 1
417 1016 1
417 1079 1
417 1166 1
417 1184 1
417 1290 1
417 1335 1
417 1394 1
417 1398 1
417 1431 1
417 1466 1
417 1550 1
417 1674 1
417 1693 1
417 1813 1
418 58 1
418 145 1
418 157 1
418 178 1
418 276 1
418 314 1
418 384 1
418 459 1
418 637 1
418 742 1
418 813 1
418 850 1
418 1092 1
418 1183 1
418 1185 1
418 1286 1
418 1389 1
418 1502 1
418 1577 1
418 1579 1
418 1698 1
418 1716 1
419 2 1
419 167 1
419 254 1
419 303 1
419 373 1
419 632 1
419 699 1
419 758 1
419 878 1
419 1005 1
419 1174 1
419 1236 1
419 1345 1
419 1403 1
419 1720 1
419 1729 1
419 1760 1
419 1957 1
420 159 1
420 295 1
420 333 1
420 353 1
420 475 1
420 535 1
420 663 1
420 678 1
420 816 1
420 989 1
420 1124 1
420 1255 1
420 1351 1
420 1718 1
420 1777 1
420 1963 1
420 2032 1
421 68 1
421 326 1
421 332 1
421 425 1
421 487 1
421 647 1
421 740 1
421 876 1
421 1176 1
421 2001 1
422 288 1
422 516 1
422 729 1
422 731 1
422 1122 1
422 1965 1
423 101 1
423 235 1
423 614 1
423 987 1
423 992 1
423 1336 1
423 1435 1
423 1525 1
424 511 1
424 1304 1
424 1390 1
424 1488 1
424 1588 1
424 1865 1
424 2039 1
425 261 1
425 503 1
425 975 1
425 1035 1
425 1348 1
425 1665 1
426 1263 1
426 1823 1
427 518 1
427 1172 1
428 796 1
428 799 1
428 1881 1
429 46 1
429 599 1
429 1008 1
429 1181 1
429 1211 1
430 113 1
430 162 1
430 362 1
430 858 1
430 1543 1
430 1653 1
430 1689 1
430 1892 1
431 285 1
431 341 1
431 347 1
431 479 1
431 1306 1
431 1422 1
431 1798 1
432 24 1
432 372 1
432 433 1
432 658 1
432 780 1
432 818 1
432 1040 1
432 1170 1
432 1223 1
432 1279 1
432 1285 1
432 1427 1
432 1528 1
432 1785 1
432 1858 1
433 76 1
433 679 1
433 931 1
433 981 1
433 1065 1
433 1147 1
433 1249 1
433 1324 1
433 1495 1
433 1583 1
433 1673 1
433 1710 1
433 1757 1
433 1817 1
433 1849 1
433 1958 1
434 108 1
434 308 1
434 359 1
434 412 1
434 415 1
434 481 1
434 526 1
434 757 1
434 859 1
434 972 1
434 1036 1
434 1047 1
434 1384 1
434 1537 1
434 1603 1
434 1663 1
434 1850 1
434 1899 1
434 2026 1
435 93 1
435 95 1
435 98 1
435 307 1
435 350 1
435 391 1
435 421 1
435 434 1
435 494 1
435 594 1
435 624 1
435 817 1
435 1131 1
435 1400 1
435 1877 1
435 1966 1
436 26 1
436 163 1
436 596 1
436 625 1
436 812 1
436 879 1
436 1160 1
436 1401 1
436 1419 1
436 1761 1
436 2005 1
437 416 1
437 452 1
437 960 1
437 1057 1
437 1091 1
437 1622 1
437 1666 1
437 1771 1
437 1840 1
438 280 1
438 337 1
438 546 1
438 746 1
438 1206 1
438 1243 1
438 1356 1
439 169 1
439 223 1
439 779 1
439 785 1
439 1099 1
439 1535 1
440 122 1
440 1112 1
440 1268 1
441 319 1
441 2018 1
442 501 1
442 826 1
442 856 1
442 899 1
442 2028 1
443 364 1
443 668 1
443 1237 1
443 1929 1
444 676 1
444 868 1
444 1784 1
445 1041 1
446 119 1
446 207 1
446 936 1
446 1028 1
446 1979 1
447 92 1
447 397 1
447 437 1
447 474 1
447 571 1
447 606 1
447 725 1
447 737 1
447 847 1
447 1050 1
447 1298 1
447 1606 1
447 1730 1
447 1869 1
447 1919 1
448 106 1
448 205 1
448 268 1
448 525 1
448 568 1
448 577 1
448 990 1
448 1104 1
448 1148 1
448 1256 1
448 1624 1
448 1675 1
448 1795 1
448 1867 1
449 120 1
449 125 1
449 133 1
449 153 1
449 250 1
449 502 1
449 570 1
449 739 1
449 776 1
449 829 1
449 833 1
449 962 1
449 1007 1
449 1060 1
449 1233 1
449 1499 1
449 1520 1
449 1633 1
449 1814 1
449 1924 1
449 1985 1
450 29 1
450 360 1
450 439 1
450 581 1
450 1426 1
450 1445 1
450 1684 1
450 1702 1
450 1742 1
450 1842 1
451 51 1
451 148 1
451 195 1
451 460 1
451 552 1
451 636 1
451 1503 1
451 1541 1
451 1625 1
451 1839 1
451 1841 1
451 1851 1
452 117 1
452 214 1
452 451 1
452 455 1
452 576 1
452 582 1
452 633 1
452 682 1
452 721 1
452 1046 1
452 1297 1
452 1334 1
452 1437 1
452 1902 1
453 41 1
453 291 1
453 293 1
453 669 1
453 965 1
453 974 1
453 1058 1
453 1093 1
453 1164 1
453 1195 1
453 1229 1
453 1806 1
453 2022 1
454 213 1
454 657 1
454 715 1
454 1328 1
455 541 1
455 956 1
455 976 1
455 1013 1
455 1315 1
455 1544 1
455 1833 1
456 684 1
456 819 1
456 2044 1
457 39 1
457 290 1
457 536 1
458 147 1
458 782 1
458 1291 1
458 1596 1
458 1652 1
459 522 1
459 895 1
460 43 1
460 462 1
460 1209 1
460 1627 1
460 1882 1
461 224 1
461 352 1
461 925 1
461 1555 1
461 1707 1
461 2031 1
462 123 1
462 273 1
462 368 1
462 484 1
462 551 1
462 744 1
462 863 1
462 1238 1
462 1312 1
462 1615 1
462 1681 1
462 1821 1
462 1890 1
462 2040 1
463 176 1
463 183 1
463 212 1
463 277 1
463 316 1
463 320 1
463 345 1
463 424 1
463 512 1
463 604 1
463 609 1
463 620 1
463 867 1
463 903 1
463 1436 1
463 1551 1
463 1602 1
463 1848 1
463 1922 1
463 2010 1
464 121 1
464 282 1
464 382 1
464 456 1
464 575 1
464 583 1
464 591 1
464 619 1
464 675 1
464 887 1
464 968 1
464 1135 1
464 1469 1
464 1779 1
464 1811 1
465 12 1
465 34 1
465 102 1
465 180 1
465 240 1
465 253 1
465 703 1
465 846 1
465 896 1
465 1162 1
465 1230 1
465 1273 1
465 1302 1
465 1313 1
465 1357 1
465 1500 1
465 1635 1
465 1637 1
465 1725 1
465 1726 1
465 1766 1
465 1799 1
465 2012 1
466 137 1
466 197 1
466 215 1
466 245 1
466 339 1
466 534 1
466 1025 1
466 1031 1
466 1034 1
466 1071 1
466 1098 1
466 1299 1
466 1303 1
466 1618 1
466 1925 1
466 1937 1
466 2015 1
467 6 1
467 75 1
467 118 1
467 192 1
467 209 1
467 623 1
467 695 1
467 1376 1
467 1906 1
467 2047 1
468 16 1
468 247 1
468 681 1
468 702 1
468 888 1
468 1258 1
468 1320 1
468 1416 1
468 1474 1
468 1540 1
468 1560 1
468 1589 1
468 1601 1
468 1697 1
468 1871 1
468 2025 1
469 54 1
469 138 1
469 190 1
469 338 1
469 371 1
469 403 1
469 700 1
469 966 1
469 1192 1
469 1380 1
469 1425 1
469 1775 1
469 1824 1
469 1952 1
470 407 1
470 1493 1
470 1875 1
471 185 1
471 286 1
471 530 1
471 1732 1
472 262 1
472 629 1
472 1118 1
472 1314 1
472 1800 1
473 683 1
473 871 1
473 951 1
473 1281 1
473 1923 1
474 61 1
474 1491 1
475 400 1
475 741 1
475 1644 1
475 1752 1
476 252 1
476 561 1
476 908 1
477 208 1
477 791 1
477 1033 1
477 1470 1
477 2038 1
478 200 1
478 615 1
478 616 1
478 738 1
478 933 1
478 1115 1
478 1381 1
478 1471 1
478 1553 1
478 1780 1
478 1889 1
478 2016 1
479 387 1
479 708 1
479 1138 1
479 1549 1
479 1859 1
479 1915 1
480 14 1
480 48 1
480 110 1
480 142 1
480 187 1
480 260 1
480 367 1
480 639 1
480 827 1
480 904 1
480 959 1
480 1119 1
480 1193 1
480 1215 1
480 1355 1
480 1410 1
480 1439 1
480 1442 1
480 1450 1
480 1522 1
480 1679 1
480 1711 1
481 86 1
481 321 1
481 404 1
481 469 1
481 490 1
481 655 1
481 752 1
481 767 1
481 773 1
481 914 1
481 1061 1
481 1146 1
481 1152 1
481 1178 1
481 1310 1
481 1352 1
481 1395 1
481 1460 1
481 1533 1
481 1576 1
481 1662 1
481 1713 1
481 1737 1
481 1815 1
481 1818 1
482 109 1
482 514 1
482 519 1
482 533 1
482 651 1
482 762 1
482 814 1
482 835 1
482 860 1
482 873 1
482 937 1
482 1072 1
482 1101 1
482 1188 1
482 1430 1
482 1552 1
482 1733 1
482 1990 1
483 225 1
483 325 1
483 442 1
483 822 1
483 853 1
483 898 1
483 1053 1
483 1064 1
483 1239 1
483 1242 1
483 1293 1
483 1397 1
483 1530 1
483 1740 1
483 1863 1
483 1876 1
484 4 1
484 182 1
484 256 1
484 305 1
484 491 1
484 955 1
484 1062 1
484 1475 1
484 1986 1
485 84 1
485 355 1
485 652 1
485 1022 1
485 1102 1
485 1294 1
485 1331 1
485 1385 1
485 1563 1
485 1688 1
485 1896 1
485 1903 1
486 842 1
486 1562 1
486 1723 1
486 1787 1
486 1870 1
486 1996 1
487 363 1
487 1708 1
488 411 1
488 1678 1
489 870 1
489 1714 1
490 602 1
490 755 1
490 1705 1
490 1735 1
491 35 1
491 449 1
491 732 1
491 1301 1
491 1344 1
492 21 1
492 146 1
492 361 1
492 496 1
492 720 1
492 793 1
492 1307 1
492 1575 1
493 165 1
493 910 1
493 1685 1
494 186 1
494 392 1
494 532 1
494 563 1
494 750 1
494 834 1
494 1246 1
494 1388 1
494 1992 1
495 72 1
495 103 1
495 204 1
495 220 1
495 233 1
495 356 1
495 358 1
495 375 1
495 550 1
495 564 1
495 608 1
495 749 1
495 844 1
495 907 1
495 1220 1
495 1253 1
495 1326 1
495 1340 1
495 1375 1
495 1539 1
495 1580 1
495 1816 1
495 1913 1
495 1947 1
496 45 1
496 107 1
496 198 1
496 210 1
496 270 1
496 385 1
496 428 1
496 436 1
496 508 1
496 543 1
496 565 1
496 603 1
496 644 1
496 687 1
496 753 1
496 789 1
496 862 1
496 929 1
496 943 1
496 958 1
496 986 1
496 1021 1
496 1059 1
496 1073 1
496 1082 1
496 1120 1
496 1186 1
496 1216 1
496 1247 1
496 1284 1
496 1311 1
496 1570 1
496 1586 1
496 1656 1
496 1676 1
496 1835 1
496 1927 1
497 144 1
497 343 1
497 409 1
497 440 1
497 473 1
497 493 1
497 558 1
497 649 1
497 831 1
497 923 1
497 935 1
497 1155 1
497 1262 1
497 1269 1
497 1455 1
497 1468 1
497 1670 1
497 1749 1
497 1758 1
497 1932 1
497 1977 1
498 19 1
498 50 1
498 166 1
498 298 1
498 488 1
498 794 1
498 808 1
498 1084 1
498 1197 1
498 1218 1
498 1270 1
498 1411 1
498 1568 1
498 1598 1
498 1734 1
498 1751 1
498 1781 1
498 1949 1
498 1989 1
499 70 1
499 380 1
499 398 1
499 584 1
499 883 1
499 892 1
499 1332 1
499 1386 1
499 1392 1
499 1448 1
499 1584 1
499 1805 1
499 1829 1
499 1837 1
500 5 1
500 78 1
500 100 1
500 418 1
500 717 1
500 751 1
500 774 1
500 928 1
500 1015 1
500 1413 1
500 1946 1
501 127 1
501 402 1
501 483 1
501 631 1
501 646 1
501 920 1
501 1010 1
501 1149 1
501 1289 1
501 1820 1
501 1940 1
502 206 1
502 435 1
502 727 1
502 770 1
502 1048 1
503 249 1
504 944 1
504 1189 1
505 287 1
505 677 1
505 1043 1
505 1077 1
506 104 1
506 1521 1
507 116 1
507 605 1
507 979 1
507 1000 1
507 1054 1
507 1132 1
507 1283 1
507 1438 1
507 1898 1
507 2034 1
508 405 1
508 447 1
508 544 1
508 995 1
509 105 1
509 175 1
509 231 1
509 419 1
509 500 1
509 509 1
509 697 1
509 841 1
509 1004 1
509 1354 1
509 1638 1
509 1657 1
510 3 1
510 131 1
510 188 1
510 211 1
510 691 1
510 787 1
510 922 1
510 1002 1
510 1063 1
510 1137 1
510 1228 1
510 1267 1
510 1295 1
510 1409 1
510 1536 1
510 1565 1
510 1744 1
510 1846 1
510 1895 1
510 1954 1
510 2030 1
511 13 1
511 52 1
511 91 1
511 99 1
511 115 1
511 264 1
511 274 1
511 302 1
511 388 1
511 444 1
511 775 1
511 802 1
511 996 1
511 999 1
511 1150 1
511 1154 1
511 1226 1
511 1383 1
511 1406 1
511 1433 1
511 1441 1
511 1481 1
511 1545 1
511 1585 1
511 1619 1
511 1731 1
511 1857 1
511 1934 1
511 1980 1
512 132 1
512 336 1
512 365 1
512 470 1
512 592 1
512 622 1
512 661 1
512 714 1
512 792 1
512 836 1
512 877 1
512 947 1
512 1133 1
512 1196 1
512 1204 1
512 1250 1
512 1412 1
512 1417 1
512 1591 1
512 1645 1
512 1648 1
512 1649 1
512 1717 1
512 1935 1
512 1944 1
512 1961 1
512 1971 1
513 85 1
513 161 1
513 257 1
513 354 1
513 495 1
513 537 1
513 617 1
513 621 1
513 634 1
513 747 1
513 756 1
513 783 1
513 894 1
513 1023 1
513 1088 1
513 1111 1
513 1358 1
513 1393 1
513 1567 1
513 1569 1
513 1616 1
513 1628 1
513 1655 1
513 1691 1
513 1699 1
513 1712 1
513 1755 1
513 1770 1
513 1772 1
514 64 1
514 218 1
514 414 1
514 476 1
514 587 1
514 710 1
514 735 1
514 823 1
514 837 1
514 845 1
514 977 1
514 1076 1
514 1275 1
514 1496 1
514 1509 1
514 1548 1
514 1597 1
514 1654 1
514 1866 1
514 2013 1
515 149 1
515 191 1
515 229 1
515 504 1
515 628 1
515 809 1
515 980 1
515 1476 1
515 1494 1
516 55 1
516 143 1
516 659 1
516 666 1
516 810 1
516 832 1
516 1105 1
516 1110 1
516 1667 1
516 1905 1
517 275 1
517 301 1
517 463 1
517 567 1
517 784 1
517 824 1
517 861 1
517 885 1
517 915 1
517 1341 1
517 1778 1
517 1809 1
517 1991 1
518 174 1
518 432 1
518 733 1
518 897 1
518 1175 1
518 1423 1
518 1452 1
518 1590 1
518 1883 1
519 431 1
519 572 1
519 786 1
519 1794 1
519 1930 1
520 900 1
521 963 1
521 1914 1
522 540 1
522 1641 1
522 1887 1
523 379 1
523 441 1
523 471 1
524 329 1
524 1378 1
524 1888 1
524 2006 1
525 49 1
525 1019 1
525 1276 1
525 1308 1
525 1362 1
525 1374 1
525 1492 1
525 1878 1
525 1910 1
525 1926 1
526 124 1
526 381 1
526 453 1
526 588 1
526 1068 1
526 1163 1
526 1187 1
526 1244 1
526 1251 1
526 1432 1
526 1527 1
526 1605 1
526 1916 1
527 74 1
527 236 1
527 417 1
527 485 1
527 523 1
527 529 1
527 713 1
527 743 1
527 1141 1
527 1151 1
527 1194 1
527 1205 1
527 1222 1
527 1231 1
527 1319 1
527 1330 1
527 1382 1
527 1447 1
527 1477 1
527 1578 1
527 1592 1
527 1600 1
527 1700 1
527 1745 1
527 2017 1
528 139 1
528 155 1
528 194 1
528 585 1
528 664 1
528 806 1
528 1026 1
528 1042 1
528 1067 1
528 1179 1
528 1259 1
528 1365 1
528 1473 1
528 1482 1
528 1498 1
528 1582 1
528 1610 1
528 1632 1
528 1639 1
528 1651 1
528 1792 1
528 1796 1
528 2036 1
528 2041 1
529 112 1
529 272 1
529 393 1
529 438 1
529 638 1
529 688 1
529 848 1
529 893 1
529 1121 1
529 1282 1
529 1309 1
529 1360 1
529 1368 1
529 1465 1
529 1609 1
529 1793 1
529 1797 1
529 1864 1
529 1886 1
529 1931 1
529 1995 1
530 239 1
530 304 1
530 586 1
530 674 1
530 790 1
530 838 1
530 857 1
530 906 1
530 1055 1
530 1113 1
530 1322 1
530 1325 1
530 1343 1
530 1456 1
530 1485 1
530 1804 1
530 1852 1
530 1907 1
530 1911 1
530 2007 1
531 10 1
531 230 1
531 335 1
531 560 1
531 653 1
531 656 1
531 771 1
531 778 1
531 934 1
531 1009 1
531 1051 1
531 1219 1
531 1391 1
531 1414 1
531 1478 1
531 1750 1
531 2020 1
532 1 1
532 328 1
532 884 1
532 953 1
532 1207 1
532 1252 1
532 1753 1
532 1791 1
532 1856 1
532 1974 1
533 446 1
533 553 1
533 1366 1
533 1967 1
534 47 1
534 226 1
534 580 1
534 985 1
534 1086 1
534 1213 1
534 1739 1
535 203 1
535 1245 1
535 1443 1
536 930 1
536 1095 1
536 1126 1
536 1630 1
536 1763 1
537 251 1
537 309 1
537 698 1
537 718 1
537 1672 1
537 1861 1
539 1640 1
539 1872 1
539 1908 1
540 918 1
540 1070 1
540 1116 1
540 1200 1
540 1999 1
541 255 1
541 313 1
541 1114 1
542 82 1
542 217 1
542 259 1
542 429 1
542 556 1
542 680 1
542 1097 1
542 1108 1
542 1287 1
542 1288 1
542 1321 1
542 1457 1
542 1458 1
542 1490 1
542 1513 1
543 88 1
543 454 1
543 472 1
543 734 1
543 1100 1
543 1103 1
543 1136 1
543 1399 1
543 1515 1
543 1518 1
543 1611 1
543 1853 1
543 1891 1
543 1921 1
543 1941 1
543 1959 1
543 1969 1
543 2003 1
543 2027 1
544 430 1
544 448 1
544 482 1
544 497 1
544 515 1
544 772 1
544 804 1
544 854 1
544 1038 1
544 1045 1
544 1277 1
544 1342 1
544 1593 1
544 1617 1
544 1647 1
544 1773 1
544 1802 1
544 1825 1
544 1847 1
544 1874 1
545 96 1
545 135 1
545 179 1
545 283 1
545 292 1
545 349 1
545 600 1
545 654 1
545 724 1
545 911 1
545 913 1
545 1014 1
545 1030 1
545 1066 1
545 1075 1
545 1085 1
545 1217 1
545 1317 1
545 1333 1
545 1339 1
545 1369 1
545 1557 1
545 1668 1
545 1774 1
545 1826 1
545 1968 1
545 1975 1
545 1988 1
546 173 1
546 465 1
546 549 1
546 569 1
546 642 1
546 840 1
546 1081 1
546 1090 1
546 1094 1
546 1130 1
546 1167 1
546 1171 1
546 1210 1
546 1561 1
546 1686 1
546 1942 1
546 2037 1
547 67 1
547 643 1
547 765 1
547 886 1
547 1032 1
547 1359 1
547 1556 1
547 1612 1
547 1631 1
547 1650 1
547 1834 1
547 1953 1
548 20 1
548 199 1
548 324 1
548 357 1
548 612 1
548 662 1
548 801 1
548 1083 1
548 1158 1
548 1526 1
548 1680 1
548 1788 1
549 310 1
549 374 1
549 498 1
549 607 1
549 909 1
549 1353 1
549 1574 1
549 1884 1
549 1897 1
550 489 1
550 754 1
550 843 1
550 875 1
550 927 1
550 1683 1
551 800 1
551 926 1
551 1844 1
551 2002 1
552 1006 1
553 991 1
553 1169 1
554 851 1
554 1620 1
554 1860 1
555 141 1
556 946 1
556 1125 1
556 1719 1
556 1943 1
557 9 1
557 83 1
557 406 1
557 539 1
557 1696 1
558 344 1
558 386 1
558 408 1
558 505 1
558 542 1
558 707 1
558 882 1
558 905 1
558 1074 1
558 1106 1
558 1134 1
558 1316 1
558 1461 1
558 1464 1
558 1559 1
558 1614 1
558 1759 1
558 1843 1
558 1917 1
558 1976 1
558 1981 1
559 172 1
559 232 1
559 289 1
559 346 1
559 369 1
559 520 1
559 630 1
559 869 1
559 1142 1
559 1337 1
559 1446 1
559 1658 1
559 1671 1
559 1736 1
559 1894 1
559 1912 1
559 1994 1
559 2021 1
560 11 1
560 38 1
560 62 1
560 171 1
560 267 1
560 323 1
560 378 1
560 486 1
560 524 1
560 597 1
560 626 1
560 627 1
560 694 1
560 781 1
560 881 1
560 924 1
560 961 1
560 970 1
560 1128 1
560 1140 1
560 1144 1
560 1145 1
560 1198 1
560 1208 1
560 1459 1
560 1636 1
560 1687 1
560 1704 1
560 1830 1
560 1962 1
560 1964 1
561 266 1
561 318 1
561 331 1
561 531 1
561 562 1
561 672 1
561 728 1
561 828 1
561 912 1
561 993 1
561 1173 1
561 1327 1
561 1377 1
561 1566 1
561 1660 1
561 1798 1
561 1822 1
561 1828 1
561 1855 1
561 1978 1
561 2004 1
561 2042 1
561 2045 1
562 31 1
562 154 1
562 219 1
562 248 1
562 265 1
562 299 1
562 377 1
562 443 1
562 545 1
562 574 1
562 689 1
562 722 1
562 761 1
562 777 1
562 811 1
562 945 1
562 948 1
562 949 1
562 994 1
562 1165 1
562 1257 1
562 1484 1
562 1505 1
562 1768 1
562 1810 1
562 1868 1
562 1899 1
563 59 1
563 79 1
563 327 1
563 423 1
563 573 1
563 624 1
563 685 1
563 712 1
563 803 1
563 1011 1
563 1143 1
563 1254 1
563 1669 1
563 1698 1
563 1701 1
563 1727 1
563 1807 1
563 1951 1
563 2035 1
563 2048 1
564 8 1
564 94 1
564 160 1
564 184 1
564 234 1
564 340 1
564 420 1
564 459 1
564 640 1
564 665 1
564 768 1
564 932 1
564 954 1
564 1241 1
564 1292 1
564 1379 1
564 1790 1
564 1972 1
565 37 1
565 1531 1
566 312 1
566 579 1
566 938 1
566 1479 1
566 1497 1
566 1599 1
566 1873 1
567 673 1
567 1998 1
568 1037 1
568 1547 1
568 1709 1
568 1909 1
569 820 1
569 1604 1
570 902 1
570 1984 1
571 30 1
571 1512 1
572 40 1
572 317 1
572 1371 1
573 366 1
573 370 1
573 510 1
573 730 1
573 760 1
573 1201 1
573 1746 1
574 32 1
574 126 1
574 244 1
574 254 1
574 467 1
574 507 1
574 641 1
574 670 1
574 693 1
574 764 1
574 1506 1
574 1524 1
574 1747 1
574 1987 1
574 2011 1
574 2019 1
574 2046 1
575 42 1
575 193 1
575 464 1
575 590 1
575 706 1
575 788 1
575 890 1
575 942 1
575 1044 1
575 1180 1
575 1185 1
575 1280 1
575 1523 1
575 1532 1
575 1621 1
575 1706 1
576 53 1
576 128 1
576 189 1
576 279 1
576 300 1
576 334 1
576 342 1
576 422 1
576 425 1
576 477 1
576 538 1
576 667 1
576 729 1
576 876 1
576 939 1
576 1001 1
576 1012 1
576 1039 1
576 1047 1
576 1069 1
576 1305 1
576 1346 1
576 1350 1
576 1404 1
576 1421 1
576 1440 1
576 1444 1
576 1581 1
576 1629 1
576 1646 1
576 1659 1
576 1692 1
576 1741 1
576 1956 1
576 2008 1
576 2023 1
576 2024 1
577 89 1
577 129 1
577 130 1
577 164 1
577 170 1
577 237 1
577 246 1
577 348 1
577 390 1
577 526 1
577 593 1
577 650 1
577 866 1
577 940 1
577 967 1
577 1159 1
577 1227 1
577 1235 1
577 1272 1
577 1290 1
577 1300 1
577 1318 1
577 1370 1
577 1420 1
577 1502 1
577 1534 1
577 1546 1
577 1558 1
577 1748 1
577 1812 1
577 1928 1
578 196 1
578 238 1
578 332 1
578 692 1
578 711 1
578 716 1
578 795 1
578 1087 1
578 1092 1
578 1266 1
578 1451 1
578 1653 1
578 1693 1
578 1694 1
578 1756 1
578 1879 1
578 1904 1
578 1997 1
579 384 1
579 396 1
579 521 1
579 527 1
579 528 1
579 701 1
579 769 1
579 805 1
579 919 1
579 983 1
579 1184 1
579 1364 1
579 1403 1
579 1424 1
579 1511 1
579 1674 1
579 1677 1
579 1716 1
579 1785 1
579 1786 1
579 1893 1
579 2014 1
580 177 1
580 222 1
580 704 1
580 1122 1
580 1278 1
580 1462 1
580 1510 1
580 1664 1
580 1743 1
580 1813 1
580 1955 1
580 2009 1
581 157 1
581 227 1
581 611 1
581 1018 1
581 1056 1
581 1323 1
581 1564 1
581 1577 1
581 2000 1
582 506 1
582 971 1
582 1027 1
582 1434 1
582 1603 1
583 111 1
583 315 1
583 568 1
583 950 1
583 1003 1
583 1808 1
584 373 1
584 1939 1
585 1177 1
585 1347 1
587 285 1
587 1453 1
588 807 1
588 1486 1
589 23 1
589 114 1
589 228 1
589 450 1
589 461 1
589 1020 1
589 1225 1
589 1626 1
589 1901 1
589 1983 1
590 44 1
590 60 1
590 101 1
590 221 1
590 263 1
590 394 1
590 798 1
590 855 1
590 988 1
590 1029 1
590 1036 1
590 1402 1
590 1408 1
590 1435 1
590 1489 1
590 1836 1
590 1948 1
591 25 1
591 97 1
591 243 1
591 410 1
591 466 1
591 610 1
591 780 1
591 815 1
591 864 1
591 880 1
591 1168 1
591 1181 1
591 1234 1
591 1255 1
591 1418 1
591 1466 1
591 1933 1
592 71 1
592 152 1
592 276 1
592 296 1
592 307 1
592 330 1
592 595 1
592 690 1
592 723 1
592 921 1
592 1046 1
592 1079 1
592 1191 1
592 1203 1
592 1232 1
592 1264 1
592 1268 1
592 1306 1
592 1550 1
592 1764 1
592 1938 1
593 69 1
593 80 1
593 150 1
593 258 1
593 281 1
593 293 1
593 314 1
593 341 1
593 351 1
593 376 1
593 389 1
593 413 1
593 421 1
593 458 1
593 460 1
593 648 1
593 740 1
593 826 1
593 839 1
593 916 1
593 982 1
593 1008 1
593 1017 1
593 1049 1
593 1107 1
593 1109 1
593 1260 1
593 1363 1
593 1472 1
593 1514 1
593 1695 1
593 1767 1
593 1769 1
593 1801 1
593 1803 1
594 36 1
594 242 1
594 383 1
594 427 1
594 748 1
594 1065 1
594 1080 1
594 1135 1
594 1174 1
594 1390 1
594 1394 1
594 1454 1
594 1463 1
594 1613 1
594 1963 1
595 306 1
595 598 1
595 618 1
595 663 1
595 818 1
595 850 1
595 865 1
595 1153 1
595 1161 1
595 1480 1
595 1784 1
595 1862 1
595 1945 1
595 2029 1
596 68 1
596 456 1
596 645 1
596 658 1
596 872 1
596 1035 1
596 1183 1
596 1224 1
596 1261 1
596 1263 1
597 66 1
597 73 1
597 87 1
597 158 1
597 1221 1
597 1271 1
598 559 1
598 1373 1
598 1690 1
598 1958 1
599 517 1
599 1005 1
599 1240 1
600 216 1
600 566 1
601 159 1
601 350 1
601 535 1
602 726 1
603 978 1
604 33 1
604 395 1
604 964 1
604 1050 1
604 1607 1
604 1728 1
605 269 1
605 359 1
605 1052 1
605 1405 1
605 1682 1
605 1783 1
605 1900 1
606 15 1
606 140 1
606 284 1
606 503 1
606 763 1
606 889 1
606 969 1
606 998 1
606 1387 1
606 1407 1
606 1428 1
606 1587 1
606 1642 1
606 1973 1
606 2033 1
607 26 1
607 202 1
607 434 1
607 468 1
607 511 1
607 554 1
607 613 1
607 758 1
607 957 1
607 1096 1
607 1124 1
607 1166 1
607 1190 1
607 1202 1
607 1483 1
607 1504 1
607 1516 1
607 1554 1
607 1571 1
607 1661 1
607 1715 1
607 1718 1
607 1858 1
607 1881 1
607 1885 1
607 1950 1
608 27 1
608 77 1
608 138 1
608 214 1
608 353 1
608 499 1
608 547 1
608 555 1
608 719 1
608 849 1
608 874 1
608 952 1
608 1016 1
608 1129 1
608 1131 1
608 1139 1
608 1157 1
608 1195 1
608 1236 1
608 1274 1
608 1429 1
608 1431 1
608 1467 1
608 1776 1
608 1819 1
608 1865 1
609 95 1
609 268 1
609 487 1
609 518 1
609 589 1
609 601 1
609 635 1
609 745 1
609 759 1
609 797 1
609 813 1
609 973 1
609 997 1
609 1040 1
609 1212 1
609 1291 1
609 1299 1
609 1329 1
609 1419 1
609 1519 1
609 1601 1
609 1832 1
609 1880 1
609 1918 1
609 1957 1
609 2039 1
610 84 1
610 136 1
610 167 1
610 205 1
610 271 1
610 372 1
610 705 1
610 779 1
610 812 1
610 1176 1
610 1214 1
610 1348 1
610 1449 1
610 1501 1
610 1508 1
610 1572 1
610 1777 1
611 29 1
611 235 1
611 241 1
611 596 1
611 856 1
611 1349 1
611 1415 1
611 1761 1
611 1970 1
612 303 1
612 736 1
612 1535 1
612 1543 1
612 1920 1
613 17 1
613 22 1
613 58 1
613 1041 1
614 362 1
614 399 1
614 620 1
614 785 1
614 987 1
614 1845 1
615 51 1
615 92 1
615 981 1
616 201 1
616 1156 1
616 1499 1
616 1588 1
617 1367 1
618 576 1
618 1754 1
618 1965 1
620 207 1
620 478 1
620 557 1
620 577 1
620 776 1
620 936 1
620 984 1
620 1223 1
620 1689 1
621 322 1
621 492 1
621 494 1
621 679 1
621 858 1
621 1025 1
621 1296 1
621 1389 1
621 1517 1
621 1542 1
621 1579 1
621 1892 1
622 65 1
622 433 1
622 647 1
622 671 1
622 899 1
622 1078 1
622 1172 1
622 1248 1
622 1401 1
622 1583 1
622 1697 1
622 1733 1
622 1789 1
622 1849 1
622 1854 1
623 7 1
623 39 1
623 76 1
623 90 1
623 106 1
623 178 1
623 261 1
623 391 1
623 397 1
623 457 1
623 534 1
623 678 1
623 720 1
623 796 1
623 867 1
623 879 1
623 941 1
623 1013 1
623 1182 1
623 1345 1
623 1633 1
623 1722 1
623 1738 1
623 1817 1
623 1823 1
623 1850 1
623 1952 1
623 2022 1
624 134 1
624 426 1
624 508 1
624 582 1
624 737 1
624 974 1
624 1112 1
624 1160 1
624 1372 1
624 1426 1
624 1475 1
624 1507 1
624 1615 1
624 1624 1
624 1673 1
624 1703 1
624 1760 1
624 1936 1
624 1966 1
624 2032 1
624 2043 1
625 119 1
625 253 1
625 280 1
625 294 1
625 319 1
625 474 1
625 491 1
625 513 1
625 606 1
625 614 1
625 655 1
625 1099 1
625 1249 1
625 1302 1
625 1594 1
625 1623 1
625 1635 1
625 1681 1
625 1795 1
625 1833 1
626 133 1
626 699 1
626 829 1
626 878 1
626 887 1
626 992 1
626 1104 1
626 1237 1
627 277 1
627 519 1
627 541 1
627 548 1
627 637 1
627 847 1
627 1361 1
628 552 1
628 739 1
628 746 1
628 966 1
628 975 1
629 28 1
629 475 1
629 591 1
629 782 1
629 1229 1
629 1285 1
629 1491 1
629 1625 1
629 1707 1
629 1762 1
629 1800 1
630 57 1
630 125 1
630 1529 1
630 1782 1
631 452 1
631 651 1
631 702 1
632 546 1
632 1057 1
632 1724 1
633 250 1
633 288 1
633 625 1
634 799 1
635 93 1
635 1396 1
635 1471 1
635 1525 1
636 480 1
636 1608 1
636 1993 1
637 151 1
637 347 1
637 352 1
637 412 1
637 415 1
637 451 1
637 512 1
637 819 1
637 1528 1
637 1596 1
637 1634 1
637 2010 1
638 56 1
638 117 1
638 145 1
638 153 1
638 168 1
638 345 1
638 695 1
638 696 1
638 741 1
638 817 1
638 891 1
638 931 1
638 1091 1
638 1312 1
638 1338 1
638 1356 1
638 1380 1
638 1445 1
638 1537 1
638 1595 1
638 1675 1
638 1979 1
639 81 1
639 240 1
639 290 1
639 291 1
639 501 1
639 632 1
639 822 1
639 868 1
639 958 1
639 972 1
639 1199 1
639 1301 1
639 1314 1
639 1315 1
639 1336 1
639 1488 1
639 1702 1
639 1713 1
639 1730 1
639 1848 1
639 1903 1
639 2044 1
640 63 1
640 105 1
640 295 1
640 333 1
640 385 1
640 481 1
640 536 1
640 646 1
640 766 1
640 821 1
640 896 1
640 943 1
640 968 1
640 1233 1
640 1474 1
640 1503 1
640 1622 1
640 1643 1
640 1710 1
640 1851 1
640 1877 1
640 1922 1
641 273 1
641 316 1
641 320 1
641 337 1
641 445 1
641 570 1
641 773 1
641 846 1
641 895 1
641 1098 1
641 1115 1
641 1297 1
641 1398 1
641 1560 1
641 1840 1
641 1875 1
641 1919 1
642 24 1
642 113 1
642 142 1
642 181 1
642 339 1
642 439 1
642 496 1
642 571 1
642 816 1
642 833 1
642 859 1
642 873 1
642 1246 1
642 1351 1
642 1837 1
642 1960 1
643 41 1
643 43 1
643 118 1
643 163 1
643 215 1
643 479 1
643 669 1
643 990 1
643 1028 1
643 1127 1
643 1230 1
643 1400 1
643 1573 1
643 1637 1
643 1771 1
643 2016 1
644 18 1
644 180 1
644 364 1
644 604 1
644 877 1
644 1206 1
644 1533 1
644 1824 1
645 1215 1
645 1283 1
645 1493 1
645 1553 1
645 1924 1
645 1985 1
646 1002 1
646 1279 1
646 1284 1
647 917 1
647 1335 1
647 1538 1
648 863 1
648 901 1
649 368 1
649 1752 1
649 1765 1
650 223 1
650 278 1
651 46 1
651 51 1
651 54 1
651 55 1
651 66 1
651 156 1
651 311 1
651 744 1
651 908 1
651 989 1
651 2028 1
652 60 1
652 66 1
652 871 1
652 1089 1
652 1178 1
652 1500 1
652 1602 1
653 360 1
653 709 1
653 1273 1
653 1286 1
653 1357 1
653 1827 1
653 1882 1
653 1889 1
654 44 1
654 120 1
654 326 1
654 338 1
654 551 1
654 609 1
654 633 1
654 1071 1
654 1352 1
654 1384 1
654 1448 1
654 1469 1
654 1720 1
654 1721 1
654 1729 1
654 1732 1
654 1766 1
654 1779 1
654 1818 1
654 1890 1
655 45 1
655 63 1
655 108 1
655 137 1
655 192 1
655 363 1
655 382 1
655 416 1
655 575 1
655 599 1
655 791 1
655 960 1
655 1058 1
655 1118 1
655 1138 1
655 1192 1
655 1197 1
655 1258 1
655 1293 1
655 1313 1
655 1355 1
655 1376 1
655 1551 1
655 1666 1
655 2018 1
656 67 1
656 162 1
656 308 1
656 469 1
656 668 1
656 727 1
656 1007 1
656 1209 1
656 1243 1
656 1411 1
656 1425 1
656 1606 1
656 1627 1
656 1806 1
656 1841 1
657 12 1
657 34 1
657 57 1
657 72 1
657 73 1
657 176 1
657 190 1
657 212 1
657 476 1
657 594 1
657 684 1
657 686 1
657 742 1
657 962 1
657 965 1
657 1024 1
657 1239 1
657 1265 1
657 1522 1
657 1549 1
657 1726 1
657 1740 1
657 1757 1
657 1814 1
657 1876 1
657 1913 1
657 2025 1
658 57 1
658 68 1
658 169 1
658 195 1
658 367 1
658 442 1
658 581 1
658 774 1
658 814 1
658 860 1
658 870 1
658 898 1
658 1395 1
658 1439 1
658 1663 1
658 1678 1
658 1737 1
658 1923 1
658 1947 1
659 16 1
659 65 1
659 116 1
659 185 1
659 636 1
659 757 1
659 888 1
659 956 1
659 1146 1
659 1238 1
659 1665 1
659 1670 1
660 47 1
660 50 1
660 58 1
660 147 1
660 616 1
660 639 1
660 852 1
660 937 1
660 1298 1
660 1437 1
660 1589 1
660 1974 1
661 47 1
661 62 1
661 530 1
661 533 1
661 910 1
661 1662 1
662 61 1
662 148 1
662 493 1
662 1684 1
662 1859 1
663 57 1
663 914 1
663 1735 1
664 65 1
664 80 1
664 336 1
664 731 1
664 1253 1
664 2031 1
666 1123 1
666 1679 1
666 1839 1
666 1902 1
667 68 1
667 286 1
667 558 1
667 762 1
667 1294 1
668 14 1
668 54 1
668 297 1
668 1102 1
669 35 1
669 80 1
669 183 1
669 1256 1
669 1495 1
669 1799 1
670 53 1
670 54 1
670 455 1
670 623 1
670 644 1
670 959 1
670 1344 1
670 1386 1
670 1530 1
670 1541 1
670 1616 1
670 1708 1
670 1977 1
671 6 1
671 82 1
671 100 1
671 305 1
671 484 1
671 717 1
671 955 1
671 1084 1
671 1101 1
671 1117 1
671 1570 1
671 1870 1
671 1927 1
671 1982 1
672 64 1
672 110 1
672 115 1
672 121 1
672 298 1
672 343 1
672 401 1
672 419 1
672 435 1
672 488 1
672 540 1
672 1093 1
672 1188 1
672 1245 1
672 1520 1
672 1780 1
672 1915 1
673 60 1
673 73 1
673 109 1
673 197 1
673 462 1
673 561 1
673 703 1
673 1162 1
673 1207 1
673 1216 1
673 1250 1
673 1406 1
673 1422 1
673 1470 1
673 1487 1
673 1562 1
673 2012 1
673 2015 1
674 453 1
674 832 1
674 1061 1
674 1303 1
674 1427 1
674 1441 1
674 1711 1
674 1906 1
674 2034 1
674 2040 1
675 44 1
675 45 1
675 58 1
675 586 1
675 619 1
675 752 1
675 1133 1
675 1187 1
675 1473 1
676 583 1
676 928 1
676 1137 1
676 1228 1
676 1311 1
676 1365 1
676 1430 1
676 1460 1
676 1705 1
676 1723 1
676 1815 1
677 56 1
677 213 1
677 525 1
677 929 1
677 1340 1
678 58 1
678 75 1
678 564 1
678 697 1
678 844 1
678 883 1
678 1391 1
678 1996 1
679 43 1
679 47 1
679 1147 1
680 50 1
680 51 1
680 321 1
680 986 1
680 1580 1
681 62 1
681 66 1
681 411 1
681 783 1
681 1433 1
681 1638 1
682 46 1
682 63 1
682 81 1
682 220 1
682 830 1
683 603 1
683 649 1
683 755 1
683 944 1
683 1064 1
683 1831 1
684 76 1
684 608 1
684 835 1
684 1482 1
685 355 1
685 516 1
685 1060 1
685 1304 1
685 1600 1
686 49 1
686 70 1
686 122 1
686 155 1
686 225 1
686 282 1
686 387 1
686 437 1
686 951 1
686 1155 1
686 1281 1
686 1360 1
686 1563 1
686 1576 1
686 1657 1
686 1895 1
687 224 1
687 245 1
687 515 1
687 543 1
687 688 1
687 715 1
687 1010 1
687 1034 1
687 1108 1
687 1120 1
687 1926 1
688 204 1
688 211 1
688 260 1
688 495 1
688 572 1
688 687 1
688 907 1
688 985 1
688 1077 1
688 1242 1
688 1820 1
688 1838 1
688 1846 1
689 53 1
689 72 1
689 107 1
689 144 1
689 400 1
689 660 1
689 732 1
689 935 1
689 1125 1
689 1170 1
689 1325 1
689 1416 1
689 1871 1
689 1932 1
689 2003 1
690 48 1
690 64 1
690 371 1
690 537 1
690 602 1
690 767 1
690 1307 1
690 1442 1
690 1521 1
690 1619 1
690 1749 1
690 1856 1
690 1929 1
690 1946 1
691 71 1
691 81 1
691 174 1
691 231 1
691 348 1
691 793 1
691 1004 1
691 1148 1
691 1295 1
691 1366 1
691 1385 1
691 1468 1
691 1552 1
691 1935 1
691 1967 1
691 2001 1
692 57 1
692 65 1
692 85 1
692 404 1
692 580 1
692 654 1
692 722 1
692 753 1
692 885 1
692 1226 1
692 1231 1
692 1362 1
692 1618 1
693 54 1
693 270 1
693 379 1
693 629 1
693 700 1
693 781 1
693 1033 1
693 1310 1
693 1447 1
693 1598 1
694 63 1
694 69 1
694 71 1
694 698 1
694 881 1
694 1986 1
695 787 1
695 1150 1
696 414 1
696 681 1
697 47 1
697 59 1
697 69 1
697 1048 1
697 1330 1
697 1688 1
697 1699 1
698 2 1
698 66 1
698 69 1
698 70 1
698 80 1
698 923 1
698 1417 1
698 1536 1
698 1667 1
699 1324 1
700 57 1
700 392 1
700 407 1
700 1021 1
700 1397 1
700 1894 1
701 249 1
701 398 1
701 485 1
701 509 1
701 827 1
701 1539 1
701 1869 1
701 2007 1
702 143 1
702 886 1
702 904 1
702 1019 1
702 1068 1
702 1211 1
702 1409 1
702 1898 1
702 2047 1
703 19 1
703 42 1
703 50 1
703 53 1
703 403 1
703 909 1
703 979 1
703 1164 1
703 1270 1
703 1555 1
703 1597 1
703 1937 1
704 21 1
704 81 1
704 98 1
704 127 1
704 281 1
704 388 1
704 563 1
704 672 1
704 771 1
704 809 1
704 1051 1
704 1116 1
704 1132 1
704 1436 1
704 1496 1
704 1575 1
704 1758 1
704 1857 1
705 3 1
705 61 1
705 198 1
705 200 1
705 233 1
705 628 1
705 664 1
705 995 1
705 1218 1
705 1322 1
705 1455 1
705 1649 1
705 1844 1
705 1989 1
706 5 1
706 46 1
706 441 1
706 483 1
706 653 1
706 656 1
706 841 1
706 933 1
706 1014 1
706 1220 1
706 1244 1
706 1287 1
706 1383 1
706 1456 1
706 1509 1
706 1612 1
706 1772 1
706 1792 1
706 1925 1
706 1990 1
707 262 1
707 377 1
707 584 1
707 750 1
707 775 1
707 848 1
707 1334 1
707 1438 1
707 1450 1
707 1477 1
708 48 1
708 61 1
708 428 1
708 1059 1
708 1205 1
708 1354 1
708 1744 1
708 1916 1
709 67 1
709 81 1
709 123 1
709 173 1
709 175 1
709 361 1
709 683 1
710 104 1
710 661 1
710 925 1
710 953 1
710 1141 1
710 1193 1
711 63 1
711 149 1
711 470 1
711 622 1
711 1320 1
711 1585 1
711 1778 1
712 53 1
712 67 1
712 76 1
712 229 1
712 358 1
712 550 1
712 615 1
712 676 1
712 1219 1
712 1319 1
712 1685 1
713 68 1
713 357 1
713 409 1
713 1119 1
713 1590 1
713 1874 1
714 43 1
714 328 1
715 64 1
715 1328 1
716 523 1
716 749 1
716 920 1
716 1000 1
716 1388 1
717 497 1
717 522 1
717 640 1
717 666 1
717 1289 1
717 1812 1
718 96 1
718 187 1
718 218 1
718 444 1
718 1062 1
719 131 1
719 309 1
719 689 1
719 754 1
719 1835 1
720 52 1
720 274 1
720 418 1
720 443 1
720 725 1
720 922 1
720 947 1
720 949 1
720 963 1
720 1022 1
720 1251 1
720 1276 1
720 1326 1
720 1332 1
720 1368 1
720 1515 1
720 1568 1
720 1591 1
720 1610 1
720 1631 1
720 1866 1
720 1910 1
721 64 1
721 79 1
721 226 1
721 417 1
721 770 1
721 1023 1
721 1111 1
721 1358 1
721 1883 1
721 2011 1
722 81 1
722 124 1
722 504 1
722 567 1
722 784 1
722 1054 1
722 1110 1
722 1136 1
722 1158 1
722 1179 1
722 1282 1
722 1374 1
722 1518 1
722 1753 1
722 1872 1
722 1878 1
722 1961 1
722 2041 1
723 60 1
723 71 1
723 81 1
723 436 1
723 562 1
723 1066 1
723 1151 1
723 1359 1
723 1412 1
723 1418 1
723 1465 1
723 1620 1
723 1821 1
723 1888 1
723 1921 1
723 1943 1
723 1949 1
723 1953 1
723 1999 1
724 4 1
724 325 1
724 329 1
724 449 1
724 659 1
724 806 1
724 945 1
724 1031 1
724 1476 1
725 55 1
725 80 1
725 206 1
725 265 1
725 897 1
725 1130 1
725 1494 1
725 1548 1
725 1653 1
725 1734 1
725 1887 1
725 2020 1
726 59 1
726 161 1
726 283 1
726 544 1
726 652 1
726 1097 1
726 1464 1
726 1645 1
726 1773 1
726 1834 1
727 61 1
727 99 1
727 132 1
727 196 1
727 209 1
727 264 1
727 440 1
727 448 1
727 510 1
728 317 1
728 805 1
728 1063 1
729 48 1
729 79 1
729 301 1
729 529 1
729 801 1
729 804 1
729 1611 1
729 1630 1
729 1931 1
730 1 1
730 42 1
730 45 1
730 59 1
730 67 1
730 91 1
730 463 1
730 1446 1
730 1457 1
730 2021 1
731 59 1
731 64 1
731 747 1
731 1067 1
731 1210 1
731 1829 1
732 59 1
732 69 1
732 381 1
732 1275 1
732 1680 1
732 1956 1
733 48 1
733 54 1
733 605 1
733 682 1
733 1544 1
733 1816 1
734 70 1
734 712 1
734 825 1
734 1954 1
735 76 1
735 293 1
735 486 1
735 489 1
735 738 1
735 1142 1
735 1492 1
735 1788 1
735 1995 1
735 2030 1
736 81 1
736 556 1
736 751 1
736 756 1
736 938 1
736 996 1
736 1092 1
736 1309 1
736 1686 1
736 1798 1
736 1863 1
736 1988 1
737 55 1
737 57 1
737 66 1
737 312 1
737 611 1
737 617 1
737 691 1
737 853 1
737 927 1
737 970 1
737 976 1
737 999 1
737 1045 1
737 1149 1
737 1269 1
737 1440 1
737 1497 1
737 1557 1
737 1736 1
737 1768 1
737 2037 1
738 73 1
738 257 1
738 366 1
738 532 1
738 574 1
738 768 1
738 961 1
738 1213 1
738 1222 1
738 1343 1
738 1652 1
738 1687 1
738 1691 1
738 1700 1
738 1725 1
738 1907 1
739 38 1
739 55 1
739 59 1
739 177 1
739 232 1
739 287 1
739 313 1
739 406 1
739 675 1
739 862 1
739 946 1
739 1053 1
739 1204 1
739 1254 1
739 1565 1
739 1629 1
739 1770 1
739 1991 1
739 2036 1
739 2042 1
740 73 1
740 74 1
740 194 1
740 222 1
740 315 1
740 464 1
740 823 1
740 838 1
740 1015 1
740 1342 1
740 1364 1
740 1369 1
740 1402 1
741 210 1
741 390 1
741 498 1
741 665 1
741 857 1
741 869 1
741 1382 1
741 1458 1
741 1636 1
741 1648 1
741 1731 1
741 1828 1
742 255 1
742 590 1
742 1069 1
742 1410 1
742 1453 1
742 1908 1
742 2048 1
743 78 1
743 505 1
743 630 1
743 758 1
743 1026 1
743 1154 1
743 1569 1
743 1658 1
744 56 1
744 60 1
744 74 1
744 332 1
744 438 1
745 60 1
745 78 1
745 179 1
745 1278 1
745 1561 1
746 62 1
746 86 1
746 227 1
746 708 1
746 788 1
746 1072 1
746 1075 1
746 1081 1
746 1506 1
746 1578 1
746 1830 1
746 1940 1
747 186 1
747 593 1
747 912 1
747 1531 1
747 1706 1
747 1981 1
748 8 1
748 524 1
748 578 1
748 643 1
748 1106 1
748 1259 1
748 1714 1
748 1842 1
749 55 1
749 172 1
749 531 1
749 1264 1
749 1790 1
749 1970 1
750 15 1
750 248 1
750 459 1
750 1769 1
750 2023 1
750 2048 0
