1 79 1
1 80 1
1 164 1
1 183 1
1 360 1
1 837 1
1 1239 1
1 1369 1
1 1905 1
2 88 1
2 90 1
2 113 1
2 115 1
2 122 1
2 127 1
2 196 1
2 203 1
2 256 1
2 351 1
2 370 1
2 712 1
2 714 1
2 980 1
2 1024 1
2 1221 1
2 1260 1
2 1315 1
2 1370 1
2 1464 1
2 1493 1
2 1697 1
2 2015 1
2 2045 1
3 16 1
3 17 1
3 65 1
3 119 1
3 129 1
3 226 1
3 259 1
3 265 1
3 383 1
3 421 1
3 432 1
3 462 1
3 539 1
3 543 1
3 572 1
3 695 1
3 699 1
3 821 1
3 1125 1
3 1161 1
3 1212 1
3 1255 1
3 1274 1
3 1495 1
3 1516 1
3 1558 1
3 1584 1
3 1645 1
3 1653 1
3 1707 1
3 1732 1
3 1781 1
3 1815 1
3 1951 1
3 1977 1
3 2002 1
4 13 1
4 42 1
4 43 1
4 60 1
4 67 1
4 104 1
4 126 1
4 137 1
4 181 1
4 227 1
4 254 1
4 281 1
4 307 1
4 350 1
4 358 1
4 359 1
4 419 1
4 441 1
4 451 1
4 457 1
4 499 1
4 503 1
4 518 1
4 535 1
4 569 1
4 598 1
4 599 1
4 622 1
4 654 1
4 658 1
4 686 1
4 702 1
4 734 1
4 762 1
4 796 1
4 812 1
4 831 1
4 838 1
4 847 1
4 854 1
4 868 1
4 876 1
4 936 1
4 988 1
4 1093 1
4 1144 1
4 1167 1
4 1170 1
4 1186 1
4 1193 1
4 1227 1
4 1228 1
4 1291 1
4 1324 1
4 1343 1
4 1365 1
4 1375 1
4 1410 1
4 1420 1
4 1427 1
4 1436 1
4 1470 1
4 1563 1
4 1592 1
4 1596 1
4 1607 1
4 1628 1
4 1659 1
4 1752 1
4 1764 1
4 1765 1
4 1775 1
4 1779 1
4 1848 1
4 1868 1
4 1907 1
4 1953 1
4 1959 1
4 2031 1
5 35 1
5 36 1
5 41 1
5 59 1
5 62 1
5 97 1
5 99 1
5 100 1
5 131 1
5 135 1
5 136 1
5 144 1
5 166 1
5 182 1
5 194 1
5 218 1
5 263 1
5 277 1
5 288 1
5 310 1
5 313 1
5 337 1
5 387 1
5 435 1
5 438 1
5 476 1
5 477 1
5 488 1
5 513 1
5 558 1
5 565 1
5 623 1
5 674 1
5 675 1
5 733 1
5 745 1
5 779 1
5 790 1
5 822 1
5 842 1
5 878 1
5 892 1
5 906 1
5 910 1
5 918 1
5 966 1
5 969 1
5 979 1
5 1011 1
5 1053 1
5 1073 1
5 1095 1
5 1112 1
5 1134 1
5 1139 1
5 1183 1
5 1189 1
5 1192 1
5 1204 1
5 1216 1
5 1237 1
5 1256 1
5 1261 1
5 1303 1
5 1327 1
5 1383 1
5 1390 1
5 1454 1
5 1474 1
5 1496 1
5 1499 1
5 1505 1
5 1533 1
5 1543 1
5 1562 1
5 1593 1
5 1623 1
5 1650 1
5 1674 1
5 1688 1
5 1699 1
5 1701 1
5 1794 1
5 1806 1
5 1826 1
5 1834 1
5 1866 1
5 1881 1
5 1886 1
5 1933 1
5 1964 1
5 2000 1
5 2022 1
5 2037 1
5 2048 1
6 4 1
6 6 1
6 7 1
6 37 1
6 63 1
6 75 1
6 93 1
6 108 1
6 117 1
6 140 1
6 145 1
6 266 1
6 270 1
6 300 1
6 320 1
6 331 1
6 338 1
6 369 1
6 371 1
6 373 1
6 395 1
6 416 1
6 445 1
6 453 1
6 455 1
6 463 1
6 533 1
6 536 1
6 600 1
6 634 1
6 650 1
6 655 1
6 732 1
6 752 1
6 804 1
6 815 1
6 825 1
6 841 1
6 885 1
6 909 1
6 923 1
6 924 1
6 944 1
6 955 1
6 996 1
6 1015 1
6 1055 1
6 1063 1
6 1123 1
6 1131 1
6 1150 1
6 1151 1
6 1156 1
6 1172 1
6 1174 1
6 1194 1
6 1202 1
6 1206 1
6 1222 1
6 1236 1
6 1238 1
6 1265 1
6 1269 1
6 1301 1
6 1337 1
6 1339 1
6 1342 1
6 1355 1
6 1413 1
6 1417 1
6 1419 1
6 1426 1
6 1441 1
6 1462 1
6 1466 1
6 1473 1
6 1475 1
6 1477 1
6 1482 1
6 1520 1
6 1527 1
6 1542 1
6 1566 1
6 1589 1
6 1617 1
6 1621 1
6 1637 1
6 1648 1
6 1651 1
6 1655 1
6 1663 1
6 1690 1
6 1691 1
6 1738 1
6 1758 1
6 1759 1
6 1797 1
6 1807 1
6 1824 1
6 1825 1
6 1835 1
6 1854 1
6 1922 1
7 2 1
7 15 1
7 28 1
7 49 1
7 50 1
7 78 1
7 121 1
7 165 1
7 170 1
7 171 1
7 184 1
7 198 1
7 199 1
7 213 1
7 221 1
7 315 1
7 336 1
7 394 1
7 467 1
7 470 1
7 479 1
7 507 1
7 523 1
7 527 1
7 541 1
7 592 1
7 595 1
7 601 1
7 607 1
7 633 1
7 662 1
7 669 1
7 677 1
7 725 1
7 727 1
7 748 1
7 789 1
7 809 1
7 839 1
7 843 1
7 897 1
7 935 1
7 943 1
7 957 1
7 1013 1
7 1027 1
7 1057 1
7 1074 1
7 1077 1
7 1159 1
7 1188 1
7 1214 1
7 1243 1
7 1249 1
7 1289 1
7 1295 1
7 1318 1
7 1336 1
7 1344 1
7 1356 1
7 1358 1
7 1376 1
7 1389 1
7 1398 1
7 1456 1
7 1526 1
7 1545 1
7 1569 1
7 1573 1
7 1598 1
7 1613 1
7 1660 1
7 1662 1
7 1692 1
7 1751 1
7 1778 1
7 1785 1
7 1788 1
7 1796 1
7 1802 1
7 1821 1
7 1822 1
7 1839 1
7 1843 1
7 1849 1
7 1852 1
7 1853 1
7 1893 1
7 1934 1
7 1947 1
7 1972 1
7 1984 1
7 1998 1
7 2001 1
7 2021 1
8 1 1
8 13 1
8 20 1
8 31 1
8 40 1
8 64 1
8 83 1
8 89 1
8 172 1
8 179 1
8 214 1
8 228 1
8 303 1
8 355 1
8 382 1
8 414 1
8 420 1
8 471 1
8 487 1
8 534 1
8 583 1
8 586 1
8 631 1
8 632 1
8 718 1
8 724 1
8 770 1
8 816 1
8 820 1
8 828 1
8 844 1
8 934 1
8 937 1
8 974 1
8 975 1
8 1028 1
8 1056 1
8 1084 1
8 1087 1
8 1096 1
8 1118 1
8 1128 1
8 1164 1
8 1205 1
8 1224 1
8 1272 1
8 1279 1
8 1313 1
8 1345 1
8 1347 1
8 1381 1
8 1421 1
8 1423 1
8 1424 1
8 1429 1
8 1457 1
8 1518 1
8 1546 1
8 1580 1
8 1585 1
8 1601 1
8 1620 1
8 1643 1
8 1708 1
8 1742 1
8 1789 1
8 1803 1
8 1851 1
8 1874 1
8 1904 1
8 1912 1
8 1925 1
8 1932 1
8 1944 1
8 1969 1
8 2016 1
9 22 1
9 39 1
9 112 1
9 149 1
9 191 1
9 201 1
9 209 1
9 291 1
9 302 1
9 311 1
9 407 1
9 411 1
9 475 1
9 481 1
9 515 1
9 537 1
9 566 1
9 644 1
9 672 1
9 802 1
9 870 1
9 872 1
9 908 1
9 963 1
9 971 1
9 993 1
9 1085 1
9 1136 1
9 1234 1
9 1242 1
9 1273 1
9 1278 1
9 1282 1
9 1283 1
9 1401 1
9 1416 1
9 1432 1
9 1439 1
9 1451 1
9 1480 1
9 1535 1
9 1615 1
9 1698 1
9 1714 1
9 1780 1
9 1792 1
9 1801 1
9 1838 1
9 1882 1
9 1884 1
9 1885 1
9 1913 1
9 1962 1
9 1973 1
9 1989 1
9 2009 1
10 10 1
10 26 1
10 37 1
10 77 1
10 255 1
10 258 1
10 272 1
10 346 1
10 356 1
10 372 1
10 405 1
10 494 1
10 526 1
10 570 1
10 605 1
10 616 1
10 700 1
10 742 1
10 772 1
10 861 1
10 893 1
10 903 1
10 965 1
10 1043 1
10 1086 1
10 1290 1
10 1351 1
10 1435 1
10 1494 1
10 1544 1
10 1625 1
10 1630 1
10 1706 1
10 1861 1
11 32 1
11 37 1
11 85 1
11 212 1
11 233 1
11 234 1
11 409 1
11 426 1
11 520 1
11 584 1
11 774 1
11 794 1
11 824 1
11 940 1
11 958 1
11 1003 1
11 1060 1
11 1190 1
11 1276 1
11 1323 1
11 1461 1
11 1548 1
11 1633 1
11 1636 1
11 1666 1
11 1745 1
11 1755 1
11 1763 1
11 1787 1
11 1805 1
11 1891 1
11 1941 1
11 1948 1
12 30 1
12 148 1
12 245 1
12 330 1
12 342 1
12 354 1
12 363 1
12 446 1
12 491 1
12 549 1
12 552 1
12 710 1
12 759 1
12 853 1
12 907 1
12 1009 1
12 1069 1
12 1116 1
12 1245 1
12 1264 1
12 1431 1
12 1489 1
13 12 1
13 141 1
13 186 1
13 206 1
13 232 1
13 244 1
13 663 1
13 690 1
13 765 1
13 786 1
13 1078 1
13 1169 1
13 1244 1
13 1605 1
13 1673 1
13 1895 1
13 1974 1
14 53 1
14 103 1
14 235 1
14 280 1
14 377 1
14 562 1
14 578 1
14 626 1
14 685 1
14 1396 1
14 1669 1
14 1888 1
14 2032 1
15 3 1
15 27 1
15 116 1
15 200 1
15 208 1
15 250 1
15 493 1
15 864 1
15 867 1
15 981 1
15 1104 1
15 1209 1
15 1220 1
15 1253 1
15 1744 1
15 1795 1
16 10 1
16 11 1
16 27 1
16 70 1
16 296 1
16 484 1
16 671 1
16 1040 1
16 1047 1
16 1062 1
16 1513 1
16 1685 1
16 1694 1
16 1880 1
16 1940 1
17 6 1
17 105 1
17 139 1
17 297 1
17 428 1
17 544 1
17 560 1
17 613 1
17 624 1
17 951 1
17 992 1
17 1008 1
17 1082 1
17 1179 1
17 1240 1
17 1270 1
17 1314 1
17 1747 1
17 1865 1
17 2042 1
18 173 1
18 180 1
18 247 1
18 339 1
18 392 1
18 483 1
18 497 1
18 567 1
18 594 1
18 649 1
18 689 1
18 692 1
18 788 1
18 887 1
18 947 1
18 961 1
18 982 1
18 1000 1
18 1012 1
18 1140 1
18 1187 1
18 1191 1
18 1215 1
18 1308 1
18 1377 1
18 1384 1
18 1388 1
18 1418 1
18 1450 1
18 1463 1
18 1481 1
18 1484 1
18 1498 1
18 1529 1
18 1564 1
18 1572 1
18 1599 1
18 1619 1
18 1652 1
18 1776 1
18 1831 1
18 1832 1
18 1858 1
18 1869 1
18 1876 1
19 9 1
19 25 1
19 40 1
19 47 1
19 81 1
19 84 1
19 96 1
19 134 1
19 147 1
19 157 1
19 231 1
19 276 1
19 294 1
19 298 1
19 305 1
19 389 1
19 422 1
19 486 1
19 502 1
19 509 1
19 532 1
19 538 1
19 603 1
19 619 1
19 620 1
19 637 1
19 643 1
19 656 1
19 679 1
19 681 1
19 682 1
19 717 1
19 720 1
19 747 1
19 769 1
19 781 1
19 803 1
19 807 1
19 833 1
19 848 1
19 855 1
19 904 1
19 938 1
19 946 1
19 953 1
19 976 1
19 1005 1
19 1021 1
19 1029 1
19 1072 1
19 1143 1
19 1171 1
19 1178 1
19 1201 1
19 1250 1
19 1262 1
19 1354 1
19 1373 1
19 1395 1
19 1400 1
19 1449 1
19 1452 1
19 1453 1
19 1491 1
19 1497 1
19 1517 1
19 1531 1
19 1590 1
19 1595 1
19 1638 1
19 1649 1
19 1665 1
19 1671 1
19 1676 1
19 1677 1
19 1721 1
19 1761 1
19 1786 1
19 1816 1
19 1846 1
19 1855 1
19 1897 1
19 1917 1
19 1919 1
19 1935 1
19 1937 1
19 1942 1
19 1952 1
19 1975 1
19 1980 1
19 1982 1
19 1993 1
19 1996 1
19 2030 1
19 2034 1
20 8 1
20 36 1
20 41 1
20 56 1
20 66 1
20 68 1
20 69 1
20 72 1
20 74 1
20 76 1
20 98 1
20 107 1
20 109 1
20 111 1
20 114 1
20 124 1
20 133 1
20 138 1
20 143 1
20 152 1
20 153 1
20 162 1
20 167 1
20 188 1
20 195 1
20 197 1
20 202 1
20 205 1
20 237 1
20 238 1
20 246 1
20 249 1
20 261 1
20 284 1
20 285 1
20 309 1
20 327 1
20 334 1
20 340 1
20 341 1
20 345 1
20 381 1
20 400 1
20 410 1
20 423 1
20 425 1
20 431 1
20 440 1
20 447 1
20 458 1
20 461 1
20 489 1
20 492 1
20 508 1
20 512 1
20 514 1
20 525 1
20 542 1
20 551 1
20 555 1
20 559 1
20 563 1
20 591 1
20 596 1
20 604 1
20 609 1
20 610 1
20 612 1
20 621 1
20 638 1
20 645 1
20 647 1
20 661 1
20 667 1
20 673 1
20 676 1
20 678 1
20 684 1
20 691 1
20 709 1
20 715 1
20 716 1
20 728 1
20 729 1
20 737 1
20 741 1
20 744 1
20 749 1
20 757 1
20 768 1
20 780 1
20 795 1
20 800 1
20 805 1
20 829 1
20 840 1
20 846 1
20 857 1
20 866 1
20 889 1
20 905 1
20 927 1
20 928 1
20 929 1
20 931 1
20 933 1
20 942 1
20 949 1
20 967 1
20 978 1
20 983 1
20 987 1
20 995 1
20 997 1
20 998 1
20 1016 1
20 1022 1
20 1036 1
20 1051 1
20 1061 1
20 1064 1
20 1066 1
20 1089 1
20 1099 1
20 1109 1
20 1114 1
20 1146 1
20 1180 1
20 1184 1
20 1217 1
20 1233 1
20 1241 1
20 1254 1
20 1286 1
20 1292 1
20 1306 1
20 1325 1
20 1329 1
20 1335 1
20 1341 1
20 1366 1
20 1387 1
20 1399 1
20 1412 1
20 1438 1
20 1465 1
20 1469 1
20 1471 1
20 1483 1
20 1486 1
20 1503 1
20 1528 1
20 1534 1
20 1554 1
20 1568 1
20 1571 1
20 1574 1
20 1577 1
20 1578 1
20 1586 1
20 1600 1
20 1632 1
20 1635 1
20 1641 1
20 1667 1
20 1675 1
20 1680 1
20 1681 1
20 1682 1
20 1726 1
20 1743 1
20 1746 1
20 1749 1
20 1750 1
20 1754 1
20 1770 1
20 1774 1
20 1784 1
20 1798 1
20 1812 1
20 1814 1
20 1840 1
20 1845 1
20 1864 1
20 1872 1
20 1890 1
20 1896 1
20 1916 1
20 1924 1
20 1961 1
20 1978 1
20 1990 1
20 1995 1
20 2039 1
20 2047 1
21 5 1
21 51 1
21 82 1
21 87 1
21 101 1
21 110 1
21 132 1
21 150 1
21 154 1
21 158 1
21 161 1
21 211 1
21 314 1
21 319 1
21 332 1
21 367 1
21 378 1
21 385 1
21 386 1
21 390 1
21 399 1
21 434 1
21 456 1
21 464 1
21 472 1
21 474 1
21 504 1
21 564 1
21 575 1
21 585 1
21 589 1
21 606 1
21 615 1
21 625 1
21 640 1
21 642 1
21 659 1
21 665 1
21 670 1
21 687 1
21 688 1
21 705 1
21 711 1
21 722 1
21 739 1
21 761 1
21 797 1
21 835 1
21 836 1
21 856 1
21 862 1
21 886 1
21 898 1
21 899 1
21 900 1
21 913 1
21 914 1
21 915 1
21 952 1
21 960 1
21 989 1
21 990 1
21 1017 1
21 1020 1
21 1025 1
21 1046 1
21 1050 1
21 1067 1
21 1105 1
21 1126 1
21 1147 1
21 1177 1
21 1200 1
21 1229 1
21 1302 1
21 1309 1
21 1311 1
21 1348 1
21 1364 1
21 1380 1
21 1385 1
21 1393 1
21 1404 1
21 1406 1
21 1408 1
21 1415 1
21 1437 1
21 1447 1
21 1506 1
21 1511 1
21 1515 1
21 1523 1
21 1539 1
21 1557 1
21 1583 1
21 1612 1
21 1614 1
21 1618 1
21 1622 1
21 1624 1
21 1631 1
21 1642 1
21 1647 1
21 1658 1
21 1661 1
21 1689 1
21 1712 1
21 1756 1
21 1757 1
21 1799 1
21 1809 1
21 1836 1
21 1892 1
21 1906 1
21 1931 1
21 1936 1
21 1966 1
21 1976 1
21 1986 1
21 1987 1
21 2004 1
21 2006 1
21 2012 1
21 2014 1
21 2025 1
21 2029 1
22 71 1
22 73 1
22 118 1
22 123 1
22 146 1
22 169 1
22 178 1
22 222 1
22 224 1
22 253 1
22 295 1
22 299 1
22 328 1
22 375 1
22 406 1
22 408 1
22 442 1
22 449 1
22 452 1
22 454 1
22 510 1
22 529 1
22 576 1
22 582 1
22 646 1
22 651 1
22 696 1
22 706 1
22 753 1
22 766 1
22 784 1
22 806 1
22 813 1
22 823 1
22 830 1
22 858 1
22 865 1
22 879 1
22 884 1
22 891 1
22 930 1
22 941 1
22 948 1
22 959 1
22 977 1
22 1007 1
22 1048 1
22 1070 1
22 1081 1
22 1098 1
22 1102 1
22 1142 1
22 1152 1
22 1158 1
22 1223 1
22 1231 1
22 1280 1
22 1296 1
22 1299 1
22 1320 1
22 1360 1
22 1362 1
22 1372 1
22 1445 1
22 1541 1
22 1576 1
22 1579 1
22 1591 1
22 1594 1
22 1608 1
22 1634 1
22 1656 1
22 1695 1
22 1723 1
22 1730 1
22 1734 1
22 1736 1
22 1737 1
22 1766 1
22 1772 1
22 1850 1
22 1903 1
22 1946 1
22 1967 1
22 1979 1
23 5 1
23 16 1
23 41 1
23 120 1
23 324 1
23 329 1
23 490 1
23 511 1
23 517 1
23 519 1
23 524 1
23 561 1
23 577 1
23 628 1
23 636 1
23 751 1
23 760 1
23 773 1
23 801 1
23 894 1
23 911 1
23 921 1
23 994 1
23 1026 1
23 1068 1
23 1080 1
23 1141 1
23 1232 1
23 1328 1
23 1378 1
23 1379 1
23 1394 1
23 1409 1
23 1433 1
23 1492 1
23 1556 1
23 1561 1
23 1588 1
23 1609 1
23 1683 1
23 1722 1
23 1762 1
23 1833 1
23 1859 1
23 1887 1
23 1908 1
23 1965 1
23 1992 1
23 1997 1
23 2038 1
23 2046 1
24 19 1
24 30 1
24 54 1
24 278 1
24 357 1
24 366 1
24 430 1
24 439 1
24 495 1
24 704 1
24 746 1
24 850 1
24 1203 1
24 1268 1
24 1507 1
24 1538 1
24 1549 1
24 1553 1
24 1711 1
24 1716 1
24 1819 1
24 1915 1
24 1938 1
24 1981 1
25 21 1
25 189 1
25 279 1
25 365 1
25 721 1
25 758 1
25 799 1
25 895 1
25 1001 1
25 1135 1
25 1226 1
25 1271 1
25 1368 1
25 1374 1
25 1444 1
25 1696 1
25 1727 1
25 2023 1
26 274 1
26 522 1
26 587 1
26 723 1
26 811 1
26 1091 1
26 1537 1
27 283 1
27 290 1
27 374 1
27 501 1
27 660 1
27 787 1
28 36 1
28 764 1
28 1709 1
29 3 1
29 19 1
30 30 1
30 34 1
30 39 1
30 192 1
30 1386 1
31 37 1
31 498 1
31 1361 1
31 1733 1
32 287 1
32 376 1
32 554 1
32 793 1
32 808 1
32 912 1
32 1392 1
32 1407 1
32 1472 1
32 1512 1
32 1602 1
32 1644 1
32 1686 1
32 1800 1
32 1841 1
32 1999 1
32 2010 1
32 2028 1
33 8 1
33 293 1
33 791 1
33 1196 1
33 1827 1
33 1871 1
34 3 1
34 37 1
34 1565 1
35 1359 1
36 39 1
36 384 1
36 1107 1
37 24 1
37 25 1
37 35 1
37 242 1
38 33 1
38 1718 1
39 917 1
40 3 1
40 1502 1
43 27 1
43 31 1
44 13 1
44 26 1
48 19 1
49 2 1
49 6 1
49 23 1
49 26 1
50 23 1
53 21 1
54 5 1
55 10 1
56 30 1
57 28 1
57 37 1
58 18 1
59 7 1
59 22 1
59 26 1
59 38 1
60 3 1
60 468 1
61 22 1
61 1811 1
62 5 1
62 9 1
62 11 1
62 38 1
62 175 1
62 1030 1
63 24 1
63 782 1
64 775 1
64 1808 1
67 505 1
68 28 1
68 30 1
68 57 1
69 16 1
69 25 1
69 35 1
69 1985 1
70 11 1
70 94 1
70 427 1
70 590 1
70 1097 1
70 1672 1
70 1817 1
70 1899 1
71 750 1
71 1148 1
71 1878 1
71 2033 1
72 27 1
72 55 1
72 184 1
72 241 1
72 755 1
72 922 1
72 972 1
72 1090 1
72 1129 1
72 1165 1
72 1546 1
72 2018 1
73 168 1
73 308 1
73 362 1
73 587 1
73 608 1
73 980 1
73 1014 1
73 1033 1
73 1110 1
73 1284 1
73 1405 1
73 1458 1
73 1606 1
74 9 1
74 24 1
74 85 1
74 370 1
74 698 1
74 701 1
74 702 1
74 792 1
74 860 1
74 882 1
74 1059 1
74 1083 1
74 1100 1
74 1112 1
74 1116 1
74 1185 1
74 1474 1
74 1482 1
74 1525 1
74 1558 1
74 1630 1
74 1662 1
74 1782 1
74 1804 1
74 1875 1
75 14 1
75 32 1
75 106 1
75 207 1
75 275 1
75 302 1
75 326 1
75 719 1
75 880 1
75 902 1
75 1124 1
75 1293 1
75 1370 1
75 1501 1
75 1540 1
75 1813 1
75 1898 1
76 91 1
76 135 1
76 429 1
76 810 1
76 1018 1
76 1132 1
76 1267 1
76 2035 1
77 13 1
77 334 1
77 1002 1
77 1092 1
77 1266 1
77 1371 1
77 1582 1
77 1597 1
77 1815 1
77 1860 1
77 1943 1
78 11 1
78 611 1
78 1235 1
78 1281 1
78 1321 1
78 1422 1
78 1883 1
79 5 1
79 459 1
79 892 1
79 1443 1
80 783 1
81 28 1
81 41 1
81 1115 1
81 1866 1
82 39 1
82 1358 1
83 12 1
83 27 1
83 1952 1
84 12 1
84 516 1
84 1149 1
84 1830 1
85 32 1
85 128 1
85 142 1
85 160 1
85 436 1
85 473 1
85 703 1
85 861 1
85 871 1
85 1010 1
85 1950 1
85 1958 1
86 129 1
86 215 1
86 888 1
86 968 1
86 1161 1
86 1251 1
86 1355 1
86 1654 1
86 1877 1
86 2036 1
87 29 1
87 156 1
87 190 1
87 243 1
87 269 1
87 301 1
87 322 1
87 500 1
87 548 1
87 568 1
87 635 1
87 648 1
87 652 1
87 756 1
87 798 1
87 852 1
87 890 1
87 1031 1
87 1034 1
87 1058 1
87 1088 1
87 1120 1
87 1127 1
87 1265 1
87 1305 1
87 1391 1
87 1514 1
87 1547 1
87 1570 1
87 1650 1
87 1678 1
87 1719 1
87 1867 1
87 1902 1
87 1927 1
87 1945 1
87 1963 1
88 4 1
88 23 1
88 45 1
88 236 1
88 252 1
88 304 1
88 321 1
88 354 1
88 380 1
88 466 1
88 469 1
88 475 1
88 557 1
88 597 1
88 616 1
88 639 1
88 693 1
88 694 1
88 708 1
88 771 1
88 869 1
88 963 1
88 1024 1
88 1054 1
88 1071 1
88 1117 1
88 1134 1
88 1169 1
88 1294 1
88 1322 1
88 1414 1
88 1493 1
88 1516 1
88 1524 1
88 1555 1
88 1559 1
88 1724 1
88 1728 1
88 1767 1
88 1802 1
88 1847 1
88 1848 1
88 2008 1
88 2048 1
89 90 1
89 223 1
89 225 1
89 229 1
89 318 1
89 323 1
89 325 1
89 352 1
89 364 1
89 388 1
89 391 1
89 396 1
89 506 1
89 629 1
89 761 1
89 876 1
89 973 1
89 988 1
89 1045 1
89 1076 1
89 1101 1
89 1225 1
89 1277 1
89 1428 1
89 1442 1
89 1454 1
89 1485 1
89 1634 1
89 1653 1
89 1725 1
89 1741 1
89 1763 1
89 1914 1
89 1968 1
90 24 1
90 39 1
90 40 1
90 245 1
90 353 1
90 397 1
90 401 1
90 451 1
90 480 1
90 870 1
90 916 1
90 925 1
90 956 1
90 1167 1
90 1338 1
90 1424 1
90 1453 1
90 1544 1
90 1560 1
90 1646 1
90 1704 1
90 1790 1
90 1797 1
90 1949 1
90 1954 1
90 2020 1
90 2026 1
91 18 1
91 23 1
91 25 1
91 35 1
91 62 1
91 83 1
91 108 1
91 150 1
91 201 1
91 216 1
91 347 1
91 349 1
91 417 1
91 460 1
91 476 1
91 478 1
91 822 1
91 841 1
91 1111 1
91 1153 1
91 1181 1
91 1197 1
91 1487 1
91 1720 1
91 1870 1
91 1894 1
91 1928 1
92 22 1
92 34 1
92 240 1
92 344 1
92 402 1
92 536 1
92 826 1
92 832 1
92 935 1
92 1052 1
92 1075 1
92 1173 1
92 1195 1
92 1207 1
92 1297 1
92 1929 1
92 1934 1
92 1975 1
92 2019 1
93 6 1
93 15 1
93 30 1
93 151 1
93 313 1
93 1133 1
93 1175 1
93 1312 1
93 1640 1
93 1729 1
93 1823 1
93 1912 1
93 2011 1
94 80 1
94 234 1
94 317 1
94 1289 1
94 2005 1
94 2041 1
95 7 1
95 39 1
95 1246 1
95 1288 1
96 6 1
96 412 1
96 573 1
96 875 1
96 1145 1
96 1457 1
96 1748 1
97 125 1
97 1049 1
97 1994 1
98 260 1
98 450 1
98 757 1
98 1287 1
98 1365 1
98 1717 1
98 1753 1
98 1834 1
99 34 1
99 41 1
99 1344 1
100 29 1
100 1119 1
101 7 1
101 39 1
101 204 1
101 219 1
101 618 1
101 680 1
101 970 1
101 985 1
101 999 1
101 1166 1
101 1432 1
101 1456 1
101 1476 1
101 1687 1
101 1781 1
101 2027 1
102 58 1
102 102 1
102 159 1
102 268 1
102 306 1
102 335 1
102 368 1
102 413 1
102 419 1
102 432 1
102 543 1
102 553 1
102 617 1
102 695 1
102 738 1
102 945 1
102 1044 1
102 1137 1
102 1160 1
102 1163 1
102 1182 1
102 1199 1
102 1228 1
102 1257 1
102 1334 1
102 1350 1
102 1435 1
102 1504 1
102 1519 1
102 1628 1
102 1735 1
102 1745 1
102 1820 1
102 1995 1
103 19 1
103 24 1
103 32 1
103 177 1
103 218 1
103 230 1
103 273 1
103 289 1
103 292 1
103 298 1
103 310 1
103 312 1
103 393 1
103 418 1
103 435 1
103 463 1
103 485 1
103 496 1
103 580 1
103 699 1
103 745 1
103 785 1
103 814 1
103 827 1
103 873 1
103 919 1
103 986 1
103 1032 1
103 1063 1
103 1079 1
103 1093 1
103 1121 1
103 1122 1
103 1157 1
103 1168 1
103 1176 1
103 1213 1
103 1285 1
103 1310 1
103 1327 1
103 1349 1
103 1352 1
103 1353 1
103 1376 1
103 1441 1
103 1468 1
103 1473 1
103 1509 1
103 1532 1
103 1664 1
103 1674 1
103 1693 1
103 1710 1
103 1777 1
103 1849 1
103 1944 1
103 1953 1
103 1988 1
103 2017 1
104 9 1
104 18 1
104 63 1
104 164 1
104 226 1
104 271 1
104 286 1
104 288 1
104 307 1
104 359 1
104 369 1
104 415 1
104 518 1
104 544 1
104 547 1
104 556 1
104 569 1
104 607 1
104 623 1
104 649 1
104 713 1
104 762 1
104 817 1
104 920 1
104 923 1
104 937 1
104 974 1
104 979 1
104 996 1
104 1041 1
104 1042 1
104 1162 1
104 1172 1
104 1218 1
104 1219 1
104 1239 1
104 1275 1
104 1304 1
104 1326 1
104 1331 1
104 1345 1
104 1346 1
104 1464 1
104 1475 1
104 1522 1
104 1536 1
104 1623 1
104 1639 1
104 1669 1
104 1684 1
104 1697 1
104 1738 1
104 1739 1
104 1752 1
104 1818 1
104 1828 1
104 1852 1
104 1921 1
104 1930 1
104 1951 1
105 23 1
105 44 1
105 61 1
105 88 1
105 117 1
105 145 1
105 163 1
105 188 1
105 291 1
105 337 1
105 351 1
105 420 1
105 521 1
105 523 1
105 574 1
105 598 1
105 601 1
105 630 1
105 658 1
105 681 1
105 683 1
105 697 1
105 700 1
105 736 1
105 831 1
105 913 1
105 953 1
105 1060 1
105 1077 1
105 1085 1
105 1113 1
105 1154 1
105 1155 1
105 1221 1
105 1227 1
105 1248 1
105 1259 1
105 1307 1
105 1332 1
105 1382 1
105 1400 1
105 1455 1
105 1478 1
105 1550 1
105 1552 1
105 1627 1
105 1679 1
105 1700 1
105 1703 1
105 1773 1
105 1775 1
105 1846 1
105 1851 1
105 1956 1
105 1964 1
105 1970 1
105 1982 1
105 1990 1
105 1993 1
105 2003 1
105 2013 1
105 2015 1
105 2016 1
106 26 1
106 140 1
106 176 1
106 193 1
106 210 1
106 214 1
106 251 1
106 262 1
106 264 1
106 267 1
106 316 1
106 442 1
106 491 1
106 528 1
106 571 1
106 609 1
106 622 1
106 765 1
106 776 1
106 819 1
106 823 1
106 834 1
106 849 1
106 926 1
106 991 1
106 993 1
106 1206 1
106 1333 1
106 1357 1
106 1411 1
106 1446 1
106 1470 1
106 1566 1
106 1607 1
106 1793 1
106 1842 1
106 1895 1
106 1941 1
106 2037 1
106 2045 1
107 84 1
107 130 1
107 228 1
107 300 1
107 355 1
107 467 1
107 614 1
107 726 1
107 733 1
107 901 1
107 932 1
107 954 1
107 1005 1
107 1006 1
107 1027 1
107 1230 1
107 1254 1
107 1313 1
107 1426 1
107 1431 1
107 1440 1
107 1460 1
107 1526 1
107 1567 1
107 1581 1
107 1598 1
107 1939 1
107 1977 1
107 2031 1
107 2040 1
108 31 1
108 395 1
108 437 1
108 712 1
108 725 1
108 962 1
108 1037 1
108 1211 1
108 1242 1
108 1342 1
108 1369 1
108 1495 1
108 1645 1
108 1682 1
108 1706 1
108 1854 1
108 1923 1
109 10 1
109 89 1
109 196 1
109 357 1
109 734 1
109 854 1
109 874 1
109 1055 1
109 1138 1
109 1316 1
109 1510 1
109 1517 1
109 1859 1
109 1919 1
109 2034 1
110 28 1
110 122 1
110 939 1
110 1103 1
110 1330 1
110 1363 1
110 1383 1
110 1448 1
110 1694 1
111 465 1
111 1249 1
111 1671 1
112 40 1
112 187 1
112 428 1
112 503 1
112 561 1
112 1380 1
113 361 1
113 564 1
113 657 1
113 906 1
113 1188 1
113 1569 1
113 1731 1
113 1825 1
113 1881 1
113 1957 1
113 1962 1
113 2002 1
114 9 1
114 77 1
114 887 1
114 1057 1
115 34 1
115 48 1
115 185 1
115 1053 1
115 1125 1
115 1887 1
116 28 1
116 33 1
116 65 1
116 191 1
116 227 1
116 281 1
116 333 1
116 579 1
116 728 1
116 767 1
116 877 1
116 898 1
116 976 1
116 1208 1
116 1303 1
116 1402 1
116 1490 1
116 1626 1
116 1670 1
116 1873 1
117 16 1
117 112 1
117 137 1
117 183 1
117 239 1
117 270 1
117 277 1
117 303 1
117 424 1
117 433 1
117 441 1
117 488 1
117 537 1
117 539 1
117 675 1
117 707 1
117 740 1
117 754 1
117 772 1
117 821 1
117 843 1
117 955 1
117 1068 1
117 1096 1
117 1139 1
117 1198 1
117 1255 1
117 1260 1
117 1300 1
117 1347 1
117 1367 1
117 1467 1
117 1477 1
117 1505 1
117 1508 1
117 1551 1
117 1668 1
117 1807 1
117 1810 1
117 1874 1
117 1900 1
118 3 1
118 10 1
118 26 1
118 46 1
118 64 1
118 100 1
118 103 1
118 115 1
118 149 1
118 155 1
118 220 1
118 358 1
118 360 1
118 371 1
118 394 1
118 448 1
118 530 1
118 546 1
118 549 1
118 550 1
118 581 1
118 600 1
118 643 1
118 645 1
118 668 1
118 669 1
118 711 1
118 718 1
118 735 1
118 839 1
118 859 1
118 863 1
118 897 1
118 903 1
118 908 1
118 950 1
118 1004 1
118 1015 1
118 1028 1
118 1078 1
118 1126 1
118 1189 1
118 1274 1
118 1298 1
118 1308 1
118 1318 1
118 1324 1
118 1397 1
118 1401 1
118 1420 1
118 1439 1
118 1480 1
118 1496 1
118 1500 1
118 1590 1
118 1617 1
118 1637 1
118 1651 1
118 1699 1
118 1705 1
118 1713 1
118 1740 1
118 1746 1
118 1765 1
118 1768 1
118 1771 1
118 1829 1
118 1889 1
118 1904 1
118 1905 1
118 1911 1
118 1935 1
119 49 1
119 104 1
119 126 1
119 127 1
119 131 1
119 148 1
119 166 1
119 170 1
119 182 1
119 212 1
119 248 1
119 254 1
119 346 1
119 348 1
119 373 1
119 379 1
119 423 1
119 453 1
119 471 1
119 482 1
119 527 1
119 540 1
119 558 1
119 562 1
119 572 1
119 583 1
119 592 1
119 593 1
119 602 1
119 632 1
119 653 1
119 666 1
119 730 1
119 752 1
119 778 1
119 789 1
119 889 1
119 893 1
119 904 1
119 905 1
119 938 1
119 946 1
119 975 1
119 1013 1
119 1019 1
119 1038 1
119 1095 1
119 1106 1
119 1146 1
119 1151 1
119 1174 1
119 1212 1
119 1234 1
119 1243 1
119 1252 1
119 1256 1
119 1269 1
119 1271 1
119 1290 1
119 1339 1
119 1390 1
119 1403 1
119 1417 1
119 1421 1
119 1430 1
119 1466 1
119 1479 1
119 1515 1
119 1521 1
119 1563 1
119 1573 1
119 1587 1
119 1592 1
119 1593 1
119 1604 1
119 1613 1
119 1619 1
119 1635 1
119 1657 1
119 1667 1
119 1677 1
119 1680 1
119 1685 1
119 1723 1
119 1742 1
119 1751 1
119 1759 1
119 1785 1
119 1826 1
119 1831 1
119 1839 1
119 1844 1
119 1853 1
119 1855 1
119 1856 1
119 1869 1
119 1884 1
119 1886 1
119 1932 1
119 1969 1
119 1987 1
119 2004 1
119 2022 1
120 8 1
120 18 1
120 60 1
120 70 1
120 79 1
120 95 1
120 119 1
120 174 1
120 195 1
120 203 1
120 209 1
120 235 1
120 250 1
120 259 1
120 282 1
120 336 1
120 343 1
120 385 1
120 404 1
120 416 1
120 490 1
120 499 1
120 510 1
120 538 1
120 576 1
120 619 1
120 620 1
120 641 1
120 650 1
120 667 1
120 716 1
120 731 1
120 749 1
120 774 1
120 788 1
120 812 1
120 818 1
120 820 1
120 837 1
120 842 1
120 845 1
120 847 1
120 862 1
120 896 1
120 958 1
120 965 1
120 1009 1
120 1064 1
120 1156 1
120 1216 1
120 1232 1
120 1237 1
120 1241 1
120 1282 1
120 1317 1
120 1323 1
120 1343 1
120 1356 1
120 1389 1
120 1396 1
120 1429 1
120 1434 1
120 1445 1
120 1451 1
120 1471 1
120 1520 1
120 1530 1
120 1600 1
120 1603 1
120 1621 1
120 1643 1
120 1652 1
120 1655 1
120 1691 1
120 1692 1
120 1701 1
120 1744 1
120 1769 1
120 1780 1
120 1786 1
120 1806 1
120 1837 1
120 1850 1
120 1893 1
120 1896 1
120 1901 1
120 1918 1
120 1920 1
120 1925 1
120 1983 1
120 1998 1
121 34 1
121 43 1
121 97 1
121 141 1
121 181 1
121 263 1
121 299 1
121 305 1
121 320 1
121 331 1
121 383 1
121 389 1
121 403 1
121 444 1
121 458 1
121 479 1
121 508 1
121 566 1
121 570 1
121 627 1
121 714 1
121 770 1
121 796 1
121 802 1
121 815 1
121 851 1
121 868 1
121 928 1
121 936 1
121 1020 1
121 1039 1
121 1099 1
121 1105 1
121 1128 1
121 1164 1
121 1191 1
121 1240 1
121 1263 1
121 1273 1
121 1278 1
121 1279 1
121 1283 1
121 1295 1
121 1340 1
121 1366 1
121 1497 1
121 1523 1
121 1527 1
121 1529 1
121 1575 1
121 1589 1
121 1611 1
121 1629 1
121 1638 1
121 1688 1
121 1698 1
121 1799 1
121 1801 1
121 1841 1
121 1868 1
121 1922 1
121 1972 1
121 2001 1
121 2021 1
121 2038 1
121 2043 1
122 78 1
122 121 1
122 186 1
122 198 1
122 213 1
122 238 1
122 246 1
122 350 1
122 392 1
122 398 1
122 400 1
122 414 1
122 421 1
122 439 1
122 483 1
122 486 1
122 517 1
122 526 1
122 529 1
122 552 1
122 588 1
122 637 1
122 644 1
122 659 1
122 671 1
122 724 1
122 786 1
122 801 1
122 829 1
122 838 1
122 918 1
122 951 1
122 989 1
122 998 1
122 1050 1
122 1089 1
122 1140 1
122 1143 1
122 1184 1
122 1201 1
122 1204 1
122 1264 1
122 1315 1
122 1336 1
122 1360 1
122 1415 1
122 1427 1
122 1452 1
122 1459 1
122 1484 1
122 1533 1
122 1614 1
122 1666 1
122 1690 1
122 1707 1
122 1708 1
122 1727 1
122 1907 1
122 1909 1
122 1910 1
122 1947 1
122 1960 1
123 1 1
123 21 1
123 22 1
123 42 1
123 52 1
123 53 1
123 54 1
123 109 1
123 178 1
123 208 1
123 256 1
123 257 1
123 279 1
123 410 1
123 446 1
123 494 1
123 525 1
123 535 1
123 565 1
123 628 1
123 830 1
123 894 1
123 927 1
123 960 1
123 984 1
123 1131 1
123 1194 1
123 1209 1
123 1245 1
123 1272 1
123 1413 1
123 1461 1
123 1518 1
123 1541 1
123 1542 1
123 1548 1
123 1583 1
123 1737 1
123 1761 1
123 1888 1
123 1973 1
123 1991 1
124 99 1
124 197 1
124 231 1
124 457 1
124 470 1
124 477 1
124 513 1
124 514 1
124 531 1
124 727 1
124 982 1
124 1193 1
124 1203 1
124 1416 1
124 1419 1
124 1425 1
124 1488 1
124 1791 1
125 66 1
125 116 1
125 339 1
125 555 1
125 584 1
125 828 1
125 934 1
125 1025 1
125 1233 1
125 1436 1
125 1660 1
125 1721 1
125 1760 1
125 1984 1
126 367 1
126 411 1
126 612 1
126 867 1
126 1035 1
126 1118 1
126 1418 1
126 1549 1
126 1610 1
126 2000 1
127 4 1
127 237 1
127 461 1
127 533 1
127 534 1
127 844 1
127 924 1
127 1011 1
127 1202 1
127 1534 1
127 1624 1
127 1642 1
127 1966 1
128 10 1
128 12 1
128 674 1
128 677 1
128 825 1
128 1247 1
128 1292 1
129 17 1
129 438 1
129 748 1
129 1072 1
129 1220 1
129 1917 1
130 6 1
130 37 1
130 38 1
130 507 1
130 599 1
130 682 1
130 1087 1
130 1244 1
130 1276 1
130 1620 1
130 1862 1
131 37 1
131 50 1
131 199 1
131 217 1
131 285 1
131 664 1
131 881 1
131 1086 1
131 1822 1
131 1880 1
131 1890 1
132 92 1
132 96 1
132 171 1
132 233 1
132 425 1
132 589 1
132 661 1
132 743 1
132 816 1
132 878 1
132 964 1
132 1056 1
132 1210 1
132 1258 1
132 1447 1
132 1743 1
132 1747 1
132 1783 1
132 1933 1
132 1955 1
132 1971 1
132 2044 1
133 29 1
133 56 1
133 71 1
133 124 1
133 165 1
133 172 1
133 206 1
133 221 1
133 280 1
133 309 1
133 315 1
133 363 1
133 372 1
133 377 1
133 443 1
133 456 1
133 481 1
133 511 1
133 559 1
133 604 1
133 624 1
133 662 1
133 672 1
133 673 1
133 678 1
133 686 1
133 710 1
133 764 1
133 790 1
133 800 1
133 813 1
133 824 1
133 909 1
133 947 1
133 983 1
133 1012 1
133 1021 1
133 1047 1
133 1048 1
133 1065 1
133 1074 1
133 1094 1
133 1108 1
133 1109 1
133 1130 1
133 1170 1
133 1238 1
133 1306 1
133 1325 1
133 1384 1
133 1388 1
133 1398 1
133 1423 1
133 1462 1
133 1498 1
133 1545 1
133 1562 1
133 1596 1
133 1601 1
133 1616 1
133 1625 1
133 1659 1
133 1675 1
133 1722 1
133 1749 1
133 1750 1
133 1789 1
133 1863 1
133 1891 1
133 1926 1
133 1959 1
133 1978 1
133 2012 1
133 2024 1
133 2039 1
134 12 1
134 59 1
134 67 1
134 72 1
134 81 1
134 86 1
134 101 1
134 110 1
134 113 1
134 136 1
134 144 1
134 146 1
134 157 1
134 162 1
134 167 1
134 179 1
134 232 1
134 247 1
134 253 1
134 261 1
134 266 1
134 294 1
134 314 1
134 327 1
134 329 1
134 338 1
134 405 1
134 408 1
134 434 1
134 445 1
134 455 1
134 462 1
134 493 1
134 509 1
134 541 1
134 563 1
134 586 1
134 594 1
134 595 1
134 633 1
134 646 1
134 647 1
134 663 1
134 670 1
134 691 1
134 696 1
134 705 1
134 706 1
134 709 1
134 717 1
134 720 1
134 732 1
134 747 1
134 759 1
134 760 1
134 763 1
134 766 1
134 768 1
134 807 1
134 809 1
134 856 1
134 864 1
134 883 1
134 944 1
134 957 1
134 981 1
134 992 1
134 1029 1
134 1062 1
134 1066 1
134 1069 1
134 1082 1
134 1104 1
134 1123 1
134 1171 1
134 1186 1
134 1187 1
134 1214 1
134 1222 1
134 1236 1
134 1250 1
134 1270 1
134 1286 1
134 1302 1
134 1314 1
134 1319 1
134 1329 1
134 1351 1
134 1375 1
134 1385 1
134 1387 1
134 1408 1
134 1410 1
134 1412 1
134 1449 1
134 1469 1
134 1481 1
134 1486 1
134 1494 1
134 1506 1
134 1535 1
134 1539 1
134 1543 1
134 1564 1
134 1568 1
134 1588 1
134 1609 1
134 1615 1
134 1658 1
134 1663 1
134 1702 1
134 1715 1
134 1730 1
134 1766 1
134 1774 1
134 1776 1
134 1778 1
134 1787 1
134 1788 1
134 1792 1
134 1794 1
134 1796 1
134 1812 1
134 1816 1
134 1832 1
134 1835 1
134 1838 1
134 1864 1
134 1882 1
134 1913 1
134 1937 1
134 1961 1
134 1976 1
134 1980 1
134 1981 1
134 1996 1
134 2009 1
134 2032 1
134 2047 1
135 24 1
135 47 1
135 51 1
135 105 1
135 111 1
135 120 1
135 132 1
135 133 1
135 134 1
135 139 1
135 152 1
135 249 1
135 265 1
135 272 1
135 296 1
135 297 1
135 311 1
135 330 1
135 342 1
135 356 1
135 365 1
135 382 1
135 387 1
135 390 1
135 422 1
135 452 1
135 464 1
135 472 1
135 487 1
135 492 1
135 495 1
135 502 1
135 512 1
135 520 1
135 532 1
135 542 1
135 605 1
135 613 1
135 615 1
135 634 1
135 642 1
135 654 1
135 685 1
135 689 1
135 715 1
135 722 1
135 723 1
135 751 1
135 769 1
135 773 1
135 777 1
135 793 1
135 795 1
135 803 1
135 805 1
135 835 1
135 836 1
135 840 1
135 848 1
135 855 1
135 858 1
135 885 1
135 912 1
135 914 1
135 921 1
135 929 1
135 940 1
135 948 1
135 949 1
135 966 1
135 967 1
135 969 1
135 971 1
135 987 1
135 990 1
135 1003 1
135 1017 1
135 1022 1
135 1043 1
135 1061 1
135 1084 1
135 1107 1
135 1114 1
135 1147 1
135 1150 1
135 1159 1
135 1178 1
135 1179 1
135 1183 1
135 1215 1
135 1229 1
135 1309 1
135 1354 1
135 1362 1
135 1386 1
135 1437 1
135 1463 1
135 1531 1
135 1553 1
135 1561 1
135 1591 1
135 1599 1
135 1632 1
135 1673 1
135 1734 1
135 1754 1
135 1758 1
135 1764 1
135 1779 1
135 1784 1
135 1798 1
135 1805 1
135 1821 1
135 1836 1
135 1840 1
135 1845 1
135 1865 1
135 1876 1
135 1916 1
135 2007 1
135 2028 1
136 6 1
136 21 1
136 68 1
136 74 1
136 75 1
136 114 1
136 118 1
136 123 1
136 153 1
136 154 1
136 173 1
136 180 1
136 189 1
136 192 1
136 222 1
136 276 1
136 319 1
136 328 1
136 332 1
136 341 1
136 366 1
136 407 1
136 426 1
136 484 1
136 489 1
136 501 1
136 504 1
136 545 1
136 551 1
136 567 1
136 577 1
136 606 1
136 656 1
136 665 1
136 676 1
136 684 1
136 781 1
136 857 1
136 911 1
136 941 1
136 977 1
136 997 1
136 1051 1
136 1067 1
136 1091 1
136 1144 1
136 1190 1
136 1205 1
136 1217 1
136 1253 1
136 1262 1
136 1320 1
136 1335 1
136 1381 1
136 1444 1
136 1465 1
136 1489 1
136 1491 1
136 1492 1
136 1499 1
136 1511 1
136 1513 1
136 1528 1
136 1576 1
136 1578 1
136 1584 1
136 1585 1
136 1586 1
136 1595 1
136 1605 1
136 1649 1
136 1656 1
136 1665 1
136 1695 1
136 1712 1
136 1716 1
136 1755 1
136 1814 1
136 1885 1
136 1986 1
136 2014 1
136 2030 1
137 37 1
137 69 1
137 107 1
137 143 1
137 224 1
137 284 1
137 290 1
137 381 1
137 498 1
137 603 1
137 625 1
137 631 1
137 651 1
137 655 1
137 687 1
137 688 1
137 741 1
137 804 1
137 806 1
137 850 1
137 866 1
137 872 1
137 915 1
137 952 1
137 959 1
137 1001 1
137 1016 1
137 1036 1
137 1073 1
137 1102 1
137 1158 1
137 1328 1
137 1341 1
137 1348 1
137 1372 1
137 1438 1
137 1577 1
137 1641 1
137 1648 1
137 1683 1
137 1711 1
137 1714 1
137 1757 1
137 1858 1
137 1924 1
137 1967 1
137 1974 1
137 1979 1
137 1999 1
137 2006 1
137 2025 1
137 2042 1
138 40 1
138 255 1
138 274 1
138 278 1
138 515 1
138 560 1
138 578 1
138 582 1
138 585 1
138 621 1
138 729 1
138 779 1
138 794 1
138 900 1
138 907 1
138 910 1
138 1000 1
138 1223 1
138 1231 1
138 1364 1
138 1395 1
138 1406 1
138 1409 1
138 1503 1
138 1571 1
138 1572 1
138 1733 1
138 1756 1
138 1803 1
138 1843 1
138 1936 1
138 1942 1
138 1965 1
138 1997 1
138 2023 1
139 93 1
139 98 1
139 138 1
139 169 1
139 200 1
139 244 1
139 324 1
139 345 1
139 374 1
139 440 1
139 895 1
139 943 1
139 994 1
139 1026 1
139 1070 1
139 1226 1
139 1296 1
139 1311 1
139 1337 1
139 1770 1
139 1897 1
140 73 1
140 82 1
140 519 1
140 1394 1
140 1726 1
140 1861 1
140 1948 1
141 5 1
141 7 1
141 8 1
141 454 1
141 626 1
141 780 1
141 1618 1
141 1879 1
142 17 1
142 833 1
142 886 1
142 1378 1
142 1608 1
143 4 1
143 33 1
143 340 1
143 522 1
143 1008 1
143 1040 1
143 1612 1
143 1676 1
143 1689 1
143 1732 1
143 1795 1
144 474 1
144 704 1
144 737 1
144 739 1
144 1098 1
144 1268 1
145 283 1
145 610 1
145 797 1
145 853 1
145 1152 1
145 1579 1
145 1772 1
145 1908 1
146 10 1
146 19 1
146 158 1
146 378 1
146 386 1
146 591 1
146 1080 1
146 1631 1
147 28 1
147 147 1
147 161 1
147 194 1
147 202 1
147 295 1
147 406 1
147 409 1
147 449 1
147 524 1
147 638 1
147 660 1
147 753 1
147 758 1
147 787 1
147 865 1
147 931 1
147 978 1
147 1081 1
147 1135 1
147 1136 1
147 1142 1
147 1192 1
147 1280 1
147 1291 1
147 1301 1
147 1393 1
147 1450 1
147 1554 1
147 1556 1
147 1622 1
147 1647 1
147 1736 1
147 1824 1
147 1833 1
147 1872 1
147 1931 1
147 2010 1
148 32 1
148 87 1
148 205 1
148 211 1
148 293 1
148 447 1
148 497 1
148 554 1
148 575 1
148 636 1
148 640 1
148 690 1
148 742 1
148 744 1
148 784 1
148 799 1
148 808 1
148 891 1
148 899 1
148 933 1
148 961 1
148 995 1
148 1007 1
148 1177 1
148 1180 1
148 1196 1
148 1224 1
148 1261 1
148 1373 1
148 1374 1
148 1407 1
148 1433 1
148 1483 1
148 1574 1
148 1580 1
148 1594 1
148 1633 1
148 1636 1
148 1686 1
148 1696 1
148 1709 1
148 1762 1
148 1800 1
148 1809 1
148 1903 1
148 1915 1
148 1940 1
148 1989 1
148 2046 1
149 14 1
149 20 1
149 258 1
149 375 1
149 399 1
149 430 1
149 431 1
149 596 1
149 692 1
149 721 1
149 746 1
149 846 1
149 879 1
149 884 1
149 942 1
149 1046 1
149 1200 1
149 1299 1
149 1359 1
149 1368 1
149 1377 1
149 1379 1
149 1392 1
149 1399 1
149 1404 1
149 1472 1
149 1507 1
149 1512 1
149 1538 1
149 1557 1
149 1602 1
149 1644 1
149 1681 1
149 1718 1
149 1819 1
149 1871 1
149 1892 1
149 1906 1
149 1938 1
149 1946 1
149 1992 1
149 2029 1
150 76 1
150 287 1
150 679 1
150 917 1
150 930 1
150 1537 1
150 1565 1
150 1661 1
151 384 1
151 811 1
151 1141 1
152 242 1
152 791 1
152 1827 1
153 1361 1
154 376 1
154 1023 1
156 1502 1
161 427 1
164 1857 1
651 57 1
652 62 1
653 44 1
654 71 1
655 43 1
656 68 1
656 70 1
657 51 1
660 69 1
660 80 1
661 43 1
661 69 1
662 24 1
662 46 1
662 80 1
662 170 1
662 212 1
662 372 1
662 421 1
662 622 1
662 712 1
662 724 1
662 883 1
662 953 1
662 1151 1
662 1273 1
662 1447 1
662 1502 1
662 1538 1
662 1565 1
662 1630 1
662 1704 1
662 1744 1
662 1848 1
663 37 1
663 128 1
663 136 1
663 155 1
663 161 1
663 209 1
663 300 1
663 314 1
663 348 1
663 432 1
663 452 1
663 496 1
663 618 1
663 627 1
663 783 1
663 791 1
663 818 1
663 832 1
663 952 1
663 986 1
663 1019 1
663 1283 1
663 1311 1
663 1395 1
663 1407 1
663 1421 1
663 1448 1
663 1468 1
663 1608 1
663 1620 1
663 1624 1
663 1659 1
663 1691 1
663 1958 1
663 1964 1
663 1965 1
664 142 1
664 246 1
664 254 1
664 292 1
664 293 1
664 320 1
664 343 1
664 368 1
664 449 1
664 463 1
664 528 1
664 562 1
664 593 1
664 596 1
664 635 1
664 661 1
664 705 1
664 761 1
664 781 1
664 788 1
664 927 1
664 940 1
664 947 1
664 957 1
664 965 1
664 1013 1
664 1016 1
664 1182 1
664 1201 1
664 1203 1
664 1254 1
664 1268 1
664 1354 1
664 1365 1
664 1376 1
664 1413 1
664 1501 1
664 1508 1
664 1554 1
664 1559 1
664 1575 1
664 1582 1
664 1708 1
664 1724 1
664 1759 1
664 1765 1
664 1791 1
664 1806 1
664 1847 1
664 1895 1
664 1904 1
664 1976 1
664 1995 1
664 1998 1
664 2006 1
665 49 1
665 56 1
665 109 1
665 112 1
665 115 1
665 191 1
665 195 1
665 231 1
665 283 1
665 299 1
665 341 1
665 362 1
665 428 1
665 480 1
665 509 1
665 511 1
665 517 1
665 560 1
665 576 1
665 646 1
665 664 1
665 747 1
665 753 1
665 887 1
665 916 1
665 985 1
665 996 1
665 1052 1
665 1094 1
665 1096 1
665 1164 1
665 1196 1
665 1224 1
665 1263 1
665 1318 1
665 1496 1
665 1519 1
665 1522 1
665 1527 1
665 1544 1
665 1553 1
665 1556 1
665 1622 1
665 1654 1
665 1661 1
665 1728 1
665 1751 1
665 1817 1
665 1818 1
665 1821 1
665 1846 1
665 1890 1
665 1931 1
665 1975 1
665 1978 1
665 2023 1
666 17 1
666 21 1
666 41 1
666 113 1
666 148 1
666 156 1
666 169 1
666 183 1
666 202 1
666 409 1
666 419 1
666 424 1
666 426 1
666 446 1
666 453 1
666 477 1
666 487 1
666 489 1
666 591 1
666 608 1
666 698 1
666 740 1
666 847 1
666 907 1
666 935 1
666 1028 1
666 1032 1
666 1035 1
666 1081 1
666 1088 1
666 1115 1
666 1131 1
666 1215 1
666 1219 1
666 1236 1
666 1242 1
666 1297 1
666 1437 1
666 1515 1
666 1546 1
666 1563 1
666 1606 1
666 1616 1
666 1623 1
666 1636 1
666 1694 1
666 1740 1
666 1760 1
666 1780 1
666 1822 1
666 1842 1
666 1855 1
666 1872 1
666 1887 1
666 1915 1
666 1961 1
666 2036 1
667 15 1
667 110 1
667 255 1
667 309 1
667 310 1
667 396 1
667 400 1
667 450 1
667 532 1
667 544 1
667 620 1
667 666 1
667 703 1
667 755 1
667 765 1
667 836 1
667 928 1
667 946 1
667 1008 1
667 1014 1
667 1045 1
667 1051 1
667 1161 1
667 1177 1
667 1188 1
667 1192 1
667 1293 1
667 1411 1
667 1454 1
667 1549 1
667 1612 1
667 1670 1
667 1682 1
667 1825 1
667 1836 1
667 1875 1
667 1894 1
667 1979 1
668 5 1
668 30 1
668 39 1
668 144 1
668 215 1
668 374 1
668 508 1
668 651 1
668 711 1
668 738 1
668 808 1
668 827 1
668 859 1
668 878 1
668 908 1
668 969 1
668 1212 1
668 1231 1
668 1299 1
668 1315 1
668 1412 1
668 1446 1
668 1545 1
668 1560 1
668 1600 1
668 1626 1
668 1665 1
668 1757 1
668 1789 1
669 68 1
669 75 1
669 249 1
669 512 1
669 649 1
669 687 1
669 737 1
669 742 1
669 889 1
669 941 1
669 1104 1
669 1210 1
669 1214 1
669 1372 1
669 1483 1
669 1489 1
669 1495 1
669 1499 1
669 1558 1
669 1611 1
669 1633 1
669 1663 1
669 1982 1
670 181 1
670 219 1
670 714 1
670 1046 1
670 1561 1
670 1788 1
670 1807 1
670 2019 1
671 225 1
671 1191 1
671 1275 1
671 1592 1
671 1715 1
672 130 1
672 779 1
673 57 1
673 383 1
673 719 1
673 875 1
673 1029 1
673 1063 1
673 1763 1
674 57 1
674 66 1
674 67 1
674 200 1
674 1004 1
674 1241 1
674 1253 1
674 1346 1
674 1442 1
674 1485 1
674 1951 1
674 2015 1
675 58 1
675 1000 1
675 1312 1
675 1374 1
675 1577 1
675 1841 1
675 1963 1
675 2016 1
676 10 1
676 18 1
676 57 1
676 86 1
676 101 1
676 134 1
676 138 1
676 201 1
676 240 1
676 266 1
676 301 1
676 384 1
676 462 1
676 552 1
676 615 1
676 692 1
676 735 1
676 749 1
676 768 1
676 774 1
676 793 1
676 920 1
676 923 1
676 937 1
676 949 1
676 960 1
676 1012 1
676 1090 1
676 1105 1
676 1122 1
676 1277 1
676 1330 1
676 1335 1
676 1338 1
676 1345 1
676 1386 1
676 1427 1
676 1473 1
676 1528 1
676 1536 1
676 1539 1
676 1562 1
676 1581 1
676 1585 1
676 1614 1
676 1660 1
676 1668 1
676 1699 1
676 1743 1
676 1755 1
676 1768 1
676 1774 1
676 1864 1
676 1902 1
676 1912 1
676 1992 1
676 2012 1
676 2018 1
676 2021 1
676 2022 1
676 2033 1
676 2038 1
677 3 1
677 7 1
677 8 1
677 9 1
677 50 1
677 53 1
677 72 1
677 81 1
677 89 1
677 92 1
677 107 1
677 108 1
677 117 1
677 123 1
677 124 1
677 135 1
677 137 1
677 139 1
677 146 1
677 157 1
677 160 1
677 164 1
677 165 1
677 168 1
677 176 1
677 192 1
677 199 1
677 204 1
677 221 1
677 229 1
677 234 1
677 241 1
677 253 1
677 258 1
677 262 1
677 267 1
677 270 1
677 274 1
677 276 1
677 288 1
677 291 1
677 298 1
677 303 1
677 308 1
677 315 1
677 321 1
677 330 1
677 331 1
677 332 1
677 335 1
677 339 1
677 353 1
677 358 1
677 363 1
677 366 1
677 398 1
677 399 1
677 404 1
677 406 1
677 410 1
677 412 1
677 415 1
677 425 1
677 429 1
677 430 1
677 434 1
677 440 1
677 448 1
677 457 1
677 464 1
677 469 1
677 471 1
677 473 1
677 474 1
677 475 1
677 486 1
677 495 1
677 506 1
677 510 1
677 515 1
677 521 1
677 522 1
677 527 1
677 531 1
677 549 1
677 556 1
677 575 1
677 580 1
677 581 1
677 592 1
677 599 1
677 600 1
677 605 1
677 606 1
677 611 1
677 629 1
677 638 1
677 644 1
677 648 1
677 652 1
677 658 1
677 662 1
677 663 1
677 665 1
677 670 1
677 679 1
677 681 1
677 682 1
677 691 1
677 696 1
677 701 1
677 717 1
677 723 1
677 726 1
677 728 1
677 730 1
677 745 1
677 751 1
677 752 1
677 762 1
677 771 1
677 775 1
677 778 1
677 780 1
677 790 1
677 792 1
677 803 1
677 807 1
677 812 1
677 820 1
677 826 1
677 829 1
677 833 1
677 843 1
677 846 1
677 848 1
677 852 1
677 855 1
677 857 1
677 858 1
677 865 1
677 866 1
677 870 1
677 874 1
677 879 1
677 880 1
677 888 1
677 890 1
677 892 1
677 893 1
677 895 1
677 898 1
677 901 1
677 912 1
677 914 1
677 919 1
677 924 1
677 926 1
677 930 1
677 938 1
677 959 1
677 964 1
677 983 1
677 990 1
677 1001 1
677 1003 1
677 1021 1
677 1022 1
677 1023 1
677 1025 1
677 1030 1
677 1031 1
677 1041 1
677 1043 1
677 1054 1
677 1059 1
677 1067 1
677 1072 1
677 1082 1
677 1086 1
677 1087 1
677 1089 1
677 1099 1
677 1100 1
677 1107 1
677 1108 1
677 1109 1
677 1112 1
677 1126 1
677 1135 1
677 1137 1
677 1145 1
677 1146 1
677 1158 1
677 1165 1
677 1172 1
677 1173 1
677 1175 1
677 1178 1
677 1179 1
677 1194 1
677 1206 1
677 1209 1
677 1221 1
677 1226 1
677 1227 1
677 1244 1
677 1245 1
677 1248 1
677 1262 1
677 1271 1
677 1274 1
677 1276 1
677 1282 1
677 1287 1
677 1291 1
677 1298 1
677 1300 1
677 1301 1
677 1302 1
677 1306 1
677 1308 1
677 1309 1
677 1325 1
677 1328 1
677 1329 1
677 1351 1
677 1355 1
677 1359 1
677 1360 1
677 1369 1
677 1371 1
677 1373 1
677 1382 1
677 1389 1
677 1396 1
677 1397 1
677 1400 1
677 1425 1
677 1450 1
677 1463 1
677 1467 1
677 1469 1
677 1471 1
677 1479 1
677 1482 1
677 1484 1
677 1486 1
677 1487 1
677 1493 1
677 1498 1
677 1510 1
677 1517 1
677 1518 1
677 1529 1
677 1540 1
677 1541 1
677 1542 1
677 1569 1
677 1570 1
677 1576 1
677 1579 1
677 1589 1
677 1590 1
677 1597 1
677 1601 1
677 1607 1
677 1618 1
677 1625 1
677 1627 1
677 1635 1
677 1640 1
677 1641 1
677 1643 1
677 1647 1
677 1649 1
677 1650 1
677 1679 1
677 1680 1
677 1689 1
677 1692 1
677 1695 1
677 1697 1
677 1700 1
677 1705 1
677 1713 1
677 1717 1
677 1718 1
677 1723 1
677 1739 1
677 1753 1
677 1761 1
677 1776 1
677 1783 1
677 1785 1
677 1793 1
677 1815 1
677 1830 1
677 1833 1
677 1849 1
677 1851 1
677 1854 1
677 1856 1
677 1860 1
677 1862 1
677 1866 1
677 1883 1
677 1889 1
677 1897 1
677 1900 1
677 1903 1
677 1909 1
677 1910 1
677 1917 1
677 1918 1
677 1919 1
677 1920 1
677 1930 1
677 1933 1
677 1936 1
677 1937 1
677 1946 1
677 1950 1
677 1971 1
677 1972 1
677 1973 1
677 1984 1
677 1988 1
677 1989 1
677 2001 1
677 2005 1
677 2010 1
677 2014 1
677 2024 1
677 2025 1
677 2027 1
677 2028 1
678 11 1
678 12 1
678 14 1
678 20 1
678 25 1
678 26 1
678 27 1
678 28 1
678 29 1
678 32 1
678 34 1
678 35 1
678 38 1
678 40 1
678 42 1
678 45 1
678 47 1
678 52 1
678 54 1
678 59 1
678 70 1
678 76 1
678 77 1
678 78 1
678 82 1
678 84 1
678 85 1
678 90 1
678 91 1
678 93 1
678 96 1
678 100 1
678 103 1
678 105 1
678 111 1
678 114 1
678 116 1
678 118 1
678 125 1
678 127 1
678 129 1
678 132 1
678 143 1
678 149 1
678 154 1
678 158 1
678 179 1
678 189 1
678 194 1
678 196 1
678 197 1
678 203 1
678 207 1
678 211 1
678 213 1
678 214 1
678 217 1
678 218 1
678 222 1
678 223 1
678 227 1
678 228 1
678 232 1
678 235 1
678 238 1
678 239 1
678 247 1
678 248 1
678 251 1
678 257 1
678 260 1
678 264 1
678 265 1
678 271 1
678 272 1
678 275 1
678 279 1
678 280 1
678 284 1
678 285 1
678 286 1
678 294 1
678 305 1
678 306 1
678 307 1
678 312 1
678 322 1
678 324 1
678 325 1
678 327 1
678 329 1
678 333 1
678 334 1
678 336 1
678 337 1
678 344 1
678 346 1
678 352 1
678 354 1
678 357 1
678 359 1
678 367 1
678 369 1
678 370 1
678 371 1
678 377 1
678 378 1
678 379 1
678 381 1
678 382 1
678 386 1
678 392 1
678 393 1
678 397 1
678 403 1
678 405 1
678 408 1
678 418 1
678 420 1
678 422 1
678 431 1
678 433 1
678 437 1
678 439 1
678 441 1
678 442 1
678 443 1
678 447 1
678 451 1
678 455 1
678 458 1
678 466 1
678 481 1
678 482 1
678 483 1
678 494 1
678 497 1
678 498 1
678 499 1
678 500 1
678 501 1
678 502 1
678 505 1
678 513 1
678 514 1
678 516 1
678 519 1
678 524 1
678 525 1
678 526 1
678 529 1
678 530 1
678 534 1
678 536 1
678 538 1
678 539 1
678 541 1
678 547 1
678 548 1
678 550 1
678 554 1
678 555 1
678 557 1
678 558 1
678 561 1
678 565 1
678 566 1
678 567 1
678 569 1
678 571 1
678 572 1
678 573 1
678 578 1
678 589 1
678 597 1
678 601 1
678 609 1
678 610 1
678 612 1
678 613 1
678 614 1
678 617 1
678 619 1
678 623 1
678 624 1
678 633 1
678 634 1
678 636 1
678 647 1
678 650 1
678 655 1
678 656 1
678 667 1
678 668 1
678 669 1
678 672 1
678 674 1
678 676 1
678 677 1
678 680 1
678 683 1
678 685 1
678 689 1
678 690 1
678 693 1
678 694 1
678 695 1
678 697 1
678 704 1
678 707 1
678 708 1
678 713 1
678 720 1
678 721 1
678 725 1
678 731 1
678 734 1
678 744 1
678 770 1
678 776 1
678 782 1
678 784 1
678 795 1
678 797 1
678 801 1
678 806 1
678 811 1
678 814 1
678 819 1
678 821 1
678 822 1
678 825 1
678 834 1
678 835 1
678 849 1
678 850 1
678 851 1
678 868 1
678 869 1
678 871 1
678 876 1
678 877 1
678 885 1
678 886 1
678 891 1
678 896 1
678 899 1
678 903 1
678 909 1
678 917 1
678 925 1
678 932 1
678 933 1
678 945 1
678 948 1
678 950 1
678 951 1
678 954 1
678 956 1
678 967 1
678 968 1
678 971 1
678 976 1
678 977 1
678 979 1
678 980 1
678 984 1
678 991 1
678 994 1
678 995 1
678 998 1
678 1002 1
678 1005 1
678 1007 1
678 1009 1
678 1010 1
678 1011 1
678 1017 1
678 1026 1
678 1039 1
678 1042 1
678 1048 1
678 1050 1
678 1056 1
678 1057 1
678 1066 1
678 1070 1
678 1071 1
678 1074 1
678 1075 1
678 1077 1
678 1091 1
678 1092 1
678 1093 1
678 1097 1
678 1103 1
678 1110 1
678 1111 1
678 1114 1
678 1116 1
678 1119 1
678 1123 1
678 1124 1
678 1125 1
678 1130 1
678 1132 1
678 1134 1
678 1150 1
678 1159 1
678 1162 1
678 1167 1
678 1170 1
678 1186 1
678 1193 1
678 1198 1
678 1199 1
678 1200 1
678 1202 1
678 1204 1
678 1207 1
678 1218 1
678 1220 1
678 1222 1
678 1225 1
678 1229 1
678 1230 1
678 1232 1
678 1234 1
678 1237 1
678 1238 1
678 1250 1
678 1251 1
678 1256 1
678 1259 1
678 1264 1
678 1265 1
678 1266 1
678 1269 1
678 1284 1
678 1285 1
678 1288 1
678 1290 1
678 1304 1
678 1310 1
678 1319 1
678 1320 1
678 1326 1
678 1333 1
678 1339 1
678 1342 1
678 1343 1
678 1348 1
678 1349 1
678 1356 1
678 1364 1
678 1366 1
678 1367 1
678 1370 1
678 1375 1
678 1377 1
678 1379 1
678 1385 1
678 1398 1
678 1399 1
678 1410 1
678 1418 1
678 1419 1
678 1422 1
678 1424 1
678 1431 1
678 1433 1
678 1436 1
678 1439 1
678 1441 1
678 1443 1
678 1449 1
678 1455 1
678 1456 1
678 1458 1
678 1459 1
678 1460 1
678 1477 1
678 1488 1
678 1494 1
678 1497 1
678 1500 1
678 1506 1
678 1509 1
678 1512 1
678 1514 1
678 1521 1
678 1525 1
678 1531 1
678 1534 1
678 1537 1
678 1543 1
678 1547 1
678 1551 1
678 1557 1
678 1564 1
678 1566 1
678 1567 1
678 1574 1
678 1578 1
678 1593 1
678 1596 1
678 1599 1
678 1602 1
678 1603 1
678 1605 1
678 1615 1
678 1617 1
678 1631 1
678 1632 1
678 1639 1
678 1648 1
678 1651 1
678 1653 1
678 1662 1
678 1667 1
678 1674 1
678 1675 1
678 1698 1
678 1703 1
678 1707 1
678 1709 1
678 1711 1
678 1712 1
678 1722 1
678 1726 1
678 1729 1
678 1733 1
678 1735 1
678 1737 1
678 1745 1
678 1746 1
678 1748 1
678 1754 1
678 1767 1
678 1770 1
678 1771 1
678 1773 1
678 1777 1
678 1782 1
678 1786 1
678 1790 1
678 1792 1
678 1796 1
678 1799 1
678 1802 1
678 1803 1
678 1805 1
678 1808 1
678 1810 1
678 1820 1
678 1827 1
678 1829 1
678 1835 1
678 1840 1
678 1843 1
678 1845 1
678 1850 1
678 1861 1
678 1863 1
678 1865 1
678 1867 1
678 1878 1
678 1879 1
678 1885 1
678 1886 1
678 1893 1
678 1896 1
678 1898 1
678 1905 1
678 1906 1
678 1922 1
678 1923 1
678 1924 1
678 1926 1
678 1928 1
678 1929 1
678 1934 1
678 1935 1
678 1941 1
678 1942 1
678 1948 1
678 1949 1
678 1956 1
678 1960 1
678 1966 1
678 1968 1
678 1969 1
678 1970 1
678 1990 1
678 1996 1
678 2002 1
678 2003 1
678 2008 1
678 2009 1
678 2011 1
678 2013 1
678 2017 1
678 2030 1
678 2031 1
678 2032 1
678 2035 1
678 2039 1
678 2041 1
678 2046 1
678 2048 1
679 1 1
679 2 1
679 13 1
679 22 1
679 23 1
679 31 1
679 65 1
679 73 1
679 83 1
679 87 1
679 95 1
679 98 1
679 99 1
679 102 1
679 104 1
679 106 1
679 119 1
679 120 1
679 122 1
679 126 1
679 131 1
679 133 1
679 141 1
679 147 1
679 151 1
679 152 1
679 159 1
679 162 1
679 163 1
679 166 1
679 171 1
679 180 1
679 182 1
679 186 1
679 190 1
679 193 1
679 198 1
679 206 1
679 208 1
679 216 1
679 226 1
679 236 1
679 237 1
679 242 1
679 244 1
679 252 1
679 268 1
679 269 1
679 277 1
679 282 1
679 287 1
679 289 1
679 290 1
679 295 1
679 304 1
679 316 1
679 319 1
679 338 1
679 345 1
679 356 1
679 360 1
679 375 1
679 376 1
679 388 1
679 389 1
679 390 1
679 391 1
679 395 1
679 401 1
679 407 1
679 413 1
679 414 1
679 435 1
679 454 1
679 460 1
679 465 1
679 467 1
679 468 1
679 472 1
679 476 1
679 485 1
679 492 1
679 503 1
679 507 1
679 520 1
679 523 1
679 537 1
679 542 1
679 545 1
679 546 1
679 574 1
679 577 1
679 582 1
679 586 1
679 588 1
679 590 1
679 594 1
679 603 1
679 604 1
679 607 1
679 616 1
679 625 1
679 626 1
679 640 1
679 641 1
679 645 1
679 653 1
679 657 1
679 659 1
679 660 1
679 699 1
679 706 1
679 710 1
679 732 1
679 736 1
679 739 1
679 756 1
679 757 1
679 760 1
679 763 1
679 766 1
679 767 1
679 772 1
679 773 1
679 786 1
679 804 1
679 805 1
679 809 1
679 813 1
679 815 1
679 817 1
679 828 1
679 837 1
679 838 1
679 841 1
679 844 1
679 845 1
679 863 1
679 873 1
679 900 1
679 905 1
679 918 1
679 929 1
679 939 1
679 944 1
679 961 1
679 962 1
679 963 1
679 970 1
679 972 1
679 973 1
679 974 1
679 981 1
679 982 1
679 987 1
679 989 1
679 993 1
679 997 1
679 999 1
679 1006 1
679 1018 1
679 1020 1
679 1024 1
679 1033 1
679 1036 1
679 1047 1
679 1055 1
679 1058 1
679 1060 1
679 1061 1
679 1062 1
679 1064 1
679 1065 1
679 1069 1
679 1078 1
679 1083 1
679 1084 1
679 1102 1
679 1106 1
679 1120 1
679 1121 1
679 1129 1
679 1133 1
679 1136 1
679 1138 1
679 1139 1
679 1140 1
679 1141 1
679 1143 1
679 1152 1
679 1153 1
679 1163 1
679 1166 1
679 1169 1
679 1180 1
679 1185 1
679 1189 1
679 1190 1
679 1197 1
679 1208 1
679 1211 1
679 1217 1
679 1235 1
679 1239 1
679 1240 1
679 1249 1
679 1252 1
679 1255 1
679 1257 1
679 1258 1
679 1261 1
679 1267 1
679 1279 1
679 1281 1
679 1289 1
679 1294 1
679 1295 1
679 1296 1
679 1303 1
679 1305 1
679 1307 1
679 1316 1
679 1321 1
679 1323 1
679 1324 1
679 1327 1
679 1331 1
679 1332 1
679 1340 1
679 1341 1
679 1352 1
679 1353 1
679 1361 1
679 1362 1
679 1368 1
679 1380 1
679 1384 1
679 1387 1
679 1394 1
679 1401 1
679 1402 1
679 1403 1
679 1405 1
679 1406 1
679 1408 1
679 1409 1
679 1426 1
679 1429 1
679 1430 1
679 1432 1
679 1435 1
679 1444 1
679 1445 1
679 1452 1
679 1457 1
679 1462 1
679 1464 1
679 1470 1
679 1474 1
679 1478 1
679 1480 1
679 1481 1
679 1491 1
679 1503 1
679 1505 1
679 1507 1
679 1513 1
679 1516 1
679 1524 1
679 1526 1
679 1530 1
679 1532 1
679 1555 1
679 1573 1
679 1584 1
679 1586 1
679 1591 1
679 1594 1
679 1598 1
679 1604 1
679 1610 1
679 1613 1
679 1619 1
679 1629 1
679 1637 1
679 1644 1
679 1645 1
679 1652 1
679 1655 1
679 1658 1
679 1666 1
679 1672 1
679 1681 1
679 1683 1
679 1687 1
679 1688 1
679 1690 1
679 1693 1
679 1696 1
679 1702 1
679 1710 1
679 1714 1
679 1716 1
679 1736 1
679 1738 1
679 1747 1
679 1752 1
679 1758 1
679 1762 1
679 1772 1
679 1775 1
679 1778 1
679 1781 1
679 1787 1
679 1795 1
679 1800 1
679 1801 1
679 1804 1
679 1809 1
679 1812 1
679 1813 1
679 1816 1
679 1823 1
679 1824 1
679 1828 1
679 1831 1
679 1837 1
679 1838 1
679 1844 1
679 1858 1
679 1868 1
679 1874 1
679 1884 1
679 1901 1
679 1908 1
679 1911 1
679 1921 1
679 1932 1
679 1938 1
679 1939 1
679 1943 1
679 1945 1
679 1962 1
679 1967 1
679 1977 1
679 1980 1
679 1981 1
679 1985 1
679 1986 1
679 1987 1
679 1993 1
679 1997 1
679 1999 1
679 2000 1
679 2004 1
679 2007 1
679 2034 1
679 2042 1
679 2043 1
680 4 1
680 16 1
680 48 1
680 60 1
680 64 1
680 74 1
680 79 1
680 121 1
680 153 1
680 167 1
680 172 1
680 175 1
680 184 1
680 187 1
680 220 1
680 259 1
680 263 1
680 273 1
680 281 1
680 302 1
680 318 1
680 323 1
680 326 1
680 340 1
680 342 1
680 361 1
680 365 1
680 373 1
680 385 1
680 411 1
680 417 1
680 436 1
680 459 1
680 484 1
680 491 1
680 493 1
680 535 1
680 543 1
680 551 1
680 563 1
680 595 1
680 598 1
680 602 1
680 621 1
680 628 1
680 632 1
680 639 1
680 642 1
680 671 1
680 673 1
680 678 1
680 716 1
680 718 1
680 727 1
680 741 1
680 743 1
680 750 1
680 754 1
680 758 1
680 769 1
680 789 1
680 823 1
680 824 1
680 839 1
680 840 1
680 853 1
680 856 1
680 860 1
680 881 1
680 894 1
680 904 1
680 910 1
680 911 1
680 921 1
680 922 1
680 936 1
680 943 1
680 966 1
680 1027 1
680 1034 1
680 1038 1
680 1044 1
680 1053 1
680 1076 1
680 1080 1
680 1085 1
680 1113 1
680 1155 1
680 1156 1
680 1157 1
680 1174 1
680 1176 1
680 1183 1
680 1187 1
680 1223 1
680 1228 1
680 1243 1
680 1246 1
680 1247 1
680 1270 1
680 1272 1
680 1280 1
680 1286 1
680 1317 1
680 1334 1
680 1344 1
680 1350 1
680 1381 1
680 1390 1
680 1391 1
680 1393 1
680 1414 1
680 1415 1
680 1416 1
680 1420 1
680 1423 1
680 1451 1
680 1475 1
680 1492 1
680 1504 1
680 1511 1
680 1520 1
680 1587 1
680 1634 1
680 1646 1
680 1669 1
680 1671 1
680 1678 1
680 1719 1
680 1725 1
680 1727 1
680 1741 1
680 1749 1
680 1784 1
680 1794 1
680 1814 1
680 1826 1
680 1832 1
680 1859 1
680 1873 1
680 1881 1
680 1882 1
680 1899 1
680 1913 1
680 1925 1
680 1940 1
680 1952 1
680 1955 1
680 1957 1
680 1959 1
680 1974 1
680 1991 1
680 2020 1
680 2026 1
680 2037 1
680 2040 1
681 55 1
681 61 1
681 63 1
681 88 1
681 94 1
681 174 1
681 185 1
681 188 1
681 205 1
681 261 1
681 311 1
681 317 1
681 328 1
681 350 1
681 364 1
681 478 1
681 540 1
681 583 1
681 643 1
681 654 1
681 686 1
681 764 1
681 794 1
681 796 1
681 798 1
681 861 1
681 867 1
681 872 1
681 882 1
681 897 1
681 931 1
681 958 1
681 1095 1
681 1149 1
681 1184 1
681 1195 1
681 1233 1
681 1260 1
681 1336 1
681 1392 1
681 1440 1
681 1465 1
681 1466 1
681 1490 1
681 1550 1
681 1552 1
681 1583 1
681 1621 1
681 1642 1
681 1676 1
681 1677 1
681 1684 1
681 1731 1
681 1742 1
681 1756 1
681 1764 1
681 1766 1
681 1797 1
681 1819 1
681 1871 1
681 1880 1
681 1944 1
682 19 1
682 33 1
682 78 1
682 97 1
682 173 1
682 178 1
682 210 1
682 245 1
682 250 1
682 256 1
682 278 1
682 296 1
682 297 1
682 349 1
682 387 1
682 402 1
682 456 1
682 479 1
682 504 1
682 564 1
682 631 1
682 675 1
682 684 1
682 688 1
682 702 1
682 722 1
682 759 1
682 785 1
682 854 1
682 934 1
682 1015 1
682 1037 1
682 1101 1
682 1117 1
682 1127 1
682 1142 1
682 1148 1
682 1171 1
682 1213 1
682 1278 1
682 1383 1
682 1523 1
682 1571 1
682 1595 1
682 1638 1
682 1657 1
682 1664 1
682 1701 1
682 1734 1
682 1750 1
682 1834 1
682 1907 1
682 1914 1
682 1947 1
683 36 1
683 48 1
683 70 1
683 347 1
683 416 1
683 423 1
683 461 1
683 518 1
683 700 1
683 787 1
683 915 1
683 1040 1
683 1118 1
683 1160 1
683 1181 1
683 1404 1
683 1428 1
683 1472 1
683 1685 1
683 1779 1
683 1852 1
683 1853 1
683 1869 1
683 1891 1
683 1983 1
683 2044 1
684 81 1
684 145 1
684 445 1
684 553 1
684 1068 1
684 1216 1
684 1347 1
684 1417 1
684 1438 1
684 1533 1
684 1870 1
684 2029 1
685 73 1
685 75 1
685 351 1
685 427 1
685 438 1
685 729 1
685 955 1
685 1073 1
685 1144 1
685 1313 1
685 1357 1
685 1548 1
685 1572 1
685 1769 1
685 1811 1
685 1953 1
686 230 1
686 579 1
686 800 1
686 830 1
686 1609 1
686 1686 1
686 1706 1
686 1857 1
687 6 1
687 394 1
687 490 1
687 733 1
687 799 1
687 831 1
687 862 1
687 1535 1
687 1730 1
687 1892 1
687 1916 1
688 45 1
688 82 1
688 570 1
688 715 1
688 864 1
688 906 1
688 1461 1
688 1588 1
689 49 1
689 233 1
689 243 1
689 355 1
689 444 1
689 587 1
689 810 1
689 902 1
689 1098 1
689 1128 1
689 1147 1
689 1154 1
689 1168 1
689 1292 1
689 1314 1
689 1721 1
689 1732 1
689 1876 1
689 1888 1
689 1927 1
689 2045 1
690 81 1
690 140 1
690 150 1
690 177 1
690 224 1
690 313 1
690 380 1
690 470 1
690 488 1
690 533 1
690 559 1
690 568 1
690 584 1
690 585 1
690 630 1
690 637 1
690 709 1
690 746 1
690 777 1
690 802 1
690 816 1
690 842 1
690 884 1
690 913 1
690 942 1
690 975 1
690 978 1
690 988 1
690 992 1
690 1049 1
690 1079 1
690 1205 1
690 1322 1
690 1337 1
690 1358 1
690 1363 1
690 1378 1
690 1388 1
690 1434 1
690 1453 1
690 1476 1
690 1568 1
690 1580 1
690 1628 1
690 1656 1
690 1673 1
690 1720 1
690 1798 1
690 1839 1
690 1877 1
690 1954 1
690 1994 1
690 2047 1
691 51 1
691 64 1
691 79 1
691 748 1
692 79 1
693 72 1
693 73 1
693 78 1
694 63 1
694 72 1
695 43 1
695 47 1
695 70 1
696 81 1
697 49 1
698 43 1
699 54 1
700 59 1
700 78 1
701 47 1
702 70 1
703 52 1
704 56 1
705 45 1
706 64 1
707 48 1
708 80 1
709 75 1
710 57 1
710 75 1
711 62 1
711 74 1
712 64 1
713 48 1
715 71 1
716 48 1
716 59 1
717 50 1
718 58 1
720 48 1
721 50 1
721 75 1
724 1875 1
725 76 1
725 622 1
726 63 1
727 57 1
727 1519 1
728 42 1
729 15 1
729 77 1
730 576 1
731 422 1
731 1830 1
732 62 1
732 71 1
734 44 1
734 75 1
734 457 1
734 1677 1
735 82 1
737 42 1
737 79 1
738 74 1
739 44 1
739 53 1
739 1822 1
740 1620 1
741 75 1
741 237 1
741 783 1
742 1018 1
742 1447 1
742 1541 1
742 1545 1
742 1876 1
743 65 1
743 264 1
743 788 1
743 883 1
743 1484 1
743 1531 1
743 1958 1
744 45 1
744 58 1
744 421 1
744 849 1
744 1556 1
744 1659 1
745 407 1
745 532 1
745 651 1
745 916 1
745 1008 1
745 1047 1
745 1894 1
745 1975 1
745 1995 1
746 372 1
746 627 1
746 638 1
746 724 1
746 1046 1
746 1212 1
746 1437 1
746 1485 1
746 1964 1
747 38 1
747 68 1
747 618 1
747 1068 1
747 1786 1
748 76 1
748 300 1
748 1508 1
748 1821 1
749 24 1
749 37 1
749 54 1
749 57 1
749 76 1
749 109 1
749 231 1
749 646 1
749 847 1
749 1161 1
750 50 1
750 72 1
750 562 1
750 625 1
750 722 1
750 1651 1
750 1779 1
750 2048 0
