1 4 1
1 9 1
1 31 1
1 42 1
1 58 1
1 95 1
1 191 1
1 207 1
1 223 1
1 259 1
1 261 1
1 276 1
1 287 1
1 292 1
1 304 1
1 339 1
1 367 1
1 384 1
1 398 1
1 408 1
1 449 1
1 484 1
1 493 1
1 533 1
1 566 1
1 595 1
1 662 1
1 665 1
1 756 1
1 794 1
1 806 1
1 894 1
1 901 1
1 929 1
1 951 1
1 954 1
1 1029 1
1 1055 1
1 1127 1
1 1262 1
1 1270 1
1 1288 1
1 1338 1
1 1349 1
1 1400 1
1 1403 1
1 1415 1
1 1417 1
1 1480 1
1 1552 1
1 1593 1
1 1595 1
1 1602 1
1 1626 1
1 1634 1
1 1849 1
1 1957 1
1 1971 1
1 1976 1
1 1984 1
1 2030 1
2 29 1
2 43 1
2 107 1
2 117 1
2 187 1
2 210 1
2 221 1
2 273 1
2 312 1
2 397 1
2 427 1
2 433 1
2 439 1
2 472 1
2 479 1
2 480 1
2 512 1
2 521 1
2 525 1
2 570 1
2 571 1
2 584 1
2 676 1
2 683 1
2 703 1
2 729 1
2 744 1
2 749 1
2 792 1
2 848 1
2 876 1
2 957 1
2 972 1
2 1015 1
2 1066 1
2 1072 1
2 1089 1
2 1090 1
2 1102 1
2 1115 1
2 1128 1
2 1149 1
2 1151 1
2 1170 1
2 1200 1
2 1236 1
2 1268 1
2 1321 1
2 1456 1
2 1580 1
2 1582 1
2 1584 1
2 1603 1
2 1618 1
2 1655 1
2 1811 1
2 1816 1
2 1860 1
2 1887 1
2 1891 1
2 1999 1
2 2048 1
3 5 1
3 82 1
3 126 1
3 135 1
3 168 1
3 177 1
3 268 1
3 374 1
3 406 1
3 426 1
3 497 1
3 516 1
3 529 1
3 537 1
3 538 1
3 557 1
3 611 1
3 670 1
3 741 1
3 777 1
3 828 1
3 832 1
3 861 1
3 934 1
3 995 1
3 1003 1
3 1060 1
3 1075 1
3 1094 1
3 1105 1
3 1126 1
3 1146 1
3 1215 1
3 1231 1
3 1336 1
3 1366 1
3 1386 1
3 1437 1
3 1472 1
3 1493 1
3 1504 1
3 1530 1
3 1532 1
3 1659 1
3 1707 1
3 1720 1
3 1743 1
3 1770 1
3 1820 1
3 1825 1
3 1851 1
3 1879 1
3 1907 1
3 1945 1
3 2007 1
3 2018 1
4 66 1
4 111 1
4 157 1
4 245 1
4 262 1
4 415 1
4 422 1
4 438 1
4 492 1
4 560 1
4 573 1
4 635 1
4 796 1
4 867 1
4 882 1
4 988 1
4 1010 1
4 1050 1
4 1058 1
4 1068 1
4 1078 1
4 1132 1
4 1217 1
4 1297 1
4 1304 1
4 1390 1
4 1466 1
4 1645 1
4 1709 1
4 1731 1
4 1845 1
4 1895 1
4 2036 1
4 2044 1
4 2045 1
5 8 1
5 15 1
5 293 1
5 378 1
5 428 1
5 498 1
5 502 1
5 623 1
5 647 1
5 862 1
5 1043 1
5 1138 1
5 1163 1
5 1206 1
5 1233 1
5 1549 1
5 1553 1
5 1575 1
5 1636 1
5 1651 1
5 1695 1
5 1701 1
5 1719 1
5 1752 1
5 1856 1
5 1935 1
5 1996 1
5 2024 1
6 10 1
6 65 1
6 202 1
6 286 1
6 452 1
6 539 1
6 716 1
6 817 1
6 952 1
6 992 1
6 1111 1
6 1246 1
6 1310 1
6 1393 1
6 1592 1
6 1601 1
6 1649 1
6 1775 1
6 1836 1
6 1937 1
6 1939 1
6 1961 1
7 22 1
7 30 1
7 33 1
7 336 1
7 833 1
7 903 1
7 1076 1
7 1176 1
7 1192 1
7 1266 1
7 1277 1
7 1301 1
7 1401 1
7 1664 1
7 2031 1
8 2 1
8 3 1
8 45 1
8 466 1
8 485 1
8 1100 1
8 1358 1
8 1369 1
8 1370 1
8 2025 1
9 1 1
9 38 1
9 401 1
9 534 1
9 830 1
9 1188 1
9 1389 1
9 1435 1
9 1656 1
9 1760 1
9 1801 1
9 1864 1
9 1867 1
9 1920 1
10 4 1
10 34 1
10 263 1
10 667 1
10 931 1
10 944 1
10 1038 1
10 1271 1
11 514 1
11 1155 1
11 1318 1
11 1499 1
12 21 1
12 27 1
12 47 1
12 231 1
12 421 1
12 1364 1
12 1548 1
12 1676 1
13 28 1
13 31 1
13 56 1
13 307 1
13 366 1
13 547 1
13 591 1
13 837 1
13 965 1
13 1191 1
13 1201 1
13 1483 1
13 1818 1
13 1846 1
13 1982 1
14 114 1
14 310 1
14 400 1
14 605 1
14 632 1
14 935 1
14 1071 1
14 1267 1
14 1344 1
14 1507 1
14 1524 1
14 1640 1
14 1646 1
14 1970 1
14 2010 1
15 20 1
15 52 1
15 62 1
15 71 1
15 105 1
15 127 1
15 248 1
15 322 1
15 345 1
15 389 1
15 405 1
15 536 1
15 588 1
15 612 1
15 657 1
15 738 1
15 840 1
15 856 1
15 860 1
15 875 1
15 887 1
15 948 1
15 996 1
15 1016 1
15 1019 1
15 1023 1
15 1197 1
15 1198 1
15 1239 1
15 1251 1
15 1276 1
15 1309 1
15 1326 1
15 1327 1
15 1337 1
15 1432 1
15 1513 1
15 1522 1
15 1597 1
15 1643 1
15 1697 1
15 1756 1
15 1794 1
15 1833 1
16 6 1
16 12 1
16 28 1
16 46 1
16 102 1
16 118 1
16 164 1
16 181 1
16 205 1
16 213 1
16 249 1
16 250 1
16 256 1
16 269 1
16 313 1
16 316 1
16 335 1
16 364 1
16 370 1
16 431 1
16 481 1
16 487 1
16 489 1
16 506 1
16 522 1
16 528 1
16 541 1
16 548 1
16 556 1
16 580 1
16 608 1
16 638 1
16 660 1
16 669 1
16 768 1
16 779 1
16 912 1
16 915 1
16 925 1
16 943 1
16 964 1
16 969 1
16 986 1
16 990 1
16 993 1
16 1011 1
16 1027 1
16 1037 1
16 1080 1
16 1095 1
16 1120 1
16 1158 1
16 1228 1
16 1238 1
16 1264 1
16 1279 1
16 1293 1
16 1298 1
16 1372 1
16 1391 1
16 1441 1
16 1458 1
16 1508 1
16 1516 1
16 1525 1
16 1551 1
16 1559 1
16 1572 1
16 1588 1
16 1609 1
16 1625 1
16 1652 1
16 1668 1
16 1671 1
16 1672 1
16 1678 1
16 1694 1
16 1702 1
16 1708 1
16 1714 1
16 1718 1
16 1724 1
16 1765 1
16 1772 1
16 1848 1
16 1854 1
16 1866 1
16 1868 1
16 1892 1
16 1898 1
16 1934 1
16 1977 1
16 2012 1
16 2033 1
16 2037 1
16 2041 1
17 6 1
17 35 1
17 60 1
17 79 1
17 85 1
17 122 1
17 162 1
17 173 1
17 226 1
17 227 1
17 228 1
17 238 1
17 255 1
17 266 1
17 272 1
17 274 1
17 285 1
17 324 1
17 338 1
17 381 1
17 390 1
17 411 1
17 448 1
17 499 1
17 508 1
17 518 1
17 532 1
17 563 1
17 572 1
17 596 1
17 598 1
17 604 1
17 620 1
17 627 1
17 629 1
17 634 1
17 650 1
17 654 1
17 721 1
17 723 1
17 735 1
17 766 1
17 783 1
17 787 1
17 795 1
17 822 1
17 880 1
17 888 1
17 917 1
17 918 1
17 974 1
17 1004 1
17 1034 1
17 1035 1
17 1040 1
17 1059 1
17 1085 1
17 1097 1
17 1142 1
17 1157 1
17 1162 1
17 1169 1
17 1181 1
17 1214 1
17 1226 1
17 1232 1
17 1257 1
17 1291 1
17 1333 1
17 1340 1
17 1350 1
17 1380 1
17 1394 1
17 1409 1
17 1412 1
17 1419 1
17 1426 1
17 1452 1
17 1459 1
17 1461 1
17 1464 1
17 1467 1
17 1520 1
17 1526 1
17 1539 1
17 1565 1
17 1566 1
17 1596 1
17 1607 1
17 1621 1
17 1628 1
17 1662 1
17 1675 1
17 1687 1
17 1691 1
17 1699 1
17 1703 1
17 1733 1
17 1735 1
17 1758 1
17 1773 1
17 1784 1
17 1785 1
17 1793 1
17 1841 1
17 1850 1
17 1858 1
17 1870 1
17 1875 1
17 1929 1
17 1933 1
17 1947 1
17 1975 1
17 1978 1
17 1983 1
17 1995 1
17 2011 1
17 2043 1
18 1 1
18 11 1
18 16 1
18 41 1
18 51 1
18 55 1
18 100 1
18 139 1
18 143 1
18 151 1
18 186 1
18 195 1
18 196 1
18 235 1
18 265 1
18 291 1
18 300 1
18 311 1
18 321 1
18 327 1
18 349 1
18 357 1
18 371 1
18 377 1
18 382 1
18 412 1
18 444 1
18 464 1
18 474 1
18 476 1
18 478 1
18 490 1
18 505 1
18 517 1
18 582 1
18 607 1
18 609 1
18 619 1
18 622 1
18 642 1
18 652 1
18 656 1
18 661 1
18 666 1
18 687 1
18 693 1
18 736 1
18 758 1
18 762 1
18 769 1
18 807 1
18 811 1
18 813 1
18 815 1
18 827 1
18 834 1
18 851 1
18 863 1
18 870 1
18 874 1
18 905 1
18 916 1
18 919 1
18 945 1
18 1036 1
18 1070 1
18 1083 1
18 1118 1
18 1123 1
18 1150 1
18 1213 1
18 1244 1
18 1245 1
18 1278 1
18 1289 1
18 1347 1
18 1359 1
18 1421 1
18 1450 1
18 1462 1
18 1463 1
18 1475 1
18 1537 1
18 1554 1
18 1569 1
18 1571 1
18 1589 1
18 1629 1
18 1631 1
18 1637 1
18 1660 1
18 1688 1
18 1711 1
18 1727 1
18 1739 1
18 1742 1
18 1745 1
18 1754 1
18 1767 1
18 1788 1
18 1789 1
18 1805 1
18 1834 1
18 1839 1
18 1853 1
18 1871 1
18 1880 1
18 1938 1
18 1949 1
18 1953 1
18 1967 1
18 1990 1
18 2004 1
18 2026 1
18 2034 1
19 1 1
19 37 1
19 67 1
19 121 1
19 125 1
19 163 1
19 182 1
19 184 1
19 200 1
19 219 1
19 233 1
19 237 1
19 247 1
19 271 1
19 278 1
19 282 1
19 301 1
19 309 1
19 361 1
19 363 1
19 368 1
19 385 1
19 387 1
19 425 1
19 455 1
19 457 1
19 494 1
19 554 1
19 555 1
19 592 1
19 600 1
19 685 1
19 704 1
19 711 1
19 733 1
19 760 1
19 784 1
19 820 1
19 871 1
19 942 1
19 998 1
19 1049 1
19 1057 1
19 1161 1
19 1172 1
19 1175 1
19 1194 1
19 1208 1
19 1259 1
19 1265 1
19 1294 1
19 1295 1
19 1299 1
19 1307 1
19 1324 1
19 1362 1
19 1376 1
19 1378 1
19 1420 1
19 1438 1
19 1505 1
19 1541 1
19 1555 1
19 1556 1
19 1562 1
19 1585 1
19 1606 1
19 1617 1
19 1648 1
19 1665 1
19 1684 1
19 1685 1
19 1751 1
19 1757 1
19 1777 1
19 1819 1
19 1823 1
19 1830 1
19 1857 1
19 1903 1
19 1924 1
19 1936 1
19 1944 1
19 1952 1
19 1988 1
19 2039 1
20 33 1
20 59 1
20 88 1
20 119 1
20 123 1
20 136 1
20 152 1
20 183 1
20 209 1
20 236 1
20 264 1
20 342 1
20 365 1
20 437 1
20 491 1
20 626 1
20 679 1
20 681 1
20 688 1
20 696 1
20 730 1
20 740 1
20 748 1
20 843 1
20 847 1
20 899 1
20 932 1
20 960 1
20 1052 1
20 1056 1
20 1116 1
20 1119 1
20 1148 1
20 1153 1
20 1154 1
20 1253 1
20 1255 1
20 1256 1
20 1263 1
20 1329 1
20 1518 1
20 1550 1
20 1558 1
20 1564 1
20 1622 1
20 1704 1
20 1706 1
20 1717 1
20 1721 1
20 1737 1
20 1803 1
20 1813 1
20 1884 1
20 1911 1
20 1926 1
20 1963 1
20 1994 1
21 2 1
21 124 1
21 167 1
21 174 1
21 296 1
21 369 1
21 392 1
21 453 1
21 515 1
21 574 1
21 578 1
21 615 1
21 695 1
21 699 1
21 764 1
21 854 1
21 940 1
21 949 1
21 1005 1
21 1018 1
21 1069 1
21 1082 1
21 1112 1
21 1280 1
21 1308 1
21 1397 1
21 1469 1
21 1482 1
21 1501 1
21 1563 1
21 1653 1
21 1679 1
21 1693 1
21 1725 1
21 1726 1
21 1922 1
21 1992 1
22 3 1
22 91 1
22 355 1
22 388 1
22 618 1
22 646 1
22 691 1
22 701 1
22 713 1
22 907 1
22 979 1
22 989 1
22 1186 1
22 1339 1
22 1379 1
22 1382 1
22 1399 1
22 1423 1
22 1495 1
22 1531 1
22 1570 1
22 1715 1
22 1885 1
22 1908 1
22 1921 1
22 1993 1
22 2014 1
23 24 1
23 35 1
23 133 1
23 142 1
23 172 1
23 303 1
23 393 1
23 544 1
23 865 1
23 955 1
23 959 1
23 999 1
23 1014 1
23 1099 1
23 1182 1
23 1334 1
23 1605 1
23 1810 1
23 1902 1
23 1918 1
24 17 1
24 96 1
24 178 1
24 201 1
24 246 1
24 531 1
24 710 1
24 743 1
24 788 1
24 812 1
24 906 1
24 1017 1
24 1342 1
24 1406 1
24 1485 1
24 1519 1
24 1542 1
24 1624 1
24 1893 1
24 1966 1
25 11 1
25 80 1
25 146 1
25 299 1
25 708 1
25 781 1
25 785 1
25 1211 1
25 1313 1
25 1355 1
25 1365 1
25 1384 1
25 1574 1
25 1681 1
26 48 1
26 165 1
26 217 1
26 333 1
26 343 1
26 653 1
26 675 1
26 755 1
26 914 1
26 1086 1
26 1202 1
26 1913 1
26 1997 1
27 28 1
27 509 1
27 1287 1
27 1374 1
27 1476 1
27 1647 1
27 1680 1
28 8 1
28 25 1
28 33 1
28 128 1
28 331 1
28 424 1
28 1109 1
28 1600 1
28 1716 1
28 1931 1
28 1958 1
29 70 1
29 77 1
29 380 1
29 527 1
29 717 1
29 720 1
29 973 1
29 1030 1
29 1063 1
29 1195 1
29 1284 1
29 1345 1
29 1446 1
29 1521 1
29 1778 1
29 1792 1
29 1842 1
29 1896 1
30 6 1
30 53 1
30 140 1
30 362 1
30 394 1
30 510 1
30 545 1
30 568 1
30 587 1
30 689 1
30 763 1
30 878 1
30 928 1
30 961 1
30 1000 1
30 1025 1
30 1173 1
30 1199 1
30 1282 1
30 1290 1
30 1377 1
30 1425 1
30 1515 1
30 1540 1
30 1614 1
30 1755 1
30 1786 1
30 1800 1
30 1829 1
30 1969 1
30 2008 1
30 2016 1
31 31 1
31 32 1
31 44 1
31 72 1
31 78 1
31 86 1
31 130 1
31 149 1
31 153 1
31 161 1
31 171 1
31 180 1
31 188 1
31 204 1
31 253 1
31 294 1
31 297 1
31 308 1
31 315 1
31 318 1
31 320 1
31 332 1
31 356 1
31 403 1
31 441 1
31 451 1
31 460 1
31 463 1
31 500 1
31 519 1
31 524 1
31 526 1
31 561 1
31 593 1
31 603 1
31 640 1
31 645 1
31 674 1
31 684 1
31 737 1
31 746 1
31 751 1
31 757 1
31 759 1
31 761 1
31 778 1
31 819 1
31 823 1
31 825 1
31 836 1
31 839 1
31 842 1
31 845 1
31 855 1
31 859 1
31 868 1
31 877 1
31 924 1
31 937 1
31 953 1
31 968 1
31 975 1
31 976 1
31 983 1
31 997 1
31 1007 1
31 1012 1
31 1065 1
31 1073 1
31 1077 1
31 1093 1
31 1103 1
31 1121 1
31 1122 1
31 1131 1
31 1136 1
31 1166 1
31 1177 1
31 1187 1
31 1229 1
31 1273 1
31 1305 1
31 1312 1
31 1319 1
31 1354 1
31 1388 1
31 1396 1
31 1402 1
31 1427 1
31 1429 1
31 1439 1
31 1440 1
31 1455 1
31 1489 1
31 1500 1
31 1511 1
31 1577 1
31 1673 1
31 1677 1
31 1690 1
31 1705 1
31 1732 1
31 1769 1
31 1771 1
31 1798 1
31 1869 1
31 1878 1
31 1890 1
31 1914 1
31 1948 1
31 1960 1
31 1964 1
31 1979 1
31 2005 1
31 2006 1
31 2017 1
31 2046 1
32 98 1
32 104 1
32 110 1
32 158 1
32 206 1
32 214 1
32 224 1
32 239 1
32 240 1
32 254 1
32 281 1
32 283 1
32 284 1
32 305 1
32 319 1
32 341 1
32 346 1
32 353 1
32 396 1
32 416 1
32 420 1
32 445 1
32 446 1
32 461 1
32 470 1
32 483 1
32 488 1
32 496 1
32 511 1
32 530 1
32 550 1
32 552 1
32 553 1
32 565 1
32 569 1
32 579 1
32 586 1
32 597 1
32 624 1
32 633 1
32 637 1
32 655 1
32 672 1
32 680 1
32 686 1
32 692 1
32 702 1
32 732 1
32 767 1
32 802 1
32 803 1
32 810 1
32 818 1
32 829 1
32 844 1
32 849 1
32 853 1
32 858 1
32 869 1
32 873 1
32 884 1
32 886 1
32 893 1
32 900 1
32 908 1
32 909 1
32 936 1
32 946 1
32 962 1
32 977 1
32 981 1
32 1009 1
32 1044 1
32 1054 1
32 1084 1
32 1117 1
32 1125 1
32 1133 1
32 1140 1
32 1141 1
32 1160 1
32 1164 1
32 1165 1
32 1179 1
32 1196 1
32 1210 1
32 1219 1
32 1222 1
32 1240 1
32 1243 1
32 1248 1
32 1260 1
32 1272 1
32 1283 1
32 1296 1
32 1300 1
32 1306 1
32 1315 1
32 1323 1
32 1328 1
32 1356 1
32 1387 1
32 1404 1
32 1445 1
32 1448 1
32 1453 1
32 1468 1
32 1471 1
32 1474 1
32 1484 1
32 1492 1
32 1502 1
32 1503 1
32 1510 1
32 1512 1
32 1568 1
32 1578 1
32 1594 1
32 1632 1
32 1633 1
32 1639 1
32 1641 1
32 1642 1
32 1650 1
32 1667 1
32 1669 1
32 1670 1
32 1746 1
32 1779 1
32 1780 1
32 1782 1
32 1791 1
32 1795 1
32 1796 1
32 1797 1
32 1812 1
32 1840 1
32 1847 1
32 1852 1
32 1855 1
32 1859 1
32 1889 1
32 1941 1
32 1956 1
32 1968 1
32 2002 1
32 2013 1
32 2015 1
32 2021 1
32 2022 1
32 2027 1
33 3 1
33 4 1
33 8 1
33 22 1
33 29 1
33 50 1
33 64 1
33 69 1
33 89 1
33 92 1
33 109 1
33 113 1
33 120 1
33 132 1
33 141 1
33 148 1
33 166 1
33 189 1
33 192 1
33 197 1
33 203 1
33 212 1
33 218 1
33 229 1
33 252 1
33 275 1
33 290 1
33 314 1
33 323 1
33 334 1
33 344 1
33 358 1
33 376 1
33 383 1
33 399 1
33 417 1
33 430 1
33 434 1
33 440 1
33 456 1
33 467 1
33 486 1
33 501 1
33 504 1
33 559 1
33 567 1
33 628 1
33 630 1
33 631 1
33 639 1
33 673 1
33 690 1
33 698 1
33 700 1
33 719 1
33 722 1
33 742 1
33 747 1
33 765 1
33 771 1
33 773 1
33 775 1
33 776 1
33 780 1
33 791 1
33 809 1
33 831 1
33 838 1
33 850 1
33 852 1
33 866 1
33 898 1
33 913 1
33 920 1
33 927 1
33 941 1
33 947 1
33 956 1
33 967 1
33 1001 1
33 1032 1
33 1042 1
33 1047 1
33 1051 1
33 1106 1
33 1159 1
33 1167 1
33 1171 1
33 1189 1
33 1230 1
33 1241 1
33 1274 1
33 1281 1
33 1325 1
33 1346 1
33 1360 1
33 1361 1
33 1375 1
33 1385 1
33 1414 1
33 1431 1
33 1454 1
33 1460 1
33 1465 1
33 1481 1
33 1491 1
33 1497 1
33 1506 1
33 1509 1
33 1547 1
33 1557 1
33 1561 1
33 1579 1
33 1590 1
33 1663 1
33 1683 1
33 1689 1
33 1696 1
33 1700 1
33 1712 1
33 1728 1
33 1738 1
33 1748 1
33 1768 1
33 1776 1
33 1828 1
33 1862 1
33 1865 1
33 1873 1
33 1883 1
33 1888 1
33 1906 1
33 1917 1
33 1943 1
33 1959 1
33 1985 1
33 1991 1
33 2000 1
33 2029 1
34 26 1
34 32 1
34 63 1
34 90 1
34 93 1
34 101 1
34 116 1
34 194 1
34 215 1
34 220 1
34 230 1
34 234 1
34 270 1
34 352 1
34 395 1
34 410 1
34 423 1
34 450 1
34 549 1
34 577 1
34 625 1
34 643 1
34 649 1
34 651 1
34 705 1
34 709 1
34 727 1
34 754 1
34 790 1
34 797 1
34 816 1
34 938 1
34 985 1
34 1024 1
34 1028 1
34 1062 1
34 1114 1
34 1143 1
34 1144 1
34 1184 1
34 1185 1
34 1204 1
34 1207 1
34 1227 1
34 1237 1
34 1286 1
34 1314 1
34 1367 1
34 1368 1
34 1411 1
34 1434 1
34 1444 1
34 1449 1
34 1457 1
34 1477 1
34 1538 1
34 1543 1
34 1583 1
34 1599 1
34 1657 1
34 1666 1
34 1747 1
34 1781 1
34 1821 1
34 1837 1
34 1877 1
34 1886 1
34 1897 1
34 1925 1
34 1942 1
34 1946 1
34 1950 1
34 1986 1
34 2042 1
35 17 1
35 39 1
35 74 1
35 87 1
35 94 1
35 108 1
35 147 1
35 154 1
35 198 1
35 222 1
35 232 1
35 267 1
35 340 1
35 372 1
35 391 1
35 523 1
35 576 1
35 613 1
35 648 1
35 677 1
35 682 1
35 739 1
35 753 1
35 805 1
35 872 1
35 911 1
35 930 1
35 958 1
35 1022 1
35 1048 1
35 1218 1
35 1235 1
35 1269 1
35 1598 1
35 1619 1
35 1620 1
35 1741 1
35 1764 1
35 1802 1
35 1832 1
35 1915 1
35 1919 1
35 1955 1
35 1974 1
35 2009 1
36 21 1
36 40 1
36 295 1
36 543 1
36 614 1
36 770 1
36 782 1
36 889 1
36 939 1
36 1074 1
36 1081 1
36 1130 1
36 1152 1
36 1413 1
36 1422 1
36 1529 1
36 1613 1
36 1698 1
36 1815 1
36 1824 1
36 1843 1
36 1980 1
36 1987 1
36 2020 1
36 2023 1
36 2035 1
37 37 1
37 156 1
37 288 1
37 575 1
37 697 1
37 808 1
37 987 1
37 1067 1
37 1343 1
37 1357 1
37 1443 1
37 1514 1
37 1682 1
37 1790 1
37 1799 1
37 1905 1
37 1923 1
38 18 1
38 495 1
38 864 1
38 1002 1
38 1135 1
38 1178 1
38 1872 1
38 1940 1
38 2038 1
39 728 1
39 890 1
39 984 1
39 1168 1
39 1220 1
39 1567 1
39 1581 1
40 883 1
40 1661 1
40 1844 1
41 35 1
41 41 1
41 1045 1
41 1091 1
41 1954 1
42 211 1
42 774 1
42 1351 1
42 1517 1
42 1534 1
42 1644 1
42 1734 1
42 2047 1
43 16 1
43 317 1
43 443 1
43 558 1
43 904 1
43 1088 1
43 1110 1
43 1536 1
43 1894 1
44 10 1
44 160 1
44 241 1
44 610 1
44 636 1
44 706 1
44 714 1
44 1098 1
44 1686 1
44 1822 1
44 1930 1
44 1998 1
44 2028 1
45 17 1
45 279 1
45 354 1
45 402 1
45 414 1
45 432 1
45 465 1
45 468 1
45 471 1
45 513 1
45 589 1
45 641 1
45 663 1
45 715 1
45 921 1
45 923 1
45 1026 1
45 1033 1
45 1046 1
45 1180 1
45 1209 1
45 1224 1
45 1250 1
45 1261 1
45 1352 1
45 1383 1
45 1398 1
45 1405 1
45 1494 1
45 1533 1
45 1608 1
45 1729 1
45 1750 1
45 1766 1
45 1806 1
45 1835 1
45 1912 1
45 1965 1
46 41 1
46 242 1
46 277 1
46 436 1
46 546 1
46 678 1
46 879 1
46 895 1
46 966 1
46 991 1
46 1108 1
46 1320 1
46 1447 1
46 1616 1
46 1627 1
46 1783 1
46 1882 1
47 34 1
47 81 1
47 103 1
47 429 1
47 694 1
47 1174 1
47 1424 1
47 1753 1
47 1808 1
48 1658 1
49 458 1
50 5 1
50 17 1
50 25 1
51 1928 1
52 27 1
52 1316 1
53 18 1
53 40 1
54 25 1
56 9 1
58 12 1
59 38 1
60 13 1
61 32 1
61 39 1
61 1156 1
62 14 1
62 27 1
64 3 1
66 25 1
67 23 1
69 35 1
69 37 1
70 8 1
71 7 1
71 35 1
72 34 1
75 13 1
78 3 1
78 12 1
79 19 1
79 31 1
80 1392 1
80 1900 1
81 57 1
81 226 1
81 1432 1
81 1573 1
81 1592 1
82 16 1
82 41 1
82 73 1
82 225 1
82 1151 1
82 1418 1
82 1809 1
83 24 1
83 37 1
83 243 1
83 1013 1
83 1092 1
83 1366 1
83 1674 1
83 1962 1
83 2008 1
84 276 1
84 278 1
84 480 1
84 800 1
84 1709 1
84 1730 1
84 1932 1
85 298 1
85 528 1
85 537 1
85 994 1
85 1554 1
86 34 1
86 285 1
86 328 1
86 729 1
86 1020 1
86 1021 1
87 31 1
87 1707 1
88 9 1
88 10 1
88 30 1
88 31 1
88 1528 1
89 1190 1
90 5 1
90 7 1
90 13 1
90 27 1
90 1147 1
91 7 1
91 16 1
91 34 1
91 1347 1
92 17 1
92 260 1
93 185 1
93 1139 1
93 1252 1
94 7 1
94 244 1
94 325 1
94 426 1
94 621 1
94 1055 1
94 1079 1
94 1101 1
94 1861 1
95 1 1
95 35 1
95 41 1
95 146 1
95 155 1
95 507 1
95 1015 1
95 1288 1
95 1310 1
95 1638 1
95 1770 1
96 3 1
96 14 1
96 25 1
96 30 1
96 187 1
96 251 1
96 339 1
96 409 1
96 540 1
96 623 1
96 786 1
96 903 1
96 910 1
96 1149 1
96 1203 1
96 1266 1
96 1331 1
96 1531 1
96 1698 1
97 19 1
97 58 1
97 106 1
97 301 1
97 326 1
97 435 1
97 472 1
97 538 1
97 632 1
97 701 1
97 901 1
97 952 1
97 1096 1
97 1254 1
97 1256 1
97 1371 1
97 1408 1
97 1853 1
97 1867 1
98 2 1
98 159 1
98 179 1
98 202 1
98 289 1
98 349 1
98 479 1
98 564 1
98 616 1
98 661 1
98 725 1
98 731 1
98 789 1
98 793 1
98 835 1
98 862 1
98 865 1
98 1010 1
98 1025 1
98 1303 1
98 1334 1
98 1499 1
98 1530 1
98 1589 1
98 1697 1
98 1735 1
98 1933 1
98 1951 1
98 2012 1
98 2041 1
99 12 1
99 18 1
99 142 1
99 364 1
99 412 1
99 418 1
99 475 1
99 497 1
99 828 1
99 898 1
99 986 1
99 1023 1
99 1029 1
99 1068 1
99 1158 1
99 1480 1
99 1527 1
99 1549 1
99 1591 1
99 1706 1
99 1737 1
99 1811 1
99 1813 1
99 1830 1
99 2018 1
100 1245 1
100 1603 1
100 1615 1
100 1784 1
100 1817 1
101 49 1
101 286 1
101 535 1
101 609 1
101 644 1
101 769 1
101 1107 1
101 1111 1
101 1407 1
101 1412 1
101 1586 1
101 1762 1
101 1820 1
101 1823 1
102 3 1
102 31 1
102 261 1
102 824 1
102 982 1
102 1271 1
102 1335 1
102 1532 1
102 1875 1
103 15 1
103 221 1
103 421 1
103 473 1
103 590 1
103 779 1
103 963 1
103 995 1
103 1546 1
104 12 1
104 31 1
104 345 1
104 1929 1
105 18 1
105 24 1
105 26 1
105 131 1
105 359 1
105 1970 1
105 1978 1
106 70 1
106 97 1
106 315 1
106 654 1
106 1410 1
107 6 1
107 7 1
107 362 1
107 1028 1
107 1153 1
108 9 1
108 18 1
108 1330 1
108 1332 1
109 39 1
109 144 1
109 150 1
109 390 1
109 568 1
109 629 1
109 931 1
109 1611 1
109 1668 1
109 1938 1
110 5 1
110 34 1
110 36 1
110 313 1
110 330 1
110 562 1
110 584 1
110 599 1
110 712 1
110 741 1
110 777 1
110 814 1
110 881 1
110 916 1
110 951 1
110 978 1
110 1100 1
110 1221 1
110 1350 1
110 1394 1
110 1623 1
110 1651 1
110 1749 1
110 1804 1
110 1879 1
110 1903 1
111 3 1
111 45 1
111 75 1
111 190 1
111 208 1
111 210 1
111 216 1
111 327 1
111 336 1
111 397 1
111 448 1
111 459 1
111 503 1
111 570 1
111 587 1
111 659 1
111 703 1
111 766 1
111 794 1
111 801 1
111 856 1
111 892 1
111 894 1
111 971 1
111 1031 1
111 1050 1
111 1053 1
111 1064 1
111 1087 1
111 1340 1
111 1358 1
111 1401 1
111 1416 1
111 1472 1
111 1501 1
111 1635 1
111 1659 1
111 1763 1
111 1849 1
111 1904 1
111 2030 1
112 27 1
112 41 1
112 68 1
112 99 1
112 124 1
112 126 1
112 162 1
112 199 1
112 223 1
112 231 1
112 237 1
112 262 1
112 273 1
112 302 1
112 337 1
112 452 1
112 477 1
112 506 1
112 585 1
112 667 1
112 749 1
112 750 1
112 799 1
112 821 1
112 889 1
112 905 1
112 934 1
112 954 1
112 1116 1
112 1126 1
112 1258 1
112 1344 1
112 1486 1
112 1521 1
112 1523 1
112 1545 1
112 1558 1
112 1610 1
112 1617 1
112 1692 1
112 1731 1
112 1736 1
112 1740 1
112 1772 1
112 1834 1
112 1841 1
112 1848 1
112 1871 1
112 1887 1
112 1920 1
112 1982 1
113 4 1
113 26 1
113 52 1
113 60 1
113 62 1
113 76 1
113 84 1
113 102 1
113 117 1
113 152 1
113 177 1
113 280 1
113 321 1
113 367 1
113 392 1
113 417 1
113 525 1
113 551 1
113 556 1
113 604 1
113 605 1
113 615 1
113 622 1
113 692 1
113 724 1
113 734 1
113 756 1
113 804 1
113 822 1
113 826 1
113 860 1
113 929 1
113 972 1
113 992 1
113 1038 1
113 1061 1
113 1095 1
113 1161 1
113 1192 1
113 1233 1
113 1238 1
113 1242 1
113 1255 1
113 1313 1
113 1381 1
113 1470 1
113 1479 1
113 1576 1
113 1612 1
113 1625 1
113 1685 1
113 1754 1
113 1760 1
113 1909 1
113 1916 1
113 1927 1
113 1944 1
113 1949 1
113 1967 1
113 1984 1
113 2016 1
113 2034 1
113 2044 1
114 71 1
114 83 1
114 129 1
114 134 1
114 275 1
114 347 1
114 380 1
114 461 1
114 469 1
114 494 1
114 521 1
114 594 1
114 608 1
114 961 1
114 1058 1
114 1078 1
114 1154 1
114 1155 1
114 1285 1
114 1297 1
114 1341 1
114 1373 1
114 1433 1
114 1496 1
114 1587 1
114 1665 1
114 1723 1
114 1774 1
114 1953 1
114 2036 1
115 7 1
115 95 1
115 107 1
115 193 1
115 259 1
115 266 1
115 268 1
115 270 1
115 454 1
115 485 1
115 529 1
115 722 1
115 759 1
115 760 1
115 827 1
115 846 1
115 875 1
115 897 1
115 907 1
115 917 1
115 957 1
115 1132 1
115 1215 1
115 1246 1
115 1284 1
115 1400 1
115 1420 1
115 1448 1
115 1504 1
115 1672 1
115 1714 1
115 1733 1
115 1876 1
115 2003 1
116 115 1
116 332 1
116 389 1
116 405 1
116 899 1
116 902 1
116 953 1
116 1059 1
116 1102 1
116 1134 1
116 1195 1
116 1236 1
116 1301 1
116 1490 1
116 1595 1
116 1655 1
116 1710 1
116 1826 1
116 1846 1
116 1937 1
116 1966 1
116 1981 1
116 2014 1
117 24 1
117 112 1
117 172 1
117 207 1
117 257 1
117 510 1
117 534 1
117 711 1
117 838 1
117 841 1
117 876 1
117 998 1
117 1105 1
117 1198 1
117 1302 1
117 1311 1
117 1372 1
117 1645 1
117 1684 1
117 1745 1
117 1780 1
117 1863 1
117 2019 1
118 5 1
118 571 1
118 969 1
118 1049 1
118 1162 1
118 1426 1
118 1606 1
118 1901 1
119 314 1
119 439 1
119 976 1
119 1170 1
119 1539 1
119 1761 1
119 1831 1
119 2040 1
120 3 1
120 32 1
120 34 1
120 105 1
120 338 1
120 424 1
120 925 1
120 1212 1
120 1437 1
120 1652 1
121 2 1
121 30 1
121 39 1
121 114 1
121 170 1
121 348 1
121 365 1
121 650 1
121 1759 1
122 23 1
122 248 1
122 922 1
122 945 1
122 1076 1
122 1249 1
122 1353 1
122 1389 1
122 1460 1
122 1664 1
122 1973 1
122 2045 1
123 168 1
123 536 1
123 611 1
123 909 1
124 2 1
124 79 1
124 360 1
124 935 1
124 1163 1
124 1298 1
124 1415 1
124 1461 1
124 1575 1
124 1945 1
124 1972 1
124 2001 1
125 9 1
125 61 1
125 292 1
125 304 1
125 305 1
125 379 1
125 462 1
125 896 1
125 914 1
125 915 1
125 1072 1
125 1148 1
125 1321 1
125 1417 1
125 1562 1
125 1604 1
125 1618 1
125 1630 1
125 1694 1
125 1701 1
125 1881 1
125 1891 1
125 2024 1
126 17 1
126 54 1
126 66 1
126 138 1
126 176 1
126 183 1
126 236 1
126 307 1
126 329 1
126 373 1
126 407 1
126 419 1
126 422 1
126 482 1
126 498 1
126 578 1
126 602 1
126 664 1
126 665 1
126 681 1
126 717 1
126 752 1
126 755 1
126 792 1
126 832 1
126 965 1
126 970 1
126 988 1
126 1066 1
126 1104 1
126 1120 1
126 1124 1
126 1137 1
126 1157 1
126 1188 1
126 1275 1
126 1349 1
126 1376 1
126 1435 1
126 1456 1
126 1487 1
126 1488 1
126 1508 1
126 1544 1
126 1550 1
126 1555 1
126 1560 1
126 1566 1
126 1713 1
126 1722 1
126 1744 1
126 1751 1
126 1765 1
126 1807 1
126 1895 1
126 1976 1
127 15 1
127 35 1
127 36 1
127 39 1
127 42 1
127 43 1
127 46 1
127 111 1
127 137 1
127 139 1
127 169 1
127 255 1
127 272 1
127 351 1
127 395 1
127 398 1
127 400 1
127 404 1
127 411 1
127 447 1
127 493 1
127 516 1
127 541 1
127 569 1
127 581 1
127 638 1
127 660 1
127 662 1
127 666 1
127 726 1
127 776 1
127 788 1
127 807 1
127 815 1
127 823 1
127 857 1
127 871 1
127 882 1
127 948 1
127 973 1
127 1035 1
127 1036 1
127 1043 1
127 1071 1
127 1075 1
127 1082 1
127 1118 1
127 1223 1
127 1231 1
127 1234 1
127 1239 1
127 1276 1
127 1305 1
127 1327 1
127 1363 1
127 1395 1
127 1442 1
127 1466 1
127 1574 1
127 1602 1
127 1607 1
127 1643 1
127 1675 1
127 1681 1
127 1748 1
127 1773 1
127 1775 1
127 1801 1
127 1805 1
127 1838 1
127 1850 1
127 1851 1
127 1858 1
127 1999 1
128 17 1
128 29 1
128 59 1
128 85 1
128 145 1
128 157 1
128 164 1
128 181 1
128 227 1
128 239 1
128 245 1
128 274 1
128 306 1
128 312 1
128 322 1
128 382 1
128 393 1
128 399 1
128 408 1
128 425 1
128 449 1
128 489 1
128 491 1
128 542 1
128 560 1
128 563 1
128 588 1
128 595 1
128 612 1
128 626 1
128 642 1
128 646 1
128 657 1
128 668 1
128 673 1
128 699 1
128 713 1
128 718 1
128 721 1
128 744 1
128 758 1
128 798 1
128 817 1
128 820 1
128 919 1
128 974 1
128 980 1
128 1039 1
128 1094 1
128 1113 1
128 1146 1
128 1191 1
128 1196 1
128 1199 1
128 1228 1
128 1232 1
128 1251 1
128 1294 1
128 1317 1
128 1326 1
128 1338 1
128 1359 1
128 1364 1
128 1368 1
128 1369 1
128 1380 1
128 1386 1
128 1403 1
128 1409 1
128 1425 1
128 1469 1
128 1473 1
128 1522 1
128 1541 1
128 1557 1
128 1578 1
128 1597 1
128 1621 1
128 1624 1
128 1649 1
128 1691 1
128 1711 1
128 1724 1
128 1743 1
128 1796 1
128 1798 1
128 1818 1
128 1827 1
128 1845 1
128 1870 1
128 1897 1
128 1899 1
128 1910 1
128 1914 1
128 1926 1
128 1939 1
128 1961 1
128 1996 1
128 2037 1
128 2039 1
129 2 1
129 72 1
129 100 1
129 121 1
129 122 1
129 175 1
129 220 1
129 224 1
129 233 1
129 249 1
129 283 1
129 353 1
129 377 1
129 384 1
129 386 1
129 431 1
129 478 1
129 484 1
129 520 1
129 532 1
129 539 1
129 543 1
129 580 1
129 582 1
129 634 1
129 635 1
129 669 1
129 708 1
129 716 1
129 723 1
129 768 1
129 805 1
129 861 1
129 870 1
129 873 1
129 891 1
129 893 1
129 926 1
129 940 1
129 943 1
129 1016 1
129 1018 1
129 1052 1
129 1077 1
129 1127 1
129 1129 1
129 1194 1
129 1201 1
129 1270 1
129 1304 1
129 1318 1
129 1322 1
129 1329 1
129 1348 1
129 1356 1
129 1374 1
129 1391 1
129 1441 1
129 1462 1
129 1493 1
129 1516 1
129 1571 1
129 1582 1
129 1637 1
129 1667 1
129 1679 1
129 1680 1
129 1719 1
129 1778 1
129 1794 1
129 1803 1
129 1906 1
129 1907 1
129 1957 1
129 1974 1
129 1979 1
129 2005 1
130 50 1
130 78 1
130 143 1
130 191 1
130 234 1
130 291 1
130 375 1
130 381 1
130 387 1
130 401 1
130 406 1
130 413 1
130 460 1
130 474 1
130 496 1
130 505 1
130 533 1
130 550 1
130 552 1
130 579 1
130 601 1
130 671 1
130 683 1
130 700 1
130 770 1
130 791 1
130 795 1
130 796 1
130 840 1
130 858 1
130 918 1
130 924 1
130 944 1
130 993 1
130 1041 1
130 1056 1
130 1070 1
130 1112 1
130 1114 1
130 1193 1
130 1342 1
130 1393 1
130 1423 1
130 1428 1
130 1439 1
130 1459 1
130 1524 1
130 1646 1
130 1656 1
130 1688 1
130 1708 1
130 1715 1
130 1725 1
130 1739 1
130 1756 1
130 1782 1
130 1786 1
130 1840 1
130 1842 1
130 1934 1
130 1960 1
130 1963 1
130 1975 1
130 1988 1
130 2010 1
130 2011 1
130 2043 1
131 65 1
131 91 1
131 92 1
131 123 1
131 214 1
131 240 1
131 476 1
131 502 1
131 511 1
131 554 1
131 647 1
131 691 1
131 764 1
131 772 1
131 806 1
131 908 1
131 933 1
131 999 1
131 1057 1
131 1097 1
131 1178 1
131 1182 1
131 1206 1
131 1226 1
131 1229 1
131 1277 1
131 1427 1
131 1438 1
131 1482 1
131 1489 1
131 1563 1
131 1626 1
131 1636 1
131 1641 1
131 1653 1
131 1777 1
131 1810 1
131 1814 1
131 1829 1
131 1866 1
131 1884 1
131 1977 1
131 2004 1
132 31 1
132 34 1
132 40 1
132 47 1
132 48 1
132 63 1
132 166 1
132 209 1
132 247 1
132 269 1
132 388 1
132 391 1
132 437 1
132 509 1
132 574 1
132 620 1
132 757 1
132 888 1
132 912 1
132 1138 1
132 1262 1
132 1336 1
132 1355 1
132 1421 1
132 1464 1
132 1565 1
132 1594 1
132 1629 1
132 1720 1
132 1832 1
132 1898 1
132 1958 1
132 2022 1
133 4 1
133 6 1
133 22 1
133 32 1
133 36 1
133 55 1
133 56 1
133 184 1
133 238 1
133 282 1
133 316 1
133 677 1
133 1004 1
133 1005 1
133 1265 1
133 1291 1
133 1323 1
133 1390 1
133 1419 1
133 1477 1
133 1478 1
133 1718 1
133 1947 1
133 2032 1
134 28 1
134 40 1
134 308 1
134 378 1
134 442 1
134 547 1
134 593 1
134 675 1
134 765 1
134 767 1
134 810 1
134 837 1
134 930 1
134 1003 1
134 1011 1
134 1204 1
135 13 1
135 34 1
135 651 1
135 735 1
135 736 1
135 781 1
135 1090 1
135 1142 1
135 1181 1
135 1222 1
135 1593 1
135 1648 1
135 1671 1
135 1677 1
135 1746 1
135 1952 1
135 1995 1
136 1 1
136 258 1
136 733 1
136 1650 1
137 2 1
137 11 1
137 26 1
137 433 1
137 508 1
137 617 1
137 732 1
137 783 1
138 24 1
138 271 1
138 318 1
138 1552 1
138 1741 1
139 28 1
139 128 1
139 167 1
139 246 1
139 374 1
139 518 1
139 557 1
139 719 1
139 747 1
139 1316 1
139 1525 1
139 1564 1
140 19 1
140 29 1
140 133 1
140 196 1
140 204 1
140 428 1
140 487 1
140 544 1
140 658 1
140 684 1
140 707 1
140 950 1
140 960 1
140 1083 1
140 1367 1
140 1445 1
140 1520 1
140 1640 1
140 1824 1
140 1874 1
141 9 1
141 33 1
141 51 1
141 67 1
141 135 1
141 253 1
141 263 1
141 356 1
141 446 1
141 451 1
141 492 1
141 592 1
141 606 1
141 670 1
141 676 1
141 696 1
141 811 1
141 834 1
141 845 1
141 887 1
141 990 1
141 1019 1
141 1060 1
141 1089 1
141 1115 1
141 1172 1
141 1200 1
141 1225 1
141 1264 1
141 1268 1
141 1337 1
141 1451 1
141 1505 1
141 1535 1
141 1584 1
141 1601 1
141 1699 1
141 1726 1
141 1793 1
141 1816 1
141 1856 1
141 1860 1
141 2048 1
142 77 1
142 151 1
142 158 1
142 163 1
142 205 1
142 228 1
142 296 1
142 300 1
142 370 1
142 394 1
142 415 1
142 416 1
142 420 1
142 427 1
142 444 1
142 481 1
142 531 1
142 566 1
142 591 1
142 596 1
142 598 1
142 640 1
142 680 1
142 688 1
142 698 1
142 730 1
142 745 1
142 780 1
142 784 1
142 785 1
142 787 1
142 833 1
142 885 1
142 928 1
142 949 1
142 1001 1
142 1027 1
142 1037 1
142 1042 1
142 1145 1
142 1150 1
142 1197 1
142 1202 1
142 1205 1
142 1217 1
142 1244 1
142 1263 1
142 1280 1
142 1283 1
142 1292 1
142 1293 1
142 1319 1
142 1375 1
142 1446 1
142 1458 1
142 1476 1
142 1485 1
142 1498 1
142 1512 1
142 1526 1
142 1537 1
142 1540 1
142 1548 1
142 1553 1
142 1577 1
142 1588 1
142 1609 1
142 1622 1
142 1634 1
142 1687 1
142 1695 1
142 1702 1
142 1703 1
142 1767 1
142 1785 1
142 1825 1
142 1971 1
142 1983 1
142 1989 1
142 2007 1
142 2033 1
143 26 1
143 44 1
143 82 1
143 89 1
143 96 1
143 127 1
143 174 1
143 186 1
143 195 1
143 201 1
143 213 1
143 264 1
143 294 1
143 309 1
143 319 1
143 320 1
143 341 1
143 438 1
143 440 1
143 463 1
143 466 1
143 470 1
143 515 1
143 522 1
143 526 1
143 527 1
143 545 1
143 548 1
143 555 1
143 567 1
143 573 1
143 600 1
143 618 1
143 619 1
143 653 1
143 656 1
143 690 1
143 693 1
143 704 1
143 737 1
143 813 1
143 836 1
143 843 1
143 854 1
143 855 1
143 868 1
143 880 1
143 906 1
143 913 1
143 932 1
143 937 1
143 939 1
143 956 1
143 959 1
143 989 1
143 1000 1
143 1009 1
143 1017 1
143 1034 1
143 1045 1
143 1080 1
143 1081 1
143 1085 1
143 1109 1
143 1122 1
143 1125 1
143 1128 1
143 1133 1
143 1175 1
143 1176 1
143 1179 1
143 1183 1
143 1186 1
143 1208 1
143 1211 1
143 1273 1
143 1274 1
143 1287 1
143 1289 1
143 1296 1
143 1307 1
143 1308 1
143 1309 1
143 1312 1
143 1333 1
143 1362 1
143 1385 1
143 1430 1
143 1450 1
143 1452 1
143 1454 1
143 1474 1
143 1495 1
143 1507 1
143 1513 1
143 1551 1
143 1559 1
143 1570 1
143 1572 1
143 1585 1
143 1600 1
143 1669 1
143 1717 1
143 1728 1
143 1742 1
143 1747 1
143 1752 1
143 1755 1
143 1781 1
143 1787 1
143 1788 1
143 1789 1
143 1791 1
143 1839 1
143 1892 1
143 1936 1
143 1969 1
143 1997 1
143 2002 1
143 2026 1
143 2027 1
143 2046 1
144 2 1
144 17 1
144 20 1
144 101 1
144 136 1
144 149 1
144 171 1
144 215 1
144 250 1
144 281 1
144 290 1
144 310 1
144 333 1
144 335 1
144 342 1
144 343 1
144 368 1
144 369 1
144 383 1
144 385 1
144 403 1
144 432 1
144 441 1
144 450 1
144 455 1
144 483 1
144 499 1
144 514 1
144 519 1
144 530 1
144 577 1
144 586 1
144 645 1
144 652 1
144 655 1
144 679 1
144 720 1
144 727 1
144 762 1
144 763 1
144 775 1
144 809 1
144 829 1
144 830 1
144 851 1
144 863 1
144 867 1
144 874 1
144 877 1
144 964 1
144 967 1
144 979 1
144 1008 1
144 1084 1
144 1093 1
144 1099 1
144 1103 1
144 1106 1
144 1131 1
144 1140 1
144 1169 1
144 1177 1
144 1185 1
144 1214 1
144 1230 1
144 1259 1
144 1279 1
144 1290 1
144 1300 1
144 1324 1
144 1328 1
144 1343 1
144 1345 1
144 1370 1
144 1387 1
144 1396 1
144 1397 1
144 1406 1
144 1413 1
144 1463 1
144 1467 1
144 1483 1
144 1511 1
144 1515 1
144 1542 1
144 1596 1
144 1631 1
144 1662 1
144 1678 1
144 1683 1
144 1693 1
144 1704 1
144 1716 1
144 1721 1
144 1758 1
144 1795 1
144 1821 1
144 1833 1
144 1836 1
144 1847 1
144 1868 1
144 1890 1
144 1902 1
144 1924 1
144 1942 1
144 1948 1
144 1990 1
144 1993 1
144 2006 1
144 2013 1
144 2017 1
144 2025 1
145 13 1
145 118 1
145 173 1
145 178 1
145 182 1
145 267 1
145 357 1
145 396 1
145 495 1
145 561 1
145 565 1
145 572 1
145 603 1
145 607 1
145 614 1
145 631 1
145 649 1
145 682 1
145 685 1
145 819 1
145 825 1
145 842 1
145 936 1
145 946 1
145 955 1
145 962 1
145 968 1
145 987 1
145 1012 1
145 1024 1
145 1168 1
145 1216 1
145 1219 1
145 1224 1
145 1241 1
145 1247 1
145 1354 1
145 1379 1
145 1429 1
145 1481 1
145 1497 1
145 1509 1
145 1583 1
145 1590 1
145 1614 1
145 1632 1
145 1639 1
145 1642 1
145 1654 1
145 1670 1
145 1676 1
145 1705 1
145 1771 1
145 1843 1
145 1880 1
145 1913 1
145 1921 1
145 1935 1
145 1992 1
145 1994 1
146 23 1
146 53 1
146 88 1
146 98 1
146 153 1
146 165 1
146 180 1
146 188 1
146 256 1
146 293 1
146 355 1
146 361 1
146 488 1
146 512 1
146 553 1
146 637 1
146 705 1
146 740 1
146 746 1
146 773 1
146 778 1
146 812 1
146 920 1
146 1063 1
146 1086 1
146 1164 1
146 1166 1
146 1207 1
146 1210 1
146 1286 1
146 1299 1
146 1365 1
146 1382 1
146 1399 1
146 1475 1
146 1502 1
146 1506 1
146 1568 1
146 1660 1
146 1732 1
146 1750 1
146 1857 1
146 1859 1
146 1864 1
146 1869 1
146 1878 1
146 1885 1
146 1908 1
146 1925 1
147 27 1
147 80 1
147 90 1
147 94 1
147 125 1
147 192 1
147 198 1
147 229 1
147 297 1
147 346 1
147 371 1
147 410 1
147 524 1
147 782 1
147 849 1
147 853 1
147 866 1
147 878 1
147 996 1
147 1044 1
147 1123 1
147 1171 1
147 1173 1
147 1261 1
147 1314 1
147 1384 1
147 1449 1
147 1455 1
147 1457 1
147 1500 1
147 1543 1
147 1598 1
147 1605 1
147 1712 1
147 1753 1
147 1757 1
147 1790 1
147 1802 1
147 1844 1
147 1985 1
147 2029 1
148 28 1
148 40 1
148 156 1
148 288 1
148 331 1
148 376 1
148 453 1
148 490 1
148 630 1
148 848 1
148 859 1
148 900 1
148 904 1
148 911 1
148 981 1
148 983 1
148 1030 1
148 1054 1
148 1160 1
148 1213 1
148 1278 1
148 1315 1
148 1325 1
148 1377 1
148 1414 1
148 1422 1
148 1453 1
148 1855 1
148 1873 1
148 1893 1
148 1918 1
148 1931 1
149 32 1
149 93 1
149 200 1
149 423 1
149 549 1
149 627 1
149 702 1
149 847 1
149 895 1
149 1069 1
149 1110 1
149 1121 1
149 1159 1
149 1187 1
149 1536 1
149 1556 1
149 1800 1
149 1872 1
149 1956 1
150 69 1
150 366 1
150 456 1
150 624 1
150 625 1
150 1580 1
150 1888 1
150 1896 1
151 87 1
151 120 1
151 197 1
151 212 1
151 695 1
151 1108 1
151 1184 1
151 1257 1
151 1443 1
151 1465 1
151 1657 1
152 140 1
152 206 1
152 523 1
152 808 1
152 1237 1
152 1260 1
152 1946 1
152 2031 1
153 141 1
153 218 1
153 686 1
153 738 1
153 1026 1
153 1235 1
153 1647 1
153 1666 1
153 1889 1
154 583 1
154 1073 1
154 1361 1
154 1815 1
154 1991 1
155 130 1
155 203 1
155 334 1
155 687 1
155 884 1
155 1267 1
155 1269 1
155 1877 1
155 1922 1
156 235 1
156 287 1
156 295 1
156 303 1
156 350 1
156 430 1
156 501 1
156 517 1
156 663 1
156 831 1
156 883 1
156 975 1
156 1007 1
156 1047 1
156 1117 1
156 1136 1
156 1272 1
156 1339 1
156 1436 1
156 1518 1
156 1579 1
156 1599 1
156 1792 1
156 1852 1
156 1854 1
156 1941 1
156 1955 1
157 86 1
157 161 1
157 194 1
157 265 1
157 284 1
157 311 1
157 317 1
157 363 1
157 443 1
157 457 1
157 458 1
157 576 1
157 636 1
157 648 1
157 672 1
157 710 1
157 739 1
157 743 1
157 761 1
157 771 1
157 802 1
157 850 1
157 864 1
157 886 1
157 923 1
157 947 1
157 977 1
157 997 1
157 1040 1
157 1074 1
157 1119 1
157 1220 1
157 1243 1
157 1282 1
157 1357 1
157 1360 1
157 1388 1
157 1404 1
157 1431 1
157 1434 1
157 1484 1
157 1491 1
157 1538 1
157 1547 1
157 1567 1
157 1569 1
157 1581 1
157 1628 1
157 1661 1
157 1663 1
157 1673 1
157 1727 1
157 1764 1
157 1812 1
157 1819 1
157 1837 1
157 1883 1
157 1911 1
157 1943 1
157 1968 1
157 2015 1
158 64 1
158 108 1
158 109 1
158 147 1
158 189 1
158 217 1
158 222 1
158 230 1
158 252 1
158 254 1
158 299 1
158 324 1
158 340 1
158 344 1
158 352 1
158 372 1
158 402 1
158 434 1
158 464 1
158 465 1
158 467 1
158 468 1
158 486 1
158 589 1
158 613 1
158 628 1
158 639 1
158 674 1
158 694 1
158 753 1
158 790 1
158 803 1
158 816 1
158 818 1
158 839 1
158 844 1
158 852 1
158 869 1
158 890 1
158 938 1
158 941 1
158 942 1
158 985 1
158 1006 1
158 1048 1
158 1051 1
158 1062 1
158 1135 1
158 1144 1
158 1165 1
158 1180 1
158 1240 1
158 1295 1
158 1306 1
158 1346 1
158 1378 1
158 1402 1
158 1405 1
158 1411 1
158 1444 1
158 1492 1
158 1503 1
158 1514 1
158 1519 1
158 1529 1
158 1534 1
158 1613 1
158 1633 1
158 1689 1
158 1690 1
158 1700 1
158 1729 1
158 1734 1
158 1738 1
158 1779 1
158 1797 1
158 1808 1
158 1822 1
158 1828 1
158 1865 1
158 1919 1
158 1923 1
158 1950 1
158 1954 1
158 1965 1
158 1980 1
158 1998 1
158 2000 1
158 2021 1
158 2028 1
158 2035 1
159 74 1
159 103 1
159 104 1
159 110 1
159 113 1
159 119 1
159 132 1
159 148 1
159 160 1
159 219 1
159 279 1
159 323 1
159 429 1
159 445 1
159 500 1
159 504 1
159 558 1
159 633 1
159 689 1
159 714 1
159 742 1
159 751 1
159 774 1
159 1002 1
159 1014 1
159 1022 1
159 1032 1
159 1065 1
159 1088 1
159 1152 1
159 1227 1
159 1253 1
159 1281 1
159 1320 1
159 1351 1
159 1440 1
159 1471 1
159 1620 1
159 1686 1
159 1768 1
159 1776 1
159 1799 1
159 1862 1
159 1894 1
159 1915 1
159 1917 1
160 116 1
160 241 1
160 242 1
160 358 1
160 471 1
160 559 1
160 610 1
160 715 1
160 748 1
160 797 1
160 872 1
160 879 1
160 921 1
160 958 1
160 1098 1
160 1141 1
160 1189 1
160 1248 1
160 1510 1
160 1517 1
160 1766 1
160 1769 1
160 1835 1
160 1964 1
160 1986 1
160 1987 1
160 2020 1
160 2038 1
160 2047 1
161 154 1
161 232 1
161 354 1
161 984 1
161 1067 1
161 1143 1
161 1218 1
161 1250 1
161 1424 1
161 1468 1
161 1619 1
161 1682 1
161 1696 1
161 1806 1
161 1882 1
161 1886 1
161 1905 1
161 1930 1
161 1940 1
161 1959 1
161 2023 1
162 414 1
162 546 1
162 641 1
162 643 1
162 706 1
162 1046 1
162 1398 1
162 1533 1
162 1912 1
162 2009 1
163 513 1
163 697 1
164 1447 1
165 1561 1
165 1928 1
166 575 1
166 927 1
166 1091 1
166 1174 1
167 754 1
167 1130 1
167 1167 1
167 1627 1
168 1494 1
169 597 1
169 1352 1
169 1383 1
169 1608 1
169 1783 1
170 678 1
170 709 1
170 728 1
170 991 1
170 1616 1
170 1644 1
171 211 1
171 966 1
171 1209 1
171 1658 1
172 81 1
172 277 1
172 436 1
172 1418 1
172 2042 1
173 21 1
173 1033 1
184 1554 1
652 65 1
652 71 1
655 72 1
655 76 1
656 49 1
656 68 1
657 43 1
657 62 1
658 78 1
659 45 1
659 50 1
659 60 1
660 48 1
661 59 1
663 27 1
663 61 1
663 81 1
663 87 1
663 275 1
663 705 1
663 761 1
663 1464 1
663 1612 1
664 29 1
664 47 1
664 58 1
664 316 1
664 562 1
664 797 1
664 927 1
664 939 1
664 1024 1
664 1035 1
664 1176 1
664 1223 1
664 1224 1
664 1411 1
664 1624 1
665 15 1
665 26 1
665 42 1
665 51 1
665 62 1
665 63 1
665 229 1
665 298 1
665 330 1
665 450 1
665 462 1
665 489 1
665 577 1
665 928 1
665 933 1
665 959 1
665 964 1
665 1016 1
665 1137 1
665 1333 1
665 1397 1
665 1399 1
665 1462 1
665 1466 1
665 1495 1
665 1582 1
665 1602 1
665 1654 1
665 1659 1
665 1691 1
665 1699 1
665 1707 1
665 1748 1
665 1888 1
665 1926 1
666 104 1
666 107 1
666 160 1
666 276 1
666 281 1
666 352 1
666 378 1
666 428 1
666 436 1
666 463 1
666 509 1
666 532 1
666 540 1
666 544 1
666 560 1
666 626 1
666 634 1
666 714 1
666 795 1
666 821 1
666 901 1
666 929 1
666 947 1
666 1018 1
666 1036 1
666 1049 1
666 1052 1
666 1101 1
666 1130 1
666 1189 1
666 1202 1
666 1214 1
666 1215 1
666 1256 1
666 1274 1
666 1299 1
666 1356 1
666 1359 1
666 1417 1
666 1474 1
666 1639 1
666 1643 1
666 1674 1
666 1697 1
666 1881 1
666 1915 1
666 1929 1
666 1932 1
666 1982 1
666 2010 1
667 5 1
667 54 1
667 67 1
667 138 1
667 155 1
667 162 1
667 170 1
667 231 1
667 246 1
667 383 1
667 385 1
667 415 1
667 439 1
667 472 1
667 515 1
667 546 1
667 582 1
667 653 1
667 712 1
667 908 1
667 930 1
667 936 1
667 946 1
667 1044 1
667 1045 1
667 1115 1
667 1134 1
667 1148 1
667 1163 1
667 1230 1
667 1270 1
667 1292 1
667 1311 1
667 1406 1
667 1454 1
667 1481 1
667 1485 1
667 1497 1
667 1524 1
667 1533 1
667 1629 1
667 1694 1
667 1732 1
667 1740 1
667 1763 1
667 1836 1
667 1840 1
667 1874 1
667 1927 1
667 2024 1
667 2027 1
667 2031 1
668 93 1
668 101 1
668 183 1
668 215 1
668 224 1
668 300 1
668 312 1
668 348 1
668 394 1
668 409 1
668 468 1
668 474 1
668 477 1
668 487 1
668 493 1
668 504 1
668 553 1
668 571 1
668 576 1
668 651 1
668 666 1
668 693 1
668 699 1
668 781 1
668 782 1
668 789 1
668 824 1
668 833 1
668 835 1
668 836 1
668 838 1
668 858 1
668 881 1
668 932 1
668 940 1
668 995 1
668 1011 1
668 1019 1
668 1051 1
668 1092 1
668 1131 1
668 1133 1
668 1154 1
668 1172 1
668 1192 1
668 1212 1
668 1220 1
668 1258 1
668 1295 1
668 1352 1
668 1430 1
668 1443 1
668 1475 1
668 1482 1
668 1502 1
668 1511 1
668 1522 1
668 1662 1
668 1670 1
668 1709 1
668 1846 1
668 1848 1
668 1871 1
668 1939 1
668 2006 1
669 66 1
669 94 1
669 145 1
669 154 1
669 159 1
669 161 1
669 255 1
669 295 1
669 310 1
669 329 1
669 407 1
669 432 1
669 433 1
669 467 1
669 510 1
669 517 1
669 617 1
669 618 1
669 742 1
669 788 1
669 847 1
669 941 1
669 960 1
669 1096 1
669 1155 1
669 1231 1
669 1246 1
669 1358 1
669 1389 1
669 1390 1
669 1425 1
669 1435 1
669 1436 1
669 1439 1
669 1473 1
669 1488 1
669 1548 1
669 1561 1
669 1613 1
669 1620 1
669 1683 1
669 1711 1
669 1715 1
669 1724 1
669 1790 1
669 1817 1
669 1842 1
669 1855 1
669 1890 1
669 1893 1
669 1945 1
669 1965 1
669 1971 1
669 1992 1
669 2036 1
670 1 1
670 10 1
670 39 1
670 71 1
670 86 1
670 168 1
670 190 1
670 209 1
670 223 1
670 263 1
670 292 1
670 390 1
670 511 1
670 619 1
670 622 1
670 665 1
670 668 1
670 673 1
670 724 1
670 802 1
670 853 1
670 889 1
670 1063 1
670 1099 1
670 1127 1
670 1188 1
670 1221 1
670 1233 1
670 1345 1
670 1354 1
670 1491 1
670 1501 1
670 1515 1
670 1520 1
670 1610 1
670 1653 1
670 1684 1
670 1756 1
670 1783 1
670 1856 1
670 1918 1
670 1940 1
670 2015 1
671 42 1
671 73 1
671 270 1
671 480 1
671 563 1
671 608 1
671 703 1
671 855 1
671 1106 1
671 1125 1
671 1178 1
671 1182 1
671 1187 1
671 1196 1
671 1207 1
671 1227 1
671 1363 1
671 1369 1
671 1448 1
671 1525 1
671 1651 1
671 1759 1
671 1778 1
671 1839 1
671 1851 1
671 1935 1
672 121 1
672 187 1
672 297 1
672 491 1
672 528 1
672 564 1
672 613 1
672 922 1
672 1081 1
672 1254 1
672 1348 1
672 1376 1
672 1483 1
672 1605 1
672 1619 1
672 1726 1
672 1754 1
672 1857 1
673 57 1
673 58 1
673 73 1
673 130 1
673 457 1
673 531 1
673 965 1
673 1000 1
673 1156 1
673 1219 1
673 1268 1
673 1381 1
673 1679 1
673 2026 1
674 70 1
674 341 1
674 371 1
674 630 1
674 1259 1
674 1708 1
674 1731 1
674 1822 1
674 1972 1
674 2022 1
675 524 1
675 1090 1
675 1739 1
675 1810 1
675 1815 1
675 1911 1
676 45 1
676 72 1
676 337 1
676 512 1
676 513 1
676 672 1
676 1201 1
676 1663 1
676 1961 1
677 66 1
677 632 1
677 662 1
677 664 1
677 785 1
677 1112 1
677 1327 1
677 1372 1
677 1786 1
677 1887 1
678 30 1
678 32 1
678 35 1
678 43 1
678 50 1
678 57 1
678 92 1
678 109 1
678 140 1
678 259 1
678 280 1
678 290 1
678 357 1
678 362 1
678 398 1
678 418 1
678 530 1
678 589 1
678 638 1
678 650 1
678 688 1
678 765 1
678 837 1
678 948 1
678 1048 1
678 1060 1
678 1066 1
678 1098 1
678 1249 1
678 1305 1
678 1312 1
678 1318 1
678 1321 1
678 1339 1
678 1418 1
678 1424 1
678 1470 1
678 1540 1
678 1562 1
678 1618 1
678 1623 1
678 1647 1
678 1757 1
678 1782 1
678 1829 1
678 1872 1
678 1878 1
678 1906 1
678 1973 1
678 2030 1
678 2039 1
679 4 1
679 6 1
679 11 1
679 14 1
679 18 1
679 23 1
679 25 1
679 28 1
679 33 1
679 44 1
679 46 1
679 74 1
679 88 1
679 99 1
679 100 1
679 102 1
679 113 1
679 124 1
679 137 1
679 141 1
679 149 1
679 156 1
679 163 1
679 165 1
679 169 1
679 176 1
679 193 1
679 198 1
679 201 1
679 207 1
679 211 1
679 248 1
679 249 1
679 253 1
679 279 1
679 288 1
679 301 1
679 305 1
679 306 1
679 315 1
679 325 1
679 335 1
679 336 1
679 338 1
679 344 1
679 376 1
679 377 1
679 380 1
679 381 1
679 389 1
679 402 1
679 410 1
679 414 1
679 425 1
679 443 1
679 448 1
679 459 1
679 465 1
679 494 1
679 498 1
679 500 1
679 527 1
679 534 1
679 545 1
679 549 1
679 570 1
679 572 1
679 580 1
679 584 1
679 599 1
679 602 1
679 610 1
679 611 1
679 625 1
679 636 1
679 685 1
679 687 1
679 691 1
679 719 1
679 730 1
679 737 1
679 738 1
679 751 1
679 759 1
679 762 1
679 769 1
679 770 1
679 771 1
679 775 1
679 783 1
679 791 1
679 807 1
679 808 1
679 810 1
679 818 1
679 827 1
679 845 1
679 856 1
679 865 1
679 876 1
679 886 1
679 890 1
679 919 1
679 937 1
679 945 1
679 950 1
679 951 1
679 969 1
679 976 1
679 980 1
679 983 1
679 986 1
679 1003 1
679 1009 1
679 1013 1
679 1015 1
679 1021 1
679 1022 1
679 1026 1
679 1037 1
679 1041 1
679 1046 1
679 1058 1
679 1067 1
679 1068 1
679 1069 1
679 1072 1
679 1082 1
679 1095 1
679 1107 1
679 1110 1
679 1119 1
679 1138 1
679 1145 1
679 1150 1
679 1158 1
679 1159 1
679 1164 1
679 1199 1
679 1204 1
679 1211 1
679 1216 1
679 1218 1
679 1226 1
679 1229 1
679 1234 1
679 1250 1
679 1257 1
679 1269 1
679 1273 1
679 1275 1
679 1283 1
679 1288 1
679 1306 1
679 1309 1
679 1315 1
679 1342 1
679 1351 1
679 1365 1
679 1366 1
679 1373 1
679 1380 1
679 1383 1
679 1391 1
679 1395 1
679 1404 1
679 1412 1
679 1421 1
679 1432 1
679 1444 1
679 1449 1
679 1450 1
679 1457 1
679 1465 1
679 1477 1
679 1478 1
679 1489 1
679 1494 1
679 1499 1
679 1507 1
679 1509 1
679 1517 1
679 1536 1
679 1543 1
679 1554 1
679 1556 1
679 1564 1
679 1565 1
679 1570 1
679 1576 1
679 1583 1
679 1585 1
679 1589 1
679 1596 1
679 1607 1
679 1637 1
679 1649 1
679 1655 1
679 1658 1
679 1664 1
679 1667 1
679 1680 1
679 1687 1
679 1690 1
679 1698 1
679 1704 1
679 1721 1
679 1729 1
679 1737 1
679 1743 1
679 1745 1
679 1747 1
679 1755 1
679 1760 1
679 1767 1
679 1771 1
679 1772 1
679 1794 1
679 1799 1
679 1800 1
679 1803 1
679 1806 1
679 1808 1
679 1830 1
679 1838 1
679 1860 1
679 1865 1
679 1883 1
679 1894 1
679 1924 1
679 1931 1
679 1938 1
679 1941 1
679 1947 1
679 1974 1
679 1975 1
679 1976 1
679 1990 1
679 1993 1
679 1995 1
679 2013 1
679 2021 1
679 2032 1
679 2042 1
679 2048 1
680 3 1
680 8 1
680 17 1
680 21 1
680 24 1
680 31 1
680 34 1
680 37 1
680 38 1
680 40 1
680 48 1
680 50 1
680 64 1
680 69 1
680 75 1
680 77 1
680 80 1
680 82 1
680 85 1
680 95 1
680 97 1
680 98 1
680 108 1
680 110 1
680 114 1
680 115 1
680 119 1
680 123 1
680 125 1
680 126 1
680 128 1
680 132 1
680 134 1
680 135 1
680 136 1
680 153 1
680 166 1
680 173 1
680 178 1
680 179 1
680 180 1
680 182 1
680 184 1
680 188 1
680 189 1
680 191 1
680 192 1
680 196 1
680 197 1
680 200 1
680 203 1
680 204 1
680 205 1
680 206 1
680 213 1
680 214 1
680 216 1
680 219 1
680 220 1
680 228 1
680 237 1
680 238 1
680 240 1
680 244 1
680 245 1
680 247 1
680 250 1
680 251 1
680 252 1
680 254 1
680 258 1
680 260 1
680 262 1
680 264 1
680 265 1
680 266 1
680 267 1
680 273 1
680 274 1
680 283 1
680 284 1
680 285 1
680 286 1
680 287 1
680 294 1
680 307 1
680 308 1
680 311 1
680 317 1
680 318 1
680 319 1
680 320 1
680 321 1
680 328 1
680 331 1
680 334 1
680 339 1
680 343 1
680 346 1
680 347 1
680 353 1
680 358 1
680 359 1
680 366 1
680 369 1
680 372 1
680 374 1
680 375 1
680 379 1
680 382 1
680 384 1
680 392 1
680 393 1
680 396 1
680 400 1
680 412 1
680 416 1
680 419 1
680 422 1
680 423 1
680 424 1
680 426 1
680 429 1
680 431 1
680 434 1
680 440 1
680 446 1
680 447 1
680 449 1
680 451 1
680 453 1
680 460 1
680 461 1
680 464 1
680 469 1
680 473 1
680 475 1
680 476 1
680 486 1
680 496 1
680 502 1
680 505 1
680 514 1
680 516 1
680 519 1
680 522 1
680 533 1
680 536 1
680 539 1
680 543 1
680 547 1
680 548 1
680 552 1
680 555 1
680 556 1
680 557 1
680 558 1
680 565 1
680 567 1
680 569 1
680 574 1
680 579 1
680 581 1
680 585 1
680 592 1
680 593 1
680 594 1
680 604 1
680 607 1
680 614 1
680 616 1
680 620 1
680 627 1
680 628 1
680 629 1
680 639 1
680 640 1
680 641 1
680 644 1
680 648 1
680 649 1
680 652 1
680 655 1
680 657 1
680 658 1
680 660 1
680 661 1
680 674 1
680 677 1
680 678 1
680 682 1
680 689 1
680 692 1
680 694 1
680 695 1
680 698 1
680 700 1
680 701 1
680 702 1
680 704 1
680 715 1
680 720 1
680 722 1
680 732 1
680 735 1
680 740 1
680 743 1
680 744 1
680 745 1
680 748 1
680 749 1
680 752 1
680 753 1
680 754 1
680 756 1
680 757 1
680 763 1
680 764 1
680 768 1
680 776 1
680 780 1
680 790 1
680 792 1
680 793 1
680 794 1
680 796 1
680 804 1
680 806 1
680 811 1
680 812 1
680 813 1
680 816 1
680 825 1
680 830 1
680 831 1
680 834 1
680 839 1
680 848 1
680 851 1
680 859 1
680 862 1
680 866 1
680 871 1
680 873 1
680 875 1
680 879 1
680 883 1
680 887 1
680 888 1
680 892 1
680 893 1
680 894 1
680 895 1
680 897 1
680 899 1
680 904 1
680 905 1
680 907 1
680 909 1
680 911 1
680 912 1
680 915 1
680 916 1
680 917 1
680 923 1
680 931 1
680 934 1
680 953 1
680 957 1
680 961 1
680 963 1
680 967 1
680 972 1
680 977 1
680 979 1
680 981 1
680 982 1
680 985 1
680 987 1
680 988 1
680 989 1
680 992 1
680 993 1
680 994 1
680 997 1
680 998 1
680 999 1
680 1007 1
680 1008 1
680 1010 1
680 1027 1
680 1029 1
680 1030 1
680 1031 1
680 1032 1
680 1039 1
680 1040 1
680 1042 1
680 1050 1
680 1054 1
680 1057 1
680 1059 1
680 1061 1
680 1064 1
680 1075 1
680 1080 1
680 1083 1
680 1084 1
680 1087 1
680 1088 1
680 1089 1
680 1091 1
680 1093 1
680 1100 1
680 1102 1
680 1104 1
680 1105 1
680 1116 1
680 1118 1
680 1123 1
680 1126 1
680 1128 1
680 1136 1
680 1141 1
680 1142 1
680 1143 1
680 1152 1
680 1153 1
680 1162 1
680 1165 1
680 1167 1
680 1169 1
680 1170 1
680 1174 1
680 1175 1
680 1179 1
680 1180 1
680 1190 1
680 1194 1
680 1195 1
680 1203 1
680 1206 1
680 1209 1
680 1225 1
680 1232 1
680 1238 1
680 1240 1
680 1241 1
680 1243 1
680 1244 1
680 1245 1
680 1248 1
680 1251 1
680 1253 1
680 1261 1
680 1264 1
680 1265 1
680 1272 1
680 1277 1
680 1278 1
680 1282 1
680 1285 1
680 1286 1
680 1290 1
680 1291 1
680 1293 1
680 1294 1
680 1297 1
680 1298 1
680 1304 1
680 1307 1
680 1314 1
680 1316 1
680 1317 1
680 1331 1
680 1334 1
680 1336 1
680 1340 1
680 1341 1
680 1346 1
680 1350 1
680 1357 1
680 1362 1
680 1367 1
680 1368 1
680 1374 1
680 1377 1
680 1379 1
680 1382 1
680 1386 1
680 1392 1
680 1394 1
680 1400 1
680 1401 1
680 1402 1
680 1407 1
680 1408 1
680 1413 1
680 1422 1
680 1423 1
680 1427 1
680 1431 1
680 1438 1
680 1440 1
680 1441 1
680 1447 1
680 1458 1
680 1463 1
680 1471 1
680 1487 1
680 1493 1
680 1496 1
680 1498 1
680 1505 1
680 1508 1
680 1512 1
680 1516 1
680 1518 1
680 1527 1
680 1528 1
680 1531 1
680 1532 1
680 1535 1
680 1542 1
680 1544 1
680 1546 1
680 1547 1
680 1549 1
680 1550 1
680 1551 1
680 1552 1
680 1555 1
680 1558 1
680 1560 1
680 1563 1
680 1566 1
680 1574 1
680 1577 1
680 1590 1
680 1594 1
680 1598 1
680 1600 1
680 1603 1
680 1611 1
680 1614 1
680 1615 1
680 1635 1
680 1638 1
680 1640 1
680 1644 1
680 1645 1
680 1650 1
680 1652 1
680 1660 1
680 1665 1
680 1668 1
680 1669 1
680 1673 1
680 1675 1
680 1676 1
680 1677 1
680 1681 1
680 1688 1
680 1695 1
680 1706 1
680 1714 1
680 1716 1
680 1718 1
680 1723 1
680 1734 1
680 1736 1
680 1742 1
680 1749 1
680 1752 1
680 1764 1
680 1769 1
680 1770 1
680 1777 1
680 1779 1
680 1780 1
680 1781 1
680 1784 1
680 1785 1
680 1787 1
680 1791 1
680 1793 1
680 1797 1
680 1802 1
680 1812 1
680 1816 1
680 1819 1
680 1824 1
680 1826 1
680 1827 1
680 1833 1
680 1834 1
680 1835 1
680 1843 1
680 1849 1
680 1850 1
680 1854 1
680 1861 1
680 1863 1
680 1868 1
680 1869 1
680 1876 1
680 1880 1
680 1884 1
680 1885 1
680 1897 1
680 1900 1
680 1903 1
680 1908 1
680 1913 1
680 1921 1
680 1923 1
680 1928 1
680 1937 1
680 1963 1
680 1978 1
680 1983 1
680 1984 1
680 1985 1
680 1988 1
680 1991 1
680 1994 1
680 2000 1
680 2001 1
680 2002 1
680 2007 1
680 2009 1
680 2016 1
680 2019 1
680 2023 1
680 2028 1
680 2033 1
681 7 1
681 9 1
681 12 1
681 19 1
681 22 1
681 36 1
681 52 1
681 53 1
681 55 1
681 84 1
681 96 1
681 105 1
681 106 1
681 112 1
681 118 1
681 120 1
681 122 1
681 127 1
681 133 1
681 142 1
681 146 1
681 148 1
681 151 1
681 157 1
681 164 1
681 167 1
681 174 1
681 185 1
681 186 1
681 195 1
681 199 1
681 212 1
681 218 1
681 225 1
681 227 1
681 230 1
681 232 1
681 233 1
681 234 1
681 236 1
681 241 1
681 242 1
681 243 1
681 261 1
681 269 1
681 277 1
681 278 1
681 282 1
681 293 1
681 313 1
681 323 1
681 332 1
681 349 1
681 350 1
681 354 1
681 355 1
681 356 1
681 361 1
681 363 1
681 368 1
681 373 1
681 386 1
681 387 1
681 388 1
681 399 1
681 401 1
681 403 1
681 421 1
681 435 1
681 438 1
681 441 1
681 442 1
681 445 1
681 452 1
681 458 1
681 466 1
681 470 1
681 471 1
681 478 1
681 483 1
681 484 1
681 485 1
681 488 1
681 490 1
681 492 1
681 497 1
681 503 1
681 506 1
681 507 1
681 518 1
681 520 1
681 521 1
681 523 1
681 525 1
681 526 1
681 538 1
681 542 1
681 550 1
681 554 1
681 559 1
681 561 1
681 568 1
681 573 1
681 575 1
681 578 1
681 583 1
681 586 1
681 588 1
681 590 1
681 591 1
681 595 1
681 596 1
681 597 1
681 598 1
681 605 1
681 609 1
681 623 1
681 624 1
681 631 1
681 633 1
681 645 1
681 647 1
681 654 1
681 656 1
681 659 1
681 663 1
681 670 1
681 680 1
681 681 1
681 683 1
681 686 1
681 690 1
681 697 1
681 706 1
681 707 1
681 708 1
681 710 1
681 711 1
681 713 1
681 716 1
681 717 1
681 718 1
681 725 1
681 726 1
681 727 1
681 736 1
681 739 1
681 755 1
681 760 1
681 772 1
681 773 1
681 774 1
681 777 1
681 778 1
681 779 1
681 784 1
681 786 1
681 805 1
681 814 1
681 819 1
681 822 1
681 829 1
681 832 1
681 841 1
681 842 1
681 843 1
681 846 1
681 849 1
681 850 1
681 852 1
681 861 1
681 863 1
681 864 1
681 867 1
681 870 1
681 872 1
681 878 1
681 880 1
681 882 1
681 885 1
681 891 1
681 896 1
681 900 1
681 903 1
681 913 1
681 918 1
681 920 1
681 925 1
681 935 1
681 938 1
681 943 1
681 944 1
681 949 1
681 952 1
681 954 1
681 956 1
681 958 1
681 970 1
681 973 1
681 978 1
681 990 1
681 1001 1
681 1005 1
681 1006 1
681 1012 1
681 1023 1
681 1028 1
681 1034 1
681 1043 1
681 1047 1
681 1053 1
681 1055 1
681 1056 1
681 1071 1
681 1077 1
681 1079 1
681 1094 1
681 1097 1
681 1103 1
681 1111 1
681 1114 1
681 1121 1
681 1122 1
681 1124 1
681 1129 1
681 1135 1
681 1139 1
681 1140 1
681 1146 1
681 1147 1
681 1149 1
681 1161 1
681 1166 1
681 1171 1
681 1177 1
681 1183 1
681 1186 1
681 1197 1
681 1200 1
681 1208 1
681 1213 1
681 1217 1
681 1222 1
681 1228 1
681 1236 1
681 1237 1
681 1242 1
681 1260 1
681 1263 1
681 1266 1
681 1289 1
681 1296 1
681 1300 1
681 1302 1
681 1303 1
681 1308 1
681 1310 1
681 1319 1
681 1322 1
681 1326 1
681 1328 1
681 1330 1
681 1332 1
681 1335 1
681 1337 1
681 1343 1
681 1355 1
681 1364 1
681 1371 1
681 1375 1
681 1378 1
681 1385 1
681 1388 1
681 1393 1
681 1396 1
681 1403 1
681 1405 1
681 1414 1
681 1415 1
681 1416 1
681 1426 1
681 1433 1
681 1442 1
681 1446 1
681 1452 1
681 1455 1
681 1456 1
681 1461 1
681 1468 1
681 1479 1
681 1480 1
681 1486 1
681 1490 1
681 1492 1
681 1500 1
681 1504 1
681 1506 1
681 1510 1
681 1513 1
681 1519 1
681 1521 1
681 1523 1
681 1529 1
681 1534 1
681 1537 1
681 1538 1
681 1539 1
681 1545 1
681 1559 1
681 1567 1
681 1568 1
681 1573 1
681 1579 1
681 1581 1
681 1586 1
681 1591 1
681 1592 1
681 1593 1
681 1597 1
681 1599 1
681 1601 1
681 1604 1
681 1617 1
681 1622 1
681 1627 1
681 1628 1
681 1630 1
681 1636 1
681 1642 1
681 1661 1
681 1671 1
681 1672 1
681 1678 1
681 1682 1
681 1689 1
681 1692 1
681 1693 1
681 1700 1
681 1701 1
681 1705 1
681 1713 1
681 1719 1
681 1722 1
681 1727 1
681 1730 1
681 1746 1
681 1750 1
681 1751 1
681 1753 1
681 1761 1
681 1762 1
681 1766 1
681 1768 1
681 1773 1
681 1774 1
681 1789 1
681 1792 1
681 1795 1
681 1801 1
681 1807 1
681 1814 1
681 1818 1
681 1821 1
681 1825 1
681 1831 1
681 1837 1
681 1845 1
681 1847 1
681 1859 1
681 1862 1
681 1866 1
681 1875 1
681 1877 1
681 1879 1
681 1889 1
681 1895 1
681 1898 1
681 1901 1
681 1902 1
681 1904 1
681 1905 1
681 1912 1
681 1916 1
681 1917 1
681 1919 1
681 1920 1
681 1922 1
681 1930 1
681 1942 1
681 1943 1
681 1946 1
681 1957 1
681 1958 1
681 1962 1
681 1970 1
681 1977 1
681 1981 1
681 1986 1
681 1989 1
681 1996 1
681 1997 1
681 1998 1
681 2008 1
681 2011 1
681 2014 1
681 2017 1
681 2018 1
681 2020 1
681 2025 1
681 2035 1
681 2037 1
681 2040 1
681 2043 1
682 13 1
682 16 1
682 67 1
682 116 1
682 117 1
682 129 1
682 139 1
682 143 1
682 158 1
682 171 1
682 177 1
682 202 1
682 217 1
682 256 1
682 271 1
682 272 1
682 291 1
682 302 1
682 303 1
682 304 1
682 309 1
682 326 1
682 333 1
682 342 1
682 345 1
682 351 1
682 391 1
682 397 1
682 405 1
682 411 1
682 413 1
682 427 1
682 454 1
682 456 1
682 481 1
682 495 1
682 499 1
682 508 1
682 535 1
682 541 1
682 600 1
682 601 1
682 603 1
682 606 1
682 612 1
682 615 1
682 635 1
682 669 1
682 675 1
682 679 1
682 684 1
682 721 1
682 723 1
682 728 1
682 731 1
682 741 1
682 747 1
682 750 1
682 767 1
682 799 1
682 800 1
682 803 1
682 809 1
682 815 1
682 817 1
682 826 1
682 828 1
682 854 1
682 857 1
682 869 1
682 874 1
682 877 1
682 898 1
682 910 1
682 914 1
682 921 1
682 924 1
682 926 1
682 955 1
682 962 1
682 975 1
682 996 1
682 1014 1
682 1017 1
682 1020 1
682 1038 1
682 1073 1
682 1074 1
682 1108 1
682 1109 1
682 1113 1
682 1120 1
682 1157 1
682 1168 1
682 1181 1
682 1191 1
682 1193 1
682 1205 1
682 1210 1
682 1235 1
682 1239 1
682 1247 1
682 1255 1
682 1267 1
682 1280 1
682 1281 1
682 1313 1
682 1320 1
682 1324 1
682 1325 1
682 1353 1
682 1370 1
682 1409 1
682 1410 1
682 1419 1
682 1420 1
682 1429 1
682 1437 1
682 1453 1
682 1459 1
682 1460 1
682 1484 1
682 1541 1
682 1553 1
682 1557 1
682 1571 1
682 1584 1
682 1587 1
682 1588 1
682 1606 1
682 1625 1
682 1631 1
682 1632 1
682 1633 1
682 1634 1
682 1641 1
682 1656 1
682 1657 1
682 1686 1
682 1703 1
682 1717 1
682 1725 1
682 1733 1
682 1735 1
682 1738 1
682 1741 1
682 1744 1
682 1775 1
682 1796 1
682 1804 1
682 1805 1
682 1809 1
682 1811 1
682 1828 1
682 1852 1
682 1853 1
682 1870 1
682 1886 1
682 1896 1
682 1907 1
682 1909 1
682 1925 1
682 1933 1
682 1934 1
682 1944 1
682 1948 1
682 1949 1
682 1950 1
682 1954 1
682 1960 1
682 1964 1
682 1969 1
682 1979 1
682 1980 1
682 1987 1
682 1999 1
682 2004 1
682 2005 1
682 2012 1
682 2029 1
682 2038 1
682 2044 1
682 2047 1
683 2 1
683 20 1
683 41 1
683 79 1
683 89 1
683 91 1
683 103 1
683 131 1
683 144 1
683 147 1
683 194 1
683 210 1
683 221 1
683 222 1
683 226 1
683 239 1
683 289 1
683 324 1
683 360 1
683 364 1
683 367 1
683 420 1
683 430 1
683 437 1
683 479 1
683 482 1
683 501 1
683 529 1
683 566 1
683 642 1
683 643 1
683 671 1
683 676 1
683 729 1
683 733 1
683 758 1
683 787 1
683 823 1
683 902 1
683 906 1
683 968 1
683 1033 1
683 1062 1
683 1065 1
683 1078 1
683 1132 1
683 1173 1
683 1184 1
683 1262 1
683 1271 1
683 1279 1
683 1287 1
683 1301 1
683 1323 1
683 1329 1
683 1344 1
683 1360 1
683 1361 1
683 1387 1
683 1445 1
683 1451 1
683 1467 1
683 1526 1
683 1530 1
683 1575 1
683 1578 1
683 1580 1
683 1595 1
683 1609 1
683 1685 1
683 1712 1
683 1720 1
683 1765 1
683 1776 1
683 1798 1
683 1841 1
683 1858 1
683 1864 1
683 1873 1
683 1882 1
683 1910 1
683 1936 1
683 1953 1
683 1955 1
683 1956 1
683 2041 1
683 2046 1
684 90 1
684 150 1
684 175 1
684 181 1
684 235 1
684 268 1
684 365 1
684 395 1
684 406 1
684 408 1
684 455 1
684 537 1
684 746 1
684 801 1
684 820 1
684 840 1
684 844 1
684 860 1
684 942 1
684 966 1
684 984 1
684 1070 1
684 1117 1
684 1198 1
684 1347 1
684 1428 1
684 1476 1
684 1621 1
684 1646 1
684 1696 1
684 1788 1
684 1832 1
684 1959 1
684 2003 1
685 51 1
685 53 1
685 83 1
685 111 1
685 296 1
685 327 1
685 370 1
685 587 1
685 734 1
685 971 1
685 1004 1
685 1160 1
685 1276 1
685 1284 1
685 1338 1
685 1608 1
685 1820 1
685 1844 1
685 1967 1
686 257 1
686 696 1
686 766 1
686 1002 1
686 1086 1
686 1144 1
686 1616 1
686 1710 1
686 1758 1
686 1813 1
686 1823 1
686 1951 1
687 551 1
687 868 1
687 1398 1
687 1728 1
687 1952 1
688 45 1
688 71 1
688 1151 1
688 1648 1
689 57 1
689 152 1
689 172 1
689 299 1
689 322 1
689 340 1
689 637 1
689 667 1
689 1434 1
689 1702 1
690 56 1
690 444 1
690 709 1
690 1076 1
691 66 1
691 208 1
691 314 1
691 404 1
691 884 1
691 991 1
691 1025 1
691 1185 1
691 1252 1
691 1514 1
691 1666 1
691 1867 1
691 1892 1
691 1899 1
691 1914 1
691 1966 1
692 62 1
692 74 1
692 417 1
692 621 1
692 646 1
692 798 1
692 974 1
692 1085 1
692 1349 1
692 1384 1
692 1469 1
692 1472 1
692 1503 1
692 1569 1
692 1572 1
692 1626 1
692 1891 1
692 1968 1
692 2034 1
692 2045 1
693 49 1
693 61 1
695 43 1
695 81 1
697 46 1
697 58 1
697 76 1
698 65 1
698 71 1
702 74 1
703 80 1
705 57 1
706 52 1
706 66 1
706 76 1
706 77 1
707 43 1
707 57 1
707 74 1
708 44 1
709 82 1
710 43 1
710 65 1
711 71 1
715 43 1
715 44 1
715 60 1
716 65 1
717 54 1
717 58 1
717 64 1
718 69 1
719 57 1
719 63 1
722 62 1
722 69 1
723 65 1
723 67 1
723 71 1
723 74 1
723 78 1
725 51 1
725 75 1
726 59 1
726 79 1
727 45 1
727 49 1
727 62 1
728 59 1
729 71 1
729 1224 1
730 43 1
730 56 1
730 61 1
730 65 1
731 50 1
733 65 1
733 80 1
734 1019 1
735 348 1
736 927 1
737 562 1
737 705 1
737 724 1
737 788 1
737 1273 1
738 107 1
738 995 1
738 1477 1
738 2006 1
739 55 1
739 73 1
739 394 1
739 712 1
739 761 1
739 1131 1
739 1254 1
739 1502 1
739 1748 1
739 1982 1
740 275 1
740 509 1
740 651 1
740 781 1
740 901 1
740 1000 1
740 1016 1
740 1104 1
740 1475 1
740 1495 1
740 1724 1
741 101 1
741 105 1
741 271 1
741 463 1
741 939 1
741 1497 1
741 1533 1
741 1560 1
741 1565 1
741 1624 1
741 1747 1
741 1974 1
742 15 1
742 26 1
742 298 1
742 305 1
742 357 1
742 630 1
742 797 1
742 881 1
742 1137 1
742 1546 1
742 1663 1
742 1988 1
743 29 1
743 65 1
743 619 1
743 765 1
743 1268 1
743 1308 1
743 1359 1
743 1362 1
743 1430 1
743 1508 1
743 1522 1
743 1589 1
743 1653 1
744 316 1
744 605 1
744 782 1
744 933 1
744 959 1
744 1223 1
744 1227 1
744 1417 1
745 47 1
745 62 1
745 73 1
745 96 1
745 142 1
745 312 1
745 439 1
745 501 1
745 564 1
745 644 1
745 673 1
745 1176 1
745 1202 1
745 1205 1
745 1464 1
745 1699 1
746 51 1
746 577 1
746 989 1
746 1568 1
746 1926 1
747 49 1
747 650 1
747 1715 1
747 1995 1
748 57 1
748 72 1
748 1890 1
749 63 1
749 378 1
749 515 1
749 1148 1
749 1291 1
750 8 1
750 330 1
750 2048 0
