1 3 1
1 38 1
1 41 1
1 54 1
1 329 1
1 425 1
1 426 1
1 549 1
1 625 1
1 1077 1
1 1197 1
1 1297 1
1 1658 1
1 1856 1
1 1883 1
1 1894 1
1 1939 1
1 1962 1
1 1987 1
2 1 1
2 24 1
2 190 1
2 413 1
2 585 1
2 729 1
2 1293 1
2 1434 1
2 1484 1
3 28 1
3 1204 1
3 1220 1
4 16 1
4 32 1
4 37 1
4 74 1
4 653 1
4 935 1
4 1151 1
4 1492 1
4 1960 1
4 2006 1
5 41 1
5 219 1
5 286 1
5 466 1
5 1463 1
5 1494 1
6 11 1
6 1194 1
6 1224 1
6 1592 1
7 38 1
7 44 1
7 492 1
7 511 1
8 26 1
8 41 1
8 57 1
8 432 1
8 545 1
8 1046 1
8 1068 1
8 1079 1
8 1095 1
8 1510 1
8 1655 1
8 1944 1
9 4 1
9 33 1
9 38 1
9 218 1
9 1444 1
9 1453 1
9 1480 1
9 1645 1
9 1667 1
9 1997 1
10 42 1
10 65 1
10 73 1
10 307 1
10 389 1
10 632 1
10 782 1
10 796 1
10 1107 1
10 1116 1
10 1191 1
10 1245 1
10 1288 1
10 1380 1
10 1401 1
10 1429 1
10 1522 1
10 1561 1
10 1608 1
10 1613 1
10 1718 1
10 1884 1
11 30 1
11 45 1
11 56 1
11 76 1
11 77 1
11 88 1
11 94 1
11 132 1
11 163 1
11 172 1
11 175 1
11 186 1
11 221 1
11 250 1
11 261 1
11 390 1
11 406 1
11 485 1
11 540 1
11 567 1
11 575 1
11 602 1
11 628 1
11 654 1
11 684 1
11 692 1
11 754 1
11 771 1
11 821 1
11 822 1
11 1083 1
11 1125 1
11 1143 1
11 1203 1
11 1223 1
11 1227 1
11 1247 1
11 1255 1
11 1261 1
11 1306 1
11 1324 1
11 1374 1
11 1389 1
11 1407 1
11 1418 1
11 1446 1
11 1449 1
11 1470 1
11 1490 1
11 1498 1
11 1629 1
11 1639 1
11 1654 1
11 1676 1
11 1687 1
11 1698 1
11 1882 1
11 1933 1
11 1958 1
11 1978 1
11 1979 1
11 2029 1
12 9 1
12 125 1
12 159 1
12 168 1
12 231 1
12 285 1
12 313 1
12 337 1
12 370 1
12 417 1
12 424 1
12 444 1
12 481 1
12 559 1
12 579 1
12 601 1
12 618 1
12 621 1
12 639 1
12 649 1
12 651 1
12 677 1
12 681 1
12 685 1
12 700 1
12 715 1
12 778 1
12 808 1
12 834 1
12 879 1
12 883 1
12 903 1
12 904 1
12 924 1
12 938 1
12 945 1
12 1022 1
12 1024 1
12 1027 1
12 1047 1
12 1087 1
12 1164 1
12 1186 1
12 1334 1
12 1349 1
12 1363 1
12 1403 1
12 1435 1
12 1437 1
12 1461 1
12 1473 1
12 1501 1
12 1531 1
12 1559 1
12 1605 1
12 1656 1
12 1739 1
12 1747 1
12 1775 1
12 1813 1
12 1827 1
12 1830 1
12 1867 1
12 1871 1
12 1902 1
12 1903 1
12 1911 1
12 1925 1
12 1990 1
12 2026 1
12 2039 1
13 22 1
13 60 1
13 103 1
13 107 1
13 124 1
13 133 1
13 167 1
13 189 1
13 210 1
13 263 1
13 289 1
13 339 1
13 344 1
13 345 1
13 369 1
13 392 1
13 435 1
13 458 1
13 469 1
13 471 1
13 503 1
13 530 1
13 616 1
13 696 1
13 710 1
13 719 1
13 773 1
13 794 1
13 902 1
13 940 1
13 958 1
13 963 1
13 978 1
13 981 1
13 1017 1
13 1096 1
13 1100 1
13 1118 1
13 1182 1
13 1222 1
13 1233 1
13 1269 1
13 1277 1
13 1281 1
13 1301 1
13 1385 1
13 1387 1
13 1419 1
13 1440 1
13 1500 1
13 1567 1
13 1580 1
13 1583 1
13 1600 1
13 1619 1
13 1640 1
13 1668 1
13 1675 1
13 1683 1
13 1693 1
13 1743 1
13 1744 1
13 1753 1
13 1754 1
13 1801 1
13 1804 1
13 1828 1
13 1916 1
13 1922 1
13 1959 1
13 1976 1
13 1980 1
13 1985 1
13 2027 1
13 2037 1
14 14 1
14 28 1
14 59 1
14 66 1
14 95 1
14 98 1
14 105 1
14 244 1
14 268 1
14 271 1
14 277 1
14 278 1
14 318 1
14 399 1
14 410 1
14 450 1
14 456 1
14 478 1
14 551 1
14 563 1
14 568 1
14 609 1
14 622 1
14 629 1
14 644 1
14 686 1
14 817 1
14 867 1
14 872 1
14 880 1
14 890 1
14 942 1
14 964 1
14 1028 1
14 1029 1
14 1032 1
14 1061 1
14 1065 1
14 1074 1
14 1158 1
14 1202 1
14 1216 1
14 1218 1
14 1397 1
14 1424 1
14 1455 1
14 1462 1
14 1475 1
14 1477 1
14 1513 1
14 1517 1
14 1630 1
14 1631 1
14 1637 1
14 1660 1
14 1663 1
14 1689 1
14 1719 1
14 1750 1
14 1751 1
14 1796 1
14 1805 1
14 1837 1
14 1839 1
14 1845 1
14 1846 1
14 1849 1
14 1853 1
14 1876 1
14 1899 1
14 1955 1
14 1970 1
14 1977 1
14 1998 1
14 2007 1
14 2010 1
14 2020 1
14 2040 1
15 17 1
15 27 1
15 62 1
15 84 1
15 90 1
15 120 1
15 149 1
15 183 1
15 253 1
15 280 1
15 293 1
15 295 1
15 299 1
15 302 1
15 322 1
15 323 1
15 361 1
15 380 1
15 453 1
15 460 1
15 465 1
15 491 1
15 532 1
15 538 1
15 613 1
15 673 1
15 701 1
15 726 1
15 865 1
15 875 1
15 889 1
15 905 1
15 918 1
15 919 1
15 925 1
15 928 1
15 930 1
15 991 1
15 996 1
15 1036 1
15 1076 1
15 1089 1
15 1148 1
15 1159 1
15 1181 1
15 1184 1
15 1190 1
15 1195 1
15 1225 1
15 1258 1
15 1274 1
15 1313 1
15 1342 1
15 1358 1
15 1360 1
15 1364 1
15 1391 1
15 1442 1
15 1458 1
15 1540 1
15 1542 1
15 1558 1
15 1565 1
15 1588 1
15 1597 1
15 1604 1
15 1617 1
15 1666 1
15 1705 1
15 1711 1
15 1713 1
15 1758 1
15 1768 1
15 1798 1
15 1896 1
15 1971 1
15 1999 1
16 199 1
16 351 1
16 415 1
16 477 1
16 642 1
16 716 1
16 777 1
16 788 1
16 798 1
16 800 1
16 839 1
16 972 1
16 980 1
16 1012 1
16 1038 1
16 1075 1
16 1267 1
16 1282 1
16 1305 1
16 1344 1
16 1384 1
16 1447 1
16 1528 1
16 1551 1
16 1569 1
16 1635 1
16 1704 1
16 1771 1
16 1776 1
16 1816 1
16 1855 1
16 1858 1
16 1864 1
16 1904 1
16 1929 1
16 1965 1
16 2000 1
17 2 1
17 27 1
17 104 1
17 188 1
17 230 1
17 288 1
17 431 1
17 446 1
17 561 1
17 683 1
17 767 1
17 878 1
17 995 1
17 1137 1
17 1170 1
17 1253 1
17 1259 1
17 1273 1
17 1322 1
17 1346 1
17 1488 1
17 1525 1
17 1579 1
17 1601 1
17 1603 1
17 1628 1
17 1632 1
17 1644 1
17 1728 1
17 1729 1
17 1755 1
17 1792 1
17 1831 1
17 1906 1
17 1948 1
17 1968 1
18 19 1
18 282 1
18 407 1
18 663 1
18 812 1
18 846 1
18 847 1
18 852 1
18 900 1
18 1120 1
18 1156 1
18 1232 1
18 1372 1
18 1427 1
18 1439 1
18 1441 1
18 1808 1
18 1843 1
18 1936 1
18 2012 1
18 2018 1
19 130 1
19 151 1
19 171 1
19 182 1
19 321 1
19 334 1
19 448 1
19 580 1
19 813 1
19 954 1
19 1093 1
19 1371 1
19 1373 1
19 1552 1
19 1620 1
19 1745 1
19 2032 1
20 23 1
20 24 1
20 47 1
20 82 1
20 355 1
20 412 1
20 554 1
20 584 1
20 814 1
20 861 1
20 881 1
20 1210 1
20 1236 1
20 1426 1
20 1641 1
20 1781 1
20 1860 1
20 1989 1
21 2 1
21 5 1
21 23 1
21 35 1
21 38 1
21 61 1
21 338 1
21 548 1
21 1011 1
21 1285 1
21 1573 1
21 1786 1
21 1874 1
22 19 1
22 27 1
22 420 1
22 467 1
22 887 1
22 1097 1
22 1337 1
22 1506 1
22 1651 1
22 1888 1
23 7 1
23 19 1
23 162 1
23 166 1
23 235 1
23 438 1
23 933 1
23 1014 1
23 1110 1
23 1271 1
23 1546 1
23 1553 1
23 1625 1
23 1633 1
23 1737 1
23 2002 1
23 2025 1
24 2 1
24 7 1
24 18 1
24 212 1
24 516 1
24 570 1
24 655 1
24 843 1
24 894 1
24 998 1
24 1069 1
24 1070 1
24 1321 1
24 1354 1
24 1590 1
24 1612 1
24 1994 1
25 13 1
25 111 1
25 143 1
25 562 1
25 578 1
25 588 1
25 720 1
25 731 1
25 893 1
25 1200 1
25 1504 1
25 1509 1
25 1535 1
25 1585 1
25 1646 1
25 1738 1
25 1912 1
26 40 1
26 46 1
26 126 1
26 141 1
26 156 1
26 193 1
26 202 1
26 208 1
26 237 1
26 303 1
26 311 1
26 375 1
26 382 1
26 440 1
26 499 1
26 527 1
26 557 1
26 589 1
26 590 1
26 658 1
26 723 1
26 766 1
26 790 1
26 802 1
26 845 1
26 862 1
26 882 1
26 957 1
26 967 1
26 1043 1
26 1085 1
26 1126 1
26 1166 1
26 1201 1
26 1295 1
26 1329 1
26 1335 1
26 1448 1
26 1493 1
26 1653 1
26 1699 1
26 1716 1
26 1721 1
26 1766 1
26 1810 1
26 1834 1
26 1866 1
26 1885 1
26 1928 1
26 1931 1
26 1975 1
26 2033 1
27 6 1
27 12 1
27 23 1
27 30 1
27 34 1
27 67 1
27 152 1
27 187 1
27 198 1
27 224 1
27 251 1
27 256 1
27 266 1
27 267 1
27 290 1
27 300 1
27 305 1
27 310 1
27 316 1
27 319 1
27 326 1
27 356 1
27 362 1
27 365 1
27 372 1
27 385 1
27 396 1
27 401 1
27 402 1
27 419 1
27 422 1
27 427 1
27 433 1
27 434 1
27 451 1
27 452 1
27 486 1
27 488 1
27 494 1
27 509 1
27 510 1
27 514 1
27 546 1
27 569 1
27 593 1
27 606 1
27 619 1
27 650 1
27 657 1
27 671 1
27 674 1
27 732 1
27 753 1
27 755 1
27 758 1
27 792 1
27 801 1
27 854 1
27 860 1
27 886 1
27 912 1
27 916 1
27 946 1
27 947 1
27 965 1
27 975 1
27 977 1
27 985 1
27 1002 1
27 1003 1
27 1018 1
27 1058 1
27 1062 1
27 1073 1
27 1086 1
27 1108 1
27 1109 1
27 1119 1
27 1123 1
27 1127 1
27 1173 1
27 1175 1
27 1180 1
27 1189 1
27 1207 1
27 1229 1
27 1238 1
27 1239 1
27 1276 1
27 1302 1
27 1326 1
27 1328 1
27 1355 1
27 1356 1
27 1388 1
27 1399 1
27 1400 1
27 1413 1
27 1430 1
27 1431 1
27 1432 1
27 1436 1
27 1438 1
27 1464 1
27 1465 1
27 1487 1
27 1507 1
27 1532 1
27 1534 1
27 1536 1
27 1541 1
27 1549 1
27 1562 1
27 1584 1
27 1587 1
27 1610 1
27 1659 1
27 1678 1
27 1688 1
27 1690 1
27 1694 1
27 1701 1
27 1715 1
27 1722 1
27 1746 1
27 1762 1
27 1778 1
27 1779 1
27 1780 1
27 1789 1
27 1799 1
27 1811 1
27 1857 1
27 1870 1
27 1886 1
27 1892 1
27 1907 1
27 1923 1
27 1950 1
27 1991 1
27 1992 1
27 2003 1
27 2009 1
27 2035 1
28 1 1
28 6 1
28 10 1
28 50 1
28 63 1
28 68 1
28 70 1
28 79 1
28 80 1
28 93 1
28 109 1
28 150 1
28 204 1
28 206 1
28 207 1
28 222 1
28 223 1
28 226 1
28 252 1
28 264 1
28 314 1
28 327 1
28 330 1
28 340 1
28 341 1
28 347 1
28 348 1
28 352 1
28 379 1
28 381 1
28 394 1
28 395 1
28 398 1
28 403 1
28 423 1
28 429 1
28 436 1
28 439 1
28 441 1
28 482 1
28 493 1
28 498 1
28 506 1
28 522 1
28 528 1
28 537 1
28 541 1
28 552 1
28 560 1
28 564 1
28 577 1
28 587 1
28 607 1
28 615 1
28 617 1
28 631 1
28 633 1
28 638 1
28 648 1
28 660 1
28 667 1
28 702 1
28 705 1
28 714 1
28 717 1
28 733 1
28 761 1
28 774 1
28 775 1
28 787 1
28 804 1
28 806 1
28 815 1
28 816 1
28 820 1
28 824 1
28 849 1
28 868 1
28 877 1
28 895 1
28 899 1
28 909 1
28 956 1
28 960 1
28 988 1
28 989 1
28 997 1
28 1004 1
28 1005 1
28 1025 1
28 1048 1
28 1082 1
28 1115 1
28 1124 1
28 1134 1
28 1138 1
28 1139 1
28 1150 1
28 1161 1
28 1162 1
28 1168 1
28 1172 1
28 1199 1
28 1205 1
28 1206 1
28 1208 1
28 1231 1
28 1234 1
28 1241 1
28 1291 1
28 1316 1
28 1330 1
28 1336 1
28 1361 1
28 1369 1
28 1378 1
28 1379 1
28 1381 1
28 1382 1
28 1402 1
28 1415 1
28 1421 1
28 1443 1
28 1454 1
28 1457 1
28 1460 1
28 1466 1
28 1472 1
28 1489 1
28 1491 1
28 1518 1
28 1519 1
28 1523 1
28 1544 1
28 1564 1
28 1571 1
28 1572 1
28 1591 1
28 1599 1
28 1602 1
28 1607 1
28 1621 1
28 1661 1
28 1703 1
28 1709 1
28 1712 1
28 1732 1
28 1733 1
28 1735 1
28 1757 1
28 1761 1
28 1785 1
28 1797 1
28 1820 1
28 1821 1
28 1847 1
28 1848 1
28 1851 1
28 1869 1
28 1872 1
28 1897 1
28 1898 1
28 1905 1
28 1908 1
28 1917 1
28 1930 1
28 1947 1
28 1951 1
28 1982 1
28 2004 1
28 2015 1
28 2021 1
28 2022 1
28 2024 1
28 2034 1
28 2043 1
28 2045 1
29 48 1
29 75 1
29 92 1
29 99 1
29 108 1
29 137 1
29 164 1
29 201 1
29 216 1
29 227 1
29 229 1
29 243 1
29 262 1
29 279 1
29 284 1
29 324 1
29 325 1
29 367 1
29 386 1
29 387 1
29 393 1
29 442 1
29 457 1
29 463 1
29 474 1
29 480 1
29 483 1
29 501 1
29 513 1
29 523 1
29 525 1
29 536 1
29 558 1
29 574 1
29 596 1
29 612 1
29 634 1
29 635 1
29 643 1
29 662 1
29 668 1
29 675 1
29 703 1
29 711 1
29 712 1
29 737 1
29 748 1
29 789 1
29 799 1
29 805 1
29 818 1
29 823 1
29 827 1
29 830 1
29 844 1
29 853 1
29 864 1
29 901 1
29 907 1
29 914 1
29 917 1
29 920 1
29 936 1
29 941 1
29 948 1
29 949 1
29 955 1
29 962 1
29 971 1
29 983 1
29 987 1
29 993 1
29 999 1
29 1001 1
29 1013 1
29 1015 1
29 1045 1
29 1051 1
29 1057 1
29 1105 1
29 1122 1
29 1142 1
29 1149 1
29 1157 1
29 1160 1
29 1179 1
29 1196 1
29 1209 1
29 1240 1
29 1242 1
29 1251 1
29 1254 1
29 1275 1
29 1286 1
29 1294 1
29 1298 1
29 1300 1
29 1307 1
29 1310 1
29 1318 1
29 1325 1
29 1327 1
29 1341 1
29 1350 1
29 1376 1
29 1398 1
29 1414 1
29 1423 1
29 1425 1
29 1459 1
29 1467 1
29 1468 1
29 1478 1
29 1481 1
29 1482 1
29 1486 1
29 1495 1
29 1497 1
29 1502 1
29 1505 1
29 1516 1
29 1529 1
29 1530 1
29 1545 1
29 1548 1
29 1556 1
29 1560 1
29 1577 1
29 1595 1
29 1609 1
29 1682 1
29 1706 1
29 1734 1
29 1770 1
29 1791 1
29 1800 1
29 1815 1
29 1823 1
29 1868 1
29 1878 1
29 1895 1
29 1915 1
29 1926 1
29 1946 1
29 1949 1
29 1953 1
29 1988 1
29 1995 1
29 2008 1
29 2013 1
29 2016 1
29 2028 1
29 2038 1
30 24 1
30 51 1
30 86 1
30 101 1
30 119 1
30 134 1
30 135 1
30 136 1
30 139 1
30 140 1
30 170 1
30 205 1
30 225 1
30 260 1
30 272 1
30 298 1
30 333 1
30 357 1
30 400 1
30 405 1
30 421 1
30 464 1
30 472 1
30 473 1
30 476 1
30 490 1
30 496 1
30 515 1
30 543 1
30 599 1
30 623 1
30 626 1
30 647 1
30 652 1
30 666 1
30 687 1
30 689 1
30 698 1
30 704 1
30 708 1
30 718 1
30 727 1
30 740 1
30 741 1
30 742 1
30 747 1
30 779 1
30 780 1
30 856 1
30 869 1
30 874 1
30 888 1
30 891 1
30 915 1
30 926 1
30 931 1
30 937 1
30 953 1
30 959 1
30 976 1
30 1054 1
30 1067 1
30 1088 1
30 1103 1
30 1104 1
30 1155 1
30 1174 1
30 1185 1
30 1217 1
30 1243 1
30 1279 1
30 1284 1
30 1290 1
30 1314 1
30 1343 1
30 1375 1
30 1383 1
30 1386 1
30 1393 1
30 1395 1
30 1405 1
30 1428 1
30 1451 1
30 1474 1
30 1533 1
30 1563 1
30 1570 1
30 1586 1
30 1614 1
30 1649 1
30 1669 1
30 1670 1
30 1684 1
30 1695 1
30 1727 1
30 1741 1
30 1749 1
30 1752 1
30 1760 1
30 1764 1
30 1795 1
30 1802 1
30 1863 1
30 1875 1
30 1900 1
30 1913 1
30 1937 1
30 1938 1
30 1966 1
30 1986 1
31 26 1
31 43 1
31 85 1
31 89 1
31 106 1
31 114 1
31 117 1
31 180 1
31 211 1
31 239 1
31 241 1
31 247 1
31 283 1
31 315 1
31 349 1
31 408 1
31 428 1
31 455 1
31 459 1
31 462 1
31 470 1
31 533 1
31 576 1
31 672 1
31 688 1
31 695 1
31 699 1
31 739 1
31 783 1
31 791 1
31 848 1
31 969 1
31 1000 1
31 1034 1
31 1049 1
31 1066 1
31 1084 1
31 1112 1
31 1113 1
31 1130 1
31 1132 1
31 1140 1
31 1165 1
31 1178 1
31 1311 1
31 1338 1
31 1345 1
31 1404 1
31 1406 1
31 1499 1
31 1514 1
31 1539 1
31 1543 1
31 1574 1
31 1606 1
31 1616 1
31 1624 1
31 1648 1
31 1662 1
31 1685 1
31 1724 1
31 1736 1
31 1756 1
31 1793 1
31 1822 1
31 1879 1
31 1901 1
31 1934 1
31 1941 1
31 1963 1
31 1984 1
32 121 1
32 123 1
32 127 1
32 147 1
32 350 1
32 409 1
32 445 1
32 524 1
32 526 1
32 565 1
32 604 1
32 605 1
32 614 1
32 630 1
32 656 1
32 676 1
32 721 1
32 722 1
32 744 1
32 772 1
32 825 1
32 866 1
32 974 1
32 984 1
32 990 1
32 1007 1
32 1052 1
32 1102 1
32 1128 1
32 1145 1
32 1167 1
32 1211 1
32 1212 1
32 1215 1
32 1244 1
32 1266 1
32 1315 1
32 1333 1
32 1409 1
32 1433 1
32 1450 1
32 1557 1
32 1589 1
32 1596 1
32 1623 1
32 1730 1
32 1774 1
32 1783 1
32 1784 1
32 1806 1
32 1825 1
32 1859 1
32 1952 1
32 1981 1
32 2046 1
32 2048 1
33 9 1
33 35 1
33 38 1
33 58 1
33 97 1
33 128 1
33 287 1
33 304 1
33 320 1
33 364 1
33 517 1
33 542 1
33 555 1
33 608 1
33 636 1
33 734 1
33 738 1
33 759 1
33 763 1
33 831 1
33 840 1
33 927 1
33 944 1
33 966 1
33 968 1
33 1006 1
33 1030 1
33 1154 1
33 1348 1
33 1362 1
33 1367 1
33 1452 1
33 1598 1
33 1850 1
34 18 1
34 22 1
34 69 1
34 112 1
34 245 1
34 328 1
34 363 1
34 484 1
34 529 1
34 765 1
34 896 1
34 1092 1
34 1121 1
34 1152 1
34 1153 1
34 1257 1
34 1308 1
34 1331 1
34 1357 1
34 1665 1
34 1773 1
34 1833 1
34 1840 1
34 1852 1
34 2023 1
35 38 1
35 273 1
35 497 1
35 661 1
35 952 1
35 1019 1
35 1023 1
35 1031 1
35 1136 1
35 1280 1
35 1445 1
35 1696 1
35 1769 1
36 3 1
36 214 1
36 236 1
36 312 1
36 449 1
36 595 1
36 746 1
36 932 1
36 1521 1
36 1555 1
36 1672 1
36 1891 1
36 1956 1
37 196 1
37 534 1
37 610 1
37 1192 1
37 1469 1
37 1702 1
37 1809 1
37 1924 1
37 2019 1
38 185 1
38 234 1
38 586 1
38 1575 1
38 1788 1
38 1861 1
38 1983 1
39 115 1
39 138 1
39 192 1
39 301 1
39 518 1
39 764 1
39 910 1
39 923 1
39 1114 1
39 1187 1
39 1320 1
39 1496 1
39 1740 1
39 1973 1
39 1996 1
40 12 1
40 78 1
40 148 1
40 155 1
40 194 1
40 200 1
40 353 1
40 646 1
40 670 1
40 691 1
40 841 1
40 992 1
40 1050 1
40 1147 1
40 1163 1
40 1272 1
40 1299 1
40 1309 1
40 1512 1
40 1538 1
40 1594 1
40 1723 1
40 1964 1
41 25 1
41 131 1
41 144 1
41 176 1
41 184 1
41 246 1
41 270 1
41 309 1
41 335 1
41 368 1
41 397 1
41 416 1
41 479 1
41 521 1
41 547 1
41 572 1
41 591 1
41 640 1
41 664 1
41 682 1
41 707 1
41 769 1
41 810 1
41 851 1
41 922 1
41 939 1
41 982 1
41 986 1
41 1059 1
41 1064 1
41 1081 1
41 1188 1
41 1193 1
41 1230 1
41 1264 1
41 1296 1
41 1304 1
41 1332 1
41 1365 1
41 1368 1
41 1417 1
41 1581 1
41 1714 1
41 1725 1
41 1742 1
41 1824 1
41 1826 1
41 1832 1
41 1841 1
41 1842 1
41 1862 1
41 1887 1
42 5 1
42 100 1
42 122 1
42 154 1
42 203 1
42 215 1
42 217 1
42 220 1
42 240 1
42 255 1
42 274 1
42 294 1
42 296 1
42 297 1
42 306 1
42 308 1
42 331 1
42 383 1
42 411 1
42 495 1
42 508 1
42 512 1
42 531 1
42 539 1
42 553 1
42 594 1
42 600 1
42 603 1
42 611 1
42 637 1
42 659 1
42 679 1
42 749 1
42 752 1
42 784 1
42 793 1
42 819 1
42 837 1
42 842 1
42 855 1
42 870 1
42 885 1
42 892 1
42 950 1
42 1016 1
42 1020 1
42 1033 1
42 1040 1
42 1041 1
42 1042 1
42 1078 1
42 1091 1
42 1094 1
42 1098 1
42 1141 1
42 1183 1
42 1270 1
42 1323 1
42 1370 1
42 1412 1
42 1471 1
42 1476 1
42 1508 1
42 1526 1
42 1550 1
42 1566 1
42 1626 1
42 1627 1
42 1642 1
42 1664 1
42 1671 1
42 1677 1
42 1691 1
42 1707 1
42 1720 1
42 1794 1
42 1818 1
42 1873 1
42 1889 1
42 1890 1
42 1910 1
42 1935 1
42 1940 1
42 1943 1
42 1961 1
42 1972 1
42 1993 1
42 2030 1
42 2036 1
42 2041 1
43 1 1
43 49 1
43 160 1
43 174 1
43 195 1
43 213 1
43 249 1
43 254 1
43 259 1
43 265 1
43 281 1
43 291 1
43 332 1
43 343 1
43 366 1
43 437 1
43 447 1
43 520 1
43 669 1
43 730 1
43 751 1
43 836 1
43 858 1
43 876 1
43 943 1
43 961 1
43 1060 1
43 1129 1
43 1144 1
43 1219 1
43 1228 1
43 1278 1
43 1287 1
43 1312 1
43 1359 1
43 1420 1
43 1422 1
43 1456 1
43 1483 1
43 1511 1
43 1520 1
43 1568 1
43 1618 1
43 1622 1
43 1643 1
43 1647 1
43 1692 1
43 1731 1
43 1759 1
43 1767 1
43 1814 1
43 1836 1
43 1927 1
43 1942 1
43 1945 1
43 1967 1
43 2005 1
43 2011 1
44 10 1
44 21 1
44 38 1
44 83 1
44 153 1
44 418 1
44 535 1
44 550 1
44 581 1
44 598 1
44 811 1
44 850 1
44 1037 1
44 1044 1
44 1593 1
44 1686 1
44 2031 1
45 27 1
45 113 1
45 377 1
45 388 1
45 743 1
45 785 1
46 1063 1
46 1072 1
47 1710 1
48 37 1
48 1829 1
49 27 1
50 680 1
51 13 1
51 238 1
51 1352 1
51 1787 1
53 1135 1
54 8 1
54 169 1
55 6 1
55 12 1
56 1 1
56 40 1
57 430 1
57 786 1
58 31 1
59 24 1
61 12 1
61 29 1
61 38 1
62 29 1
66 10 1
66 18 1
68 10 1
68 31 1
68 34 1
71 24 1
71 40 1
71 146 1
72 14 1
73 4 1
75 14 1
77 1055 1
77 1265 1
77 1681 1
78 14 1
78 414 1
78 1939 1
79 2 1
79 14 1
79 29 1
79 36 1
80 16 1
80 34 1
80 40 1
80 1027 1
80 1071 1
81 7 1
81 20 1
81 505 1
81 795 1
81 1213 1
81 1546 1
81 1955 1
82 17 1
82 475 1
82 1410 1
82 1804 1
83 781 1
83 1592 1
83 1853 1
83 1976 1
84 3 1
84 20 1
84 468 1
84 1844 1
85 951 1
85 1455 1
86 9 1
86 13 1
86 22 1
86 28 1
86 356 1
86 873 1
87 52 1
87 756 1
87 1111 1
87 1881 1
87 2029 1
88 1385 1
88 1775 1
89 384 1
89 1010 1
89 1635 1
89 1708 1
90 82 1
90 87 1
90 724 1
90 1164 1
90 1503 1
91 45 1
91 794 1
91 884 1
91 905 1
91 1225 1
91 1391 1
91 1525 1
91 1971 1
92 74 1
92 158 1
92 313 1
92 696 1
92 796 1
92 1035 1
92 1074 1
92 1262 1
92 1754 1
93 34 1
93 361 1
93 373 1
93 690 1
93 867 1
93 1726 1
94 6 1
94 23 1
94 30 1
94 102 1
94 302 1
94 317 1
94 371 1
94 741 1
94 970 1
94 1080 1
94 1090 1
94 1101 1
94 1143 1
94 1176 1
94 1233 1
94 1266 1
94 1292 1
94 1372 1
94 1576 1
94 1932 1
95 3 1
95 42 1
95 57 1
95 145 1
95 276 1
95 487 1
95 561 1
95 592 1
95 735 1
95 776 1
95 813 1
95 835 1
95 1022 1
95 1100 1
95 1107 1
95 1184 1
95 1344 1
95 1501 1
95 1660 1
95 1666 1
95 1679 1
95 1803 1
95 1870 1
96 11 1
96 28 1
96 443 1
96 590 1
96 729 1
96 904 1
96 1079 1
96 1250 1
96 1297 1
96 1353 1
96 1396 1
97 573 1
97 822 1
97 949 1
97 1343 1
97 1490 1
97 1883 1
97 1902 1
98 24 1
98 35 1
98 285 1
98 940 1
98 1021 1
98 1366 1
98 1504 1
98 2047 1
99 73 1
99 173 1
99 275 1
99 627 1
99 909 1
99 1289 1
99 1611 1
99 1998 1
100 391 1
100 549 1
100 911 1
100 947 1
100 980 1
100 1507 1
100 1527 1
100 1655 1
101 24 1
101 26 1
101 750 1
101 890 1
101 1392 1
102 602 1
102 725 1
103 33 1
103 40 1
103 316 1
103 1061 1
103 1317 1
103 1465 1
103 1914 1
103 1948 1
104 5 1
104 30 1
104 40 1
104 706 1
104 963 1
104 1645 1
104 1777 1
105 165 1
105 219 1
105 736 1
105 1226 1
105 1371 1
105 1745 1
106 257 1
106 305 1
106 454 1
106 582 1
106 715 1
106 906 1
106 1377 1
106 1498 1
106 1737 1
106 1750 1
106 1772 1
107 6 1
107 35 1
107 72 1
107 96 1
107 161 1
107 181 1
107 210 1
107 336 1
107 348 1
107 374 1
107 399 1
107 502 1
107 511 1
107 597 1
107 678 1
107 972 1
107 978 1
107 1043 1
107 1246 1
107 1340 1
107 1463 1
107 1494 1
107 1632 1
107 1650 1
107 1676 1
107 1877 1
107 1919 1
107 1969 1
107 2042 1
108 15 1
108 53 1
108 56 1
108 91 1
108 237 1
108 365 1
108 566 1
108 719 1
108 757 1
108 790 1
108 872 1
108 881 1
108 883 1
108 887 1
108 912 1
108 1009 1
108 1093 1
108 1148 1
108 1214 1
108 1480 1
108 1513 1
108 1549 1
108 1631 1
108 1766 1
108 1866 1
108 2012 1
109 30 1
109 81 1
109 142 1
109 168 1
109 183 1
109 244 1
109 376 1
109 459 1
109 538 1
109 616 1
109 647 1
109 649 1
109 713 1
109 717 1
109 860 1
109 921 1
109 1017 1
109 1056 1
109 1077 1
109 1146 1
109 1221 1
109 1300 1
109 1485 1
109 1522 1
109 1573 1
109 1658 1
109 1792 1
109 1795 1
109 1865 1
109 1962 1
109 1977 1
109 1985 1
109 2007 1
110 28 1
110 62 1
110 129 1
110 242 1
110 278 1
110 407 1
110 432 1
110 643 1
110 697 1
110 777 1
110 783 1
110 838 1
110 862 1
110 880 1
110 897 1
110 1047 1
110 1177 1
110 1179 1
110 1237 1
110 1293 1
110 1470 1
110 1473 1
110 1536 1
110 1572 1
110 1588 1
110 1838 1
110 1979 1
111 35 1
111 55 1
111 88 1
111 118 1
111 178 1
111 218 1
111 251 1
111 289 1
111 355 1
111 370 1
111 378 1
111 412 1
111 645 1
111 651 1
111 665 1
111 673 1
111 677 1
111 681 1
111 826 1
111 849 1
111 1083 1
111 1095 1
111 1182 1
111 1349 1
111 1408 1
111 1432 1
111 1437 1
111 1440 1
111 1442 1
111 1554 1
111 1638 1
111 1640 1
111 1743 1
111 1831 1
111 1885 1
111 1894 1
111 1970 1
111 1978 1
112 27 1
112 166 1
112 188 1
112 196 1
112 228 1
112 258 1
112 415 1
112 423 1
112 433 1
112 450 1
112 501 1
112 544 1
112 559 1
112 564 1
112 632 1
112 767 1
112 770 1
112 821 1
112 832 1
112 957 1
112 985 1
112 1268 1
112 1271 1
112 1280 1
112 1403 1
112 1426 1
112 1667 1
112 1805 1
112 1880 1
112 1909 1
112 1975 1
112 2014 1
112 2020 1
113 61 1
113 125 1
113 175 1
113 186 1
113 231 1
113 292 1
113 617 1
113 773 1
113 834 1
113 908 1
113 1025 1
113 1028 1
113 1131 1
113 1224 1
113 1395 1
113 1445 1
113 1484 1
113 1500 1
113 1591 1
113 1867 1
114 20 1
114 293 1
114 314 1
114 322 1
114 469 1
114 503 1
114 519 1
114 694 1
114 700 1
114 936 1
114 1116 1
114 1510 1
114 1582 1
114 1603 1
114 1653 1
114 1672 1
114 1922 1
114 1925 1
115 34 1
115 36 1
115 585 1
115 629 1
115 1390 1
115 1583 1
115 1719 1
115 1812 1
115 1871 1
116 11 1
116 263 1
116 362 1
116 461 1
116 540 1
116 1747 1
116 2018 1
117 39 1
117 139 1
117 171 1
117 264 1
117 463 1
117 1204 1
117 1798 1
117 1893 1
118 163 1
118 1441 1
118 1630 1
118 1700 1
118 1751 1
118 2038 1
119 16 1
119 124 1
119 427 1
119 1492 1
120 16 1
120 30 1
120 116 1
120 754 1
120 829 1
120 857 1
120 1064 1
120 1256 1
120 1698 1
121 5 1
121 28 1
121 31 1
121 35 1
121 77 1
121 99 1
121 1026 1
121 1203 1
121 1839 1
121 1854 1
121 1954 1
122 489 1
122 571 1
122 782 1
122 973 1
122 1099 1
122 1118 1
122 1195 1
122 1277 1
122 1460 1
122 1605 1
122 1835 1
122 1974 1
123 32 1
123 40 1
123 44 1
123 76 1
123 277 1
123 321 1
123 358 1
123 413 1
123 435 1
123 466 1
123 480 1
123 492 1
123 507 1
123 556 1
123 579 1
123 641 1
123 684 1
123 733 1
123 762 1
123 833 1
123 859 1
123 924 1
123 1032 1
123 1046 1
123 1117 1
123 1171 1
123 1194 1
123 1197 1
123 1255 1
123 1283 1
123 1358 1
123 1401 1
123 1446 1
123 1489 1
123 1561 1
123 1579 1
123 1717 1
123 1840 1
123 1843 1
123 1856 1
123 1920 1
123 1941 1
123 1951 1
124 11 1
124 59 1
124 65 1
124 66 1
124 71 1
124 93 1
124 226 1
124 269 1
124 270 1
124 279 1
124 339 1
124 342 1
124 346 1
124 364 1
124 380 1
124 438 1
124 606 1
124 639 1
124 660 1
124 728 1
124 800 1
124 863 1
124 865 1
124 871 1
124 889 1
124 919 1
124 938 1
124 979 1
124 988 1
124 1053 1
124 1124 1
124 1133 1
124 1151 1
124 1190 1
124 1235 1
124 1347 1
124 1361 1
124 1374 1
124 1387 1
124 1413 1
124 1415 1
124 1419 1
124 1431 1
124 1461 1
124 1524 1
124 1530 1
124 1535 1
124 1565 1
124 1612 1
124 1641 1
124 1704 1
124 1752 1
124 1782 1
124 1816 1
124 1817 1
124 1846 1
124 1908 1
124 1911 1
124 2026 1
125 36 1
125 38 1
125 104 1
125 120 1
125 159 1
125 182 1
125 190 1
125 191 1
125 198 1
125 209 1
125 221 1
125 243 1
125 250 1
125 268 1
125 288 1
125 337 1
125 379 1
125 392 1
125 406 1
125 419 1
125 500 1
125 537 1
125 545 1
125 557 1
125 567 1
125 595 1
125 622 1
125 638 1
125 652 1
125 654 1
125 667 1
125 685 1
125 689 1
125 709 1
125 760 1
125 803 1
125 817 1
125 828 1
125 864 1
125 964 1
125 976 1
125 994 1
125 1031 1
125 1039 1
125 1089 1
125 1106 1
125 1127 1
125 1160 1
125 1170 1
125 1196 1
125 1208 1
125 1216 1
125 1227 1
125 1247 1
125 1251 1
125 1252 1
125 1281 1
125 1322 1
125 1335 1
125 1339 1
125 1363 1
125 1380 1
125 1428 1
125 1430 1
125 1434 1
125 1444 1
125 1469 1
125 1497 1
125 1518 1
125 1628 1
125 1634 1
125 1637 1
125 1654 1
125 1675 1
125 1683 1
125 1685 1
125 1709 1
125 1715 1
125 1746 1
125 1753 1
125 1755 1
125 1834 1
125 1884 1
125 1950 1
125 1960 1
125 1989 1
125 1990 1
125 2001 1
126 179 1
126 201 1
126 323 1
126 349 1
126 405 1
126 441 1
126 446 1
126 452 1
126 471 1
126 488 1
126 490 1
126 526 1
126 552 1
126 583 1
126 609 1
126 620 1
126 621 1
126 723 1
126 805 1
126 808 1
126 809 1
126 874 1
126 879 1
126 895 1
126 913 1
126 935 1
126 945 1
126 998 1
126 1004 1
126 1005 1
126 1008 1
126 1024 1
126 1076 1
126 1119 1
126 1138 1
126 1161 1
126 1249 1
126 1261 1
126 1295 1
126 1399 1
126 1439 1
126 1449 1
126 1453 1
126 1462 1
126 1540 1
126 1556 1
126 1567 1
126 1613 1
126 1615 1
126 1619 1
126 1620 1
126 1629 1
126 1636 1
126 1657 1
126 1673 1
126 1701 1
126 1713 1
126 1763 1
126 1807 1
126 1858 1
126 1898 1
126 1904 1
126 1917 1
126 1929 1
126 1994 1
126 2010 1
126 2048 1
127 47 1
127 98 1
127 105 1
127 202 1
127 208 1
127 223 1
127 256 1
127 354 1
127 389 1
127 408 1
127 424 1
127 481 1
127 506 1
127 525 1
127 615 1
127 625 1
127 653 1
127 686 1
127 714 1
127 766 1
127 846 1
127 942 1
127 948 1
127 955 1
127 983 1
127 996 1
127 1038 1
127 1115 1
127 1126 1
127 1130 1
127 1158 1
127 1198 1
127 1207 1
127 1338 1
127 1342 1
127 1389 1
127 1418 1
127 1464 1
127 1505 1
127 1517 1
127 1569 1
127 1608 1
127 1663 1
127 1757 1
127 1764 1
127 1776 1
127 1837 1
127 1874 1
127 1897 1
127 1938 1
127 1947 1
127 1952 1
127 1958 1
127 1991 1
127 1997 1
127 2006 1
127 2017 1
127 2043 1
128 109 1
128 233 1
128 234 1
128 286 1
128 357 1
128 440 1
128 600 1
128 601 1
128 701 1
128 768 1
128 775 1
128 797 1
128 882 1
128 892 1
128 934 1
128 959 1
128 962 1
128 971 1
128 1096 1
128 1125 1
128 1175 1
128 1222 1
128 1337 1
128 1384 1
128 1386 1
128 1394 1
128 1488 1
128 1515 1
128 1580 1
128 1687 1
128 1690 1
128 1721 1
128 1822 1
128 1918 1
128 1957 1
128 1965 1
128 1980 1
128 1995 1
128 2009 1
128 2015 1
129 60 1
129 64 1
129 114 1
129 156 1
129 167 1
129 385 1
129 404 1
129 467 1
129 485 1
129 504 1
129 516 1
129 522 1
129 536 1
129 675 1
129 812 1
129 925 1
129 1041 1
129 1186 1
129 1200 1
129 1205 1
129 1238 1
129 1263 1
129 1407 1
129 1451 1
129 1495 1
129 1531 1
129 1541 1
129 1688 1
129 1738 1
129 1781 1
129 1802 1
129 1906 1
129 1907 1
130 11 1
130 23 1
130 54 1
130 172 1
130 272 1
130 444 1
130 465 1
130 508 1
130 527 1
130 727 1
130 815 1
130 1110 1
130 1137 1
130 1587 1
130 1811 1
131 103 1
131 382 1
131 532 1
131 578 1
131 581 1
131 931 1
131 991 1
131 1447 1
131 1740 1
131 1749 1
131 1857 1
131 2002 1
132 12 1
132 141 1
132 381 1
132 619 1
132 1411 1
132 1487 1
132 1668 1
132 1833 1
132 1944 1
132 2032 1
133 22 1
133 46 1
133 195 1
133 453 1
133 843 1
133 982 1
133 1002 1
133 1167 1
133 1259 1
133 1506 1
133 1693 1
133 1778 1
133 1785 1
133 2046 1
134 390 1
134 1921 1
134 2045 1
135 25 1
135 458 1
135 510 1
135 900 1
135 999 1
135 1105 1
135 1477 1
135 1790 1
135 1981 1
136 19 1
136 416 1
136 640 1
136 1104 1
136 1169 1
136 1334 1
136 1369 1
136 1542 1
136 1571 1
136 1659 1
136 1896 1
137 13 1
137 193 1
137 493 1
137 494 1
137 528 1
137 693 1
137 853 1
137 946 1
137 1062 1
137 1209 1
137 1232 1
137 1765 1
138 20 1
138 94 1
138 157 1
138 187 1
138 271 1
138 624 1
138 847 1
138 923 1
138 958 1
138 981 1
138 1189 1
138 1191 1
138 1202 1
138 1245 1
138 1269 1
138 1274 1
138 1319 1
138 1327 1
138 1354 1
138 1479 1
138 1491 1
138 1595 1
138 1674 1
138 1699 1
138 1718 1
138 1860 1
139 9 1
139 11 1
139 48 1
139 58 1
139 67 1
139 79 1
139 84 1
139 95 1
139 132 1
139 177 1
139 197 1
139 253 1
139 262 1
139 266 1
139 303 1
139 307 1
139 319 1
139 324 1
139 326 1
139 351 1
139 372 1
139 401 1
139 403 1
139 410 1
139 417 1
139 426 1
139 439 1
139 451 1
139 456 1
139 460 1
139 478 1
139 498 1
139 499 1
139 562 1
139 563 1
139 568 1
139 599 1
139 613 1
139 648 1
139 663 1
139 695 1
139 703 1
139 705 1
139 716 1
139 720 1
139 737 1
139 839 1
139 854 1
139 898 1
139 918 1
139 977 1
139 1073 1
139 1120 1
139 1121 1
139 1149 1
139 1156 1
139 1166 1
139 1220 1
139 1236 1
139 1239 1
139 1241 1
139 1244 1
139 1260 1
139 1273 1
139 1305 1
139 1329 1
139 1331 1
139 1346 1
139 1373 1
139 1427 1
139 1429 1
139 1475 1
139 1537 1
139 1558 1
139 1559 1
139 1597 1
139 1599 1
139 1616 1
139 1621 1
139 1656 1
139 1661 1
139 1678 1
139 1712 1
139 1768 1
139 1796 1
139 1801 1
139 1806 1
139 1819 1
139 1848 1
139 1882 1
139 1903 1
139 1931 1
139 1933 1
139 1936 1
139 1937 1
139 1987 1
139 2019 1
139 2044 1
140 2 1
140 50 1
140 68 1
140 90 1
140 131 1
140 147 1
140 206 1
140 224 1
140 229 1
140 232 1
140 248 1
140 261 1
140 308 1
140 318 1
140 329 1
140 338 1
140 341 1
140 344 1
140 347 1
140 359 1
140 360 1
140 375 1
140 386 1
140 422 1
140 425 1
140 442 1
140 483 1
140 486 1
140 491 1
140 509 1
140 514 1
140 543 1
140 548 1
140 551 1
140 554 1
140 560 1
140 569 1
140 591 1
140 593 1
140 630 1
140 635 1
140 656 1
140 672 1
140 683 1
140 711 1
140 722 1
140 732 1
140 742 1
140 743 1
140 787 1
140 792 1
140 844 1
140 894 1
140 901 1
140 902 1
140 915 1
140 930 1
140 952 1
140 954 1
140 965 1
140 1000 1
140 1045 1
140 1052 1
140 1054 1
140 1068 1
140 1075 1
140 1084 1
140 1109 1
140 1132 1
140 1218 1
140 1242 1
140 1248 1
140 1258 1
140 1285 1
140 1288 1
140 1291 1
140 1304 1
140 1311 1
140 1313 1
140 1325 1
140 1326 1
140 1333 1
140 1348 1
140 1351 1
140 1355 1
140 1402 1
140 1405 1
140 1414 1
140 1421 1
140 1482 1
140 1528 1
140 1532 1
140 1551 1
140 1578 1
140 1601 1
140 1607 1
140 1610 1
140 1617 1
140 1644 1
140 1649 1
140 1652 1
140 1696 1
140 1697 1
140 1728 1
140 1729 1
140 1735 1
140 1770 1
140 1808 1
140 1815 1
140 1821 1
140 1825 1
140 1827 1
140 1828 1
140 1851 1
140 1886 1
140 1888 1
140 1905 1
140 1999 1
140 2022 1
140 2025 1
140 2036 1
141 12 1
141 17 1
141 49 1
141 51 1
141 70 1
141 89 1
141 110 1
141 121 1
141 133 1
141 152 1
141 174 1
141 212 1
141 280 1
141 290 1
141 300 1
141 330 1
141 333 1
141 340 1
141 396 1
141 455 1
141 473 1
141 476 1
141 477 1
141 530 1
141 534 1
141 628 1
141 631 1
141 633 1
141 644 1
141 662 1
141 699 1
141 702 1
141 726 1
141 745 1
141 759 1
141 788 1
141 830 1
141 845 1
141 856 1
141 875 1
141 878 1
141 917 1
141 932 1
141 939 1
141 968 1
141 975 1
141 1001 1
141 1006 1
141 1012 1
141 1015 1
141 1018 1
141 1050 1
141 1058 1
141 1065 1
141 1067 1
141 1069 1
141 1070 1
141 1086 1
141 1102 1
141 1123 1
141 1136 1
141 1145 1
141 1154 1
141 1159 1
141 1173 1
141 1180 1
141 1193 1
141 1212 1
141 1254 1
141 1282 1
141 1302 1
141 1306 1
141 1307 1
141 1310 1
141 1314 1
141 1328 1
141 1341 1
141 1356 1
141 1378 1
141 1379 1
141 1382 1
141 1383 1
141 1400 1
141 1435 1
141 1448 1
141 1452 1
141 1478 1
141 1493 1
141 1514 1
141 1534 1
141 1547 1
141 1548 1
141 1577 1
141 1581 1
141 1585 1
141 1624 1
141 1633 1
141 1639 1
141 1646 1
141 1648 1
141 1695 1
141 1706 1
141 1720 1
141 1722 1
141 1739 1
141 1771 1
141 1780 1
141 1789 1
141 1797 1
141 1813 1
141 1820 1
141 1863 1
141 1864 1
141 1892 1
141 1901 1
141 1915 1
141 1923 1
141 1928 1
141 1983 1
141 2004 1
141 2035 1
141 2039 1
142 63 1
142 86 1
142 107 1
142 111 1
142 112 1
142 117 1
142 130 1
142 148 1
142 199 1
142 204 1
142 207 1
142 247 1
142 282 1
142 393 1
142 397 1
142 400 1
142 457 1
142 472 1
142 523 1
142 555 1
142 588 1
142 596 1
142 634 1
142 748 1
142 753 1
142 818 1
142 825 1
142 840 1
142 852 1
142 868 1
142 893 1
142 907 1
142 929 1
142 944 1
142 953 1
142 967 1
142 990 1
142 992 1
142 995 1
142 997 1
142 1019 1
142 1030 1
142 1037 1
142 1085 1
142 1103 1
142 1122 1
142 1183 1
142 1187 1
142 1211 1
142 1217 1
142 1231 1
142 1294 1
142 1308 1
142 1309 1
142 1318 1
142 1324 1
142 1332 1
142 1345 1
142 1350 1
142 1365 1
142 1423 1
142 1468 1
142 1511 1
142 1519 1
142 1564 1
142 1575 1
142 1730 1
142 1733 1
142 1762 1
142 1786 1
142 1847 1
142 1913 1
142 1943 1
142 1946 1
142 1968 1
143 28 1
143 43 1
143 92 1
143 115 1
143 119 1
143 150 1
143 162 1
143 287 1
143 295 1
143 311 1
143 462 1
143 464 1
143 518 1
143 539 1
143 570 1
143 577 1
143 671 1
143 674 1
143 755 1
143 802 1
143 827 1
143 869 1
143 877 1
143 891 1
143 914 1
143 960 1
143 966 1
143 969 1
143 993 1
143 1007 1
143 1029 1
143 1036 1
143 1048 1
143 1098 1
143 1108 1
143 1112 1
143 1134 1
143 1155 1
143 1178 1
143 1201 1
143 1206 1
143 1223 1
143 1229 1
143 1234 1
143 1267 1
143 1286 1
143 1301 1
143 1303 1
143 1312 1
143 1316 1
143 1409 1
143 1424 1
143 1533 1
143 1557 1
143 1586 1
143 1596 1
143 1625 1
143 1689 1
143 1691 1
143 1723 1
143 1761 1
143 1767 1
143 1799 1
143 1810 1
143 1823 1
143 1859 1
143 1878 1
143 1899 1
143 1912 1
143 1916 1
143 1961 1
143 2000 1
143 2021 1
143 2027 1
144 2 1
144 22 1
144 37 1
144 106 1
144 108 1
144 169 1
144 170 1
144 239 1
144 320 1
144 334 1
144 395 1
144 411 1
144 420 1
144 470 1
144 558 1
144 692 1
144 707 1
144 721 1
144 772 1
144 785 1
144 804 1
144 807 1
144 831 1
144 950 1
144 1240 1
144 1276 1
144 1364 1
144 1375 1
144 1516 1
144 1521 1
144 1568 1
144 1711 1
144 1836 1
144 1875 1
144 1895 1
144 1949 1
144 1966 1
144 2033 1
144 2041 1
145 13 1
145 40 1
145 136 1
145 153 1
145 194 1
145 267 1
145 584 1
145 642 1
145 650 1
145 668 1
145 704 1
145 739 1
145 740 1
145 751 1
145 848 1
145 943 1
145 956 1
145 1033 1
145 1270 1
145 1284 1
145 1398 1
145 1454 1
145 1651 1
145 1716 1
145 1791 1
145 1855 1
145 1872 1
145 1945 1
145 1972 1
145 2040 1
146 21 1
146 35 1
146 369 1
146 448 1
146 565 1
146 637 1
146 655 1
146 738 1
146 920 1
146 928 1
146 1063 1
146 1147 1
146 1162 1
146 1219 1
146 1253 1
146 1321 1
146 1336 1
146 1362 1
146 1393 1
146 1553 1
146 1560 1
146 1606 1
146 1670 1
146 1702 1
146 1705 1
146 1724 1
146 1779 1
146 1830 1
146 1849 1
146 1988 1
146 2016 1
146 2037 1
147 80 1
147 164 1
147 283 1
147 398 1
147 712 1
147 837 1
147 1094 1
147 1964 1
147 2003 1
148 151 1
148 235 1
148 252 1
148 310 1
148 572 1
148 658 1
148 1367 1
148 1474 1
148 1486 1
148 1622 1
148 1910 1
149 12 1
149 325 1
149 749 1
149 779 1
149 933 1
149 1066 1
149 1662 1
149 1686 1
149 1868 1
149 1934 1
149 2008 1
150 2 1
150 13 1
150 216 1
150 227 1
150 230 1
150 482 1
150 710 1
150 791 1
150 1014 1
150 1157 1
150 1165 1
150 1744 1
151 255 1
151 533 1
151 731 1
151 771 1
151 778 1
151 1272 1
151 1397 1
151 1471 1
151 1590 1
151 1959 1
152 113 1
152 402 1
152 513 1
152 541 1
152 747 1
152 1051 1
152 1188 1
152 1275 1
152 1826 1
152 1869 1
152 1992 1
153 240 1
153 421 1
153 436 1
153 445 1
153 575 1
153 589 1
153 607 1
153 769 1
153 819 1
153 851 1
153 899 1
153 1150 1
153 1523 1
153 1529 1
153 1562 1
153 1600 1
154 85 1
154 123 1
154 127 1
154 135 1
154 184 1
154 192 1
154 211 1
154 217 1
154 245 1
154 284 1
154 294 1
154 299 1
154 304 1
154 315 1
154 352 1
154 383 1
154 431 1
154 434 1
154 497 1
154 574 1
154 587 1
154 612 1
154 661 1
154 698 1
154 765 1
154 810 1
154 824 1
154 842 1
154 886 1
154 888 1
154 903 1
154 910 1
154 916 1
154 937 1
154 984 1
154 1011 1
154 1020 1
154 1081 1
154 1088 1
154 1097 1
154 1152 1
154 1163 1
154 1168 1
154 1199 1
154 1210 1
154 1228 1
154 1279 1
154 1412 1
154 1457 1
154 1472 1
154 1496 1
154 1512 1
154 1545 1
154 1552 1
154 1555 1
154 1598 1
154 1602 1
154 1694 1
154 1703 1
154 1714 1
154 1732 1
154 1774 1
154 1784 1
154 1788 1
154 1842 1
154 1845 1
154 1930 1
154 1996 1
154 2024 1
154 2034 1
155 75 1
155 78 1
155 97 1
155 138 1
155 140 1
155 144 1
155 149 1
155 154 1
155 176 1
155 185 1
155 189 1
155 203 1
155 205 1
155 214 1
155 215 1
155 220 1
155 246 1
155 249 1
155 260 1
155 273 1
155 306 1
155 327 1
155 394 1
155 409 1
155 418 1
155 429 1
155 521 1
155 542 1
155 580 1
155 605 1
155 614 1
155 618 1
155 623 1
155 676 1
155 688 1
155 691 1
155 734 1
155 761 1
155 764 1
155 774 1
155 789 1
155 798 1
155 801 1
155 806 1
155 820 1
155 841 1
155 885 1
155 896 1
155 941 1
155 974 1
155 989 1
155 1013 1
155 1034 1
155 1042 1
155 1044 1
155 1057 1
155 1060 1
155 1082 1
155 1139 1
155 1153 1
155 1181 1
155 1192 1
155 1215 1
155 1243 1
155 1296 1
155 1330 1
155 1357 1
155 1368 1
155 1370 1
155 1376 1
155 1388 1
155 1436 1
155 1443 1
155 1450 1
155 1467 1
155 1481 1
155 1509 1
155 1520 1
155 1543 1
155 1544 1
155 1574 1
155 1594 1
155 1609 1
155 1623 1
155 1627 1
155 1669 1
155 1682 1
155 1727 1
155 1734 1
155 1741 1
155 1748 1
155 1760 1
155 1800 1
155 1809 1
155 1850 1
155 1852 1
155 1861 1
155 1876 1
155 1889 1
155 1891 1
155 1900 1
155 1940 1
155 1953 1
155 1963 1
155 1973 1
155 1984 1
155 1986 1
155 1993 1
156 69 1
156 100 1
156 101 1
156 122 1
156 126 1
156 128 1
156 134 1
156 137 1
156 143 1
156 155 1
156 160 1
156 180 1
156 225 1
156 274 1
156 281 1
156 298 1
156 309 1
156 335 1
156 350 1
156 387 1
156 428 1
156 447 1
156 479 1
156 484 1
156 517 1
156 529 1
156 594 1
156 603 1
156 604 1
156 610 1
156 626 1
156 646 1
156 657 1
156 664 1
156 666 1
156 687 1
156 708 1
156 718 1
156 744 1
156 752 1
156 758 1
156 763 1
156 814 1
156 816 1
156 836 1
156 870 1
156 922 1
156 926 1
156 1049 1
156 1072 1
156 1087 1
156 1114 1
156 1140 1
156 1141 1
156 1144 1
156 1172 1
156 1185 1
156 1230 1
156 1278 1
156 1299 1
156 1323 1
156 1352 1
156 1359 1
156 1360 1
156 1381 1
156 1433 1
156 1438 1
156 1456 1
156 1483 1
156 1499 1
156 1508 1
156 1570 1
156 1584 1
156 1604 1
156 1642 1
156 1647 1
156 1665 1
156 1725 1
156 1756 1
156 1769 1
156 1773 1
156 1793 1
156 1794 1
156 1818 1
156 1841 1
156 1873 1
156 1879 1
156 1890 1
156 1926 1
156 1935 1
156 2005 1
156 2011 1
156 2013 1
156 2023 1
156 2030 1
157 200 1
157 213 1
157 236 1
157 241 1
157 259 1
157 296 1
157 331 1
157 363 1
157 367 1
157 437 1
157 449 1
157 474 1
157 496 1
157 515 1
157 553 1
157 576 1
157 608 1
157 780 1
157 784 1
157 823 1
157 855 1
157 861 1
157 866 1
157 927 1
157 986 1
157 987 1
157 1003 1
157 1059 1
157 1129 1
157 1142 1
157 1174 1
157 1404 1
157 1417 1
157 1420 1
157 1526 1
157 1550 1
157 1614 1
157 1731 1
157 1736 1
157 1759 1
157 1783 1
157 1814 1
157 1824 1
157 1829 1
157 1832 1
157 1927 1
157 1982 1
157 2031 1
158 222 1
158 254 1
158 265 1
158 297 1
158 301 1
158 312 1
158 366 1
158 368 1
158 512 1
158 546 1
158 547 1
158 659 1
158 669 1
158 680 1
158 682 1
158 876 1
158 1016 1
158 1023 1
158 1287 1
158 1298 1
158 1320 1
158 1422 1
158 1458 1
158 1459 1
158 1593 1
158 1618 1
158 1626 1
158 1664 1
158 1671 1
158 1692 1
158 1707 1
158 1967 1
158 2028 1
159 345 1
159 531 1
159 550 1
159 586 1
159 730 1
159 850 1
159 858 1
159 1257 1
159 1264 1
159 1315 1
159 1406 1
159 1563 1
159 1684 1
159 1887 1
159 1924 1
159 1956 1
160 353 1
160 679 1
160 799 1
160 1092 1
160 1113 1
160 1128 1
160 1290 1
160 1566 1
160 1677 1
160 1710 1
160 1758 1
160 1862 1
161 332 1
161 611 1
161 1135 1
162 291 1
162 495 1
162 1466 1
162 1539 1
163 83 1
163 430 1
163 520 1
163 535 1
163 598 1
163 1742 1
164 1425 1
165 8 1
165 636 1
166 793 1
166 1680 1
166 1942 1
167 238 1
167 524 1
167 961 1
168 811 1
168 1040 1
168 1078 1
168 1091 1
168 1416 1
168 1476 1
168 1502 1
168 1538 1
168 1589 1
169 328 1
169 343 1
169 377 1
169 388 1
169 670 1
169 1643 1
170 746 1
170 1787 1
171 786 1
174 41 1
177 4 1
178 146 1
651 64 1
652 75 1
653 64 1
653 69 1
655 63 1
656 61 1
657 46 1
657 58 1
658 54 1
658 68 1
658 75 1
659 44 1
660 61 1
661 69 1
661 78 1
662 7 1
662 45 1
662 71 1
662 80 1
662 395 1
662 402 1
662 622 1
662 1148 1
662 1258 1
662 1561 1
662 1651 1
662 1757 1
662 1875 1
662 1907 1
663 26 1
663 59 1
663 73 1
663 115 1
663 321 1
663 329 1
663 416 1
663 458 1
663 652 1
663 712 1
663 860 1
663 888 1
663 898 1
663 923 1
663 998 1
663 1051 1
663 1058 1
663 1063 1
663 1067 1
663 1068 1
663 1108 1
663 1147 1
663 1176 1
663 1214 1
663 1220 1
663 1224 1
663 1304 1
663 1482 1
663 1510 1
663 1511 1
663 1544 1
663 1587 1
663 1650 1
663 1663 1
663 1785 1
663 1790 1
663 1798 1
663 1916 1
663 1939 1
663 1950 1
664 17 1
664 36 1
664 89 1
664 128 1
664 132 1
664 138 1
664 168 1
664 174 1
664 234 1
664 239 1
664 240 1
664 266 1
664 280 1
664 287 1
664 308 1
664 312 1
664 318 1
664 367 1
664 372 1
664 385 1
664 418 1
664 427 1
664 483 1
664 487 1
664 531 1
664 537 1
664 561 1
664 574 1
664 601 1
664 605 1
664 610 1
664 624 1
664 651 1
664 670 1
664 682 1
664 685 1
664 693 1
664 711 1
664 739 1
664 783 1
664 785 1
664 806 1
664 812 1
664 869 1
664 907 1
664 955 1
664 978 1
664 984 1
664 990 1
664 1012 1
664 1026 1
664 1049 1
664 1060 1
664 1069 1
664 1135 1
664 1136 1
664 1142 1
664 1146 1
664 1167 1
664 1199 1
664 1204 1
664 1216 1
664 1237 1
664 1262 1
664 1277 1
664 1292 1
664 1309 1
664 1325 1
664 1328 1
664 1351 1
664 1371 1
664 1405 1
664 1427 1
664 1477 1
664 1486 1
664 1504 1
664 1551 1
664 1557 1
664 1602 1
664 1606 1
664 1608 1
664 1611 1
664 1632 1
664 1678 1
664 1686 1
664 1702 1
664 1711 1
664 1718 1
664 1721 1
664 1722 1
664 1728 1
664 1767 1
664 1768 1
664 1830 1
664 1844 1
664 1879 1
664 1904 1
664 1931 1
664 1987 1
664 1995 1
664 1999 1
665 68 1
665 79 1
665 91 1
665 93 1
665 105 1
665 156 1
665 173 1
665 221 1
665 323 1
665 328 1
665 392 1
665 412 1
665 462 1
665 665 1
665 745 1
665 757 1
665 766 1
665 893 1
665 901 1
665 913 1
665 1112 1
665 1115 1
665 1280 1
665 1319 1
665 1335 1
665 1360 1
665 1361 1
665 1396 1
665 1403 1
665 1453 1
665 1466 1
665 1516 1
665 1549 1
665 1560 1
665 1636 1
665 1640 1
665 1643 1
665 1657 1
665 1659 1
665 1679 1
665 1690 1
665 1752 1
665 1779 1
665 1807 1
665 1832 1
665 1894 1
665 1919 1
665 1980 1
665 2047 1
666 40 1
666 58 1
666 96 1
666 469 1
666 532 1
666 589 1
666 625 1
666 641 1
666 657 1
666 678 1
666 852 1
666 950 1
666 1185 1
666 1264 1
666 1428 1
666 1595 1
667 218 1
667 273 1
667 407 1
667 447 1
667 461 1
667 640 1
667 709 1
667 744 1
667 763 1
667 995 1
667 1007 1
667 1448 1
667 1487 1
667 1619 1
667 1692 1
667 1730 1
667 1974 1
668 57 1
668 75 1
668 193 1
668 476 1
668 728 1
668 975 1
668 1172 1
668 1195 1
668 1533 1
668 1541 1
668 1572 1
668 1687 1
669 337 1
669 414 1
669 422 1
669 516 1
669 562 1
669 628 1
669 751 1
669 830 1
669 949 1
669 1179 1
669 1330 1
669 1374 1
669 1589 1
669 1591 1
669 1741 1
669 2012 1
670 43 1
670 50 1
670 75 1
670 175 1
670 348 1
670 771 1
670 1243 1
670 1251 1
670 1897 1
670 1898 1
671 201 1
671 661 1
671 881 1
671 993 1
671 1200 1
671 1965 1
671 2016 1
672 66 1
672 70 1
672 600 1
672 1188 1
672 1211 1
672 1530 1
672 1823 1
672 1993 1
673 119 1
673 428 1
673 464 1
673 730 1
673 858 1
673 1098 1
673 1125 1
673 1553 1
673 1921 1
674 145 1
674 371 1
674 551 1
674 591 1
674 638 1
674 649 1
674 765 1
674 833 1
674 1308 1
674 1311 1
674 1408 1
674 1449 1
674 1463 1
674 1494 1
674 1784 1
674 1853 1
674 1900 1
674 2022 1
675 6 1
675 8 1
675 12 1
675 19 1
675 32 1
675 38 1
675 53 1
675 98 1
675 189 1
675 232 1
675 265 1
675 317 1
675 334 1
675 357 1
675 430 1
675 471 1
675 493 1
675 496 1
675 501 1
675 507 1
675 519 1
675 671 1
675 687 1
675 811 1
675 820 1
675 837 1
675 865 1
675 896 1
675 899 1
675 940 1
675 943 1
675 946 1
675 953 1
675 962 1
675 971 1
675 1042 1
675 1050 1
675 1072 1
675 1076 1
675 1078 1
675 1116 1
675 1160 1
675 1170 1
675 1215 1
675 1293 1
675 1296 1
675 1326 1
675 1368 1
675 1390 1
675 1447 1
675 1454 1
675 1475 1
675 1484 1
675 1534 1
675 1570 1
675 1575 1
675 1600 1
675 1610 1
675 1620 1
675 1623 1
675 1646 1
675 1653 1
675 1703 1
675 1716 1
675 1729 1
675 1756 1
675 1760 1
675 1775 1
675 1837 1
675 1842 1
675 1861 1
675 1940 1
675 1996 1
676 2 1
676 4 1
676 9 1
676 14 1
676 15 1
676 16 1
676 18 1
676 20 1
676 21 1
676 22 1
676 24 1
676 25 1
676 29 1
676 30 1
676 31 1
676 34 1
676 37 1
676 39 1
676 51 1
676 56 1
676 58 1
676 62 1
676 67 1
676 72 1
676 77 1
676 83 1
676 86 1
676 90 1
676 97 1
676 100 1
676 101 1
676 109 1
676 113 1
676 126 1
676 133 1
676 134 1
676 136 1
676 151 1
676 153 1
676 155 1
676 163 1
676 166 1
676 179 1
676 183 1
676 199 1
676 211 1
676 213 1
676 219 1
676 220 1
676 226 1
676 227 1
676 231 1
676 236 1
676 237 1
676 246 1
676 249 1
676 254 1
676 255 1
676 256 1
676 257 1
676 262 1
676 264 1
676 274 1
676 281 1
676 282 1
676 283 1
676 286 1
676 288 1
676 290 1
676 291 1
676 294 1
676 304 1
676 305 1
676 310 1
676 314 1
676 315 1
676 324 1
676 326 1
676 332 1
676 340 1
676 347 1
676 354 1
676 373 1
676 381 1
676 386 1
676 390 1
676 391 1
676 397 1
676 398 1
676 399 1
676 409 1
676 415 1
676 419 1
676 426 1
676 429 1
676 435 1
676 436 1
676 441 1
676 449 1
676 453 1
676 454 1
676 466 1
676 473 1
676 481 1
676 485 1
676 491 1
676 500 1
676 502 1
676 503 1
676 508 1
676 509 1
676 510 1
676 513 1
676 514 1
676 517 1
676 518 1
676 521 1
676 522 1
676 525 1
676 529 1
676 533 1
676 540 1
676 541 1
676 543 1
676 547 1
676 549 1
676 552 1
676 554 1
676 557 1
676 559 1
676 564 1
676 567 1
676 569 1
676 572 1
676 582 1
676 586 1
676 596 1
676 598 1
676 602 1
676 607 1
676 608 1
676 611 1
676 616 1
676 634 1
676 644 1
676 647 1
676 650 1
676 654 1
676 659 1
676 666 1
676 669 1
676 675 1
676 683 1
676 686 1
676 690 1
676 695 1
676 696 1
676 698 1
676 699 1
676 707 1
676 718 1
676 726 1
676 731 1
676 732 1
676 737 1
676 750 1
676 753 1
676 756 1
676 770 1
676 774 1
676 782 1
676 786 1
676 787 1
676 792 1
676 796 1
676 799 1
676 805 1
676 810 1
676 816 1
676 818 1
676 822 1
676 826 1
676 835 1
676 845 1
676 847 1
676 854 1
676 867 1
676 870 1
676 871 1
676 872 1
676 879 1
676 880 1
676 883 1
676 885 1
676 889 1
676 902 1
676 903 1
676 908 1
676 910 1
676 921 1
676 931 1
676 939 1
676 941 1
676 947 1
676 948 1
676 957 1
676 959 1
676 960 1
676 961 1
676 965 1
676 967 1
676 972 1
676 981 1
676 992 1
676 996 1
676 999 1
676 1003 1
676 1010 1
676 1011 1
676 1013 1
676 1014 1
676 1023 1
676 1029 1
676 1037 1
676 1039 1
676 1040 1
676 1046 1
676 1052 1
676 1059 1
676 1075 1
676 1080 1
676 1081 1
676 1085 1
676 1093 1
676 1100 1
676 1105 1
676 1109 1
676 1110 1
676 1113 1
676 1117 1
676 1123 1
676 1126 1
676 1132 1
676 1133 1
676 1141 1
676 1154 1
676 1158 1
676 1163 1
676 1165 1
676 1166 1
676 1168 1
676 1174 1
676 1183 1
676 1186 1
676 1187 1
676 1189 1
676 1191 1
676 1205 1
676 1209 1
676 1212 1
676 1222 1
676 1232 1
676 1235 1
676 1249 1
676 1253 1
676 1257 1
676 1261 1
676 1263 1
676 1267 1
676 1268 1
676 1270 1
676 1273 1
676 1285 1
676 1286 1
676 1289 1
676 1294 1
676 1299 1
676 1302 1
676 1305 1
676 1306 1
676 1321 1
676 1323 1
676 1327 1
676 1337 1
676 1341 1
676 1359 1
676 1362 1
676 1369 1
676 1375 1
676 1383 1
676 1386 1
676 1387 1
676 1397 1
676 1399 1
676 1400 1
676 1406 1
676 1415 1
676 1420 1
676 1422 1
676 1432 1
676 1440 1
676 1450 1
676 1459 1
676 1467 1
676 1473 1
676 1480 1
676 1485 1
676 1501 1
676 1502 1
676 1508 1
676 1512 1
676 1518 1
676 1520 1
676 1522 1
676 1525 1
676 1528 1
676 1531 1
676 1535 1
676 1540 1
676 1543 1
676 1574 1
676 1577 1
676 1578 1
676 1579 1
676 1586 1
676 1590 1
676 1598 1
676 1601 1
676 1604 1
676 1605 1
676 1609 1
676 1615 1
676 1626 1
676 1639 1
676 1649 1
676 1666 1
676 1667 1
676 1670 1
676 1671 1
676 1674 1
676 1677 1
676 1684 1
676 1697 1
676 1708 1
676 1710 1
676 1714 1
676 1726 1
676 1731 1
676 1732 1
676 1734 1
676 1739 1
676 1744 1
676 1747 1
676 1748 1
676 1753 1
676 1754 1
676 1763 1
676 1764 1
676 1782 1
676 1787 1
676 1788 1
676 1794 1
676 1800 1
676 1803 1
676 1811 1
676 1817 1
676 1822 1
676 1825 1
676 1826 1
676 1827 1
676 1829 1
676 1833 1
676 1834 1
676 1840 1
676 1849 1
676 1854 1
676 1859 1
676 1866 1
676 1869 1
676 1884 1
676 1885 1
676 1896 1
676 1899 1
676 1901 1
676 1902 1
676 1912 1
676 1925 1
676 1926 1
676 1928 1
676 1941 1
676 1944 1
676 1946 1
676 1951 1
676 1953 1
676 1954 1
676 1955 1
676 1957 1
676 1958 1
676 1961 1
676 1962 1
676 1963 1
676 1973 1
676 1982 1
676 2004 1
676 2005 1
676 2009 1
676 2010 1
676 2015 1
676 2023 1
676 2024 1
676 2026 1
676 2027 1
676 2030 1
676 2031 1
676 2045 1
676 2046 1
677 3 1
677 5 1
677 10 1
677 13 1
677 27 1
677 42 1
677 47 1
677 48 1
677 52 1
677 60 1
677 65 1
677 74 1
677 81 1
677 82 1
677 85 1
677 88 1
677 92 1
677 94 1
677 104 1
677 106 1
677 107 1
677 116 1
677 118 1
677 120 1
677 123 1
677 127 1
677 129 1
677 130 1
677 140 1
677 141 1
677 144 1
677 149 1
677 157 1
677 158 1
677 159 1
677 160 1
677 171 1
677 172 1
677 176 1
677 177 1
677 178 1
677 180 1
677 182 1
677 192 1
677 200 1
677 203 1
677 206 1
677 207 1
677 208 1
677 214 1
677 217 1
677 233 1
677 238 1
677 241 1
677 242 1
677 243 1
677 248 1
677 258 1
677 270 1
677 271 1
677 278 1
677 279 1
677 285 1
677 289 1
677 293 1
677 299 1
677 300 1
677 302 1
677 309 1
677 316 1
677 319 1
677 322 1
677 327 1
677 331 1
677 333 1
677 336 1
677 338 1
677 341 1
677 342 1
677 344 1
677 349 1
677 351 1
677 352 1
677 356 1
677 358 1
677 359 1
677 361 1
677 362 1
677 363 1
677 366 1
677 368 1
677 369 1
677 370 1
677 375 1
677 376 1
677 382 1
677 383 1
677 387 1
677 388 1
677 389 1
677 394 1
677 401 1
677 420 1
677 421 1
677 431 1
677 433 1
677 437 1
677 438 1
677 439 1
677 444 1
677 448 1
677 460 1
677 463 1
677 467 1
677 468 1
677 475 1
677 477 1
677 478 1
677 484 1
677 486 1
677 489 1
677 492 1
677 498 1
677 504 1
677 506 1
677 511 1
677 512 1
677 526 1
677 544 1
677 548 1
677 553 1
677 555 1
677 556 1
677 558 1
677 560 1
677 563 1
677 565 1
677 566 1
677 568 1
677 575 1
677 578 1
677 579 1
677 581 1
677 583 1
677 590 1
677 594 1
677 597 1
677 606 1
677 614 1
677 615 1
677 617 1
677 621 1
677 630 1
677 635 1
677 656 1
677 658 1
677 660 1
677 662 1
677 664 1
677 681 1
677 688 1
677 691 1
677 700 1
677 702 1
677 710 1
677 713 1
677 720 1
677 724 1
677 727 1
677 729 1
677 736 1
677 738 1
677 742 1
677 746 1
677 749 1
677 752 1
677 758 1
677 759 1
677 760 1
677 762 1
677 767 1
677 772 1
677 773 1
677 775 1
677 779 1
677 780 1
677 781 1
677 788 1
677 791 1
677 797 1
677 803 1
677 804 1
677 808 1
677 809 1
677 813 1
677 817 1
677 821 1
677 828 1
677 831 1
677 834 1
677 840 1
677 844 1
677 848 1
677 849 1
677 850 1
677 851 1
677 861 1
677 876 1
677 878 1
677 882 1
677 887 1
677 892 1
677 897 1
677 904 1
677 906 1
677 909 1
677 912 1
677 920 1
677 922 1
677 924 1
677 932 1
677 933 1
677 936 1
677 942 1
677 956 1
677 963 1
677 969 1
677 973 1
677 974 1
677 976 1
677 979 1
677 982 1
677 989 1
677 991 1
677 997 1
677 1002 1
677 1006 1
677 1017 1
677 1019 1
677 1021 1
677 1028 1
677 1030 1
677 1031 1
677 1033 1
677 1035 1
677 1036 1
677 1038 1
677 1041 1
677 1044 1
677 1045 1
677 1047 1
677 1056 1
677 1057 1
677 1064 1
677 1065 1
677 1070 1
677 1073 1
677 1077 1
677 1082 1
677 1084 1
677 1087 1
677 1088 1
677 1089 1
677 1090 1
677 1092 1
677 1094 1
677 1096 1
677 1097 1
677 1099 1
677 1101 1
677 1102 1
677 1103 1
677 1106 1
677 1107 1
677 1111 1
677 1122 1
677 1127 1
677 1128 1
677 1131 1
677 1134 1
677 1138 1
677 1143 1
677 1145 1
677 1150 1
677 1155 1
677 1156 1
677 1161 1
677 1164 1
677 1178 1
677 1180 1
677 1181 1
677 1190 1
677 1194 1
677 1196 1
677 1197 1
677 1198 1
677 1201 1
677 1207 1
677 1208 1
677 1218 1
677 1219 1
677 1221 1
677 1223 1
677 1226 1
677 1227 1
677 1228 1
677 1229 1
677 1234 1
677 1239 1
677 1240 1
677 1241 1
677 1247 1
677 1248 1
677 1250 1
677 1254 1
677 1255 1
677 1256 1
677 1269 1
677 1278 1
677 1279 1
677 1287 1
677 1290 1
677 1300 1
677 1301 1
677 1312 1
677 1320 1
677 1324 1
677 1329 1
677 1333 1
677 1336 1
677 1342 1
677 1343 1
677 1346 1
677 1348 1
677 1350 1
677 1353 1
677 1356 1
677 1358 1
677 1363 1
677 1370 1
677 1373 1
677 1376 1
677 1378 1
677 1379 1
677 1384 1
677 1385 1
677 1392 1
677 1393 1
677 1394 1
677 1395 1
677 1398 1
677 1402 1
677 1409 1
677 1417 1
677 1418 1
677 1421 1
677 1425 1
677 1429 1
677 1430 1
677 1431 1
677 1433 1
677 1434 1
677 1435 1
677 1437 1
677 1444 1
677 1451 1
677 1452 1
677 1455 1
677 1465 1
677 1468 1
677 1470 1
677 1471 1
677 1472 1
677 1478 1
677 1483 1
677 1488 1
677 1489 1
677 1490 1
677 1491 1
677 1492 1
677 1495 1
677 1497 1
677 1498 1
677 1499 1
677 1500 1
677 1503 1
677 1506 1
677 1507 1
677 1509 1
677 1513 1
677 1519 1
677 1523 1
677 1526 1
677 1529 1
677 1532 1
677 1542 1
677 1545 1
677 1546 1
677 1548 1
677 1555 1
677 1562 1
677 1563 1
677 1564 1
677 1565 1
677 1567 1
677 1568 1
677 1576 1
677 1580 1
677 1584 1
677 1585 1
677 1592 1
677 1597 1
677 1599 1
677 1612 1
677 1621 1
677 1622 1
677 1624 1
677 1627 1
677 1628 1
677 1630 1
677 1642 1
677 1652 1
677 1654 1
677 1662 1
677 1664 1
677 1672 1
677 1675 1
677 1676 1
677 1682 1
677 1683 1
677 1685 1
677 1688 1
677 1689 1
677 1694 1
677 1696 1
677 1698 1
677 1704 1
677 1712 1
677 1713 1
677 1715 1
677 1725 1
677 1727 1
677 1740 1
677 1742 1
677 1743 1
677 1749 1
677 1750 1
677 1762 1
677 1770 1
677 1771 1
677 1772 1
677 1777 1
677 1786 1
677 1789 1
677 1791 1
677 1792 1
677 1793 1
677 1796 1
677 1797 1
677 1799 1
677 1805 1
677 1809 1
677 1810 1
677 1813 1
677 1814 1
677 1818 1
677 1819 1
677 1820 1
677 1821 1
677 1824 1
677 1835 1
677 1841 1
677 1843 1
677 1847 1
677 1855 1
677 1856 1
677 1858 1
677 1862 1
677 1872 1
677 1878 1
677 1881 1
677 1888 1
677 1892 1
677 1906 1
677 1913 1
677 1914 1
677 1915 1
677 1930 1
677 1933 1
677 1938 1
677 1945 1
677 1978 1
677 1983 1
677 1988 1
677 1994 1
677 1997 1
677 2002 1
677 2003 1
677 2007 1
677 2008 1
677 2011 1
677 2019 1
677 2025 1
677 2028 1
677 2029 1
677 2032 1
677 2033 1
677 2048 1
678 23 1
678 28 1
678 33 1
678 35 1
678 49 1
678 81 1
678 95 1
678 111 1
678 114 1
678 117 1
678 122 1
678 131 1
678 139 1
678 148 1
678 150 1
678 154 1
678 162 1
678 164 1
678 165 1
678 167 1
678 181 1
678 184 1
678 186 1
678 190 1
678 191 1
678 194 1
678 197 1
678 198 1
678 204 1
678 205 1
678 212 1
678 222 1
678 223 1
678 224 1
678 228 1
678 245 1
678 250 1
678 251 1
678 260 1
678 261 1
678 267 1
678 268 1
678 272 1
678 275 1
678 276 1
678 277 1
678 284 1
678 295 1
678 297 1
678 307 1
678 311 1
678 325 1
678 339 1
678 360 1
678 364 1
678 365 1
678 374 1
678 377 1
678 378 1
678 393 1
678 400 1
678 403 1
678 406 1
678 408 1
678 417 1
678 424 1
678 432 1
678 434 1
678 440 1
678 443 1
678 450 1
678 452 1
678 456 1
678 470 1
678 472 1
678 494 1
678 495 1
678 499 1
678 505 1
678 515 1
678 520 1
678 523 1
678 527 1
678 528 1
678 530 1
678 535 1
678 538 1
678 542 1
678 546 1
678 570 1
678 571 1
678 585 1
678 592 1
678 593 1
678 604 1
678 613 1
678 620 1
678 623 1
678 626 1
678 629 1
678 631 1
678 632 1
678 645 1
678 663 1
678 667 1
678 674 1
678 676 1
678 677 1
678 679 1
678 689 1
678 694 1
678 701 1
678 703 1
678 708 1
678 715 1
678 716 1
678 719 1
678 733 1
678 735 1
678 747 1
678 768 1
678 777 1
678 778 1
678 789 1
678 790 1
678 798 1
678 801 1
678 815 1
678 823 1
678 824 1
678 825 1
678 832 1
678 836 1
678 838 1
678 839 1
678 842 1
678 843 1
678 855 1
678 856 1
678 857 1
678 863 1
678 866 1
678 868 1
678 873 1
678 905 1
678 911 1
678 915 1
678 919 1
678 925 1
678 929 1
678 937 1
678 938 1
678 951 1
678 952 1
678 977 1
678 986 1
678 988 1
678 1000 1
678 1004 1
678 1005 1
678 1016 1
678 1020 1
678 1024 1
678 1025 1
678 1043 1
678 1048 1
678 1054 1
678 1071 1
678 1074 1
678 1079 1
678 1091 1
678 1095 1
678 1120 1
678 1124 1
678 1130 1
678 1144 1
678 1149 1
678 1151 1
678 1157 1
678 1159 1
678 1162 1
678 1169 1
678 1175 1
678 1210 1
678 1225 1
678 1230 1
678 1231 1
678 1245 1
678 1272 1
678 1274 1
678 1275 1
678 1288 1
678 1291 1
678 1297 1
678 1314 1
678 1318 1
678 1332 1
678 1334 1
678 1339 1
678 1357 1
678 1367 1
678 1377 1
678 1389 1
678 1404 1
678 1411 1
678 1416 1
678 1442 1
678 1446 1
678 1457 1
678 1458 1
678 1469 1
678 1514 1
678 1517 1
678 1550 1
678 1552 1
678 1559 1
678 1569 1
678 1571 1
678 1593 1
678 1594 1
678 1607 1
678 1625 1
678 1629 1
678 1635 1
678 1638 1
678 1645 1
678 1656 1
678 1660 1
678 1668 1
678 1673 1
678 1681 1
678 1691 1
678 1699 1
678 1700 1
678 1705 1
678 1706 1
678 1707 1
678 1709 1
678 1724 1
678 1737 1
678 1751 1
678 1761 1
678 1802 1
678 1808 1
678 1812 1
678 1828 1
678 1836 1
678 1838 1
678 1845 1
678 1846 1
678 1850 1
678 1851 1
678 1867 1
678 1868 1
678 1873 1
678 1874 1
678 1882 1
678 1886 1
678 1887 1
678 1889 1
678 1890 1
678 1908 1
678 1909 1
678 1923 1
678 1929 1
678 1932 1
678 1935 1
678 1942 1
678 1943 1
678 1947 1
678 1949 1
678 1952 1
678 1959 1
678 1964 1
678 1968 1
678 1971 1
678 1981 1
678 1985 1
678 2000 1
678 2006 1
678 2035 1
678 2036 1
678 2038 1
678 2040 1
678 2041 1
678 2042 1
679 11 1
679 41 1
679 112 1
679 124 1
679 137 1
679 143 1
679 147 1
679 161 1
679 169 1
679 187 1
679 188 1
679 195 1
679 196 1
679 202 1
679 209 1
679 210 1
679 215 1
679 225 1
679 229 1
679 296 1
679 301 1
679 313 1
679 350 1
679 384 1
679 410 1
679 425 1
679 442 1
679 445 1
679 451 1
679 479 1
679 497 1
679 524 1
679 577 1
679 580 1
679 595 1
679 599 1
679 609 1
679 612 1
679 618 1
679 627 1
679 633 1
679 636 1
679 637 1
679 639 1
679 646 1
679 655 1
679 668 1
679 697 1
679 704 1
679 714 1
679 722 1
679 723 1
679 725 1
679 740 1
679 741 1
679 776 1
679 793 1
679 800 1
679 802 1
679 829 1
679 853 1
679 862 1
679 874 1
679 877 1
679 884 1
679 886 1
679 890 1
679 900 1
679 916 1
679 928 1
679 930 1
679 935 1
679 944 1
679 954 1
679 958 1
679 968 1
679 970 1
679 1015 1
679 1027 1
679 1061 1
679 1086 1
679 1118 1
679 1119 1
679 1129 1
679 1137 1
679 1153 1
679 1171 1
679 1182 1
679 1206 1
679 1213 1
679 1233 1
679 1238 1
679 1260 1
679 1265 1
679 1266 1
679 1276 1
679 1282 1
679 1284 1
679 1307 1
679 1317 1
679 1344 1
679 1347 1
679 1352 1
679 1354 1
679 1365 1
679 1372 1
679 1412 1
679 1424 1
679 1443 1
679 1460 1
679 1464 1
679 1474 1
679 1493 1
679 1496 1
679 1524 1
679 1527 1
679 1536 1
679 1539 1
679 1554 1
679 1556 1
679 1573 1
679 1617 1
679 1618 1
679 1631 1
679 1647 1
679 1658 1
679 1661 1
679 1665 1
679 1669 1
679 1701 1
679 1723 1
679 1755 1
679 1759 1
679 1774 1
679 1783 1
679 1806 1
679 1815 1
679 1848 1
679 1857 1
679 1860 1
679 1871 1
679 1877 1
679 1880 1
679 1883 1
679 1918 1
679 1936 1
679 1948 1
679 1960 1
679 1969 1
679 1975 1
679 1976 1
679 1984 1
679 1991 1
679 1992 1
679 1998 1
679 2001 1
679 2014 1
679 2017 1
679 2018 1
679 2020 1
679 2021 1
679 2037 1
680 76 1
680 79 1
680 102 1
680 185 1
680 263 1
680 292 1
680 298 1
680 320 1
680 404 1
680 413 1
680 455 1
680 457 1
680 465 1
680 474 1
680 480 1
680 488 1
680 576 1
680 588 1
680 648 1
680 653 1
680 680 1
680 684 1
680 705 1
680 721 1
680 764 1
680 769 1
680 807 1
680 827 1
680 894 1
680 926 1
680 927 1
680 934 1
680 964 1
680 983 1
680 1001 1
680 1009 1
680 1022 1
680 1104 1
680 1114 1
680 1184 1
680 1192 1
680 1217 1
680 1242 1
680 1298 1
680 1303 1
680 1338 1
680 1349 1
680 1364 1
680 1426 1
680 1438 1
680 1439 1
680 1445 1
680 1481 1
680 1515 1
680 1566 1
680 1582 1
680 1641 1
680 1717 1
680 1720 1
680 1733 1
680 1746 1
680 1765 1
680 1766 1
680 1773 1
680 1778 1
680 1780 1
680 1804 1
680 1852 1
680 1893 1
680 1905 1
680 1924 1
680 1927 1
680 1966 1
680 1970 1
680 1977 1
680 1979 1
680 2034 1
681 55 1
681 67 1
681 84 1
681 121 1
681 152 1
681 230 1
681 259 1
681 306 1
681 446 1
681 587 1
681 672 1
681 748 1
681 754 1
681 761 1
681 819 1
681 895 1
681 918 1
681 987 1
681 994 1
681 1055 1
681 1083 1
681 1121 1
681 1252 1
681 1310 1
681 1355 1
681 1380 1
681 1382 1
681 1391 1
681 1414 1
681 1423 1
681 1441 1
681 1613 1
681 1637 1
681 1648 1
681 1693 1
681 1831 1
681 1864 1
681 1920 1
681 1934 1
681 1937 1
681 1967 1
681 1972 1
682 43 1
682 61 1
682 125 1
682 135 1
682 170 1
682 864 1
682 917 1
682 966 1
682 1053 1
682 1177 1
682 1203 1
682 1313 1
682 1316 1
682 1322 1
682 1581 1
682 1903 1
682 1911 1
682 2044 1
683 44 1
683 56 1
683 330 1
683 353 1
683 380 1
683 534 1
683 814 1
683 1018 1
683 1173 1
683 1236 1
683 1315 1
683 1381 1
683 1521 1
683 1588 1
683 1719 1
683 1922 1
683 1990 1
684 103 1
684 346 1
684 603 1
684 1066 1
684 1139 1
684 1345 1
684 1479 1
684 1816 1
685 76 1
685 379 1
685 755 1
685 794 1
685 795 1
685 1259 1
685 1407 1
685 1456 1
685 1695 1
685 1745 1
685 1776 1
685 1891 1
686 108 1
686 244 1
686 423 1
686 459 1
686 1062 1
686 1281 1
686 1295 1
686 1644 1
687 1 1
687 42 1
687 50 1
687 57 1
687 482 1
687 550 1
687 1152 1
687 1410 1
687 1603 1
687 1614 1
687 1616 1
687 1839 1
687 1986 1
688 76 1
688 87 1
688 110 1
688 142 1
688 252 1
688 343 1
688 396 1
688 539 1
688 619 1
688 643 1
688 692 1
688 706 1
688 734 1
688 743 1
688 784 1
688 841 1
688 891 1
688 1034 1
688 1140 1
688 1193 1
688 1202 1
688 1340 1
688 1461 1
688 1476 1
688 1537 1
688 1538 1
688 1558 1
688 1583 1
688 1633 1
688 1655 1
688 1736 1
688 1758 1
688 1769 1
688 1781 1
688 1876 1
688 2013 1
688 2039 1
689 67 1
689 73 1
689 79 1
689 99 1
689 146 1
689 216 1
689 235 1
689 247 1
689 253 1
689 269 1
689 303 1
689 335 1
689 345 1
689 355 1
689 405 1
689 411 1
689 490 1
689 536 1
689 545 1
689 573 1
689 584 1
689 642 1
689 673 1
689 717 1
689 846 1
689 859 1
689 875 1
689 914 1
689 945 1
689 980 1
689 985 1
689 1008 1
689 1032 1
689 1244 1
689 1246 1
689 1271 1
689 1283 1
689 1331 1
689 1366 1
689 1388 1
689 1401 1
689 1413 1
689 1419 1
689 1436 1
689 1462 1
689 1505 1
689 1547 1
689 1596 1
689 1634 1
689 1680 1
689 1735 1
689 1738 1
689 1795 1
689 1801 1
689 1863 1
689 1865 1
689 1870 1
689 1895 1
689 1910 1
689 1917 1
689 1956 1
689 1989 1
689 2043 1
690 73 1
692 65 1
693 45 1
693 46 1
693 56 1
693 69 1
695 72 1
696 46 1
696 64 1
697 42 1
697 44 1
698 59 1
698 76 1
701 71 1
702 50 1
702 55 1
702 72 1
704 52 1
704 62 1
704 66 1
707 74 1
707 81 1
708 48 1
709 65 1
710 59 1
710 68 1
710 79 1
711 44 1
715 63 1
717 68 1
717 71 1
718 52 1
718 82 1
719 53 1
719 63 1
719 75 1
720 76 1
721 75 1
721 78 1
722 70 1
722 75 1
723 52 1
724 58 1
725 56 1
725 73 1
727 76 1
728 52 1
728 57 1
731 66 1
731 79 1
731 218 1
732 58 1
732 64 1
732 124 1
732 221 1
732 562 1
732 646 1
732 1466 1
733 6 1
733 46 1
733 273 1
733 407 1
733 462 1
733 625 1
733 950 1
733 995 1
733 1258 1
733 1293 1
733 1353 1
733 1437 1
733 1477 1
733 1533 1
733 1639 1
733 2016 1
734 38 1
734 64 1
734 286 1
734 312 1
734 469 1
734 766 1
734 1020 1
734 1408 1
734 1524 1
734 1595 1
734 1651 1
734 1798 1
734 1973 1
734 1974 1
734 2022 1
734 2030 1
735 40 1
735 54 1
735 58 1
735 61 1
735 468 1
735 476 1
735 852 1
735 860 1
735 1214 1
735 1221 1
735 1757 1
735 1776 1
735 1894 1
736 55 1
736 402 1
736 591 1
736 744 1
736 1779 1
736 1853 1
737 49 1
737 516 1
737 802 1
737 1425 1
738 1650 1
739 671 1
740 51 1
740 56 1
740 68 1
740 71 1
740 422 1
741 60 1
741 1691 1
742 431 1
743 622 1
743 634 1
743 929 1
745 78 1
745 955 1
745 1167 1
746 56 1
746 72 1
746 128 1
746 266 1
746 907 1
746 1026 1
746 1115 1
746 1830 1
746 1939 1
747 7 1
747 11 1
747 55 1
747 57 1
747 62 1
747 323 1
747 325 1
747 416 1
747 493 1
747 510 1
747 574 1
747 712 1
747 898 1
747 990 1
747 1058 1
747 1108 1
747 1386 1
747 1427 1
747 1511 1
747 1516 1
747 1544 1
747 1604 1
747 1606 1
747 1686 1
747 1721 1
747 1722 1
747 1775 1
747 1999 1
748 64 1
748 73 1
748 91 1
748 174 1
748 265 1
748 272 1
748 427 1
748 481 1
748 596 1
748 638 1
748 641 1
748 651 1
748 713 1
748 765 1
748 893 1
748 901 1
748 1089 1
748 1243 1
748 1251 1
748 1308 1
748 1361 1
748 1403 1
748 1601 1
748 1602 1
748 1628 1
748 1640 1
748 1687 1
748 1740 1
748 1823 1
748 1848 1
748 1856 1
749 68 1
749 79 1
749 82 1
749 321 1
749 393 1
749 409 1
749 549 1
749 594 1
749 644 1
749 649 1
749 652 1
749 676 1
749 858 1
749 902 1
749 913 1
749 915 1
749 1003 1
749 1047 1
749 1170 1
749 1311 1
749 1508 1
749 1551 1
749 1553 1
749 1589 1
749 1657 1
749 1702 1
749 1728 1
749 1751 1
749 1813 1
749 1826 1
749 1982 1
749 2006 1
750 49 1
750 61 1
750 74 1
750 168 1
750 318 1
750 324 1
750 442 1
750 623 1
750 741 1
750 876 1
750 881 1
750 882 1
750 916 1
750 957 1
750 978 1
750 1049 1
750 1063 1
750 1174 1
750 1275 1
750 1309 1
750 1312 1
750 1344 1
750 1487 1
750 1501 1
750 1504 1
750 1744 1
750 1764 1
750 1860 1
750 1871 1
750 1950 1
750 1951 1
750 2034 1
750 2048 0
