1 9 1
1 29 1
1 33 1
2 1 1
2 19 1
3 17 1
4 5 1
4 10 1
4 26 1
4 39 1
5 27 1
6 38 1
6 39 1
6 1128 1
7 2 1
7 11 1
7 19 1
7 1763 1
8 1746 1
9 1545 1
9 1804 1
10 17 1
10 19 1
10 25 1
11 3 1
11 11 1
11 777 1
11 1509 1
13 8 1
13 14 1
13 1666 1
13 1853 1
14 5 1
14 787 1
15 456 1
15 619 1
16 1 1
16 22 1
16 31 1
16 725 1
17 600 1
17 1981 1
18 14 1
18 525 1
18 1826 1
18 1887 1
18 2046 1
19 13 1
19 1143 1
19 1651 1
20 4 1
20 370 1
20 558 1
20 794 1
20 1259 1
20 1317 1
20 1476 1
20 1712 1
21 98 1
21 613 1
21 837 1
21 970 1
21 985 1
21 1330 1
21 1662 1
21 1998 1
22 117 1
22 196 1
22 373 1
22 404 1
22 792 1
22 803 1
22 1045 1
22 1543 1
22 1646 1
23 492 1
23 981 1
23 990 1
23 1061 1
23 1180 1
23 1194 1
24 399 1
24 980 1
25 45 1
25 590 1
25 1454 1
25 2044 1
26 14 1
26 313 1
26 905 1
26 1903 1
27 111 1
27 1077 1
27 1934 1
27 1948 1
28 16 1
28 18 1
28 39 1
28 48 1
28 659 1
28 1751 1
28 1892 1
29 25 1
29 32 1
29 39 1
29 132 1
29 168 1
29 339 1
29 798 1
29 1525 1
30 231 1
30 1982 1
31 10 1
31 34 1
31 325 1
31 796 1
31 1010 1
31 1870 1
32 20 1
32 21 1
32 477 1
32 548 1
32 575 1
32 710 1
32 1854 1
32 1858 1
33 11 1
33 29 1
33 580 1
33 932 1
33 1642 1
33 1682 1
33 1691 1
33 1987 1
34 16 1
34 19 1
34 655 1
34 1205 1
34 1293 1
34 1866 1
34 1907 1
35 56 1
35 221 1
35 319 1
35 385 1
35 388 1
35 475 1
35 1111 1
35 1586 1
35 1635 1
35 1783 1
35 1809 1
35 1906 1
36 19 1
36 140 1
36 278 1
36 363 1
36 482 1
36 542 1
36 561 1
36 749 1
36 1164 1
36 1207 1
36 1233 1
36 1821 1
36 1996 1
37 41 1
37 409 1
37 623 1
37 847 1
37 1059 1
37 1414 1
37 1449 1
37 1848 1
38 17 1
38 198 1
38 761 1
38 931 1
38 1014 1
38 1422 1
38 1803 1
38 1949 1
38 2006 1
39 3 1
39 11 1
39 1223 1
39 1510 1
39 1573 1
39 1707 1
39 1737 1
39 1863 1
40 37 1
40 356 1
40 1503 1
40 1891 1
41 108 1
41 412 1
41 493 1
41 1085 1
41 1326 1
42 19 1
42 309 1
42 1099 1
42 2001 1
43 16 1
43 25 1
43 770 1
43 1775 1
44 9 1
44 110 1
44 468 1
44 1600 1
44 1914 1
44 1974 1
45 16 1
45 159 1
45 868 1
46 4 1
46 16 1
46 459 1
46 820 1
46 1580 1
47 7 1
47 37 1
47 184 1
47 862 1
47 1939 1
48 8 1
48 185 1
48 253 1
48 314 1
48 375 1
48 819 1
48 1070 1
48 1102 1
48 1138 1
48 1192 1
48 1319 1
48 1343 1
48 1507 1
48 1641 1
49 24 1
49 100 1
49 335 1
49 365 1
49 380 1
49 438 1
49 972 1
49 1204 1
49 1335 1
50 32 1
50 227 1
50 260 1
50 298 1
50 364 1
50 784 1
50 1015 1
50 1079 1
50 1244 1
50 1245 1
50 1576 1
50 1577 1
50 1730 1
50 1890 1
51 436 1
51 543 1
51 986 1
51 1114 1
51 1160 1
51 1643 1
51 1684 1
51 1720 1
51 1855 1
51 1989 1
52 479 1
52 934 1
52 1011 1
52 1282 1
52 1361 1
52 1419 1
52 1718 1
52 1839 1
52 1929 1
52 1951 1
52 1978 1
52 1999 1
53 29 1
53 457 1
53 501 1
53 621 1
53 676 1
53 1055 1
53 1108 1
53 1625 1
53 1694 1
53 1733 1
53 1956 1
54 261 1
54 445 1
54 559 1
54 736 1
54 767 1
54 920 1
54 930 1
54 1002 1
54 1187 1
54 1492 1
54 1618 1
54 1697 1
54 2003 1
55 16 1
55 25 1
55 689 1
55 800 1
55 1416 1
55 1828 1
56 17 1
56 218 1
56 747 1
56 857 1
56 861 1
56 1100 1
56 1539 1
56 1556 1
56 1800 1
56 2027 1
57 31 1
57 766 1
57 1252 1
57 1313 1
57 1831 1
58 3 1
58 27 1
58 147 1
58 302 1
58 336 1
59 33 1
59 1356 1
59 1482 1
59 1955 1
60 917 1
60 937 1
60 1215 1
60 1303 1
61 30 1
61 741 1
61 1394 1
61 1615 1
62 41 1
62 183 1
62 607 1
62 680 1
62 1583 1
62 1701 1
63 23 1
63 249 1
63 421 1
63 650 1
63 870 1
63 955 1
63 958 1
63 1500 1
63 1784 1
64 32 1
64 35 1
64 362 1
64 515 1
64 547 1
64 552 1
64 935 1
64 967 1
64 1247 1
64 1420 1
64 1655 1
64 1883 1
65 12 1
65 36 1
65 289 1
65 551 1
65 578 1
65 584 1
65 616 1
65 1197 1
65 1392 1
65 1594 1
65 1656 1
65 1805 1
66 2 1
66 5 1
66 334 1
66 491 1
66 1101 1
66 1284 1
66 1579 1
66 1832 1
66 1975 1
67 11 1
67 26 1
67 35 1
67 359 1
67 544 1
67 673 1
67 682 1
67 1036 1
67 1051 1
67 1170 1
67 1498 1
67 1762 1
67 1829 1
68 4 1
68 6 1
68 16 1
68 200 1
68 595 1
68 652 1
68 732 1
68 925 1
68 976 1
68 1331 1
68 1550 1
68 1685 1
68 1758 1
68 1967 1
69 14 1
69 15 1
69 26 1
69 41 1
69 622 1
69 664 1
69 776 1
69 799 1
69 1050 1
69 1256 1
69 1536 1
69 1601 1
69 1616 1
69 1644 1
69 1725 1
69 1789 1
69 1912 1
69 1990 1
70 131 1
70 166 1
70 304 1
70 538 1
70 591 1
70 840 1
70 902 1
70 945 1
70 974 1
70 1047 1
70 1322 1
70 1710 1
70 1726 1
70 1802 1
70 1885 1
71 21 1
71 290 1
71 450 1
71 452 1
71 507 1
71 904 1
71 1044 1
71 1254 1
71 1320 1
71 1968 1
71 1984 1
72 14 1
72 52 1
72 236 1
72 402 1
72 639 1
72 804 1
72 1198 1
72 1250 1
72 1552 1
72 1599 1
72 1623 1
73 22 1
73 448 1
73 1301 1
73 1612 1
73 1972 1
74 24 1
74 26 1
74 28 1
74 31 1
74 620 1
74 897 1
74 1056 1
74 1173 1
74 1410 1
74 1744 1
75 32 1
75 446 1
75 524 1
75 568 1
75 752 1
75 1158 1
75 1336 1
75 2028 1
76 3 1
76 176 1
76 411 1
76 909 1
76 1905 1
77 3 1
77 125 1
77 701 1
77 1097 1
77 1814 1
78 29 1
78 371 1
78 855 1
79 21 1
79 503 1
79 815 1
79 1017 1
79 1147 1
79 1844 1
80 14 1
80 434 1
80 586 1
80 1528 1
81 235 1
81 396 1
81 504 1
81 672 1
81 1189 1
81 1427 1
81 1650 1
81 1997 1
82 299 1
82 750 1
82 871 1
82 1161 1
82 1262 1
82 1272 1
82 1373 1
82 1442 1
82 1463 1
82 1544 1
82 1808 1
82 1874 1
82 1925 1
83 207 1
83 250 1
83 291 1
83 386 1
83 587 1
83 598 1
83 782 1
83 783 1
83 801 1
83 811 1
83 886 1
83 1072 1
83 1078 1
83 1412 1
83 1508 1
83 1578 1
83 1680 1
83 1708 1
84 327 1
84 384 1
84 392 1
84 532 1
84 577 1
84 602 1
84 746 1
84 775 1
84 941 1
84 975 1
84 1025 1
84 1067 1
84 1092 1
84 1146 1
84 1156 1
84 1753 1
85 4 1
85 57 1
85 115 1
85 284 1
85 285 1
85 286 1
85 506 1
85 643 1
85 681 1
85 714 1
85 965 1
85 1107 1
85 1165 1
85 1270 1
85 1366 1
85 1428 1
85 1565 1
85 1589 1
85 1916 1
85 1991 1
86 18 1
86 41 1
86 124 1
86 128 1
86 239 1
86 242 1
86 332 1
86 516 1
86 609 1
86 662 1
86 663 1
86 882 1
86 885 1
86 898 1
86 1163 1
86 1237 1
86 1267 1
86 1277 1
86 1291 1
86 1478 1
86 1675 1
86 1704 1
86 1731 1
86 1798 1
86 1799 1
86 1823 1
86 1837 1
86 1847 1
86 1864 1
87 1 1
87 78 1
87 257 1
87 440 1
87 461 1
87 519 1
87 606 1
87 706 1
87 922 1
87 951 1
87 963 1
87 1390 1
87 1479 1
87 1501 1
87 1779 1
87 1899 1
88 11 1
88 23 1
88 31 1
88 39 1
88 174 1
88 684 1
88 728 1
88 781 1
88 832 1
88 912 1
88 994 1
88 1191 1
88 1275 1
88 1347 1
88 1467 1
88 1653 1
88 1750 1
88 1841 1
88 1976 1
89 26 1
89 36 1
89 112 1
89 178 1
89 838 1
89 843 1
89 910 1
89 1039 1
89 1398 1
89 1513 1
89 1521 1
89 1617 1
89 1748 1
89 1859 1
89 1926 1
89 1930 1
89 1995 1
89 2030 1
90 11 1
90 92 1
90 148 1
90 979 1
90 1021 1
90 1391 1
90 1986 1
91 25 1
91 34 1
91 106 1
91 175 1
91 1455 1
91 1688 1
91 1876 1
91 2037 1
92 1 1
92 22 1
92 702 1
92 956 1
92 1534 1
92 1795 1
93 241 1
93 333 1
93 447 1
93 567 1
93 797 1
93 1461 1
93 1664 1
94 20 1
94 21 1
94 33 1
94 152 1
94 202 1
94 318 1
94 1069 1
95 137 1
96 77 1
96 345 1
96 418 1
96 900 1
96 1232 1
97 5 1
97 668 1
97 1458 1
98 10 1
98 14 1
98 307 1
98 553 1
98 667 1
98 1054 1
98 1629 1
98 1811 1
99 12 1
99 27 1
99 281 1
99 469 1
99 649 1
99 734 1
99 977 1
99 1084 1
99 1258 1
99 1350 1
99 1382 1
99 1399 1
99 1520 1
99 1551 1
99 1640 1
99 1813 1
99 2034 1
100 43 1
100 226 1
100 348 1
100 368 1
100 441 1
100 478 1
100 647 1
100 718 1
100 740 1
100 742 1
100 911 1
100 1088 1
100 1127 1
100 1132 1
100 1217 1
100 1226 1
100 1242 1
100 1271 1
100 1470 1
100 1491 1
100 1572 1
100 1668 1
100 1842 1
100 1880 1
100 1900 1
100 2012 1
101 2 1
101 94 1
101 171 1
101 192 1
101 237 1
101 305 1
101 317 1
101 467 1
101 474 1
101 498 1
101 509 1
101 669 1
101 812 1
101 834 1
101 850 1
101 863 1
101 919 1
101 1019 1
101 1052 1
101 1125 1
101 1134 1
101 1184 1
101 1222 1
101 1329 1
101 1352 1
101 1370 1
101 1627 1
101 1637 1
101 1683 1
101 1778 1
101 1797 1
101 1932 1
101 1962 1
101 1992 1
102 3 1
102 134 1
102 135 1
102 320 1
102 328 1
102 342 1
102 422 1
102 424 1
102 442 1
102 458 1
102 476 1
102 546 1
102 579 1
102 603 1
102 735 1
102 817 1
102 880 1
102 903 1
102 1062 1
102 1083 1
102 1119 1
102 1124 1
102 1203 1
102 1213 1
102 1218 1
102 1276 1
102 1338 1
102 1363 1
102 1483 1
102 1597 1
102 1647 1
102 1681 1
102 1702 1
102 1739 1
102 1884 1
102 1889 1
102 1922 1
102 1952 1
103 2 1
103 74 1
103 163 1
103 167 1
103 272 1
103 288 1
103 329 1
103 337 1
103 391 1
103 444 1
103 530 1
103 563 1
103 658 1
103 697 1
103 708 1
103 780 1
103 786 1
103 805 1
103 821 1
103 831 1
103 923 1
103 1043 1
103 1082 1
103 1086 1
103 1139 1
103 1177 1
103 1297 1
103 1385 1
103 1409 1
103 1432 1
103 1468 1
103 1474 1
103 1613 1
103 1620 1
103 1760 1
103 1838 1
104 12 1
104 146 1
104 164 1
104 213 1
104 217 1
104 234 1
104 393 1
104 429 1
104 435 1
104 518 1
104 549 1
104 573 1
104 675 1
104 712 1
104 830 1
104 960 1
104 1116 1
104 1182 1
104 1302 1
104 1341 1
104 1429 1
104 1571 1
104 1776 1
104 1898 1
105 177 1
105 179 1
105 259 1
105 374 1
105 425 1
105 523 1
105 629 1
105 690 1
105 835 1
105 1090 1
105 1104 1
105 1121 1
105 1122 1
105 1167 1
105 1183 1
105 1365 1
105 1431 1
105 1445 1
105 1506 1
105 1947 1
105 1959 1
106 40 1
106 95 1
106 208 1
106 540 1
106 720 1
106 765 1
106 1285 1
106 1652 1
107 193 1
107 256 1
107 351 1
107 933 1
107 1031 1
107 1112 1
107 1151 1
107 1358 1
107 1371 1
107 1699 1
107 1860 1
108 1 1
108 7 1
108 691 1
108 966 1
108 995 1
108 1094 1
108 1109 1
108 1130 1
108 1249 1
108 1292 1
108 1333 1
109 5 1
109 22 1
109 35 1
109 510 1
109 555 1
109 1033 1
109 1172 1
109 1334 1
109 1849 1
110 20 1
110 367 1
110 534 1
110 1027 1
110 1202 1
111 2 1
111 685 1
111 1196 1
111 1318 1
111 1901 1
112 150 1
112 343 1
112 379 1
112 634 1
112 785 1
112 1024 1
112 1360 1
112 1660 1
113 104 1
113 322 1
113 564 1
113 1540 1
113 1850 1
113 1945 1
113 2045 1
114 35 1
114 610 1
114 618 1
114 1592 1
114 1672 1
114 1918 1
115 3 1
115 9 1
115 114 1
115 255 1
115 265 1
115 267 1
115 295 1
115 338 1
115 494 1
115 674 1
115 774 1
115 806 1
115 1048 1
115 1224 1
115 1310 1
115 1488 1
115 1524 1
115 1563 1
115 1610 1
115 1755 1
115 1970 1
116 51 1
116 85 1
116 233 1
116 316 1
116 361 1
116 455 1
116 545 1
116 560 1
116 626 1
116 679 1
116 810 1
116 873 1
116 875 1
116 899 1
116 929 1
116 946 1
116 1001 1
116 1057 1
116 1175 1
116 1176 1
116 1296 1
116 1332 1
116 1425 1
116 1514 1
116 1639 1
116 1670 1
116 1794 1
116 1868 1
116 1873 1
116 1894 1
116 1928 1
116 1936 1
117 3 1
117 35 1
117 40 1
117 44 1
117 84 1
117 113 1
117 161 1
117 214 1
117 244 1
117 258 1
117 372 1
117 472 1
117 550 1
117 571 1
117 625 1
117 627 1
117 646 1
117 661 1
117 731 1
117 848 1
117 889 1
117 978 1
117 1137 1
117 1168 1
117 1171 1
117 1190 1
117 1235 1
117 1381 1
117 1487 1
117 1591 1
117 1602 1
117 1638 1
117 1657 1
117 1677 1
117 1678 1
117 1679 1
117 1687 1
117 1698 1
117 1745 1
117 1846 1
117 1895 1
117 1964 1
117 2042 1
118 223 1
118 401 1
118 410 1
118 449 1
118 465 1
118 499 1
118 705 1
118 926 1
118 984 1
118 1120 1
118 1227 1
118 1260 1
118 1294 1
118 1384 1
118 1438 1
118 1511 1
118 1516 1
118 1531 1
118 1558 1
118 1566 1
118 1568 1
118 1658 1
118 1669 1
118 1693 1
118 1875 1
118 1879 1
118 1937 1
119 42 1
119 70 1
119 87 1
119 102 1
119 162 1
119 216 1
119 262 1
119 296 1
119 326 1
119 350 1
119 360 1
119 397 1
119 398 1
119 416 1
119 533 1
119 574 1
119 633 1
119 640 1
119 656 1
119 686 1
119 709 1
119 715 1
119 757 1
119 758 1
119 759 1
119 949 1
119 1155 1
119 1174 1
119 1279 1
119 1283 1
119 1324 1
119 1325 1
119 1387 1
119 1441 1
119 1452 1
119 1457 1
119 1494 1
119 1523 1
119 1574 1
119 1723 1
119 1777 1
119 1881 1
119 1909 1
119 1941 1
119 1963 1
119 2021 1
120 173 1
120 190 1
120 220 1
120 266 1
120 301 1
120 347 1
120 420 1
120 426 1
120 520 1
120 688 1
120 743 1
120 813 1
120 878 1
120 987 1
120 1058 1
120 1063 1
120 1115 1
120 1169 1
120 1299 1
120 1369 1
120 1466 1
120 1496 1
120 1512 1
120 1533 1
120 1575 1
120 1633 1
120 1686 1
120 1695 1
120 1716 1
120 1717 1
120 1817 1
120 1913 1
120 1924 1
120 1940 1
120 1966 1
120 2015 1
120 2036 1
120 2043 1
121 37 1
121 126 1
121 252 1
121 294 1
121 315 1
121 687 1
121 818 1
121 823 1
121 826 1
121 860 1
121 877 1
121 879 1
121 888 1
121 936 1
121 1023 1
121 1029 1
121 1126 1
121 1195 1
121 1309 1
121 1351 1
121 1368 1
121 1396 1
121 1515 1
121 1587 1
121 1588 1
121 1636 1
121 1835 1
121 1983 1
122 27 1
122 40 1
122 122 1
122 283 1
122 330 1
122 430 1
122 500 1
122 528 1
122 756 1
122 772 1
122 825 1
122 906 1
122 954 1
122 996 1
122 1087 1
122 1240 1
122 1248 1
122 1274 1
122 1504 1
122 1548 1
122 1582 1
122 1851 1
122 1857 1
122 1979 1
123 8 1
123 91 1
123 188 1
123 394 1
123 481 1
123 487 1
123 844 1
123 915 1
123 938 1
123 1219 1
123 1229 1
123 1300 1
123 1355 1
123 1367 1
124 8 1
124 109 1
124 839 1
124 874 1
124 1345 1
124 1348 1
124 1547 1
124 2004 1
124 2019 1
125 25 1
125 31 1
125 139 1
125 306 1
125 427 1
125 443 1
125 624 1
125 636 1
125 745 1
125 927 1
125 1073 1
125 1080 1
125 1561 1
126 18 1
126 22 1
126 229 1
126 247 1
126 608 1
126 630 1
126 721 1
126 957 1
126 1075 1
126 1374 1
126 1734 1
126 1764 1
126 2013 1
127 490 1
127 628 1
127 795 1
127 849 1
127 1028 1
127 1402 1
127 1743 1
127 1756 1
128 182 1
128 415 1
128 531 1
128 763 1
128 864 1
128 1557 1
128 1773 1
128 1910 1
129 20 1
129 268 1
129 423 1
129 527 1
129 1071 1
130 145 1
130 698 1
130 703 1
130 1321 1
130 1421 1
131 18 1
131 64 1
131 377 1
131 419 1
131 539 1
131 908 1
131 999 1
131 1185 1
131 1246 1
131 1437 1
131 1549 1
131 1893 1
132 46 1
132 138 1
132 170 1
132 201 1
132 248 1
132 495 1
132 677 1
132 779 1
132 940 1
132 1035 1
132 1157 1
132 1340 1
132 1417 1
132 1462 1
132 1490 1
132 1742 1
132 1827 1
132 1878 1
132 1993 1
133 3 1
133 82 1
133 215 1
133 310 1
133 352 1
133 382 1
133 408 1
133 433 1
133 502 1
133 594 1
133 695 1
133 729 1
133 769 1
133 771 1
133 829 1
133 845 1
133 997 1
133 1145 1
133 1214 1
133 1357 1
133 1393 1
133 1418 1
133 1527 1
133 1567 1
133 1605 1
133 1796 1
133 1944 1
133 1957 1
134 1 1
134 9 1
134 53 1
134 66 1
134 191 1
134 197 1
134 238 1
134 243 1
134 254 1
134 428 1
134 454 1
134 462 1
134 473 1
134 489 1
134 496 1
134 529 1
134 585 1
134 599 1
134 707 1
134 711 1
134 719 1
134 748 1
134 788 1
134 907 1
134 948 1
134 988 1
134 1076 1
134 1136 1
134 1140 1
134 1230 1
134 1238 1
134 1273 1
134 1364 1
134 1380 1
134 1465 1
134 1473 1
134 1590 1
134 1609 1
134 1786 1
134 1790 1
134 1793 1
134 1810 1
134 1856 1
134 1954 1
134 1960 1
134 1985 1
134 2026 1
135 10 1
135 39 1
135 160 1
135 222 1
135 228 1
135 273 1
135 275 1
135 376 1
135 439 1
135 611 1
135 635 1
135 654 1
135 694 1
135 739 1
135 773 1
135 828 1
135 854 1
135 950 1
135 961 1
135 992 1
135 1004 1
135 1040 1
135 1042 1
135 1144 1
135 1154 1
135 1251 1
135 1253 1
135 1424 1
135 1526 1
135 1555 1
135 1581 1
135 1596 1
135 1608 1
135 1665 1
135 1713 1
135 1732 1
135 1735 1
135 1806 1
135 1938 1
135 1988 1
135 2040 1
136 1 1
136 25 1
136 35 1
136 37 1
136 50 1
136 154 1
136 180 1
136 181 1
136 194 1
136 212 1
136 279 1
136 353 1
136 383 1
136 484 1
136 512 1
136 521 1
136 572 1
136 605 1
136 644 1
136 660 1
136 717 1
136 726 1
136 842 1
136 943 1
136 973 1
136 1020 1
136 1034 1
136 1095 1
136 1149 1
136 1178 1
136 1255 1
136 1261 1
136 1278 1
136 1306 1
136 1342 1
136 1378 1
136 1386 1
136 1408 1
136 1456 1
136 1522 1
136 1604 1
136 1671 1
136 1674 1
136 1727 1
136 1728 1
136 1767 1
136 1840 1
136 1845 1
136 1872 1
136 1896 1
136 1961 1
136 1971 1
136 2002 1
136 2014 1
136 2025 1
137 26 1
137 203 1
137 204 1
137 323 1
137 463 1
137 601 1
137 604 1
137 670 1
137 764 1
137 808 1
137 921 1
137 1049 1
137 1129 1
137 1210 1
137 1243 1
137 1339 1
137 1383 1
137 1401 1
137 1444 1
137 1529 1
137 1538 1
137 1542 1
137 1632 1
137 1645 1
137 1780 1
137 1785 1
137 1882 1
137 1920 1
137 1921 1
138 1 1
138 19 1
138 33 1
138 34 1
138 65 1
138 210 1
138 211 1
138 280 1
138 471 1
138 508 1
138 565 1
138 576 1
138 666 1
138 737 1
138 744 1
138 816 1
138 883 1
138 942 1
138 1212 1
138 1328 1
138 1406 1
138 1519 1
138 1554 1
138 1570 1
138 1721 1
138 1781 1
138 1788 1
138 1919 1
138 2000 1
139 3 1
139 40 1
139 129 1
139 186 1
139 293 1
139 369 1
139 390 1
139 513 1
139 836 1
139 944 1
139 1032 1
139 1064 1
139 1110 1
139 1181 1
139 1315 1
139 1327 1
139 1375 1
139 1451 1
139 1711 1
139 1719 1
139 1747 1
140 16 1
140 101 1
140 116 1
140 263 1
140 716 1
140 802 1
140 896 1
140 953 1
140 1559 1
140 1843 1
140 1915 1
140 1935 1
141 6 1
141 130 1
141 142 1
141 526 1
141 753 1
141 1117 1
141 1150 1
141 1220 1
141 1403 1
141 1472 1
141 1700 1
141 1812 1
141 2029 1
142 349 1
142 1074 1
142 1782 1
143 1286 1
143 1448 1
143 1546 1
143 1673 1
144 118 1
144 169 1
144 1359 1
144 1774 1
144 2039 1
145 1 1
145 437 1
145 466 1
145 557 1
145 588 1
145 1532 1
145 1562 1
145 1816 1
145 1923 1
146 1 1
146 37 1
146 209 1
146 894 1
146 1131 1
146 1349 1
146 1766 1
147 29 1
147 32 1
147 103 1
147 387 1
147 1337 1
147 1761 1
147 1958 1
147 1977 1
148 23 1
148 432 1
148 505 1
148 755 1
148 760 1
148 778 1
148 913 1
148 1135 1
148 1585 1
148 1593 1
149 32 1
149 189 1
149 311 1
149 312 1
149 324 1
149 357 1
149 641 1
149 733 1
149 814 1
149 824 1
149 971 1
149 1008 1
149 1046 1
149 1103 1
149 1162 1
149 1234 1
149 1344 1
149 1459 1
149 1537 1
149 1715 1
149 1787 1
149 1807 1
149 1822 1
149 1871 1
149 1946 1
149 2020 1
150 19 1
150 61 1
150 69 1
150 71 1
150 75 1
150 76 1
150 123 1
150 136 1
150 144 1
150 224 1
150 341 1
150 403 1
150 460 1
150 485 1
150 556 1
150 582 1
150 596 1
150 612 1
150 678 1
150 751 1
150 754 1
150 807 1
150 876 1
150 891 1
150 916 1
150 968 1
150 991 1
150 1053 1
150 1091 1
150 1106 1
150 1280 1
150 1281 1
150 1305 1
150 1423 1
150 1460 1
150 1484 1
150 1649 1
150 1692 1
150 1709 1
150 1818 1
150 1908 1
150 1911 1
150 1953 1
151 49 1
151 68 1
151 89 1
151 99 1
151 119 1
151 120 1
151 127 1
151 199 1
151 205 1
151 274 1
151 297 1
151 488 1
151 569 1
151 657 1
151 713 1
151 791 1
151 851 1
151 867 1
151 895 1
151 918 1
151 939 1
151 964 1
151 1005 1
151 1022 1
151 1038 1
151 1041 1
151 1105 1
151 1118 1
151 1142 1
151 1153 1
151 1288 1
151 1377 1
151 1407 1
151 1493 1
151 1517 1
151 1606 1
151 1614 1
151 1619 1
151 1714 1
151 1749 1
151 1994 1
151 2017 1
152 47 1
152 156 1
152 292 1
152 417 1
152 431 1
152 554 1
152 592 1
152 597 1
152 730 1
152 738 1
152 846 1
152 853 1
152 887 1
152 969 1
152 1009 1
152 1081 1
152 1159 1
152 1228 1
152 1397 1
152 1453 1
152 1564 1
152 1834 1
152 1927 1
152 1942 1
152 1980 1
152 2008 1
152 2010 1
152 2011 1
153 60 1
153 97 1
153 246 1
153 271 1
153 282 1
153 303 1
153 366 1
153 517 1
153 638 1
153 642 1
153 1012 1
153 1236 1
153 1263 1
153 1304 1
153 1389 1
153 1481 1
153 1607 1
153 1630 1
153 1757 1
153 1765 1
153 1815 1
153 1819 1
153 1820 1
153 1867 1
154 55 1
154 58 1
154 73 1
154 86 1
154 300 1
154 522 1
154 1016 1
154 1216 1
154 1231 1
154 1411 1
154 1413 1
154 1436 1
154 1443 1
154 1495 1
154 1499 1
154 1904 1
155 153 1
155 470 1
155 637 1
155 790 1
155 1166 1
155 1471 1
155 1475 1
155 1598 1
155 1825 1
155 2038 1
155 2048 1
156 141 1
156 331 1
156 1000 1
156 1026 1
156 1123 1
156 1179 1
156 1209 1
156 1308 1
156 1362 1
156 1426 1
156 1433 1
156 1763 1
156 1772 1
156 1836 1
156 1969 1
157 158 1
157 355 1
157 406 1
157 537 1
157 692 1
157 1439 1
157 1485 1
157 1624 1
157 1663 1
157 1740 1
157 1752 1
158 149 1
158 869 1
158 998 1
158 1096 1
158 1188 1
158 1193 1
158 1316 1
158 1628 1
158 1948 1
159 107 1
159 389 1
159 631 1
159 645 1
159 989 1
159 1268 1
159 1400 1
159 1603 1
159 1965 1
160 340 1
160 514 1
160 928 1
160 1221 1
160 1497 1
160 1703 1
161 245 1
161 1089 1
161 1264 1
161 1298 1
161 1312 1
161 1395 1
162 251 1
162 1405 1
162 1464 1
162 1791 1
163 54 1
163 230 1
163 378 1
163 614 1
163 653 1
163 1037 1
163 1065 1
163 1290 1
163 1372 1
163 1634 1
164 72 1
164 206 1
164 483 1
164 884 1
164 924 1
164 1323 1
164 1354 1
164 1654 1
164 1736 1
165 133 1
165 165 1
165 187 1
165 405 1
165 486 1
165 536 1
165 727 1
165 762 1
165 827 1
165 833 1
165 852 1
165 893 1
165 1007 1
165 1098 1
165 1113 1
165 1241 1
165 1480 1
165 1489 1
165 1569 1
165 1584 1
165 1595 1
165 1696 1
165 1729 1
165 1770 1
165 1830 1
166 121 1
166 232 1
166 277 1
166 407 1
166 453 1
166 615 1
166 722 1
166 890 1
166 901 1
166 1003 1
166 1006 1
166 1066 1
166 1141 1
166 1311 1
166 1435 1
166 1440 1
166 1502 1
166 1706 1
166 1768 1
166 2022 1
166 2031 1
167 59 1
167 88 1
167 93 1
167 456 1
167 464 1
167 581 1
167 632 1
167 693 1
167 699 1
167 704 1
167 724 1
167 858 1
167 983 1
167 1018 1
167 1133 1
167 1415 1
167 1535 1
167 1626 1
167 1648 1
167 1738 1
167 1759 1
167 1852 1
167 1897 1
168 264 1
168 321 1
168 358 1
168 414 1
168 497 1
168 511 1
168 700 1
168 859 1
168 914 1
168 1434 1
168 1486 1
168 1541 1
168 1622 1
168 1667 1
168 2009 1
169 63 1
169 80 1
169 346 1
169 381 1
169 413 1
169 480 1
169 570 1
169 841 1
169 856 1
169 959 1
169 982 1
169 1289 1
169 1307 1
169 1388 1
169 1943 1
169 1973 1
170 67 1
170 79 1
170 155 1
170 451 1
170 583 1
170 1239 1
170 1295 1
170 1379 1
170 1469 1
171 400 1
171 593 1
171 617 1
171 671 1
171 723 1
171 1346 1
171 1573 1
171 1869 1
171 2047 1
172 269 1
172 270 1
172 1225 1
172 1376 1
172 1477 1
172 1888 1
173 90 1
173 308 1
174 866 1
174 1199 1
174 1833 1
175 683 1
175 768 1
175 1206 1
175 1404 1
175 1801 1
175 1950 1
176 172 1
176 962 1
176 1148 1
176 1211 1
176 1862 1
176 2041 1
177 354 1
177 1690 1
178 62 1
178 1754 1
178 2005 1
179 83 1
179 651 1
179 809 1
179 881 1
179 1093 1
179 1505 1
179 1518 1
179 1705 1
179 1792 1
179 1931 1
180 157 1
180 566 1
180 793 1
180 947 1
180 1314 1
180 1659 1
180 2023 1
181 195 1
181 276 1
181 287 1
181 541 1
181 865 1
181 872 1
181 1030 1
181 1266 1
181 1430 1
181 1676 1
181 1741 1
181 1769 1
181 1771 1
182 219 1
182 892 1
182 1059 1
182 1180 1
182 1197 1
182 1257 1
182 1530 1
182 1553 1
182 1611 1
182 1707 1
182 1865 1
182 1886 1
183 1201 1
183 2006 1
183 2018 1
184 240 1
184 319 1
184 575 1
184 932 1
184 981 1
184 1265 1
184 1877 1
185 151 1
185 225 1
185 395 1
185 479 1
185 589 1
185 1013 1
185 1128 1
185 1981 1
186 562 1
186 937 1
186 1917 1
187 600 1
187 1102 1
187 2035 1
188 1447 1
189 777 1
189 1061 1
189 1287 1
190 847 1
191 1186 1
191 1586 1
192 399 1
192 1560 1
193 1317 1
194 117 1
194 147 1
194 1208 1
194 1580 1
194 1861 1
194 1929 1
194 1933 1
194 2033 1
195 81 1
195 665 1
195 696 1
195 1200 1
195 1207 1
195 1710 1
196 45 1
196 96 1
196 359 1
196 385 1
196 445 1
196 493 1
196 623 1
196 803 1
196 822 1
196 1450 1
196 1621 1
196 1800 1
196 1804 1
196 1824 1
196 1891 1
196 1972 1
196 2007 1
197 111 1
197 325 1
197 459 1
197 1068 1
197 1085 1
197 1100 1
197 1661 1
197 1684 1
197 1854 1
198 761 1
198 975 1
198 1055 1
198 1194 1
198 1319 1
198 1556 1
198 1666 1
198 1783 1
199 373 1
199 766 1
199 796 1
199 800 1
199 967 1
199 970 1
199 1284 1
199 1503 1
199 1956 1
199 2003 1
200 652 1
200 701 1
200 1616 1
201 370 1
201 482 1
201 586 1
201 648 1
201 1099 1
202 1722 1
202 1748 1
203 787 1
203 1831 1
203 2030 1
204 1653 1
204 1689 1
206 542 1
206 1414 1
206 1892 1
207 363 1
207 1599 1
207 1724 1
208 143 1
208 344 1
208 590 1
208 1656 1
208 1746 1
209 792 1
209 832 1
209 1247 1
209 1446 1
209 1839 1
209 1998 1
210 105 1
210 185 1
210 198 1
210 260 1
210 302 1
210 335 1
210 421 1
210 535 1
210 558 1
210 580 1
210 587 1
210 655 1
210 710 1
210 725 1
210 767 1
210 862 1
210 935 1
210 952 1
210 965 1
210 1060 1
210 1138 1
210 1143 1
210 1254 1
210 1336 1
210 1416 1
210 1492 1
210 1507 1
210 1631 1
210 1682 1
210 1809 1
211 176 1
211 289 1
211 339 1
211 362 1
211 365 1
211 380 1
211 492 1
211 507 1
211 525 1
211 591 1
211 613 1
211 706 1
211 732 1
211 804 1
211 930 1
211 958 1
211 980 1
211 986 1
211 1017 1
211 1047 1
211 1050 1
211 1161 1
211 1368 1
211 1454 1
211 1476 1
211 1508 1
211 1701 1
211 1758 1
211 1885 1
211 2016 1
211 2032 1
211 2044 1
212 15 1
212 438 1
212 544 1
212 584 1
212 746 1
212 1045 1
212 1067 1
212 1156 1
212 1244 1
212 1335 1
212 1390 1
212 1466 1
212 1498 1
212 1617 1
212 1635 1
212 1662 1
212 1828 1
212 1903 1
212 2027 1
213 38 1
213 477 1
213 673 1
213 689 1
213 742 1
213 801 1
213 1069 1
213 1250 1
213 1252 1
213 1420 1
213 1543 1
213 1612 1
213 1655 1
213 1848 1
213 1907 1
214 100 1
214 218 1
214 231 1
214 235 1
214 515 1
214 595 1
214 664 1
214 682 1
214 1010 1
214 1078 1
214 1217 1
214 1267 1
214 1302 1
214 1330 1
214 1509 1
214 1583 1
214 1640 1
214 1712 1
214 1760 1
214 1808 1
214 1870 1
214 1906 1
215 184 1
215 350 1
215 411 1
215 478 1
215 563 1
215 993 1
215 1165 1
215 1269 1
215 1322 1
215 1521 1
215 1778 1
215 1995 1
216 328 1
216 426 1
216 920 1
216 1259 1
216 1646 1
216 1725 1
216 1802 1
216 1814 1
217 1329 1
217 1805 1
217 1853 1
217 1876 1
217 1984 1
217 1999 1
218 1015 1
218 1552 1
218 1821 1
218 1982 1
219 425 1
219 1545 1
220 135 1
222 309 1
222 990 1
222 1077 1
222 1223 1
222 1902 1
223 52 1
223 108 1
223 196 1
223 278 1
223 1108 1
224 284 1
224 291 1
224 392 1
224 404 1
224 752 1
224 963 1
224 1205 1
224 1326 1
224 1578 1
224 1625 1
224 1730 1
224 1863 1
224 1949 1
224 2024 1
225 110 1
225 298 1
225 314 1
225 336 1
225 375 1
225 412 1
225 690 1
225 736 1
225 799 1
225 870 1
225 917 1
225 925 1
225 941 1
225 1173 1
225 1491 1
225 1618 1
225 1737 1
225 1859 1
225 1866 1
225 1912 1
225 1934 1
226 48 1
226 102 1
226 183 1
226 250 1
226 342 1
226 436 1
226 504 1
226 555 1
226 607 1
226 625 1
226 667 1
226 749 1
226 794 1
226 922 1
226 955 1
226 956 1
226 1014 1
226 1097 1
226 1163 1
226 1320 1
226 1343 1
226 1479 1
226 1600 1
226 1697 1
226 1826 1
226 1976 1
226 2037 1
226 2046 1
227 13 1
227 140 1
227 200 1
227 351 1
227 409 1
227 457 1
227 516 1
227 548 1
227 551 1
227 621 1
227 672 1
227 783 1
227 820 1
227 840 1
227 857 1
227 897 1
227 1104 1
227 1164 1
227 1187 1
227 1249 1
227 1262 1
227 1353 1
227 1373 1
227 1422 1
227 1520 1
227 1576 1
227 1577 1
227 1699 1
227 1799 1
227 1989 1
227 1997 1
227 2012 1
228 28 1
228 98 1
228 227 1
228 236 1
228 241 1
228 249 1
228 345 1
228 468 1
228 472 1
228 538 1
228 747 1
228 776 1
228 784 1
228 1039 1
228 1215 1
228 1293 1
228 1394 1
228 1506 1
228 1534 1
228 1582 1
228 1718 1
228 1753 1
228 1762 1
228 1775 1
228 1798 1
228 1996 1
229 124 1
229 137 1
229 220 1
229 402 1
229 474 1
229 650 1
229 735 1
229 740 1
229 750 1
229 837 1
229 868 1
229 945 1
229 1158 1
229 1297 1
229 1694 1
229 1751 1
229 1900 1
229 1951 1
229 1962 1
230 115 1
230 167 1
230 173 1
230 178 1
230 257 1
230 261 1
230 313 1
230 649 1
230 718 1
230 1352 1
230 1449 1
230 1500 1
230 1510 1
230 1525 1
230 1544 1
230 1594 1
230 1664 1
230 1691 1
230 1858 1
231 84 1
231 92 1
231 299 1
231 815 1
231 1079 1
231 1111 1
231 1170 1
231 1171 1
231 1192 1
231 1303 1
231 1432 1
231 1565 1
232 85 1
232 619 1
232 880 1
232 934 1
232 966 1
232 1176 1
232 1442 1
232 1482 1
232 1597 1
232 1642 1
232 1779 1
232 1832 1
233 318 1
233 798 1
233 830 1
233 1036 1
233 1130 1
233 2034 1
234 836 1
234 1233 1
234 1572 1
235 568 1
235 775 1
236 94 1
236 434 1
236 1070 1
236 1144 1
237 295 1
237 1874 1
239 159 1
239 609 1
239 797 1
239 972 1
239 994 1
240 56 1
240 131 1
240 166 1
240 501 1
240 547 1
240 561 1
240 663 1
240 741 1
240 811 1
240 1044 1
240 1092 1
240 1191 1
240 1213 1
240 1370 1
240 1579 1
240 1677 1
240 1838 1
240 1916 1
241 207 1
241 221 1
241 253 1
241 286 1
241 475 1
241 616 1
241 643 1
241 659 1
241 843 1
241 898 1
241 902 1
241 911 1
241 1419 1
241 1528 1
241 1883 1
241 1975 1
241 1990 1
242 43 1
242 78 1
242 125 1
242 132 1
242 578 1
242 661 1
242 819 1
242 823 1
242 838 1
242 855 1
242 863 1
242 882 1
242 1002 1
242 1011 1
242 1051 1
242 1083 1
242 1152 1
242 1177 1
242 1245 1
242 1276 1
242 1341 1
242 1361 1
242 1392 1
242 1539 1
242 1641 1
242 1704 1
242 1720 1
242 1733 1
242 1744 1
242 1784 1
242 1823 1
242 1844 1
243 70 1
243 106 1
243 152 1
243 333 1
243 386 1
243 448 1
243 458 1
243 496 1
243 577 1
243 618 1
243 679 1
243 1189 1
243 1313 1
243 1382 1
243 1428 1
243 1601 1
243 1627 1
243 1675 1
243 1688 1
243 1890 1
244 450 1
244 491 1
244 598 1
244 647 1
244 834 1
244 861 1
244 1025 1
244 1072 1
244 1115 1
244 1270 1
244 1487 1
244 1550 1
245 290 1
245 606 1
245 639 1
245 728 1
245 871 1
245 1019 1
245 1107 1
245 1232 1
245 1242 1
245 1342 1
245 1356 1
245 1366 1
245 1478 1
245 1728 1
245 1795 1
245 1985 1
245 2001 1
246 440 1
246 552 1
246 780 1
246 850 1
246 885 1
246 886 1
246 1272 1
246 1300 1
246 1331 1
246 1410 1
246 1463 1
246 1536 1
246 1563 1
246 1968 1
246 1987 1
247 193 1
247 786 1
247 789 1
247 1122 1
247 1650 1
247 1651 1
247 1685 1
247 1847 1
248 684 1
248 1175 1
248 1198 1
248 1647 1
249 770 1
249 974 1
249 1027 1
249 1109 1
249 1204 1
249 1391 1
249 1589 1
250 177 1
250 356 1
250 368 1
250 461 1
250 494 1
250 528 1
250 1258 1
250 1309 1
251 46 1
251 186 1
251 553 1
251 602 1
251 1978 1
252 543 1
252 957 1
252 1399 1
252 1708 1
253 467 1
253 622 1
253 821 1
253 1467 1
253 1514 1
254 332 1
254 503 1
254 909 1
254 1615 1
254 1829 1
254 2028 1
255 104 1
255 112 1
255 422 1
255 524 1
256 77 1
256 307 1
256 418 1
256 603 1
256 854 1
256 1052 1
256 1121 1
256 1172 1
256 1726 1
256 1925 1
256 1957 1
256 1992 1
257 174 1
257 499 1
257 550 1
257 812 1
257 1445 1
257 1461 1
257 1526 1
258 267 1
258 288 1
258 327 1
258 444 1
258 452 1
258 532 1
258 675 1
258 694 1
258 806 1
258 899 1
258 910 1
258 951 1
258 1132 1
258 1134 1
258 1203 1
258 1332 1
258 1333 1
258 1347 1
258 1639 1
258 1731 1
258 1793 1
258 1974 1
258 2015 1
259 57 1
259 223 1
259 281 1
259 304 1
259 320 1
259 364 1
259 441 1
259 540 1
259 546 1
259 620 1
259 669 1
259 831 1
259 905 1
259 1024 1
259 1149 1
259 1182 1
259 1516 1
259 1568 1
259 1637 1
259 1716 1
259 1905 1
260 114 1
260 162 1
260 171 1
260 781 1
260 805 1
260 931 1
260 1033 1
260 1291 1
260 1351 1
260 1429 1
260 1488 1
260 1515 1
260 1680 1
260 1761 1
260 2042 1
261 134 1
261 179 1
261 393 1
261 433 1
261 435 1
261 554 1
261 676 1
261 888 1
261 923 1
261 976 1
261 977 1
261 1147 1
261 1350 1
261 1643 1
261 1835 1
261 1850 1
261 1959 1
262 30 1
262 256 1
262 275 1
262 424 1
262 567 1
262 731 1
262 1139 1
262 1412 1
262 1501 1
262 1529 1
262 1548 1
262 1745 1
262 1789 1
263 244 1
263 463 1
263 498 1
263 1073 1
263 1431 1
263 1797 1
264 7 1
264 1167 1
264 1551 1
264 1774 1
265 559 1
265 1613 1
266 627 1
266 835 1
266 1043 1
266 1299 1
266 1338 1
267 817 1
267 1483 1
267 1837 1
268 782 1
268 1062 1
268 1184 1
268 1282 1
268 1620 1
268 1899 1
269 337 1
269 927 1
270 192 1
270 265 1
270 420 1
270 818 1
270 908 1
270 1057 1
271 51 1
271 128 1
271 226 1
271 233 1
271 388 1
271 476 1
271 633 1
271 954 1
271 1116 1
271 1127 1
271 1278 1
271 1851 1
271 1967 1
272 255 1
272 285 1
272 506 1
272 560 1
272 685 1
272 1075 1
272 1235 1
272 1256 1
272 1504 1
272 1524 1
272 1879 1
272 2021 1
272 2025 1
273 164 1
273 234 1
273 316 1
273 371 1
273 534 1
273 646 1
273 680 1
273 702 1
273 933 1
273 1056 1
273 1169 1
273 1202 1
273 1363 1
273 1421 1
273 1441 1
273 1470 1
273 1557 1
273 1644 1
273 1841 1
273 1846 1
273 1901 1
273 1941 1
274 130 1
274 197 1
274 217 1
274 229 1
274 367 1
274 410 1
274 442 1
274 545 1
274 565 1
274 610 1
274 708 1
274 737 1
274 756 1
274 844 1
274 1042 1
274 1080 1
274 1088 1
274 1155 1
274 1288 1
274 1378 1
274 1427 1
274 1538 1
274 1660 1
274 1683 1
274 1713 1
274 1855 1
274 1914 1
274 1918 1
274 1945 1
274 1960 1
275 150 1
275 216 1
275 347 1
275 397 1
275 427 1
275 443 1
275 465 1
275 531 1
275 556 1
275 579 1
275 604 1
275 611 1
275 624 1
275 900 1
275 1237 1
275 1358 1
275 1367 1
275 1411 1
275 1494 1
275 1511 1
275 1702 1
275 1776 1
275 1803 1
275 1910 1
276 190 1
276 201 1
276 384 1
276 423 1
276 466 1
276 510 1
276 529 1
276 533 1
276 759 1
276 825 1
276 873 1
276 879 1
276 1004 1
276 1101 1
276 1261 1
276 1277 1
276 1306 1
276 1355 1
276 1632 1
276 1671 1
276 1742 1
276 1755 1
276 1781 1
277 315 1
277 419 1
277 429 1
277 519 1
277 698 1
277 709 1
277 889 1
277 938 1
277 1063 1
277 1146 1
277 1183 1
277 1253 1
277 1285 1
277 1357 1
277 1360 1
277 1455 1
277 1575 1
277 1817 1
277 1919 1
277 1955 1
277 2019 1
278 148 1
278 239 1
278 280 1
278 500 1
278 763 1
278 971 1
278 1041 1
278 1114 1
278 1878 1
279 262 1
279 813 1
279 979 1
279 984 1
279 1310 1
279 1668 1
279 1986 1
280 202 1
280 779 1
280 1160 1
280 1424 1
280 1873 1
280 1909 1
280 1915 1
281 122 1
281 126 1
281 509 1
281 720 1
281 1425 1
281 1806 1
282 717 1
282 829 1
282 1154 1
283 734 1
284 305 1
284 401 1
284 774 1
284 1669 1
284 1932 1
284 1937 1
285 211 1
285 995 1
285 1226 1
285 1402 1
286 936 1
286 985 1
286 1437 1
286 1673 1
286 1939 1
287 168 1
287 306 1
287 432 1
287 721 1
287 1087 1
287 1609 1
287 1810 1
287 1868 1
288 87 1
288 91 1
288 101 1
288 129 1
288 215 1
288 222 1
288 268 1
288 326 1
288 334 1
288 360 1
288 377 1
288 428 1
288 518 1
288 582 1
288 629 1
288 912 1
288 948 1
288 1126 1
288 1224 1
288 1345 1
288 1423 1
288 1451 1
288 1610 1
288 1727 1
288 1946 1
288 1963 1
288 2036 1
289 163 1
289 194 1
289 258 1
289 372 1
289 376 1
289 390 1
289 416 1
289 437 1
289 462 1
289 705 1
289 765 1
289 773 1
289 906 1
289 928 1
289 1008 1
289 1031 1
289 1135 1
289 1185 1
289 1222 1
289 1236 1
289 1243 1
289 1246 1
289 1271 1
289 1296 1
289 1398 1
289 1452 1
289 1462 1
289 1542 1
289 1549 1
289 1562 1
289 1638 1
289 1700 1
289 1739 1
289 1822 1
289 1991 1
289 1993 1
289 2000 1
289 2039 1
290 17 1
290 54 1
290 181 1
290 293 1
290 296 1
290 330 1
290 352 1
290 391 1
290 396 1
290 495 1
290 502 1
290 626 1
290 634 1
290 695 1
290 716 1
290 754 1
290 762 1
290 785 1
290 810 1
290 875 1
290 895 1
290 903 1
290 907 1
290 973 1
290 978 1
290 1082 1
290 1318 1
290 1324 1
290 1328 1
290 1496 1
290 1555 1
290 1585 1
290 1587 1
290 1596 1
290 1679 1
290 1881 1
290 1898 1
290 1922 1
290 1936 1
290 2014 1
291 74 1
291 145 1
291 146 1
291 180 1
291 203 1
291 208 1
291 238 1
291 248 1
291 252 1
291 338 1
291 430 1
291 640 1
291 707 1
291 745 1
291 919 1
291 926 1
291 939 1
291 950 1
291 961 1
291 1125 1
291 1129 1
291 1151 1
291 1210 1
291 1212 1
291 1374 1
291 1430 1
291 1652 1
291 1887 1
291 1921 1
291 1994 1
291 2004 1
292 68 1
292 153 1
292 224 1
292 353 1
292 489 1
292 549 1
292 564 1
292 636 1
292 658 1
292 714 1
292 997 1
292 1001 1
292 1046 1
292 1110 1
292 1166 1
292 1174 1
292 1190 1
292 1221 1
292 1238 1
292 1292 1
292 1315 1
292 1340 1
292 1406 1
292 1407 1
292 1527 1
292 1695 1
292 1849 1
292 1884 1
292 2045 1
293 272 1
293 283 1
293 348 1
293 361 1
293 572 1
293 585 1
293 729 1
293 864 1
293 874 1
293 877 1
293 1054 1
293 1145 1
293 1178 1
293 1196 1
293 1230 1
293 1385 1
293 1519 1
293 1608 1
293 1773 1
293 1777 1
293 1842 1
293 1926 1
294 23 1
294 247 1
294 719 1
294 848 1
294 1053 1
294 1263 1
294 1581 1
294 1588 1
294 1657 1
294 1670 1
294 1807 1
294 1944 1
294 2020 1
295 349 1
295 446 1
295 816 1
295 845 1
295 1049 1
295 1090 1
295 1227 1
295 1457 1
295 1977 1
295 2009 1
296 36 1
296 53 1
296 121 1
296 688 1
296 1260 1
296 1294 1
296 1417 1
297 357 1
297 771 1
297 878 1
297 953 1
297 1275 1
298 64 1
298 123 1
298 209 1
298 259 1
298 522 1
298 946 1
298 1120 1
298 1220 1
298 1864 1
298 2002 1
299 139 1
299 271 1
299 1064 1
299 1790 1
300 228 1
300 317 1
300 1029 1
300 1721 1
302 641 1
302 662 1
303 473 1
303 571 1
303 668 1
303 715 1
303 1218 1
303 1369 1
303 1750 1
303 1928 1
303 2026 1
304 182 1
304 254 1
304 266 1
304 279 1
304 523 1
304 573 1
304 574 1
304 674 1
304 678 1
304 758 1
304 808 1
304 904 1
304 1124 1
304 1131 1
304 1209 1
304 1321 1
304 1339 1
304 1365 1
304 1512 1
304 1629 1
304 1880 1
304 1930 1
305 127 1
305 189 1
305 343 1
305 383 1
305 454 1
305 513 1
305 526 1
305 569 1
305 596 1
305 630 1
305 703 1
305 772 1
305 826 1
305 913 1
305 1032 1
305 1071 1
305 1240 1
305 1305 1
305 1337 1
305 1348 1
305 1383 1
305 1389 1
305 1408 1
305 1440 1
305 1468 1
305 1486 1
305 1490 1
305 1522 1
305 1570 1
305 1603 1
305 1634 1
305 1636 1
305 1645 1
305 1681 1
305 1715 1
305 1843 1
305 1889 1
305 1935 1
305 1942 1
305 1947 1
306 99 1
306 120 1
306 210 1
306 394 1
306 460 1
306 588 1
306 657 1
306 681 1
306 730 1
306 791 1
306 968 1
306 988 1
306 999 1
306 1038 1
306 1136 1
306 1229 1
306 1281 1
306 1346 1
306 1393 1
306 1480 1
306 1513 1
306 1567 1
306 1602 1
306 1766 1
306 1770 1
306 1836 1
306 1952 1
307 66 1
307 158 1
307 169 1
307 292 1
307 303 1
307 331 1
307 378 1
307 520 1
307 521 1
307 557 1
307 642 1
307 693 1
307 733 1
307 1016 1
307 1026 1
307 1076 1
307 1105 1
307 1112 1
307 1375 1
307 1397 1
307 1405 1
307 1433 1
307 1436 1
307 1444 1
307 1559 1
307 1591 1
307 1626 1
307 1703 1
307 1794 1
307 1801 1
307 1818 1
307 1875 1
307 1882 1
308 109 1
308 141 1
308 161 1
308 308 1
308 398 1
308 449 1
308 469 1
308 539 1
308 612 1
308 660 1
308 686 1
308 744 1
308 887 1
308 1009 1
308 1113 1
308 1195 1
308 1307 1
308 1547 1
308 1633 1
308 1698 1
308 1709 1
308 1763 1
308 1860 1
308 1893 1
308 1897 1
308 1923 1
308 2017 1
308 2040 1
309 71 1
309 73 1
309 243 1
309 263 1
309 311 1
309 403 1
309 408 1
309 413 1
309 677 1
309 1274 1
309 1372 1
309 1401 1
309 1592 1
309 1614 1
309 1623 1
309 1678 1
309 1857 1
310 341 1
310 471 1
310 488 1
310 712 1
310 738 1
310 753 1
310 1084 1
310 1086 1
310 1119 1
310 1137 1
310 1327 1
310 1473 1
310 1687 1
310 1785 1
310 1788 1
310 1973 1
311 55 1
311 711 1
311 960 1
311 1162 1
311 1371 1
311 1384 1
311 1717 1
312 9 1
312 86 1
312 322 1
312 654 1
312 726 1
312 867 1
312 959 1
312 1028 1
312 1396 1
312 1665 1
312 1732 1
312 2029 1
313 42 1
313 277 1
313 751 1
313 1418 1
313 1540 1
313 1782 1
314 597 1
314 599 1
314 1168 1
314 1325 1
314 1988 1
315 237 1
315 601 1
315 635 1
315 687 1
315 1089 1
315 1290 1
315 1349 1
315 1786 1
316 1895 1
317 406 1
317 793 1
317 1301 1
317 1958 1
318 65 1
318 1219 1
318 1304 1
318 1970 1
319 24 1
319 44 1
319 156 1
319 170 1
319 175 1
319 242 1
319 369 1
319 417 1
319 743 1
319 991 1
319 1022 1
319 1896 1
320 83 1
320 144 1
320 374 1
320 447 1
320 828 1
320 842 1
320 876 1
320 1037 1
320 1214 1
320 1334 1
320 1359 1
320 1458 1
320 1622 1
320 1674 1
320 1714 1
320 1735 1
320 1812 1
320 1813 1
320 1911 1
320 1953 1
321 136 1
321 154 1
321 323 1
321 439 1
321 490 1
321 594 1
321 628 1
321 666 1
321 827 1
321 841 1
321 884 1
321 915 1
321 916 1
321 992 1
321 1096 1
321 1103 1
321 1106 1
321 1117 1
321 1280 1
321 1502 1
321 1723 1
321 1787 1
321 1811 1
321 1815 1
321 1894 1
321 1966 1
321 2031 1
321 2043 1
322 69 1
322 191 1
322 213 1
322 294 1
322 310 1
322 484 1
322 485 1
322 527 1
322 614 1
322 645 1
322 883 1
322 1133 1
322 1157 1
322 1354 1
322 1456 1
322 1459 1
322 1541 1
322 1564 1
322 1571 1
322 1605 1
322 1693 1
322 1765 1
322 1904 1
322 1965 1
322 1983 1
322 2038 1
322 2048 1
323 41 1
323 214 1
323 230 1
323 274 1
323 366 1
323 405 1
323 480 1
323 644 1
323 651 1
323 653 1
323 691 1
323 724 1
323 760 1
323 839 1
323 846 1
323 860 1
323 890 1
323 943 1
323 1003 1
323 1005 1
323 1021 1
323 1035 1
323 1074 1
323 1102 1
323 1181 1
323 1188 1
323 1200 1
323 1251 1
323 1268 1
323 1426 1
323 1465 1
323 1471 1
323 1604 1
323 1672 1
323 1719 1
323 1734 1
323 1740 1
323 1747 1
323 1752 1
323 1816 1
323 1840 1
323 1920 1
323 1940 1
324 138 1
324 155 1
324 232 1
324 483 1
324 670 1
324 699 1
324 790 1
324 856 1
324 921 1
324 942 1
324 949 1
324 1065 1
324 1094 1
324 1241 1
324 1248 1
324 1464 1
324 1532 1
324 1659 1
324 1667 1
324 1845 1
324 1948 1
324 2008 1
324 2013 1
325 89 1
325 113 1
325 199 1
325 273 1
325 282 1
325 312 1
325 415 1
325 486 1
325 487 1
325 637 1
325 755 1
325 824 1
325 833 1
325 851 1
325 929 1
325 1000 1
325 1012 1
325 1018 1
325 1118 1
325 1434 1
325 1443 1
325 1489 1
325 1531 1
325 1584 1
325 1757 1
325 1856 1
326 95 1
326 481 1
326 983 1
326 1040 1
326 1206 1
326 1387 1
326 1413 1
326 1472 1
326 1477 1
326 1495 1
326 1756 1
326 1834 1
327 470 1
327 530 1
327 1364 1
327 1692 1
327 1780 1
327 1964 1
327 2047 1
328 119 1
328 195 1
328 206 1
328 697 1
328 1141 1
329 6 1
329 329 1
329 453 1
329 1481 1
329 1624 1
330 1969 1
332 1179 1
332 1409 1
333 1474 1
333 1690 1
333 1772 1
334 849 1
334 1095 1
334 1469 1
334 1791 1
335 151 1
335 300 1
335 382 1
335 387 1
335 512 1
335 576 1
335 671 1
335 739 1
335 891 1
335 964 1
335 1048 1
335 1098 1
335 1140 1
335 1199 1
335 1308 1
335 1533 1
335 1686 1
335 1764 1
335 1913 1
335 1979 1
335 2010 1
336 50 1
336 67 1
336 103 1
336 116 1
336 142 1
336 165 1
336 188 1
336 251 1
336 536 1
336 608 1
336 632 1
336 722 1
336 723 1
336 894 1
336 940 1
336 1034 1
336 1059 1
336 1081 1
336 1123 1
336 1316 1
336 1362 1
336 1448 1
336 1517 1
336 1523 1
336 1537 1
336 1554 1
336 1593 1
336 1658 1
336 1796 1
336 1820 1
336 1971 1
336 2005 1
337 49 1
337 76 1
337 88 1
337 149 1
337 276 1
337 464 1
337 508 1
337 511 1
337 581 1
337 592 1
337 631 1
337 656 1
337 692 1
337 757 1
337 802 1
337 809 1
337 814 1
337 852 1
337 859 1
337 987 1
337 1020 1
337 1066 1
337 1150 1
337 1216 1
337 1234 1
337 1283 1
337 1314 1
337 1381 1
337 1435 1
337 1484 1
337 1493 1
337 1497 1
337 1561 1
337 1566 1
337 1743 1
337 1767 1
337 1804 1
337 1825 1
338 58 1
338 80 1
338 82 1
338 160 1
338 172 1
338 264 1
338 269 1
338 301 1
338 321 1
338 537 1
338 615 1
338 748 1
338 807 1
338 858 1
338 893 1
338 944 1
338 969 1
338 1006 1
338 1058 1
338 1091 1
338 1128 1
338 1228 1
338 1239 1
338 1323 1
338 1404 1
338 1485 1
338 1595 1
338 1729 1
338 1830 1
338 1865 1
338 1871 1
338 1924 1
339 4 1
339 39 1
339 260 1
339 324 1
339 431 1
339 456 1
339 505 1
339 541 1
339 570 1
339 914 1
339 1030 1
339 1186 1
339 1208 1
339 1255 1
339 1257 1
339 1266 1
339 1311 1
339 1386 1
339 1546 1
339 1569 1
339 1574 1
339 1917 1
339 1938 1
340 240 1
340 245 1
340 389 1
340 725 1
340 769 1
340 795 1
340 918 1
340 1180 1
340 1231 1
340 1439 1
340 1535 1
340 1630 1
340 1663 1
340 1768 1
340 1934 1
340 2007 1
341 63 1
341 118 1
341 683 1
341 869 1
341 1153 1
341 1273 1
341 1286 1
341 1289 1
341 1312 1
341 1395 1
341 1862 1
342 881 1
342 1450 1
342 1598 1
342 1631 1
342 1827 1
343 38 1
343 90 1
343 655 1
343 901 1
343 1007 1
343 1558 1
343 1833 1
343 1861 1
343 1877 1
344 111 1
344 414 1
344 796 1
344 1759 1
345 59 1
345 319 1
346 1142 1
346 1193 1
346 1980 1
347 673 1
347 989 1
347 1586 1
347 1606 1
347 1621 1
348 379 1
348 1872 1
349 1023 1
350 47 1
350 97 1
350 399 1
350 407 1
350 605 1
350 853 1
350 947 1
350 1197 1
350 1377 1
350 1380 1
350 1415 1
350 1736 1
350 1852 1
350 2011 1
350 2022 1
351 27 1
351 34 1
351 62 1
351 75 1
351 107 1
351 187 1
351 196 1
351 204 1
351 287 1
351 289 1
351 638 1
351 713 1
351 896 1
351 924 1
351 998 1
351 1453 1
351 1460 1
351 1530 1
351 1573 1
351 1619 1
351 1653 1
351 1706 1
351 1769 1
351 1792 1
351 1869 1
351 1954 1
352 61 1
352 297 1
352 355 1
352 493 1
352 517 1
352 575 1
352 777 1
352 788 1
352 872 1
352 982 1
352 986 1
352 1194 1
352 1279 1
352 1330 1
352 1344 1
352 1400 1
352 1505 1
352 1654 1
352 1696 1
352 1738 1
352 1943 1
352 2003 1
352 2041 1
353 60 1
353 79 1
353 157 1
353 358 1
353 395 1
353 700 1
353 865 1
353 981 1
353 1093 1
353 1403 1
353 1438 1
353 1553 1
353 1560 1
353 1666 1
353 1705 1
353 1707 1
353 1749 1
353 1760 1
353 1854 1
353 1888 1
353 1908 1
353 1929 1
353 1961 1
353 2018 1
353 2033 1
354 93 1
354 140 1
354 205 1
354 400 1
354 535 1
354 617 1
354 727 1
354 768 1
354 935 1
354 962 1
354 1287 1
354 1617 1
354 1839 1
354 1927 1
355 72 1
355 318 1
355 325 1
355 346 1
355 380 1
355 591 1
355 665 1
355 701 1
355 847 1
355 866 1
355 1060 1
355 1061 1
355 1085 1
355 1159 1
355 1201 1
355 1265 1
355 1476 1
355 1508 1
355 1648 1
355 1649 1
355 1931 1
355 2023 1
356 200 1
356 385 1
356 445 1
356 514 1
356 704 1
356 980 1
356 1329 1
356 1525 1
356 1848 1
357 21 1
357 143 1
357 227 1
357 590 1
357 1010 1
357 1148 1
357 1298 1
357 1722 1
357 1746 1
359 955 1
359 1099 1
359 1499 1
359 1628 1
359 1824 1
360 340 1
360 586 1
360 1390 1
360 1783 1
360 1886 1
361 1590 1
362 932 1
363 185 1
363 468 1
364 1295 1
364 1518 1
364 1876 1
365 96 1
365 370 1
365 482 1
365 761 1
365 996 1
365 1447 1
365 1819 1
366 45 1
366 147 1
366 167 1
366 479 1
366 542 1
366 566 1
366 583 1
366 589 1
366 593 1
366 600 1
366 965 1
366 993 1
366 1225 1
366 1264 1
366 1284 1
366 1379 1
366 1388 1
366 1831 1
367 26 1
367 219 1
367 231 1
367 302 1
367 477 1
367 551 1
367 682 1
367 787 1
367 892 1
367 970 1
367 990 1
367 1376 1
367 1611 1
367 1646 1
367 1711 1
367 1891 1
367 2044 1
368 33 1
368 110 1
368 225 1
368 261 1
368 339 1
368 359 1
368 381 1
368 392 1
368 455 1
368 584 1
368 689 1
368 764 1
368 843 1
368 975 1
368 1104 1
368 1211 1
368 1223 1
368 1244 1
368 1254 1
368 1416 1
368 1420 1
368 1446 1
368 1475 1
368 1661 1
368 1730 1
368 1741 1
368 1754 1
368 1800 1
368 1821 1
368 1828 1
368 1950 1
369 135 1
369 350 1
369 623 1
369 690 1
369 746 1
369 801 1
369 803 1
369 967 1
369 1138 1
369 1205 1
369 1463 1
369 1748 1
370 5 1
370 22 1
370 133 1
370 459 1
370 568 1
370 822 1
370 836 1
370 1077 1
370 1187 1
370 1319 1
370 1635 1
370 1676 1
370 1859 1
371 11 1
371 52 1
371 184 1
371 291 1
371 587 1
371 625 1
371 917 1
371 1320 1
371 1373 1
371 1500 1
371 1521 1
371 1776 1
371 1805 1
372 220 1
372 497 1
372 498 1
372 613 1
372 659 1
372 672 1
372 696 1
372 747 1
372 850 1
372 1161 1
372 1607 1
372 1829 1
372 1867 1
372 1933 1
373 176 1
373 257 1
373 525 1
373 1616 1
373 2035 1
374 198 1
374 426 1
374 1270 1
374 1491 1
374 1576 1
374 1771 1
374 2006 1
375 800 1
375 952 1
375 1170 1
375 1662 1
375 2027 1
376 365 1
376 580 1
377 336 1
377 1047 1
377 1207 1
377 1556 1
377 1684 1
378 117 1
378 270 1
378 492 1
379 868 1
379 1069 1
379 1580 1
379 2012 1
380 363 1
380 558 1
380 778 1
380 1247 1
380 1956 1
381 85 1
381 328 1
381 766 1
381 1507 1
381 1577 1
382 15 1
382 29 1
382 212 1
382 354 1
382 516 1
382 742 1
382 752 1
382 799 1
382 1011 1
382 1144 1
382 1156 1
382 1163 1
382 1410 1
382 1579 1
382 1712 1
382 1798 1
382 1912 1
383 25 1
383 92 1
383 507 1
383 562 1
383 664 1
383 669 1
383 767 1
383 792 1
383 840 1
383 937 1
383 1050 1
383 1165 1
383 1303 1
383 1336 1
383 1578 1
383 1808 1
383 1874 1
383 1962 1
383 1982 1
383 1996 1
384 3 1
384 30 1
384 31 1
384 37 1
384 81 1
384 249 1
384 286 1
384 412 1
384 421 1
384 550 1
384 633 1
384 740 1
384 832 1
384 930 1
384 1025 1
384 1111 1
384 1177 1
384 1300 1
384 1478 1
384 1656 1
384 1682 1
384 1751 1
384 1758 1
384 1903 1
384 1949 1
384 1984 1
384 1998 1
384 2016 1
384 2030 1
385 12 1
385 221 1
385 275 1
385 384 1
385 451 1
385 577 1
385 609 1
385 647 1
385 667 1
385 694 1
385 749 1
385 922 1
385 1583 1
385 1599 1
385 1600 1
385 1640 1
385 1778 1
385 1814 1
385 1844 1
385 1858 1
386 14 1
386 84 1
386 102 1
386 104 1
386 183 1
386 472 1
386 837 1
386 1269 1
386 1370 1
386 1492 1
386 1809 1
386 1853 1
386 2024 1
387 94 1
387 115 1
387 345 1
387 393 1
387 776 1
387 794 1
387 831 1
387 1217 1
387 1259 1
387 1317 1
387 1322 1
387 1368 1
387 1689 1
388 246 1
388 434 1
388 528 1
388 643 1
388 750 1
388 911 1
388 945 1
388 1520 1
388 1863 1
388 1885 1
389 78 1
389 402 1
389 621 1
389 1027 1
389 1078 1
389 1121 1
389 1612 1
389 1718 1
389 1762 1
389 1989 1
390 16 1
390 411 1
390 554 1
390 784 1
390 870 1
390 1014 1
390 1539 1
391 362 1
391 994 1
391 1013 1
391 1664 1
391 1823 1
392 108 1
392 886 1
393 13 1
393 1870 1
394 732 1
394 1143 1
395 652 1
395 897 1
395 1039 1
395 1070 1
395 1351 1
396 8 1
396 10 1
396 603 1
396 951 1
396 1302 1
396 1392 1
396 1655 1
396 1701 1
396 1866 1
397 159 1
397 284 1
397 504 1
397 855 1
397 925 1
397 941 1
397 963 1
397 1189 1
397 1335 1
397 1563 1
397 1625 1
397 1641 1
397 1910 1
398 174 1
398 267 1
398 295 1
398 314 1
398 438 1
398 457 1
398 538 1
398 650 1
398 1092 1
398 1100 1
398 1276 1
398 1428 1
398 1506 1
398 1534 1
398 1838 1
398 1916 1
399 19 1
399 40 1
399 218 1
399 424 1
399 474 1
399 475 1
399 648 1
399 661 1
399 710 1
399 902 1
399 1067 1
399 1108 1
399 1366 1
399 1422 1
399 1467 1
399 1510 1
399 1544 1
399 1627 1
399 1647 1
399 1694 1
399 1704 1
399 1959 1
399 1976 1
399 1997 1
399 2028 1
399 2034 1
400 134 1
400 235 1
400 241 1
400 342 1
400 444 1
400 543 1
400 544 1
400 548 1
400 553 1
400 663 1
400 736 1
400 775 1
400 804 1
400 857 1
400 1015 1
400 1097 1
400 1232 1
400 1326 1
400 1361 1
400 1399 1
400 1412 1
400 1498 1
400 1552 1
400 1589 1
400 1642 1
400 1708 1
400 1774 1
400 1892 1
400 1905 1
400 1951 1
400 2032 1
401 18 1
401 178 1
401 285 1
401 388 1
401 422 1
401 425 1
401 440 1
401 741 1
401 783 1
401 910 1
401 977 1
401 1051 1
401 1055 1
401 1083 1
401 1198 1
401 1262 1
401 1297 1
401 1341 1
401 1356 1
401 1431 1
401 1697 1
401 1699 1
401 1737 1
401 1968 1
401 2046 1
402 28 1
402 43 1
402 131 1
402 152 1
402 373 1
402 500 1
402 501 1
402 598 1
402 821 1
402 861 1
402 885 1
402 1167 1
402 1394 1
402 1504 1
402 1509 1
402 1528 1
402 1677 1
402 1724 1
402 1832 1
402 1999 1
403 2 1
403 186 1
403 298 1
403 309 1
403 433 1
403 552 1
403 619 1
403 838 1
403 863 1
403 898 1
403 1044 1
403 1174 1
403 1333 1
403 1353 1
403 1421 1
403 1685 1
403 1716 1
403 1972 1
403 2042 1
404 239 1
404 409 1
404 429 1
404 607 1
404 616 1
404 649 1
404 909 1
404 1019 1
404 1503 1
404 1981 1
405 351 1
405 602 1
405 927 1
405 1252 1
405 1688 1
406 532 1
406 641 1
406 798 1
406 1442 1
406 1728 1
406 1779 1
407 515 1
407 1826 1
408 1382 1
409 105 1
409 806 1
409 1841 1
410 450 1
410 595 1
410 1256 1
410 1299 1
410 1482 1
410 1618 1
411 137 1
412 236 1
412 1122 1
412 1883 1
413 125 1
413 166 1
413 193 1
413 448 1
413 823 1
413 972 1
413 1043 1
413 1068 1
413 1191 1
413 1487 1
413 1713 1
413 1745 1
413 1907 1
413 1945 1
414 112 1
414 124 1
414 315 1
414 320 1
414 344 1
414 606 1
414 706 1
414 789 1
414 815 1
414 844 1
414 899 1
414 920 1
414 956 1
414 1107 1
414 1172 1
414 1182 1
414 1184 1
414 1203 1
414 1261 1
414 1267 1
414 1277 1
414 1343 1
414 1466 1
414 1710 1
414 1725 1
414 1802 1
414 1890 1
414 1901 1
415 32 1
415 98 1
415 250 1
415 401 1
415 419 1
415 420 1
415 423 1
415 496 1
415 499 1
415 555 1
415 561 1
415 565 1
415 567 1
415 624 1
415 684 1
415 718 1
415 797 1
415 817 1
415 854 1
415 862 1
415 1002 1
415 1017 1
415 1149 1
415 1175 1
415 1242 1
415 1245 1
415 1253 1
415 1342 1
415 1352 1
415 1414 1
415 1424 1
415 1536 1
415 1543 1
415 1900 1
416 207 1
416 386 1
416 458 1
416 707 1
416 745 1
416 1063 1
416 1109 1
416 1204 1
416 1213 1
416 1293 1
416 1331 1
416 1347 1
416 1516 1
416 1568 1
416 1777 1
416 1851 1
416 1941 1
416 1995 1
416 2037 1
417 20 1
417 223 1
417 226 1
417 333 1
417 335 1
417 343 1
417 563 1
417 618 1
417 639 1
417 728 1
417 830 1
417 928 1
417 966 1
417 1036 1
417 1045 1
417 1052 1
417 1130 1
417 1183 1
417 1226 1
417 1233 1
417 1551 1
417 1615 1
417 1795 1
417 1799 1
417 1850 1
417 1899 1
417 1918 1
417 1975 1
418 114 1
418 161 1
418 162 1
418 288 1
418 332 1
418 461 1
418 471 1
418 818 1
418 908 1
418 934 1
418 936 1
418 1332 1
418 1425 1
418 1479 1
418 1483 1
418 1548 1
418 1610 1
418 1919 1
419 77 1
419 268 1
419 299 1
419 873 1
419 1125 1
419 1315 1
419 1348 1
419 1360 1
419 1470 1
419 1529 1
419 1582 1
419 1637 1
419 1879 1
419 1925 1
419 1985 1
419 2015 1
420 146 1
420 304 1
420 509 1
420 880 1
420 1064 1
420 1173 1
420 1249 1
420 1494 1
420 1720 1
420 1781 1
421 109 1
421 356 1
421 763 1
421 889 1
421 976 1
421 1158 1
421 1680 1
421 1789 1
422 905 1
422 1171 1
422 1488 1
422 1514 1
423 35 1
423 327 1
423 531 1
424 1702 1
424 1902 1
425 238 1
425 534 1
425 780 1
425 957 1
426 524 1
426 1258 1
426 1691 1
426 1906 1
426 1990 1
427 735 1
427 1155 1
427 1700 1
428 467 1
428 819 1
428 834 1
428 1041 1
428 1683 1
429 244 1
429 253 1
429 280 1
429 313 1
429 611 1
429 820 1
429 1445 1
429 1594 1
429 1742 1
429 1847 1
430 128 1
430 217 1
430 364 1
430 396 1
430 443 1
430 871 1
430 1024 1
430 1072 1
430 1075 1
430 1164 1
430 1169 1
430 1454 1
430 1524 1
430 1526 1
430 1538 1
430 1750 1
430 1957 1
431 106 1
431 164 1
431 216 1
431 258 1
431 281 1
431 408 1
431 502 1
431 503 1
431 549 1
431 560 1
431 675 1
431 720 1
431 737 1
431 882 1
431 888 1
431 938 1
431 958 1
431 1126 1
431 1192 1
431 1246 1
431 1345 1
431 1374 1
431 1545 1
431 1557 1
431 1671 1
431 1775 1
431 1806 1
431 1939 1
431 1994 1
431 2040 1
432 46 1
432 70 1
432 122 1
432 132 1
432 168 1
432 197 1
432 441 1
432 494 1
432 529 1
432 585 1
432 597 1
432 634 1
432 688 1
432 774 1
432 1101 1
432 1115 1
432 1291 1
432 1638 1
432 1644 1
432 1753 1
432 1817 1
432 1837 1
432 1849 1
432 2001 1
433 233 1
433 247 1
433 262 1
433 368 1
433 436 1
433 452 1
433 463 1
433 685 1
433 721 1
433 995 1
433 1042 1
433 1127 1
433 1230 1
433 1236 1
433 1355 1
433 1363 1
433 1429 1
433 1455 1
433 1461 1
433 1613 1
433 1974 1
433 1993 1
433 2000 1
434 100 1
434 208 1
434 256 1
434 545 1
434 679 1
434 805 1
434 879 1
434 900 1
434 1132 1
434 1176 1
434 1603 1
434 1620 1
434 1650 1
435 101 1
435 222 1
435 316 1
435 546 1
435 808 1
435 1079 1
435 1154 1
435 1250 1
435 1367 1
435 1423 1
435 1601 1
435 1987 1
436 51 1
436 150 1
436 234 1
436 347 1
436 578 1
436 702 1
436 1134 1
436 1639 1
436 1992 1
436 2025 1
437 91 1
437 177 1
437 265 1
437 971 1
437 1572 1
438 145 1
438 194 1
438 374 1
438 427 1
438 491 1
438 709 1
438 1643 1
438 2021 1
439 791 1
439 1340 1
439 1449 1
439 1935 1
440 1338 1
441 56 1
442 1350 1
444 255 1
444 375 1
444 716 1
444 770 1
444 1278 1
444 1515 1
444 1868 1
445 7 1
445 404 1
445 680 1
445 731 1
445 1088 1
445 1596 1
445 1726 1
445 1733 1
445 1909 1
446 266 1
446 698 1
446 730 1
446 825 1
446 912 1
446 954 1
446 1057 1
446 1073 1
446 1080 1
446 1110 1
446 1185 1
446 1195 1
446 1220 1
446 1272 1
446 1282 1
446 1378 1
446 1457 1
446 1519 1
446 1549 1
446 1565 1
446 1632 1
446 1727 1
446 1739 1
446 1846 1
446 1898 1
447 64 1
447 126 1
447 312 1
447 330 1
447 349 1
447 376 1
447 383 1
447 398 1
447 540 1
447 622 1
447 758 1
447 773 1
447 786 1
447 829 1
447 864 1
447 1009 1
447 1049 1
447 1152 1
447 1296 1
447 1324 1
447 1419 1
447 1511 1
447 1668 1
447 1801 1
447 1928 1
448 89 1
448 156 1
448 180 1
448 271 1
448 306 1
448 331 1
448 416 1
448 435 1
448 620 1
448 708 1
448 878 1
448 939 1
448 961 1
448 1147 1
448 1235 1
448 1237 1
448 1432 1
448 1575 1
448 1673 1
448 1675 1
448 1973 1
448 2036 1
449 48 1
449 120 1
449 144 1
449 181 1
449 201 1
449 215 1
449 478 1
449 523 1
449 559 1
449 627 1
449 629 1
449 779 1
449 781 1
449 923 1
449 974 1
449 985 1
449 1004 1
449 1398 1
449 1609 1
449 1731 1
449 1897 1
449 1946 1
449 1983 1
449 2043 1
450 182 1
450 326 1
450 610 1
450 676 1
450 785 1
450 906 1
450 1026 1
450 1031 1
450 1087 1
450 1212 1
450 1222 1
450 1240 1
450 1281 1
450 1555 1
450 1843 1
450 1926 1
450 1986 1
451 54 1
451 68 1
451 442 1
451 495 1
451 604 1
451 753 1
451 812 1
451 913 1
451 1238 1
451 1310 1
451 1346 1
451 1486 1
451 1923 1
451 2039 1
452 53 1
452 254 1
452 519 1
452 754 1
452 1339 1
452 1358 1
452 1698 1
452 1747 1
452 1797 1
452 1835 1
453 303 1
453 460 1
453 462 1
453 738 1
453 772 1
453 842 1
453 1074 1
453 1451 1
453 1597 1
453 2004 1
454 199 1
454 476 1
454 1016 1
454 1071 1
454 1784 1
454 1914 1
455 557 1
455 574 1
455 729 1
455 1842 1
456 428 1
456 1241 1
456 1793 1
457 547 1
457 1210 1
458 129 1
459 390 1
459 521 1
459 726 1
459 1834 1
459 1915 1
460 141 1
460 1053 1
460 1385 1
460 1633 1
460 1721 1
460 2020 1
461 171 1
461 173 1
461 278 1
461 341 1
461 403 1
461 984 1
461 997 1
461 1325 1
461 1490 1
461 1527 1
461 1670 1
461 1744 1
462 209 1
462 252 1
462 391 1
462 397 1
462 410 1
462 431 1
462 432 1
462 484 1
462 695 1
462 771 1
462 810 1
462 813 1
462 835 1
462 978 1
462 1032 1
462 1040 1
462 1139 1
462 1263 1
462 1471 1
462 1585 1
462 1651 1
462 1822 1
462 1932 1
462 1942 1
462 1966 1
463 116 1
463 148 1
463 154 1
463 305 1
463 323 1
463 465 1
463 466 1
463 506 1
463 658 1
463 816 1
463 875 1
463 946 1
463 1076 1
463 1146 1
463 1179 1
463 1202 1
463 1215 1
463 1406 1
463 1480 1
463 1645 1
463 1715 1
463 1752 1
463 1755 1
463 1772 1
463 1788 1
463 1855 1
463 1878 1
463 1952 1
463 2002 1
464 99 1
464 169 1
464 245 1
464 272 1
464 307 1
464 317 1
464 635 1
464 644 1
464 705 1
464 751 1
464 759 1
464 793 1
464 845 1
464 877 1
464 895 1
464 1038 1
464 1065 1
464 1327 1
464 1349 1
464 1417 1
464 1436 1
464 1513 1
464 1588 1
464 1608 1
464 1636 1
464 1692 1
464 1785 1
464 1790 1
464 1840 1
465 44 1
465 83 1
465 277 1
465 282 1
465 310 1
465 430 1
465 470 1
465 569 1
465 642 1
465 712 1
465 833 1
465 848 1
465 867 1
465 983 1
465 1046 1
465 1086 1
465 1120 1
465 1136 1
465 1166 1
465 1209 1
465 1218 1
465 1313 1
465 1402 1
465 1441 1
465 1501 1
465 1537 1
465 1550 1
465 1593 1
465 1634 1
465 1740 1
465 1955 1
465 1977 1
466 71 1
466 370 1
466 372 1
466 626 1
466 699 1
466 719 1
466 734 1
466 826 1
466 890 1
466 1251 1
466 1309 1
466 1357 1
466 1418 1
466 1512 1
466 1836 1
466 2038 1
467 136 1
467 357 1
467 367 1
467 371 1
467 518 1
467 645 1
467 887 1
467 1188 1
467 1285 1
467 1289 1
467 1294 1
467 1459 1
467 1522 1
467 1763 1
467 1791 1
467 1815 1
467 1873 1
467 1889 1
467 1953 1
467 1965 1
467 2011 1
468 74 1
468 123 1
468 163 1
468 211 1
468 486 1
468 1033 1
468 1561 1
468 1786 1
468 1845 1
468 1921 1
468 1937 1
468 2019 1
469 160 1
469 919 1
469 991 1
469 1224 1
469 1614 1
469 1687 1
470 296 1
470 377 1
470 510 1
470 614 1
470 1408 1
470 1452 1
470 1558 1
470 1818 1
471 1389 1
471 1803 1
472 628 1
472 671 1
472 811 1
472 839 1
472 1124 1
472 1485 1
473 1 1
473 279 1
474 446 1
474 1106 1
474 2017 1
475 87 1
475 533 1
475 979 1
475 1978 1
476 378 1
476 674 1
476 762 1
476 876 1
476 1411 1
476 1669 1
476 1958 1
477 41 1
477 73 1
477 139 1
477 290 1
477 520 1
477 651 1
477 654 1
477 678 1
477 874 1
477 988 1
477 1145 1
477 1288 1
477 1337 1
477 1426 1
477 1464 1
478 57 1
478 352 1
478 582 1
478 596 1
478 687 1
478 827 1
478 884 1
478 948 1
478 959 1
478 968 1
478 973 1
478 1062 1
478 1096 1
478 1113 1
478 1200 1
478 1307 1
478 1407 1
478 1440 1
478 1462 1
478 1531 1
478 1554 1
478 1622 1
478 1782 1
478 1810 1
478 1922 1
478 1936 1
478 1947 1
479 119 1
479 202 1
479 413 1
479 415 1
479 454 1
479 489 1
479 526 1
479 733 1
479 841 1
479 852 1
479 907 1
479 950 1
479 964 1
479 969 1
479 1117 1
479 1216 1
479 1318 1
479 1328 1
479 1354 1
479 1400 1
479 1427 1
479 1469 1
479 1540 1
479 1564 1
479 1570 1
479 1629 1
479 1703 1
479 1864 1
479 1875 1
479 1880 1
479 1884 1
479 1960 1
479 1964 1
479 1970 1
479 1988 1
479 2029 1
480 203 1
480 206 1
480 283 1
480 308 1
480 337 1
480 394 1
480 406 1
480 418 1
480 636 1
480 1066 1
480 1112 1
480 1221 1
480 1365 1
480 1456 1
480 1496 1
480 1547 1
480 1586 1
480 1591 1
480 1623 1
480 1681 1
480 1714 1
480 1761 1
480 1796 1
480 1930 1
480 1938 1
481 9 1
481 79 1
481 90 1
481 213 1
481 230 1
481 251 1
481 293 1
481 417 1
481 447 1
481 469 1
481 646 1
481 660 1
481 686 1
481 903 1
481 931 1
481 933 1
481 1035 1
481 1089 1
481 1114 1
481 1160 1
481 1178 1
481 1208 1
481 1275 1
481 1306 1
481 1308 1
481 1383 1
481 1489 1
481 1532 1
481 1562 1
481 1573 1
481 1659 1
481 1861 1
481 1895 1
482 191 1
482 360 1
482 361 1
482 599 1
482 677 1
482 756 1
482 860 1
482 916 1
482 1029 1
482 1037 1
482 1157 1
482 1305 1
482 1458 1
482 1484 1
482 1559 1
482 1605 1
482 1828 1
482 1911 1
482 1967 1
482 2045 1
483 130 1
483 189 1
483 224 1
483 311 1
483 353 1
483 824 1
483 847 1
483 992 1
483 1131 1
483 1206 1
483 1227 1
483 1314 1
483 1896 1
483 1954 1
483 2026 1
484 179 1
484 188 1
484 414 1
484 480 1
484 539 1
484 573 1
484 588 1
484 715 1
484 765 1
484 1056 1
484 1129 1
484 1405 1
484 1729 1
484 1865 1
484 1940 1
484 2031 1
485 243 1
485 1375 1
485 1660 1
485 1856 1
486 63 1
486 653 1
486 662 1
486 893 1
486 915 1
486 1271 1
486 1280 1
486 1631 1
487 210 1
487 248 1
487 259 1
487 637 1
487 657 1
487 1118 1
487 1766 1
487 1881 1
488 297 1
488 1140 1
488 1304 1
489 2009 1
491 681 1
491 1260 1
491 1602 1
491 1665 1
492 58 1
492 385 1
492 453 1
492 926 1
492 1023 1
492 1652 1
492 1887 1
493 214 1
493 228 1
493 387 1
493 656 1
493 1003 1
493 1196 1
493 1229 1
493 1287 1
493 1437 1
493 1517 1
493 1626 1
493 1734 1
493 1812 1
493 1825 1
493 1882 1
494 66 1
494 80 1
494 334 1
494 439 1
494 724 1
494 865 1
494 891 1
494 1030 1
494 1102 1
494 1103 1
494 1151 1
494 1162 1
494 1430 1
494 1463 1
494 1468 1
494 1542 1
494 1757 1
494 1811 1
494 1944 1
494 1991 1
495 121 1
495 263 1
495 437 1
495 488 1
495 513 1
495 571 1
495 683 1
495 782 1
495 828 1
495 904 1
495 1006 1
495 1090 1
495 1268 1
495 1372 1
495 1391 1
495 1473 1
495 1505 1
495 1657 1
495 1674 1
495 1723 1
495 1773 1
495 1948 1
495 1969 1
496 65 1
496 273 1
496 301 1
496 366 1
496 407 1
496 748 1
496 777 1
496 858 1
496 881 1
496 960 1
496 1001 1
496 1005 1
496 1008 1
496 1082 1
496 1135 1
496 1150 1
496 1266 1
496 1384 1
496 1396 1
496 1472 1
496 1502 1
496 1569 1
496 1679 1
496 1707 1
496 1717 1
496 1860 1
496 2041 1
496 2048 1
497 17 1
497 49 1
497 69 1
497 322 1
497 348 1
497 479 1
497 522 1
497 570 1
497 579 1
497 670 1
497 739 1
497 744 1
497 760 1
497 849 1
497 1116 1
497 1141 1
497 1234 1
497 1243 1
497 1369 1
497 1439 1
497 1453 1
497 1541 1
497 1581 1
497 1584 1
497 1690 1
497 1719 1
497 1732 1
497 1735 1
497 1813 1
497 1830 1
497 1877 1
498 67 1
498 82 1
498 276 1
498 300 1
498 350 1
498 601 1
498 859 1
498 883 1
498 918 1
498 996 1
498 1021 1
498 1371 1
498 1443 1
498 1481 1
498 1523 1
498 1709 1
498 1780 1
498 1904 1
499 6 1
499 287 1
499 581 1
499 743 1
499 795 1
499 1000 1
499 1022 1
499 1123 1
499 1444 1
499 1770 1
499 1980 1
500 76 1
500 127 1
500 693 1
500 1093 1
500 1257 1
500 1387 1
500 1401 1
500 1807 1
500 2013 1
501 155 1
501 807 1
501 1133 1
501 1450 1
501 1607 1
501 1913 1
502 264 1
502 382 1
502 564 1
502 594 1
502 640 1
502 703 1
502 814 1
502 1290 1
503 55 1
503 170 1
503 1054 1
503 1409 1
503 1929 1
504 175 1
504 473 1
504 1059 1
504 1606 1
505 23 1
505 617 1
505 846 1
505 993 1
505 1323 1
506 292 1
506 449 1
506 508 1
506 851 1
506 1084 1
506 1168 1
506 1497 1
507 42 1
507 338 1
507 1007 1
507 1128 1
507 1393 1
507 1756 1
507 1893 1
508 153 1
508 512 1
508 668 1
508 1018 1
508 1091 1
508 1435 1
508 1654 1
509 27 1
509 34 1
509 195 1
509 325 1
509 872 1
509 1098 1
509 1119 1
509 1321 1
509 1329 1
509 1678 1
509 1765 1
509 1794 1
509 2010 1
509 2014 1
510 36 1
510 103 1
510 158 1
510 232 1
510 485 1
510 505 1
510 536 1
510 630 1
510 701 1
510 727 1
510 790 1
510 869 1
510 921 1
510 929 1
510 942 1
510 981 1
510 986 1
510 1193 1
510 1465 1
510 1595 1
510 1661 1
510 1663 1
510 1764 1
510 1869 1
510 1934 1
510 1971 1
511 50 1
511 95 1
511 151 1
511 172 1
511 229 1
511 240 1
511 274 1
511 481 1
511 556 1
511 592 1
511 843 1
511 901 1
511 953 1
511 987 1
511 1081 1
511 1142 1
511 1181 1
511 1239 1
511 1273 1
511 1316 1
511 1377 1
511 1474 1
511 1533 1
511 1546 1
511 1624 1
511 1666 1
511 1749 1
511 1816 1
511 1833 1
511 1924 1
511 2022 1
511 2033 1
512 324 1
512 459 1
512 576 1
512 591 1
512 612 1
512 638 1
512 717 1
512 947 1
512 1137 1
512 1180 1
512 1186 1
512 1413 1
512 1525 1
512 1628 1
512 1804 1
512 1979 1
513 45 1
513 61 1
513 225 1
513 269 1
513 380 1
513 395 1
513 572 1
513 666 1
513 856 1
513 1301 1
513 1571 1
513 1917 1
514 138 1
514 192 1
514 205 1
514 294 1
514 586 1
514 632 1
514 998 1
514 1190 1
514 1311 1
514 1759 1
514 1876 1
514 1908 1
514 1920 1
514 1963 1
515 26 1
515 260 1
515 289 1
515 541 1
515 787 1
515 1010 1
515 1156 1
515 1214 1
515 1362 1
515 1587 1
515 1696 1
515 1839 1
515 1872 1
515 1888 1
515 1894 1
516 88 1
516 142 1
516 673 1
516 725 1
516 1560 1
516 1617 1
516 1927 1
517 219 1
517 631 1
517 768 1
517 1284 1
518 24 1
518 714 1
518 757 1
518 932 1
518 1787 1
519 575 1
519 1672 1
519 1768 1
519 1808 1
520 190 1
520 1364 1
521 165 1
521 530 1
521 894 1
521 1943 1
522 111 1
522 802 1
522 1094 1
522 1415 1
523 464 1
523 517 1
523 1104 1
523 1244 1
523 1705 1
523 1852 1
523 1961 1
523 2030 1
523 2047 1
524 110 1
524 176 1
524 187 1
524 237 1
524 493 1
524 590 1
524 608 1
524 761 1
524 940 1
524 975 1
524 982 1
524 1020 1
524 1194 1
524 1223 1
524 1274 1
524 1330 1
524 1334 1
524 1448 1
524 1592 1
524 1625 1
524 1693 1
525 59 1
525 92 1
525 107 1
525 242 1
525 399 1
525 490 1
525 723 1
525 801 1
525 952 1
525 1099 1
525 1161 1
525 1199 1
525 1248 1
525 1381 1
525 1476 1
525 1530 1
525 1553 1
525 1616 1
525 1648 1
525 1653 1
525 1695 1
525 1706 1
525 1741 1
525 1824 1
525 2003 1
526 4 1
526 204 1
526 319 1
526 321 1
526 498 1
526 692 1
526 700 1
526 742 1
526 746 1
526 747 1
526 755 1
526 1048 1
526 1105 1
526 1259 1
526 1286 1
526 1395 1
526 1420 1
526 1434 1
526 1477 1
526 1508 1
526 1574 1
526 1598 1
526 1658 1
526 1662 1
526 1667 1
526 1736 1
526 1792 1
526 1800 1
526 1821 1
526 1857 1
526 2008 1
526 2044 1
527 39 1
527 60 1
527 157 1
527 200 1
527 355 1
527 359 1
527 389 1
527 492 1
527 527 1
527 558 1
527 655 1
527 672 1
527 691 1
527 711 1
527 796 1
527 800 1
527 853 1
527 866 1
527 924 1
527 943 1
527 965 1
527 1028 1
527 1034 1
527 1060 1
527 1077 1
527 1153 1
527 1187 1
527 1254 1
527 1283 1
527 1376 1
527 1390 1
527 1567 1
527 1778 1
527 1783 1
528 30 1
528 47 1
528 140 1
528 147 1
528 184 1
528 358 1
528 623 1
528 665 1
528 697 1
528 713 1
528 809 1
528 917 1
528 944 1
528 949 1
528 962 1
528 1359 1
528 1871 1
528 1998 1
528 2005 1
529 117 1
529 525 1
529 605 1
529 613 1
529 935 1
529 967 1
529 1228 1
529 1292 1
529 1403 1
529 1404 1
529 1630 1
529 1649 1
529 1686 1
529 1743 1
529 1751 1
529 1984 1
529 2035 1
530 270 1
530 483 1
530 568 1
530 836 1
530 1025 1
530 1159 1
530 1379 1
530 1394 1
530 1535 1
530 1854 1
531 93 1
531 412 1
531 477 1
531 583 1
531 633 1
531 647 1
531 682 1
531 1148 1
531 1163 1
531 1197 1
531 1295 1
531 1827 1
532 501 1
532 690 1
532 914 1
532 1433 1
532 1447 1
532 1618 1
532 1619 1
533 72 1
533 113 1
533 970 1
533 1769 1
533 2007 1
534 1518 1
535 102 1
535 689 1
535 1219 1
535 1862 1
535 1996 1
536 329 1
536 362 1
536 482 1
536 937 1
537 1107 1
537 1820 1
538 445 1
538 1095 1
538 1265 1
538 1604 1
538 1722 1
539 340 1
539 425 1
539 696 1
539 892 1
539 1069 1
539 1144 1
539 1397 1
539 1446 1
539 1621 1
540 75 1
540 81 1
540 135 1
540 185 1
540 345 1
540 369 1
540 421 1
540 426 1
540 487 1
540 542 1
540 589 1
540 615 1
540 625 1
540 769 1
540 898 1
540 955 1
540 1011 1
540 1012 1
540 1121 1
540 1386 1
540 1491 1
540 1495 1
540 1848 1
540 1886 1
540 1959 1
541 33 1
541 40 1
541 86 1
541 97 1
541 104 1
541 108 1
541 167 1
541 291 1
541 354 1
541 400 1
541 837 1
541 1061 1
541 1205 1
541 1225 1
541 1231 1
541 1264 1
541 1302 1
541 1694 1
541 1912 1
542 19 1
542 62 1
542 85 1
542 118 1
542 149 1
542 231 1
542 363 1
542 392 1
542 587 1
542 704 1
542 752 1
542 831 1
542 897 1
542 1138 1
542 1143 1
542 1270 1
542 1368 1
542 1467 1
542 1499 1
542 1520 1
542 1612 1
542 1627 1
542 1708 1
542 1767 1
542 1819 1
542 1829 1
542 1950 1
542 2006 1
543 3 1
543 37 1
543 125 1
543 218 1
543 365 1
543 537 1
543 553 1
543 584 1
543 609 1
543 667 1
543 766 1
543 788 1
543 840 1
543 989 1
543 1085 1
543 1211 1
543 1319 1
543 1388 1
543 1428 1
543 1438 1
543 1590 1
543 1600 1
543 1760 1
544 98 1
544 221 1
544 235 1
544 249 1
544 328 1
544 554 1
544 561 1
544 600 1
544 722 1
544 750 1
544 784 1
544 803 1
544 822 1
544 844 1
544 1058 1
544 1256 1
544 1344 1
544 1352 1
544 1370 1
544 1493 1
544 1506 1
544 1507 1
544 1578 1
544 1580 1
544 1642 1
544 1684 1
544 1746 1
544 1748 1
544 1919 1
544 1931 1
544 1956 1
544 2018 1
545 159 1
545 196 1
545 318 1
545 346 1
545 379 1
545 497 1
545 550 1
545 694 1
545 999 1
545 1013 1
545 1279 1
545 1738 1
545 1945 1
546 855 1
546 1036 1
546 1177 1
546 1247 1
546 1322 1
546 1521 1
546 1814 1
546 1853 1
546 2023 1
547 143 1
547 1043 1
547 1170 1
547 1249 1
547 1317 1
547 1361 1
547 1576 1
547 2027 1
548 220 1
548 593 1
548 930 1
548 963 1
548 1051 1
548 1336 1
548 1890 1
549 783 1
549 1566 1
549 1754 1
550 1646 1
550 1859 1
551 38 1
551 1933 1
552 178 1
552 298 1
553 246 1
553 1207 1
553 1891 1
554 2 1
554 133 1
554 434 1
554 838 1
554 910 1
554 1475 1
554 1640 1
555 314 1
555 456 1
555 1298 1
555 1478 1
556 10 1
556 302 1
556 455 1
556 514 1
556 516 1
556 528 1
556 538 1
556 544 1
556 764 1
556 778 1
556 941 1
556 1039 1
556 1201 1
556 1320 1
556 1399 1
556 1599 1
556 1989 1
556 2012 1
556 2042 1
557 183 1
557 257 1
557 286 1
557 405 1
557 511 1
557 535 1
557 650 1
557 669 1
557 794 1
557 804 1
557 1108 1
557 1255 1
557 1332 1
557 1351 1
557 1353 1
557 1422 1
557 1579 1
557 1611 1
557 1656 1
557 1682 1
557 1701 1
557 1718 1
557 1771 1
557 1999 1
557 2016 1
558 8 1
558 22 1
558 52 1
558 114 1
558 197 1
558 332 1
558 422 1
558 438 1
558 474 1
558 507 1
558 543 1
558 664 1
558 684 1
558 710 1
558 922 1
558 925 1
558 1164 1
558 1277 1
558 1492 1
558 1543 1
558 1745 1
558 1762 1
558 1776 1
558 1863 1
558 1870 1
558 1883 1
558 1885 1
558 1962 1
558 1985 1
559 198 1
559 275 1
559 356 1
559 471 1
559 504 1
559 580 1
559 616 1
559 641 1
559 643 1
559 792 1
559 885 1
559 980 1
559 1050 1
559 1165 1
559 1174 1
559 1182 1
559 1226 1
559 1410 1
559 1425 1
559 1916 1
559 1949 1
560 21 1
560 29 1
560 53 1
560 261 1
560 339 1
560 351 1
560 368 1
560 409 1
560 461 1
560 472 1
560 595 1
560 652 1
560 659 1
560 732 1
560 870 1
560 994 1
560 1078 1
560 1300 1
560 1454 1
560 1470 1
560 1528 1
560 1552 1
560 1704 1
560 1798 1
560 1809 1
560 1905 1
560 2028 1
561 5 1
561 419 1
561 832 1
561 1047 1
561 1232 1
561 1461 1
561 1466 1
561 1487 1
561 1488 1
561 1498 1
561 1583 1
561 1589 1
561 1638 1
561 2046 1
562 56 1
562 152 1
562 227 1
562 295 1
562 551 1
562 880 1
562 911 1
562 990 1
562 1015 1
562 1019 1
562 1233 1
563 96 1
563 115 1
563 137 1
563 823 1
563 1655 1
563 1689 1
564 13 1
564 212 1
564 267 1
564 281 1
564 776 1
564 886 1
564 1014 1
564 1373 1
565 1382 1
567 25 1
567 43 1
567 1262 1
567 1774 1
567 1802 1
567 1987 1
568 1676 1
568 2037 1
569 250 1
569 857 1
569 1641 1
569 1823 1
570 239 1
570 740 1
570 1242 1
571 299 1
571 548 1
571 606 1
571 868 1
571 1213 1
571 1303 1
571 1460 1
571 1482 1
571 1500 1
571 1700 1
571 1758 1
571 1779 1
571 1867 1
571 1997 1
572 46 1
572 134 1
572 174 1
572 320 1
572 373 1
572 468 1
572 559 1
572 639 1
572 661 1
572 663 1
572 763 1
572 1092 1
572 1245 1
572 1269 1
572 1341 1
572 1366 1
572 1424 1
572 1568 1
572 1697 1
572 1712 1
572 1851 1
572 1874 1
572 1900 1
572 1968 1
572 2034 1
573 31 1
573 150 1
573 186 1
573 223 1
573 226 1
573 284 1
573 309 1
573 335 1
573 381 1
573 499 1
573 509 1
573 560 1
573 566 1
573 577 1
573 817 1
573 821 1
573 854 1
573 927 1
573 995 1
573 1172 1
573 1198 1
573 1312 1
573 1335 1
573 1516 1
573 1557 1
573 1831 1
573 1838 1
573 1866 1
573 1901 1
573 1902 1
573 1974 1
574 112 1
574 236 1
574 244 1
574 256 1
574 364 1
574 451 1
574 602 1
574 621 1
574 745 1
574 767 1
574 871 1
574 873 1
574 1149 1
574 1175 1
574 1261 1
574 1380 1
574 1431 1
574 1504 1
574 1534 1
574 1548 1
574 1577 1
574 1639 1
574 1688 1
574 1702 1
574 1711 1
574 1737 1
574 1742 1
574 1753 1
574 1841 1
574 1850 1
574 1899 1
574 1957 1
574 1976 1
575 402 1
575 433 1
575 444 1
575 457 1
575 649 1
575 805 1
575 818 1
575 850 1
575 861 1
575 945 1
575 1024 1
575 1027 1
575 1111 1
575 1326 1
575 1442 1
575 1539 1
575 1620 1
575 1635 1
575 1789 1
576 18 1
576 161 1
576 253 1
576 336 1
576 565 1
576 1063 1
576 1252 1
576 1343 1
576 1414 1
576 1483 1
576 1637 1
576 1671 1
576 1716 1
576 1777 1
576 1858 1
576 1907 1
576 1990 1
577 77 1
577 217 1
577 272 1
577 306 1
577 648 1
577 721 1
577 806 1
577 830 1
577 863 1
577 928 1
577 1100 1
577 1155 1
577 1176 1
577 1236 1
577 1281 1
577 1325 1
577 1348 1
577 1421 1
577 1615 1
577 1683 1
577 1713 1
577 1747 1
577 1981 1
577 2024 1
578 15 1
578 327 1
578 1293 1
578 1297 1
578 1333 1
578 1843 1
579 94 1
579 619 1
579 1017 1
579 1203 1
579 1392 1
579 1699 1
579 1730 1
580 238 1
580 333 1
580 529 1
580 1068 1
581 109 1
581 166 1
581 384 1
581 862 1
582 450 1
582 1064 1
582 1995 1
583 540 1
583 741 1
583 1253 1
583 1267 1
584 106 1
584 194 1
584 1045 1
584 1524 1
585 124 1
585 458 1
585 532 1
585 1572 1
585 1806 1
586 241 1
586 934 1
586 1083 1
586 1125 1
587 288 1
587 624 1
587 718 1
587 720 1
587 902 1
587 1042 1
587 1122 1
587 1276 1
587 1416 1
587 1551 1
587 1685 1
587 1832 1
587 1925 1
587 1941 1
588 78 1
588 126 1
588 216 1
588 268 1
588 401 1
588 408 1
588 440 1
588 496 1
588 774 1
588 834 1
588 896 1
588 956 1
588 1189 1
588 1360 1
588 1510 1
588 1536 1
588 1594 1
588 1680 1
588 1805 1
588 1849 1
589 105 1
589 193 1
589 247 1
589 349 1
589 423 1
589 460 1
589 462 1
589 552 1
589 634 1
589 736 1
589 820 1
589 829 1
589 906 1
589 1075 1
589 1173 1
589 1220 1
589 1291 1
589 1342 1
589 1449 1
589 1556 1
589 1582 1
589 1596 1
589 1610 1
589 1647 1
589 1664 1
589 1691 1
589 1817 1
589 1903 1
589 1982 1
589 1986 1
590 16 1
590 255 1
590 424 1
590 443 1
590 463 1
590 515 1
590 545 1
590 574 1
590 597 1
590 598 1
590 611 1
590 618 1
590 709 1
590 749 1
590 899 1
590 908 1
590 1055 1
590 1126 1
590 1154 1
590 1183 1
590 1217 1
590 1331 1
590 1479 1
590 1526 1
590 1750 1
590 1799 1
590 1847 1
590 1892 1
590 2015 1
591 35 1
591 128 1
591 146 1
591 265 1
591 285 1
591 304 1
591 342 1
591 388 1
591 393 1
591 436 1
591 562 1
591 716 1
591 775 1
591 797 1
591 819 1
591 966 1
591 1049 1
591 1057 1
591 1109 1
591 1272 1
591 1412 1
591 1494 1
591 1563 1
591 1721 1
591 1724 1
591 1801 1
591 1818 1
591 1844 1
591 1994 1
591 2000 1
592 68 1
592 347 1
592 411 1
592 429 1
592 465 1
592 728 1
592 957 1
592 976 1
592 1258 1
592 1315 1
592 1710 1
592 1752 1
593 208 1
593 303 1
593 758 1
593 789 1
593 799 1
593 815 1
593 900 1
593 909 1
593 1038 1
593 1097 1
593 1237 1
593 1918 1
593 1972 1
593 2032 1
594 315 1
594 330 1
594 685 1
594 878 1
594 1070 1
594 1204 1
594 2039 1
595 51 1
595 131 1
595 207 1
596 122 1
596 145 1
596 706 1
596 1067 1
596 1299 1
596 1345 1
597 1514 1
597 1915 1
598 280 1
598 331 1
598 1088 1
598 1790 1
599 1127 1
599 1184 1
600 519 1
600 534 1
600 905 1
600 1192 1
600 1230 1
600 1725 1
601 549 1
601 780 1
601 791 1
602 475 1
602 491 1
602 603 1
602 738 1
602 1031 1
602 1052 1
602 1072 1
602 1110 1
602 1171 1
602 1429 1
602 1544 1
602 1795 1
602 1868 1
602 1951 1
603 317 1
603 500 1
603 555 1
603 971 1
603 1134 1
603 1210 1
603 1338 1
603 1673 1
604 7 1
604 11 1
604 14 1
604 162 1
604 222 1
604 262 1
604 313 1
604 375 1
604 441 1
604 524 1
604 737 1
604 808 1
604 812 1
604 864 1
604 938 1
604 977 1
604 997 1
604 1073 1
604 1106 1
604 1167 1
604 1324 1
604 1432 1
604 1519 1
604 1545 1
604 1668 1
604 1781 1
604 1837 1
605 74 1
605 132 1
605 312 1
605 386 1
605 396 1
605 578 1
605 585 1
605 629 1
605 675 1
605 888 1
605 895 1
605 916 1
605 920 1
605 1004 1
605 1016 1
605 1131 1
605 1339 1
605 1347 1
605 1350 1
605 1385 1
605 1419 1
605 1445 1
605 1471 1
605 1677 1
605 1975 1
606 28 1
606 84 1
606 503 1
606 567 1
606 847 1
606 961 1
606 1032 1
606 1206 1
606 1212 1
606 1263 1
606 1374 1
606 1423 1
606 1529 1
606 1670 1
606 1727 1
606 1906 1
606 1926 1
606 1946 1
606 1983 1
606 2002 1
607 91 1
607 420 1
607 494 1
607 882 1
607 983 1
607 1185 1
607 1826 1
608 101 1
608 254 1
608 452 1
608 531 1
608 698 1
608 786 1
608 851 1
608 954 1
608 1041 1
608 1158 1
608 1218 1
608 1241 1
608 1367 1
608 1547 1
608 1786 1
608 1965 1
609 83 1
609 343 1
609 371 1
609 521 1
609 645 1
609 1065 1
609 1340 1
609 1515 1
609 1549 1
609 1554 1
610 502 1
610 546 1
610 811 1
610 939 1
610 1044 1
610 1152 1
610 1952 1
610 2004 1
611 258 1
611 316 1
611 688 1
611 1117 1
611 1128 1
611 1278 1
611 1402 1
611 1650 1
611 1726 1
612 164 1
612 842 1
612 1897 1
613 20 1
613 1644 1
614 70 1
614 305 1
614 390 1
614 467 1
614 816 1
614 1728 1
614 2025 1
615 879 1
615 1538 1
616 779 1
616 1346 1
617 427 1
617 626 1
617 1080 1
617 1503 1
617 1909 1
617 1935 1
618 431 1
618 614 1
618 770 1
618 867 1
618 1564 1
618 1846 1
618 1910 1
619 12 1
619 160 1
619 168 1
619 177 1
619 179 1
619 234 1
619 271 1
619 607 1
619 679 1
619 773 1
619 1009 1
619 1132 1
619 1246 1
619 1632 1
619 1973 1
619 2020 1
619 2040 1
620 73 1
620 141 1
620 201 1
620 391 1
620 466 1
620 610 1
620 712 1
620 978 1
620 1130 1
620 1169 1
620 1191 1
620 1296 1
620 1436 1
620 1468 1
620 1559 1
620 1591 1
620 1603 1
620 1836 1
620 2021 1
621 54 1
621 344 1
621 367 1
621 376 1
621 378 1
621 383 1
621 569 1
621 622 1
621 729 1
621 731 1
621 793 1
621 918 1
621 1026 1
621 1179 1
621 1309 1
621 1363 1
621 1398 1
621 1455 1
621 1486 1
621 1588 1
621 1651 1
621 1675 1
621 1960 1
622 49 1
622 156 1
622 163 1
622 279 1
622 377 1
622 448 1
622 637 1
622 642 1
622 676 1
622 708 1
622 825 1
622 985 1
622 1071 1
622 1294 1
622 1356 1
622 1440 1
622 1490 1
622 1593 1
622 1613 1
622 1739 1
622 1834 1
622 1942 1
622 1993 1
623 64 1
623 89 1
623 116 1
623 169 1
623 430 1
623 432 1
623 442 1
623 627 1
623 628 1
623 707 1
623 889 1
623 1000 1
623 1002 1
623 1006 1
623 1145 1
623 1209 1
623 1238 1
623 1558 1
623 1633 1
623 1634 1
623 1923 1
624 123 1
624 130 1
624 136 1
624 171 1
624 563 1
624 653 1
624 705 1
624 751 1
624 958 1
624 1053 1
624 1076 1
624 1112 1
624 1151 1
624 1215 1
624 1216 1
624 1310 1
624 1406 1
624 1822 1
624 1922 1
624 1966 1
625 296 1
625 416 1
625 588 1
625 680 1
625 1074 1
625 1087 1
625 1102 1
625 1497 1
625 1550 1
625 1698 1
625 2019 1
626 129 1
626 173 1
626 646 1
626 726 1
626 856 1
626 1140 1
626 1305 1
626 1878 1
627 233 1
627 453 1
627 488 1
627 950 1
627 1932 1
627 2029 1
628 99 1
628 810 1
628 1512 1
628 1527 1
628 1714 1
628 1784 1
628 1880 1
629 326 1
629 1081 1
629 1120 1
629 1124 1
629 1251 1
629 1462 1
629 1565 1
630 785 1
630 1609 1
630 2031 1
631 120 1
631 180 1
631 1879 1
632 1928 1
633 671 1
633 798 1
633 946 1
633 1480 1
633 1855 1
634 182 1
634 209 1
634 428 1
634 1030 1
634 1046 1
634 1378 1
634 1509 1
635 139 1
635 206 1
635 252 1
635 414 1
635 557 1
635 693 1
635 699 1
635 715 1
635 912 1
635 919 1
635 936 1
635 1511 1
635 1785 1
635 1788 1
635 1840 1
635 1939 1
636 48 1
636 148 1
636 199 1
636 374 1
636 398 1
636 418 1
636 446 1
636 635 1
636 730 1
636 762 1
636 876 1
636 972 1
636 1200 1
636 1327 1
636 1354 1
636 1426 1
636 1629 1
636 1720 1
636 1889 1
636 2001 1
637 9 1
637 32 1
637 228 1
637 264 1
637 277 1
637 311 1
637 387 1
637 449 1
637 520 1
637 547 1
637 657 1
637 674 1
637 759 1
637 826 1
637 860 1
637 890 1
637 913 1
637 988 1
637 1188 1
637 1221 1
637 1304 1
637 1307 1
637 1349 1
637 1411 1
637 1443 1
637 1458 1
637 1586 1
637 1597 1
637 1602 1
637 1703 1
638 175 1
638 203 1
638 385 1
638 417 1
638 678 1
638 695 1
638 733 1
638 841 1
638 884 1
638 1018 1
638 1040 1
638 1101 1
638 1355 1
638 1555 1
638 1607 1
638 1636 1
638 1729 1
638 1782 1
638 1911 1
638 1914 1
638 2011 1
639 44 1
639 127 1
639 230 1
639 266 1
639 282 1
639 435 1
639 526 1
639 668 1
639 848 1
639 903 1
639 915 1
639 973 1
639 1235 1
639 1240 1
639 1318 1
639 1427 1
639 1481 1
639 1513 1
639 1719 1
639 1723 1
639 1768 1
639 1934 1
639 1958 1
639 1970 1
640 278 1
640 357 1
640 484 1
640 760 1
640 771 1
640 839 1
640 877 1
640 1157 1
640 1166 1
640 1234 1
640 1456 1
640 1457 1
640 1601 1
640 1715 1
640 1810 1
641 153 1
641 213 1
641 406 1
641 437 1
641 470 1
641 533 1
641 654 1
641 813 1
641 883 1
641 984 1
641 1054 1
641 1089 1
641 1441 1
641 1459 1
641 1631 1
641 1733 1
641 1881 1
641 2048 1
642 191 1
642 251 1
642 290 1
642 599 1
642 687 1
642 824 1
642 1266 1
642 1288 1
642 1643 1
642 1780 1
642 1816 1
643 658 1
643 744 1
643 807 1
643 1400 1
643 1537 1
643 1898 1
644 348 1
644 454 1
644 510 1
644 1717 1
645 1098 1
645 1118 1
645 1136 1
645 1541 1
645 1665 1
646 243 1
646 735 1
646 753 1
646 907 1
646 1929 1
647 323 1
647 518 1
647 644 1
647 968 1
647 1437 1
648 677 1
648 1731 1
648 1895 1
649 495 1
649 581 1
649 683 1
649 2036 1
650 63 1
650 215 1
650 478 1
650 734 1
650 979 1
650 1873 1
651 67 1
651 79 1
651 100 1
651 926 1
651 969 1
651 1037 1
651 1103 1
651 1147 1
651 1570 1
651 1763 1
651 1988 1
652 46 1
652 297 1
652 397 1
652 620 1
652 724 1
652 754 1
652 874 1
652 887 1
652 991 1
652 1115 1
652 1133 1
652 1314 1
652 1357 1
652 1384 1
652 1408 1
652 1450 1
652 1469 1
652 1622 1
652 1626 1
652 1793 1
652 1835 1
652 1920 1
652 1938 1
652 1953 1
653 42 1
653 57 1
653 65 1
653 119 1
653 479 1
653 539 1
653 570 1
653 617 1
653 662 1
653 1091 1
653 1150 1
653 1289 1
653 1337 1
653 1362 1
653 1389 1
653 1439 1
653 1496 1
653 1535 1
653 1623 1
653 1772 1
653 1775 1
653 1796 1
653 1825 1
653 1869 1
653 1875 1
653 1977 1
653 1992 1
653 2017 1
653 2043 1
654 165 1
654 224 1
654 263 1
654 308 1
654 353 1
654 360 1
654 439 1
654 522 1
654 592 1
654 594 1
654 596 1
654 686 1
654 827 1
654 833 1
654 852 1
654 951 1
654 974 1
654 993 1
654 1003 1
654 1066 1
654 1114 1
654 1178 1
654 1195 1
654 1202 1
654 1371 1
654 1372 1
654 1396 1
654 1405 1
654 1430 1
654 1505 1
654 1561 1
654 1757 1
654 1783 1
654 1830 1
654 1930 1
654 1937 1
654 1948 1
654 2038 1
655 65 1
655 88 1
655 181 1
655 300 1
655 352 1
655 692 1
655 1113 1
655 1138 1
655 1451 1
655 1474 1
655 1571 1
655 1595 1
655 1645 1
655 1707 1
655 1740 1
655 1766 1
655 1770 1
655 1811 1
656 50 1
656 58 1
656 63 1
656 75 1
656 80 1
656 121 1
656 154 1
656 210 1
656 307 1
656 310 1
656 508 1
656 630 1
656 809 1
656 992 1
656 1162 1
656 1227 1
656 1418 1
656 1473 1
656 1501 1
656 1605 1
656 1967 1
657 49 1
657 90 1
657 341 1
657 370 1
657 536 1
657 582 1
657 725 1
657 923 1
657 1282 1
657 1531 1
657 1845 1
657 1861 1
657 1921 1
658 55 1
658 189 1
658 476 1
658 1116 1
658 1464 1
658 1522 1
658 1732 1
658 1769 1
658 1936 1
659 58 1
659 71 1
659 73 1
659 893 1
659 1007 1
659 1141 1
659 1250 1
659 1842 1
659 1896 1
660 63 1
660 69 1
660 403 1
660 959 1
660 1021 1
660 1033 1
660 1079 1
660 1084 1
660 1096 1
660 1160 1
660 1243 1
660 1794 1
660 1884 1
661 579 1
661 772 1
661 1856 1
662 80 1
662 276 1
662 287 1
662 1453 1
662 1797 1
662 2041 1
663 61 1
663 71 1
663 81 1
663 382 1
663 1690 1
663 1828 1
663 1980 1
664 56 1
664 192 1
664 245 1
664 413 1
664 987 1
664 1311 1
664 1887 1
665 846 1
665 1533 1
666 81 1
666 205 1
666 469 1
666 568 1
666 666 1
666 843 1
666 1023 1
666 1407 1
666 1573 1
667 62 1
667 66 1
667 144 1
667 211 1
667 214 1
667 523 1
667 651 1
667 702 1
667 777 1
667 845 1
667 1452 1
667 1517 1
667 1540 1
667 1585 1
667 1608 1
667 1660 1
667 1734 1
667 1803 1
668 78 1
668 151 1
668 273 1
668 486 1
668 631 1
668 638 1
668 656 1
668 660 1
668 875 1
668 964 1
668 1104 1
668 1273 1
668 1285 1
668 1321 1
668 1485 1
668 1575 1
668 1678 1
668 1692 1
668 1761 1
668 1876 1
668 1904 1
668 1927 1
669 50 1
669 64 1
669 415 1
669 447 1
669 673 1
669 790 1
669 795 1
669 835 1
669 881 1
669 932 1
669 1484 1
669 1606 1
669 1654 1
669 1812 1
669 1815 1
669 1894 1
669 2010 1
670 1 1
670 43 1
670 47 1
670 50 1
670 225 1
670 489 1
670 506 1
670 564 1
670 701 1
670 703 1
670 722 1
670 865 1
670 960 1
670 1010 1
670 1035 1
670 1146 1
670 1228 1
670 1268 1
670 1379 1
670 1420 1
670 1435 1
670 1735 1
670 1864 1
670 1882 1
671 78 1
671 140 1
671 188 1
671 464 1
671 513 1
671 527 1
671 586 1
671 632 1
671 765 1
671 869 1
671 1062 1
671 1093 1
671 1287 1
671 1313 1
671 1523 1
671 1852 1
671 1955 1
672 61 1
672 110 1
672 334 1
672 404 1
672 556 1
672 768 1
672 858 1
672 904 1
672 1005 1
672 1086 1
672 1224 1
672 1377 1
672 1393 1
672 1560 1
672 1749 1
672 1833 1
672 1865 1
673 44 1
673 80 1
673 138 1
673 232 1
673 361 1
673 719 1
673 781 1
673 853 1
673 1214 1
673 1229 1
673 1477 1
673 1508 1
673 1584 1
673 1619 1
673 1659 1
673 1813 1
673 1940 1
674 48 1
674 54 1
674 219 1
674 670 1
674 739 1
674 756 1
674 1787 1
675 46 1
675 61 1
675 65 1
675 95 1
675 1681 1
675 1824 1
675 2045 1
676 76 1
676 394 1
676 525 1
676 640 1
676 1156 1
676 1186 1
676 1444 1
676 1525 1
676 1791 1
676 1839 1
676 1971 1
677 81 1
677 82 1
677 395 1
677 1094 1
677 1271 1
677 1401 1
678 748 1
678 1135 1
678 1741 1
679 636 1
679 901 1
679 1375 1
679 1502 1
679 1628 1
680 70 1
680 943 1
681 43 1
681 54 1
681 82 1
681 195 1
681 1358 1
681 1657 1
681 1872 1
682 54 1
682 79 1
682 372 1
682 1129 1
682 1944 1
682 1961 1
683 321 1
683 498 1
683 787 1
683 859 1
683 953 1
683 1260 1
683 1308 1
683 1489 1
683 1614 1
683 1663 1
683 1943 1
683 1979 1
684 45 1
684 350 1
684 407 1
684 530 1
684 576 1
684 929 1
684 1187 1
684 1248 1
684 1316 1
684 1409 1
684 1653 1
684 1746 1
684 1755 1
684 1764 1
684 1807 1
684 1860 1
685 26 1
685 71 1
685 80 1
685 142 1
685 283 1
685 358 1
685 485 1
685 761 1
685 872 1
685 935 1
685 952 1
685 982 1
685 1123 1
685 1181 1
685 1306 1
685 1328 1
685 1383 1
685 1448 1
685 1624 1
685 1666 1
685 1706 1
685 1743 1
685 1778 1
685 1908 1
685 1931 1
686 27 1
686 64 1
686 70 1
686 92 1
686 501 1
686 591 1
686 623 1
686 822 1
686 937 1
686 1012 1
686 1144 1
686 1376 1
686 1569 1
686 1662 1
686 1674 1
686 1888 1
687 59 1
687 66 1
687 184 1
687 325 1
687 399 1
687 410 1
687 412 1
687 572 1
687 613 1
687 747 1
687 814 1
687 1008 1
687 1069 1
687 1105 1
687 1283 1
687 1413 1
687 1669 1
687 1744 1
687 1751 1
687 1800 1
687 1857 1
687 1893 1
687 2044 1
688 158 1
688 240 1
688 301 1
688 604 1
688 697 1
688 711 1
688 742 1
688 931 1
688 1029 1
688 1137 1
688 1208 1
688 1225 1
688 1773 1
688 2007 1
689 24 1
689 30 1
689 48 1
689 50 1
689 58 1
689 60 1
689 72 1
689 492 1
689 755 1
689 948 1
689 975 1
689 1199 1
689 1587 1
689 1765 1
689 1792 1
689 1969 1
689 2003 1
690 36 1
690 56 1
690 66 1
690 82 1
690 170 1
690 204 1
690 575 1
690 689 1
690 696 1
690 717 1
690 942 1
690 986 1
690 1219 1
690 1223 1
690 1257 1
690 1295 1
690 1417 1
690 1687 1
691 51 1
691 52 1
691 202 1
691 270 1
691 293 1
691 1060 1
691 1161 1
691 1211 1
691 1239 1
691 1553 1
691 1616 1
691 1661 1
692 63 1
692 87 1
692 589 1
692 782 1
692 1205 1
692 2022 1
693 50 1
693 67 1
693 93 1
693 1197 1
694 69 1
694 996 1
694 1756 1
695 46 1
695 78 1
695 337 1
695 1280 1
695 1736 1
696 43 1
696 69 1
696 1196 1
697 70 1
697 672 1
697 965 1
697 2030 1
698 81 1
698 891 1
698 949 1
698 1048 1
698 1760 1
698 1913 1
698 1917 1
699 490 1
699 743 1
699 1804 1
700 107 1
700 111 1
700 421 1
700 682 1
700 1119 1
700 1121 1
700 1530 1
700 1649 1
700 1658 1
700 1759 1
700 1870 1
701 42 1
701 62 1
701 81 1
701 102 1
701 340 1
701 625 1
701 802 1
701 924 1
701 1051 1
701 1159 1
701 1361 1
701 1581 1
701 1679 1
701 1886 1
702 40 1
702 56 1
702 363 1
702 477 1
702 571 1
702 608 1
702 694 1
702 714 1
702 796 1
702 1329 1
702 1395 1
702 1495 1
702 1546 1
702 1600 1
702 1819 1
703 37 1
703 43 1
703 55 1
703 60 1
703 104 1
703 147 1
703 176 1
703 235 1
703 267 1
703 314 1
703 400 1
703 505 1
703 541 1
703 584 1
703 1180 1
703 1265 1
703 1386 1
703 1611 1
703 1656 1
703 1767 1
703 2006 1
704 75 1
704 125 1
704 380 1
704 587 1
704 593 1
704 647 1
704 700 1
704 704 1
704 1028 1
704 1244 1
704 1274 1
704 1286 1
704 1290 1
704 1365 1
704 1499 1
704 1590 1
704 1630 1
704 1648 1
704 1854 1
705 103 1
705 133 1
705 221 1
705 324 1
705 369 1
705 425 1
705 482 1
705 766 1
705 1017 1
705 1099 1
705 1108 1
705 1148 1
705 1254 1
705 1391 1
705 1465 1
705 1475 1
705 1579 1
705 1652 1
705 1776 1
705 1808 1
705 1924 1
705 2047 1
706 493 1
706 746 1
706 1330 1
706 1369 1
706 1403 1
706 1507 1
706 1978 1
707 260 1
707 434 1
707 1022 1
707 1478 1
707 1518 1
707 1722 1
707 2009 1
708 63 1
708 73 1
708 269 1
708 1476 1
708 1539 1
708 1851 1
708 2033 1
709 6 1
709 220 1
709 328 1
709 461 1
709 1011 1
709 1373 1
709 1621 1
709 2014 1
710 50 1
710 56 1
710 190 1
710 573 1
710 962 1
711 291 1
711 480 1
711 517 1
711 998 1
711 1259 1
711 1359 1
712 55 1
712 76 1
712 118 1
712 990 1
712 1996 1
713 229 1
713 459 1
713 601 1
713 745 1
713 1542 1
714 56 1
714 844 1
714 1463 1
714 1821 1
715 319 1
715 338 1
715 362 1
715 1139 1
715 1399 1
715 1576 1
716 46 1
716 664 1
716 691 1
716 757 1
716 801 1
716 1222 1
716 1275 1
716 1696 1
717 34 1
717 60 1
717 70 1
717 77 1
717 86 1
717 366 1
717 456 1
717 652 1
717 661 1
717 690 1
717 870 1
717 1056 1
717 1335 1
717 1695 1
717 1829 1
717 2012 1
718 69 1
718 183 1
718 472 1
718 514 1
718 537 1
718 612 1
718 763 1
718 783 1
718 800 1
718 941 1
718 1168 1
718 1174 1
718 1279 1
718 1284 1
718 1320 1
718 1342 1
718 1364 1
718 1446 1
718 1577 1
718 1945 1
718 1999 1
719 329 1
719 379 1
719 384 1
719 426 1
719 633 1
719 665 1
719 778 1
719 788 1
719 830 1
719 955 1
719 1083 1
719 1381 1
719 1388 1
719 1415 1
719 1447 1
719 1472 1
719 1479 1
719 1684 1
719 1689 1
719 1863 1
719 1941 1
719 2005 1
720 5 1
720 97 1
720 187 1
720 239 1
720 284 1
720 423 1
720 481 1
720 512 1
720 615 1
720 911 1
720 1077 1
720 1247 1
720 1334 1
720 1390 1
720 1492 1
720 1493 1
720 1520 1
720 1543 1
720 1694 1
720 1798 1
720 1814 1
720 1963 1
720 2013 1
720 2028 1
721 197 1
721 253 1
721 422 1
721 562 1
721 684 1
721 792 1
721 957 1
721 1082 1
721 1163 1
721 1264 1
721 1431 1
721 1544 1
721 1956 1
722 18 1
722 19 1
722 159 1
722 345 1
722 849 1
722 921 1
722 1353 1
722 1421 1
722 1504 1
722 1919 1
722 1991 1
723 1043 1
723 1058 1
723 1165 1
723 1170 1
723 1491 1
723 1589 1
724 69 1
724 217 1
724 857 1
724 1370 1
724 1488 1
725 64 1
725 108 1
725 149 1
725 172 1
725 281 1
725 831 1
725 940 1
725 1322 1
725 1647 1
725 1745 1
726 15 1
726 44 1
726 365 1
726 429 1
726 544 1
726 667 1
726 828 1
726 994 1
726 1838 1
727 48 1
727 57 1
727 64 1
727 198 1
727 218 1
728 74 1
728 167 1
728 302 1
728 354 1
728 1001 1
729 43 1
729 67 1
729 289 1
729 1572 1
729 1598 1
729 1709 1
730 44 1
730 1397 1
730 1950 1
731 79 1
731 458 1
731 542 1
731 927 1
731 1562 1
731 1848 1
731 1905 1
732 48 1
732 200 1
732 237 1
732 471 1
732 473 1
732 583 1
732 595 1
732 605 1
732 641 1
732 681 1
732 894 1
732 1059 1
732 1333 1
732 1387 1
732 1467 1
732 1532 1
732 1604 1
732 1789 1
732 1964 1
732 2023 1
732 2046 1
733 76 1
733 359 1
733 373 1
733 409 1
733 444 1
733 468 1
733 550 1
733 590 1
733 649 1
733 727 1
733 981 1
733 1142 1
733 1256 1
733 1299 1
733 1303 1
733 1325 1
733 1425 1
733 1947 1
733 1949 1
733 2026 1
734 17 1
734 44 1
734 85 1
734 143 1
734 155 1
734 309 1
734 460 1
734 462 1
734 524 1
734 803 1
734 836 1
734 885 1
734 1143 1
734 1301 1
734 1336 1
734 1360 1
734 1460 1
734 1627 1
734 1685 1
734 1701 1
734 1705 1
734 1708 1
734 1762 1
734 1862 1
734 1885 1
734 1918 1
734 1962 1
735 22 1
735 58 1
735 65 1
735 115 1
735 294 1
735 368 1
735 419 1
735 545 1
735 559 1
735 580 1
735 611 1
735 710 1
735 764 1
735 779 1
735 840 1
735 854 1
735 1038 1
735 1078 1
735 1092 1
735 1232 1
735 1323 1
735 1487 1
735 1718 1
735 1779 1
735 1795 1
735 1916 1
735 1968 1
735 1997 1
736 39 1
736 52 1
736 65 1
736 212 1
736 241 1
736 248 1
736 256 1
736 259 1
736 268 1
736 351 1
736 438 1
736 577 1
736 723 1
736 799 1
736 873 1
736 892 1
736 930 1
736 989 1
736 1194 1
736 1293 1
736 1438 1
736 1567 1
736 1638 1
736 1823 1
736 1853 1
736 1874 1
737 53 1
737 194 1
737 295 1
737 688 1
737 709 1
737 970 1
737 978 1
737 1242 1
737 1298 1
737 1404 1
737 1424 1
737 1506 1
737 1672 1
737 1737 1
737 1777 1
738 4 1
738 78 1
738 81 1
738 227 1
738 274 1
738 392 1
738 402 1
738 455 1
738 804 1
738 821 1
738 1258 1
738 1574 1
738 1871 1
738 1877 1
739 349 1
739 619 1
739 838 1
739 963 1
739 1019 1
739 1516 1
739 1534 1
739 1625 1
739 1982 1
739 1989 1
739 2035 1
740 55 1
740 80 1
740 112 1
740 113 1
740 244 1
740 280 1
740 347 1
740 871 1
740 1109 1
740 1261 1
740 1269 1
740 1270 1
741 8 1
741 44 1
741 58 1
741 64 1
741 128 1
741 487 1
741 669 1
741 1039 1
741 1750 1
741 1790 1
742 69 1
742 71 1
742 73 1
742 134 1
742 231 1
742 933 1
742 1050 1
743 42 1
743 46 1
743 61 1
743 292 1
743 318 1
743 823 1
743 897 1
743 1176 1
743 1226 1
744 306 1
744 528 1
744 561 1
744 740 1
744 1041 1
744 1155 1
744 1300 1
744 1682 1
744 1827 1
745 66 1
745 236 1
745 732 1
745 818 1
745 1014 1
745 1292 1
745 1711 1
745 1809 1
746 51 1
746 52 1
746 56 1
746 74 1
746 888 1
746 1063 1
746 1482 1
747 157 1
747 346 1
747 598 1
747 1193 1
747 1892 1
747 1925 1
747 1976 1
748 71 1
748 114 1
748 216 1
748 242 1
748 457 1
748 554 1
748 574 1
748 655 1
748 944 1
748 1057 1
748 1085 1
748 1262 1
748 1312 1
748 1319 1
748 1618 1
748 1891 1
748 1959 1
749 38 1
749 560 1
749 600 1
749 618 1
749 1049 1
749 1218 1
749 1277 1
749 1344 1
749 1461 1
749 1466 1
749 1617 1
749 1693 1
750 54 1
750 56 1
750 58 1
750 94 1
750 186 1
750 389 1
750 463 1
750 509 1
750 738 1
750 1233 1
750 1255 1
750 1291 1
750 1620 1
750 1667 1
750 1686 1
750 1697 1
750 1716 1
750 1747 1
750 1774 1
750 1899 1
750 1974 1
750 1981 1
750 2018 1
750 2042 1
750 2048 0
