1 3 1
1 26 1
1 565 1
1 1404 1
2 920 1
2 1259 1
2 1683 1
3 14 1
3 461 1
3 630 1
3 661 1
3 1495 1
3 1763 1
3 1955 1
4 5 1
4 284 1
4 317 1
4 517 1
4 1932 1
5 11 1
5 563 1
5 686 1
5 724 1
5 1768 1
6 38 1
6 584 1
7 22 1
7 342 1
7 712 1
7 1192 1
7 1400 1
7 1802 1
7 1904 1
8 20 1
8 28 1
8 1406 1
9 5 1
9 7 1
10 395 1
10 489 1
11 32 1
11 112 1
11 1043 1
12 8 1
12 13 1
12 1916 1
13 677 1
13 892 1
14 27 1
14 35 1
14 728 1
14 1226 1
14 1557 1
15 10 1
15 21 1
15 97 1
16 3 1
16 95 1
16 762 1
17 14 1
17 29 1
17 31 1
17 333 1
17 634 1
17 829 1
18 6 1
18 29 1
18 161 1
18 241 1
18 490 1
18 720 1
18 752 1
18 841 1
18 980 1
18 1084 1
18 1544 1
18 1640 1
18 1650 1
18 1843 1
19 11 1
19 29 1
19 242 1
19 307 1
19 370 1
19 737 1
19 768 1
19 1384 1
19 1573 1
19 1899 1
19 2037 1
20 96 1
20 1074 1
20 1374 1
20 1736 1
21 10 1
21 18 1
21 25 1
21 36 1
21 351 1
21 1235 1
21 1276 1
21 1297 1
21 1755 1
21 1798 1
21 1999 1
22 427 1
22 611 1
22 1551 1
22 1634 1
22 1747 1
23 229 1
23 467 1
23 983 1
23 1666 1
23 1785 1
24 196 1
24 530 1
24 1127 1
25 73 1
25 1055 1
25 1832 1
26 15 1
26 33 1
26 41 1
26 205 1
26 1022 1
27 291 1
27 761 1
27 774 1
27 1664 1
28 759 1
29 26 1
29 313 1
29 1107 1
29 1228 1
29 1280 1
30 5 1
30 13 1
30 20 1
30 245 1
31 5 1
31 26 1
31 28 1
31 82 1
31 354 1
31 649 1
31 1027 1
31 1217 1
31 1566 1
31 1750 1
32 231 1
32 239 1
32 305 1
32 391 1
32 651 1
32 703 1
32 749 1
32 1038 1
32 1225 1
32 1262 1
32 1334 1
32 1608 1
32 1804 1
32 1876 1
32 1970 1
33 453 1
33 808 1
33 867 1
33 1156 1
33 1220 1
33 1222 1
33 1289 1
33 1438 1
33 1552 1
33 1586 1
33 1628 1
33 1681 1
33 1717 1
33 1828 1
33 1952 1
33 1987 1
34 9 1
34 129 1
34 226 1
34 310 1
34 518 1
34 538 1
34 683 1
34 721 1
34 865 1
34 868 1
34 957 1
34 1061 1
34 1176 1
34 1364 1
34 1447 1
34 1998 1
34 2029 1
35 23 1
35 373 1
35 515 1
35 872 1
35 988 1
35 994 1
35 1092 1
35 1118 1
35 1390 1
35 1670 1
35 1871 1
35 2018 1
36 23 1
36 29 1
36 413 1
36 878 1
36 990 1
36 1064 1
36 1132 1
36 1213 1
36 1244 1
36 1293 1
36 1313 1
36 1466 1
36 1636 1
36 1835 1
36 2005 1
37 6 1
37 111 1
37 325 1
37 332 1
37 438 1
37 534 1
37 548 1
37 590 1
37 1181 1
37 1919 1
38 32 1
38 436 1
38 553 1
38 864 1
38 982 1
38 1233 1
38 1675 1
39 6 1
39 27 1
39 188 1
39 258 1
39 362 1
39 976 1
39 1410 1
39 1825 1
40 13 1
40 55 1
40 1605 1
41 37 1
41 38 1
41 65 1
41 481 1
41 555 1
42 11 1
42 15 1
42 38 1
42 136 1
42 1207 1
43 28 1
43 624 1
44 12 1
44 861 1
44 1157 1
44 1189 1
45 9 1
45 11 1
45 39 1
45 334 1
45 522 1
45 1795 1
46 755 1
46 966 1
46 1171 1
46 1667 1
47 102 1
47 192 1
47 459 1
47 773 1
47 823 1
47 856 1
47 944 1
47 967 1
47 995 1
47 1343 1
47 1380 1
47 1418 1
47 1426 1
47 1572 1
47 1662 1
48 509 1
48 512 1
48 608 1
48 700 1
48 899 1
48 924 1
48 947 1
48 1028 1
48 1052 1
48 1114 1
48 1124 1
48 1150 1
48 1458 1
48 1514 1
48 1896 1
48 1980 1
49 11 1
49 120 1
49 238 1
49 326 1
49 363 1
49 387 1
49 473 1
49 674 1
49 895 1
49 1177 1
49 1242 1
49 1486 1
49 1589 1
49 1720 1
49 1777 1
49 1875 1
49 1954 1
50 228 1
50 278 1
50 470 1
50 635 1
50 690 1
50 726 1
50 750 1
50 838 1
50 873 1
50 875 1
50 1014 1
50 1020 1
50 1381 1
50 1468 1
50 1535 1
50 1912 1
51 193 1
51 206 1
51 420 1
51 421 1
51 424 1
51 437 1
51 508 1
51 660 1
51 802 1
51 831 1
51 1304 1
51 1320 1
51 1336 1
51 1647 1
51 1839 1
51 1887 1
51 1938 1
52 83 1
52 116 1
52 364 1
52 551 1
52 562 1
52 619 1
52 812 1
52 1036 1
52 1076 1
52 1256 1
52 1302 1
52 1344 1
52 1496 1
52 1534 1
52 1731 1
52 1754 1
53 10 1
53 25 1
53 35 1
53 61 1
53 88 1
53 135 1
53 163 1
53 311 1
53 486 1
53 491 1
53 544 1
53 586 1
53 794 1
53 1030 1
53 1203 1
53 1291 1
53 1385 1
53 1475 1
53 1531 1
53 1949 1
54 16 1
54 252 1
54 591 1
54 600 1
54 613 1
54 652 1
54 927 1
54 1167 1
55 19 1
55 35 1
55 41 1
55 626 1
55 738 1
55 914 1
55 1532 1
55 1792 1
55 1810 1
55 1953 1
55 1960 1
55 2013 1
56 13 1
56 408 1
56 480 1
56 602 1
56 1453 1
57 35 1
57 337 1
57 389 1
57 2015 1
58 130 1
58 704 1
58 754 1
59 26 1
59 347 1
59 1732 1
60 621 1
61 17 1
61 356 1
61 673 1
61 1432 1
61 1445 1
61 1734 1
61 1991 1
62 35 1
62 200 1
62 514 1
62 1371 1
63 528 1
63 851 1
63 1184 1
63 1310 1
63 1417 1
63 2048 1
64 132 1
64 656 1
64 679 1
64 1018 1
64 1034 1
64 1284 1
64 1391 1
64 1487 1
64 1491 1
64 1493 1
64 1501 1
64 1526 1
64 1622 1
64 1737 1
64 1833 1
65 11 1
65 84 1
65 139 1
65 154 1
65 444 1
65 502 1
65 552 1
65 572 1
65 681 1
65 732 1
65 764 1
65 787 1
65 806 1
65 1366 1
65 1446 1
65 1542 1
65 1554 1
65 1626 1
65 1959 1
66 34 1
66 77 1
66 114 1
66 146 1
66 224 1
66 244 1
66 265 1
66 560 1
66 580 1
66 582 1
66 636 1
66 694 1
66 891 1
66 915 1
66 916 1
66 938 1
66 1039 1
66 1059 1
66 1095 1
66 1112 1
66 1165 1
66 1166 1
66 1402 1
66 1456 1
66 1472 1
66 1481 1
66 1598 1
66 1641 1
66 1643 1
66 1648 1
66 1704 1
66 1708 1
66 1813 1
66 1824 1
66 1855 1
66 1986 1
67 26 1
67 62 1
67 106 1
67 232 1
67 272 1
67 301 1
67 340 1
67 533 1
67 537 1
67 550 1
67 594 1
67 833 1
67 869 1
67 871 1
67 886 1
67 942 1
67 948 1
67 1099 1
67 1129 1
67 1139 1
67 1168 1
67 1306 1
67 1430 1
67 1556 1
67 1579 1
67 1614 1
67 1669 1
67 1823 1
67 1830 1
67 1858 1
67 1895 1
67 1937 1
67 1992 1
68 100 1
68 108 1
68 128 1
68 212 1
68 218 1
68 455 1
68 645 1
68 653 1
68 828 1
68 1148 1
68 1151 1
68 1347 1
68 1387 1
68 1424 1
68 1429 1
68 1439 1
68 1450 1
68 1547 1
68 1575 1
68 1771 1
68 1869 1
68 1997 1
69 201 1
69 214 1
69 280 1
69 338 1
69 506 1
69 543 1
69 558 1
69 714 1
69 795 1
69 893 1
69 912 1
69 1004 1
69 1079 1
69 1250 1
69 1332 1
69 1525 1
69 1578 1
69 1673 1
70 8 1
70 140 1
70 207 1
70 223 1
70 235 1
70 505 1
70 513 1
70 760 1
70 849 1
70 900 1
70 1021 1
70 1085 1
70 1467 1
70 1596 1
70 1847 1
70 1883 1
70 2036 1
71 255 1
71 277 1
71 589 1
71 727 1
71 904 1
71 1208 1
71 1288 1
71 1292 1
71 1452 1
71 1455 1
71 1492 1
71 1505 1
71 1512 1
72 1 1
72 17 1
72 26 1
72 209 1
72 225 1
72 279 1
72 668 1
72 822 1
72 951 1
72 1305 1
72 1435 1
72 1509 1
72 1672 1
72 1874 1
72 1981 1
73 92 1
73 298 1
73 789 1
73 987 1
73 1002 1
73 1545 1
73 1928 1
73 1942 1
74 17 1
74 181 1
74 836 1
74 1063 1
75 640 1
75 1376 1
75 1601 1
75 1749 1
76 1154 1
77 178 1
77 1003 1
77 1627 1
77 1853 1
77 1878 1
78 15 1
78 22 1
78 664 1
78 1925 1
79 14 1
79 472 1
79 1032 1
79 1111 1
79 1179 1
79 1350 1
79 1660 1
79 1796 1
80 125 1
80 631 1
80 1006 1
80 1793 1
81 30 1
81 81 1
81 166 1
81 167 1
81 180 1
81 185 1
81 466 1
81 475 1
81 497 1
81 559 1
81 709 1
81 793 1
81 960 1
81 1125 1
81 1153 1
81 1326 1
81 1340 1
81 1358 1
81 1393 1
81 1474 1
81 1559 1
81 1580 1
81 1644 1
81 1652 1
81 1759 1
81 1935 1
81 2012 1
82 117 1
82 119 1
82 127 1
82 147 1
82 155 1
82 179 1
82 213 1
82 318 1
82 322 1
82 349 1
82 383 1
82 418 1
82 426 1
82 451 1
82 458 1
82 469 1
82 655 1
82 658 1
82 659 1
82 718 1
82 805 1
82 880 1
82 1037 1
82 1046 1
82 1149 1
82 1170 1
82 1201 1
82 1234 1
82 1261 1
82 1271 1
82 1311 1
82 1375 1
82 1389 1
82 1425 1
82 1497 1
82 1498 1
82 1519 1
82 1612 1
82 1714 1
82 1746 1
82 1846 1
82 1848 1
82 1859 1
82 1884 1
82 1913 1
82 1915 1
82 1927 1
82 1996 1
82 2028 1
83 24 1
83 32 1
83 133 1
83 144 1
83 171 1
83 174 1
83 175 1
83 271 1
83 303 1
83 323 1
83 344 1
83 346 1
83 369 1
83 423 1
83 593 1
83 786 1
83 797 1
83 826 1
83 840 1
83 905 1
83 910 1
83 953 1
83 1108 1
83 1141 1
83 1169 1
83 1252 1
83 1274 1
83 1365 1
83 1368 1
83 1416 1
83 1443 1
83 1502 1
83 1563 1
83 1591 1
83 1668 1
83 1679 1
83 1751 1
83 1845 1
83 1867 1
83 1893 1
83 1917 1
83 1944 1
83 1948 1
83 2020 1
83 2046 1
84 6 1
84 18 1
84 48 1
84 57 1
84 165 1
84 215 1
84 248 1
84 299 1
84 377 1
84 578 1
84 585 1
84 680 1
84 692 1
84 699 1
84 751 1
84 811 1
84 855 1
84 877 1
84 975 1
84 1053 1
84 1067 1
84 1158 1
84 1159 1
84 1229 1
84 1318 1
84 1333 1
84 1567 1
84 1611 1
84 1684 1
84 1765 1
84 1767 1
84 1945 1
84 1963 1
84 1968 1
84 2027 1
85 68 1
85 131 1
85 151 1
85 251 1
85 314 1
85 375 1
85 541 1
85 561 1
85 601 1
85 756 1
85 1057 1
85 1247 1
85 1248 1
85 1342 1
85 1383 1
85 1508 1
85 1583 1
85 1630 1
85 1693 1
85 1822 1
85 1829 1
85 1964 1
85 1969 1
85 1995 1
86 51 1
86 87 1
86 182 1
86 257 1
86 286 1
86 390 1
86 404 1
86 450 1
86 484 1
86 697 1
86 815 1
86 882 1
86 1060 1
86 1069 1
86 1080 1
86 1088 1
86 1194 1
86 1230 1
86 1282 1
86 1307 1
86 1328 1
86 1370 1
86 1457 1
86 1943 1
86 1974 1
86 1994 1
86 2042 1
87 16 1
87 23 1
87 24 1
87 115 1
87 152 1
87 581 1
87 803 1
87 835 1
87 909 1
87 954 1
87 970 1
87 971 1
87 1040 1
87 1255 1
87 1268 1
87 1451 1
87 1615 1
87 1618 1
87 1687 1
87 1712 1
87 1741 1
88 10 1
88 34 1
88 39 1
88 43 1
88 156 1
88 496 1
88 519 1
88 638 1
88 742 1
88 973 1
88 1121 1
88 1278 1
88 1500 1
88 1649 1
88 1984 1
88 2032 1
88 2035 1
89 2 1
89 292 1
89 294 1
89 302 1
89 382 1
89 410 1
89 432 1
89 684 1
89 946 1
89 1096 1
89 1392 1
89 1407 1
89 1465 1
89 1538 1
89 1588 1
89 1760 1
89 1803 1
90 183 1
90 331 1
90 574 1
90 1103 1
90 1140 1
90 1431 1
90 1705 1
90 1724 1
91 16 1
91 64 1
91 769 1
91 1239 1
91 1341 1
92 6 1
92 13 1
92 911 1
92 1232 1
93 19 1
93 456 1
93 874 1
93 985 1
93 1367 1
93 1558 1
94 14 1
94 758 1
94 1473 1
95 24 1
95 160 1
95 844 1
95 1062 1
95 1427 1
96 14 1
96 30 1
96 121 1
96 141 1
96 142 1
96 361 1
96 577 1
96 979 1
96 1072 1
96 1335 1
96 1850 1
97 23 1
97 54 1
97 78 1
97 98 1
97 246 1
97 355 1
97 406 1
97 524 1
97 536 1
97 604 1
97 929 1
97 943 1
97 1494 1
97 1597 1
97 1659 1
97 1821 1
97 1860 1
98 25 1
98 59 1
98 153 1
98 240 1
98 253 1
98 343 1
98 429 1
98 465 1
98 532 1
98 545 1
98 622 1
98 663 1
98 708 1
98 722 1
98 814 1
98 832 1
98 853 1
98 1042 1
98 1071 1
98 1110 1
98 1115 1
98 1130 1
98 1196 1
98 1241 1
98 1275 1
98 1279 1
98 1349 1
98 1399 1
98 1415 1
98 1454 1
98 1507 1
98 1565 1
98 1568 1
98 1574 1
98 1584 1
98 1600 1
98 1617 1
98 1690 1
98 1706 1
98 1718 1
98 1885 1
98 1947 1
98 1976 1
98 2016 1
98 2047 1
99 124 1
99 169 1
99 189 1
99 204 1
99 210 1
99 261 1
99 267 1
99 376 1
99 400 1
99 405 1
99 415 1
99 434 1
99 468 1
99 568 1
99 569 1
99 570 1
99 596 1
99 662 1
99 713 1
99 866 1
99 918 1
99 1068 1
99 1081 1
99 1098 1
99 1210 1
99 1324 1
99 1405 1
99 1657 1
99 1661 1
99 1742 1
99 1757 1
99 1849 1
99 1866 1
99 1906 1
100 15 1
100 34 1
100 39 1
100 46 1
100 47 1
100 199 1
100 285 1
100 339 1
100 401 1
100 407 1
100 411 1
100 419 1
100 493 1
100 603 1
100 617 1
100 643 1
100 675 1
100 719 1
100 729 1
100 735 1
100 772 1
100 783 1
100 801 1
100 846 1
100 863 1
100 926 1
100 937 1
100 941 1
100 949 1
100 986 1
100 1031 1
100 1086 1
100 1106 1
100 1126 1
100 1147 1
100 1214 1
100 1236 1
100 1237 1
100 1254 1
100 1260 1
100 1298 1
100 1396 1
100 1437 1
100 1470 1
100 1471 1
100 1570 1
100 1621 1
100 1629 1
100 1699 1
100 1716 1
100 1758 1
100 1764 1
100 1781 1
100 1854 1
100 1865 1
100 1909 1
100 1914 1
100 1936 1
100 1958 1
100 1966 1
100 1971 1
100 1975 1
100 1982 1
101 30 1
101 39 1
101 53 1
101 202 1
101 217 1
101 220 1
101 275 1
101 283 1
101 306 1
101 379 1
101 394 1
101 476 1
101 614 1
101 748 1
101 753 1
101 776 1
101 778 1
101 800 1
101 885 1
101 902 1
101 939 1
101 984 1
101 1051 1
101 1152 1
101 1174 1
101 1193 1
101 1204 1
101 1212 1
101 1240 1
101 1355 1
101 1462 1
101 1485 1
101 1528 1
101 1546 1
101 1571 1
101 1603 1
101 1776 1
101 1817 1
101 1903 1
101 1978 1
101 1979 1
101 1983 1
101 2001 1
101 2011 1
102 45 1
102 138 1
102 300 1
102 403 1
102 620 1
102 695 1
102 705 1
102 725 1
102 781 1
102 837 1
102 972 1
102 992 1
102 1090 1
102 1120 1
102 1131 1
102 1163 1
102 1218 1
102 1249 1
102 1325 1
102 1348 1
102 1412 1
102 1484 1
102 1549 1
102 1651 1
102 1682 1
102 1703 1
102 1790 1
102 2002 1
102 2038 1
103 72 1
103 74 1
103 149 1
103 287 1
103 297 1
103 308 1
103 393 1
103 430 1
103 435 1
103 440 1
103 706 1
103 879 1
103 925 1
103 932 1
103 963 1
103 1321 1
103 1560 1
103 1592 1
103 1727 1
103 2004 1
104 10 1
104 14 1
104 110 1
104 273 1
104 654 1
104 1097 1
104 1160 1
104 1315 1
104 1441 1
104 1606 1
104 2043 1
105 148 1
105 168 1
105 293 1
105 385 1
105 556 1
105 633 1
105 830 1
105 1135 1
105 1422 1
105 1479 1
105 1698 1
105 1779 1
105 1818 1
105 1921 1
106 30 1
106 31 1
106 126 1
106 740 1
106 901 1
106 931 1
106 1428 1
106 1478 1
106 1711 1
106 1789 1
107 69 1
107 222 1
107 329 1
107 531 1
107 576 1
107 606 1
107 1245 1
107 1296 1
107 1506 1
107 1892 1
108 564 1
108 623 1
108 1175 1
108 1791 1
109 40 1
109 1136 1
109 1555 1
109 1695 1
110 442 1
110 637 1
110 1013 1
110 1373 1
110 1770 1
110 2045 1
111 9 1
111 22 1
111 34 1
111 266 1
111 422 1
111 1372 1
111 2022 1
112 25 1
112 36 1
112 113 1
112 250 1
112 398 1
112 520 1
112 908 1
112 1264 1
112 1303 1
112 1433 1
112 1692 1
112 1879 1
113 52 1
113 105 1
113 689 1
113 693 1
113 913 1
113 962 1
113 1357 1
113 1394 1
113 1744 1
113 1774 1
113 1890 1
113 1902 1
114 1 1
114 29 1
114 44 1
114 103 1
114 176 1
114 197 1
114 203 1
114 274 1
114 319 1
114 357 1
114 367 1
114 384 1
114 417 1
114 487 1
114 610 1
114 629 1
114 666 1
114 685 1
114 723 1
114 790 1
114 810 1
114 818 1
114 858 1
114 897 1
114 903 1
114 907 1
114 1101 1
114 1138 1
114 1155 1
114 1178 1
114 1294 1
114 1323 1
114 1338 1
114 1346 1
114 1354 1
114 1382 1
114 1444 1
114 1524 1
114 1539 1
114 1548 1
114 1653 1
114 1814 1
114 1820 1
114 1924 1
114 1933 1
114 1985 1
114 2003 1
114 2017 1
114 2024 1
114 2044 1
115 50 1
115 63 1
115 70 1
115 76 1
115 80 1
115 164 1
115 170 1
115 233 1
115 256 1
115 304 1
115 320 1
115 378 1
115 433 1
115 462 1
115 494 1
115 501 1
115 549 1
115 599 1
115 745 1
115 824 1
115 839 1
115 854 1
115 928 1
115 930 1
115 950 1
115 955 1
115 959 1
115 964 1
115 998 1
115 1033 1
115 1073 1
115 1308 1
115 1331 1
115 1361 1
115 1377 1
115 1398 1
115 1520 1
115 1562 1
115 1576 1
115 1585 1
115 1671 1
115 1694 1
115 1702 1
115 1726 1
115 1735 1
115 1782 1
115 1819 1
115 1872 1
115 1897 1
115 2008 1
115 2019 1
115 2030 1
116 123 1
116 243 1
116 268 1
116 269 1
116 348 1
116 365 1
116 439 1
116 448 1
116 471 1
116 485 1
116 495 1
116 503 1
116 587 1
116 647 1
116 691 1
116 698 1
116 717 1
116 820 1
116 870 1
116 894 1
116 956 1
116 1005 1
116 1023 1
116 1048 1
116 1117 1
116 1164 1
116 1195 1
116 1281 1
116 1286 1
116 1299 1
116 1460 1
116 1517 1
116 1536 1
116 1607 1
116 1616 1
116 1685 1
116 1722 1
116 1831 1
116 1856 1
116 1881 1
116 1901 1
116 1907 1
116 1911 1
116 1950 1
116 1962 1
116 1990 1
117 24 1
117 211 1
117 216 1
117 315 1
117 330 1
117 381 1
117 441 1
117 449 1
117 527 1
117 542 1
117 667 1
117 670 1
117 687 1
117 775 1
117 804 1
117 827 1
117 834 1
117 876 1
117 898 1
117 940 1
117 981 1
117 1029 1
117 1065 1
117 1143 1
117 1227 1
117 1258 1
117 1269 1
117 1295 1
117 1309 1
117 1359 1
117 1363 1
117 1434 1
117 1553 1
117 1587 1
117 1594 1
117 1619 1
117 1620 1
117 1632 1
117 1633 1
117 1674 1
117 1700 1
117 1701 1
117 1719 1
117 1725 1
117 1778 1
117 1836 1
117 1951 1
117 2014 1
118 159 1
118 388 1
118 474 1
118 595 1
118 641 1
118 711 1
118 782 1
118 821 1
118 923 1
118 1091 1
118 1182 1
118 1270 1
118 1330 1
118 1353 1
118 1356 1
118 1459 1
118 1658 1
118 1753 1
118 1784 1
118 1794 1
118 1834 1
118 1852 1
118 1880 1
118 1988 1
119 32 1
119 254 1
119 264 1
119 425 1
119 504 1
119 615 1
119 642 1
119 646 1
119 669 1
119 688 1
119 743 1
119 779 1
119 780 1
119 785 1
119 792 1
119 917 1
119 977 1
119 996 1
119 1199 1
119 1285 1
119 1317 1
119 1345 1
119 1503 1
119 2040 1
119 2041 1
120 4 1
120 30 1
120 40 1
120 86 1
120 397 1
120 446 1
120 452 1
120 845 1
120 890 1
120 1122 1
120 1369 1
120 1593 1
120 1707 1
120 1788 1
120 1811 1
120 1844 1
121 32 1
121 510 1
121 523 1
121 770 1
121 961 1
121 1515 1
121 1663 1
121 1748 1
121 1840 1
121 1870 1
121 1926 1
121 2010 1
122 31 1
122 372 1
122 612 1
122 1395 1
122 1489 1
122 1752 1
122 1807 1
122 2033 1
123 58 1
123 184 1
123 696 1
123 763 1
123 888 1
123 1007 1
123 1352 1
123 1362 1
124 324 1
124 402 1
124 860 1
124 1516 1
124 2006 1
125 445 1
125 625 1
125 1961 1
126 11 1
126 19 1
126 157 1
126 573 1
126 850 1
126 1161 1
126 1677 1
126 1730 1
126 1738 1
126 1929 1
127 4 1
127 35 1
127 247 1
127 374 1
127 1173 1
127 1421 1
127 1993 1
128 39 1
128 145 1
128 672 1
128 682 1
128 1197 1
128 1401 1
128 1464 1
128 1477 1
128 1488 1
128 1550 1
128 1723 1
129 39 1
129 49 1
129 195 1
129 237 1
129 260 1
129 386 1
129 571 1
129 598 1
129 627 1
129 809 1
129 817 1
129 842 1
129 934 1
129 1041 1
129 1070 1
129 1119 1
129 1144 1
129 1146 1
129 1191 1
129 1253 1
129 1322 1
129 1523 1
129 1541 1
129 1577 1
129 1786 1
129 1918 1
130 25 1
130 99 1
130 104 1
130 134 1
130 177 1
130 208 1
130 221 1
130 281 1
130 288 1
130 359 1
130 428 1
130 431 1
130 443 1
130 632 1
130 644 1
130 731 1
130 736 1
130 744 1
130 765 1
130 796 1
130 889 1
130 1001 1
130 1078 1
130 1134 1
130 1200 1
130 1211 1
130 1266 1
130 1327 1
130 1351 1
130 1419 1
130 1504 1
130 1537 1
130 1590 1
130 1637 1
130 1729 1
130 1761 1
130 1841 1
130 1894 1
130 2009 1
131 18 1
131 42 1
131 66 1
131 93 1
131 94 1
131 249 1
131 312 1
131 368 1
131 392 1
131 412 1
131 447 1
131 454 1
131 499 1
131 554 1
131 588 1
131 618 1
131 639 1
131 650 1
131 716 1
131 733 1
131 788 1
131 919 1
131 965 1
131 1015 1
131 1017 1
131 1128 1
131 1190 1
131 1283 1
131 1386 1
131 1411 1
131 1461 1
131 1476 1
131 1610 1
131 1638 1
131 1656 1
131 1665 1
131 1691 1
131 1696 1
131 1715 1
131 1801 1
131 1842 1
131 1863 1
131 1900 1
131 1908 1
131 1939 1
131 1940 1
132 21 1
132 32 1
132 101 1
132 107 1
132 236 1
132 263 1
132 380 1
132 482 1
132 492 1
132 529 1
132 567 1
132 701 1
132 798 1
132 952 1
132 969 1
132 989 1
132 1083 1
132 1202 1
132 1219 1
132 1231 1
132 1319 1
132 1337 1
132 1339 1
132 1420 1
132 1436 1
132 1480 1
132 1540 1
132 1613 1
132 1623 1
132 1631 1
132 1688 1
132 1721 1
132 1739 1
132 1812 1
132 1838 1
132 1931 1
132 1972 1
132 2034 1
133 270 1
133 609 1
133 671 1
133 730 1
133 757 1
133 997 1
133 1024 1
133 1025 1
133 1044 1
133 1045 1
133 1047 1
133 1054 1
133 1077 1
133 1224 1
133 1251 1
133 1257 1
133 1301 1
133 1312 1
133 1388 1
133 1403 1
133 1518 1
133 1521 1
133 1678 1
133 1710 1
133 1923 1
133 1941 1
133 2026 1
134 79 1
134 90 1
134 219 1
134 290 1
134 316 1
134 352 1
134 358 1
134 707 1
134 843 1
134 883 1
134 906 1
134 935 1
134 991 1
134 1008 1
134 1010 1
134 1183 1
134 1185 1
134 1300 1
134 1360 1
134 1414 1
134 1564 1
134 1743 1
134 1769 1
134 1886 1
134 2021 1
135 38 1
135 336 1
135 360 1
135 409 1
135 460 1
135 540 1
135 813 1
135 848 1
135 933 1
135 978 1
135 993 1
135 1026 1
135 1093 1
135 1216 1
135 1272 1
135 1762 1
135 1826 1
135 1967 1
136 345 1
136 968 1
136 1100 1
136 1162 1
136 1263 1
136 1490 1
136 1797 1
136 1806 1
136 1864 1
136 1877 1
137 31 1
137 35 1
137 122 1
137 194 1
137 259 1
137 353 1
137 371 1
137 477 1
137 500 1
137 592 1
137 605 1
137 702 1
137 767 1
137 1011 1
137 1409 1
137 1639 1
137 1930 1
138 143 1
138 479 1
138 1109 1
138 1510 1
138 1799 1
139 1142 1
139 1180 1
139 1290 1
139 1654 1
140 38 1
141 22 1
141 547 1
141 597 1
141 1533 1
141 1569 1
141 1581 1
141 1862 1
142 37 1
142 1113 1
142 1205 1
142 1469 1
143 8 1
143 1075 1
143 1104 1
143 1408 1
143 1783 1
143 1882 1
144 187 1
144 234 1
144 511 1
144 521 1
144 665 1
144 678 1
144 847 1
144 958 1
144 1511 1
144 1973 1
145 16 1
145 71 1
145 191 1
145 350 1
145 488 1
145 498 1
145 539 1
145 607 1
145 741 1
145 819 1
145 887 1
145 936 1
145 1058 1
145 1089 1
145 1221 1
145 1527 1
145 1609 1
145 1635 1
145 1655 1
145 1740 1
145 1773 1
145 1809 1
145 1837 1
145 1851 1
145 1857 1
145 2039 1
146 8 1
146 89 1
146 137 1
146 190 1
146 282 1
146 366 1
146 464 1
146 507 1
146 546 1
146 583 1
146 734 1
146 766 1
146 862 1
146 945 1
146 1016 1
146 1066 1
146 1137 1
146 1188 1
146 1198 1
146 1238 1
146 1267 1
146 1287 1
146 1329 1
146 1440 1
146 1483 1
146 1529 1
146 1624 1
146 1645 1
146 1697 1
146 1868 1
146 1922 1
146 1934 1
146 2007 1
147 8 1
147 56 1
147 162 1
147 173 1
147 295 1
147 416 1
147 516 1
147 616 1
147 676 1
147 747 1
147 791 1
147 852 1
147 884 1
147 1082 1
147 1116 1
147 1123 1
147 1316 1
147 1413 1
147 1423 1
147 1543 1
147 1920 1
147 1946 1
147 1965 1
148 67 1
148 296 1
148 396 1
148 557 1
148 857 1
148 921 1
148 1000 1
148 1035 1
148 1087 1
148 1102 1
148 1223 1
148 1265 1
148 1463 1
148 1745 1
148 1787 1
148 2000 1
149 91 1
149 109 1
149 172 1
149 335 1
149 807 1
149 1378 1
149 1599 1
149 1686 1
149 1780 1
149 1815 1
149 2023 1
150 75 1
150 118 1
150 575 1
150 1206 1
150 1215 1
150 1397 1
150 1602 1
150 1756 1
150 1861 1
151 227 1
151 457 1
151 526 1
151 999 1
151 1012 1
151 2031 1
152 1172 1
152 1595 1
152 1733 1
153 799 1
153 1050 1
154 1314 1
155 230 1
155 327 1
155 414 1
155 1713 1
156 1094 1
156 1646 1
158 1772 1
159 186 1
159 715 1
159 784 1
159 1056 1
159 1273 1
159 1805 1
159 1816 1
159 1957 1
160 399 1
160 657 1
160 1133 1
160 1209 1
160 1243 1
160 1482 1
160 1561 1
160 1766 1
160 1775 1
160 1889 1
160 1977 1
160 2025 1
161 198 1
161 628 1
161 746 1
161 1145 1
161 1442 1
161 1800 1
161 1888 1
161 1891 1
162 150 1
162 321 1
162 920 1
162 1625 1
162 1808 1
163 1049 1
163 1404 1
163 1449 1
163 1604 1
163 1709 1
164 307 1
164 328 1
164 1680 1
164 1905 1
165 825 1
165 1439 1
165 1448 1
165 1676 1
165 1999 1
166 161 1
166 289 1
166 1374 1
168 85 1
168 774 1
169 777 1
169 1246 1
169 1379 1
169 1785 1
171 309 1
171 1390 1
171 1904 1
173 881 1
173 1499 1
174 1336 1
174 1747 1
174 1763 1
175 130 1
175 196 1
175 241 1
175 563 1
175 1009 1
175 1226 1
176 7 1
176 525 1
176 661 1
176 1074 1
176 1187 1
176 1513 1
176 1530 1
177 95 1
177 97 1
177 226 1
177 453 1
177 472 1
177 502 1
177 651 1
177 896 1
177 922 1
177 1186 1
177 1259 1
177 1277 1
177 1291 1
177 1406 1
177 1509 1
178 341 1
178 489 1
178 566 1
178 584 1
178 724 1
178 1038 1
178 1426 1
179 630 1
179 752 1
180 83 1
180 351 1
180 395 1
180 1207 1
180 1313 1
180 1495 1
180 1582 1
180 1636 1
180 1640 1
180 1666 1
180 1916 1
181 245 1
181 486 1
181 515 1
181 728 1
181 759 1
181 1297 1
181 1519 1
181 1959 1
182 188 1
182 229 1
182 631 1
182 727 1
182 974 1
182 1827 1
183 522 1
183 530 1
184 710 1
184 1171 1
184 1954 1
185 262 1
185 483 1
185 892 1
185 1768 1
185 1876 1
186 649 1
186 1084 1
187 228 1
187 1400 1
188 957 1
188 1552 1
188 1736 1
189 82 1
189 342 1
189 424 1
189 461 1
189 1276 1
189 1557 1
190 517 1
190 683 1
190 994 1
190 1127 1
190 1871 1
191 207 1
191 214 1
191 291 1
191 310 1
191 480 1
191 720 1
191 762 1
191 899 1
191 1114 1
191 1194 1
191 1222 1
191 1233 1
191 1466 1
191 1642 1
191 1755 1
192 55 1
192 128 1
192 231 1
192 252 1
192 413 1
192 816 1
192 980 1
192 1043 1
192 1064 1
192 1105 1
192 1125 1
192 1129 1
192 1150 1
192 1228 1
192 1293 1
192 1304 1
192 1364 1
192 1432 1
192 1453 1
192 1628 1
192 1898 1
192 2018 1
193 325 1
193 387 1
193 490 1
193 514 1
193 551 1
193 590 1
193 624 1
193 668 1
193 859 1
193 947 1
193 1059 1
193 1213 1
193 1280 1
193 1289 1
193 1445 1
193 1468 1
193 1481 1
193 1664 1
193 1681 1
193 1759 1
193 1804 1
193 1899 1
194 43 1
194 146 1
194 181 1
194 338 1
194 436 1
194 467 1
194 660 1
194 755 1
194 768 1
194 861 1
194 912 1
194 1132 1
194 1343 1
194 1380 1
194 1532 1
194 1573 1
194 1612 1
194 1750 1
194 1853 1
194 1875 1
194 1989 1
194 2012 1
195 333 1
195 370 1
195 391 1
195 565 1
195 737 1
195 739 1
195 823 1
195 1061 1
195 1298 1
195 1307 1
195 1355 1
195 1365 1
195 1366 1
195 1384 1
195 1438 1
195 1497 1
195 1551 1
195 1626 1
195 1896 1
195 1912 1
195 2027 1
196 102 1
196 129 1
196 158 1
196 553 1
196 856 1
196 885 1
196 1018 1
196 1192 1
196 1919 1
196 1949 1
196 1953 1
197 337 1
197 481 1
197 585 1
197 754 1
197 1542 1
197 1717 1
197 1848 1
197 1937 1
197 2029 1
198 73 1
198 132 1
198 232 1
198 455 1
198 1157 1
198 1467 1
198 1526 1
198 1567 1
198 1895 1
199 96 1
199 544 1
199 795 1
199 1220 1
199 1302 1
199 1447 1
199 1634 1
200 255 1
200 1003 1
200 1712 1
200 2035 1
201 276 1
201 967 1
201 1798 1
202 709 1
203 185 1
203 242 1
203 423 1
203 872 1
203 924 1
203 1021 1
203 1376 1
203 1667 1
203 1932 1
204 829 1
204 1455 1
204 1544 1
204 1586 1
205 373 1
205 437 1
205 1019 1
205 1512 1
206 65 1
206 84 1
206 286 1
206 354 1
206 478 1
206 586 1
206 611 1
206 686 1
206 700 1
206 703 1
206 851 1
206 927 1
206 942 1
206 1027 1
206 1417 1
206 1514 1
206 1675 1
206 1754 1
206 1869 1
207 200 1
207 205 1
207 238 1
207 340 1
207 346 1
207 389 1
207 459 1
207 463 1
207 512 1
207 538 1
207 543 1
207 579 1
207 749 1
207 1118 1
207 1181 1
207 1217 1
207 1535 1
207 1689 1
207 1728 1
207 1795 1
207 1960 1
207 2005 1
208 88 1
208 112 1
208 114 1
208 120 1
208 192 1
208 278 1
208 317 1
208 334 1
208 363 1
208 794 1
208 808 1
208 838 1
208 966 1
208 987 1
208 988 1
208 1052 1
208 1055 1
208 1156 1
208 1262 1
208 1334 1
208 1472 1
208 1547 1
208 1589 1
208 1732 1
208 1802 1
208 1825 1
208 1830 1
208 1938 1
208 1998 1
209 115 1
209 248 1
209 294 1
209 311 1
209 332 1
209 356 1
209 375 1
209 555 1
209 570 1
209 677 1
209 712 1
209 802 1
209 840 1
209 1092 1
209 1149 1
209 1225 1
209 1235 1
209 1310 1
209 1393 1
209 1425 1
209 1525 1
209 1579 1
209 1591 1
209 1614 1
209 1792 1
209 1813 1
209 1843 1
209 1867 1
209 1925 1
209 1928 1
209 1987 1
209 1992 1
209 1997 1
209 2013 1
210 61 1
210 167 1
210 581 1
210 621 1
210 673 1
210 833 1
210 1201 1
210 1320 1
210 1381 1
210 1385 1
210 1566 1
210 1652 1
210 1660 1
210 1803 1
210 2048 1
211 179 1
211 535 1
211 536 1
211 578 1
211 640 1
211 718 1
211 721 1
211 871 1
211 900 1
211 1340 1
211 1493 1
211 1720 1
211 1991 1
212 267 1
212 314 1
212 773 1
212 864 1
212 949 1
212 1076 1
212 1344 1
212 1424 1
212 1505 1
212 1749 1
212 1821 1
212 1980 1
213 106 1
213 142 1
213 518 1
213 577 1
213 608 1
213 990 1
213 1288 1
213 1410 1
213 1643 1
213 1839 1
213 1887 1
213 1956 1
214 166 1
214 305 1
214 438 1
214 558 1
214 891 1
214 1034 1
214 1036 1
214 1071 1
214 1184 1
214 1608 1
214 1683 1
215 3 1
215 81 1
215 139 1
215 257 1
215 959 1
215 1139 1
215 1177 1
215 1179 1
215 1605 1
215 1810 1
216 154 1
216 222 1
216 541 1
216 873 1
217 244 1
217 846 1
217 1069 1
217 1107 1
218 643 1
218 878 1
219 726 1
219 1670 1
219 1823 1
219 1952 1
220 178 1
220 812 1
220 995 1
220 1112 1
220 1475 1
220 1846 1
220 1981 1
221 258 1
221 347 1
221 806 1
221 1176 1
221 1256 1
221 1522 1
221 1746 1
221 1832 1
221 1955 1
222 513 1
222 591 1
222 638 1
222 944 1
222 1057 1
222 1124 1
222 1242 1
222 1496 1
222 1556 1
222 1641 1
222 1672 1
222 1833 1
222 1874 1
222 2037 1
223 589 1
223 636 1
223 679 1
223 865 1
223 895 1
223 1154 1
223 1318 1
223 1370 1
223 1391 1
223 1554 1
223 1575 1
223 1627 1
223 1650 1
223 1705 1
223 1734 1
223 1858 1
223 1969 1
224 20 1
224 163 1
224 284 1
224 469 1
224 537 1
224 653 1
224 697 1
224 732 1
224 761 1
224 869 1
224 877 1
224 1158 1
224 1278 1
224 1341 1
224 1358 1
224 1402 1
224 1416 1
224 1486 1
224 1531 1
224 1648 1
224 1777 1
224 1859 1
224 1975 1
224 2032 1
225 135 1
225 136 1
225 272 1
225 450 1
225 602 1
225 652 1
225 674 1
225 694 1
225 750 1
225 822 1
225 841 1
225 960 1
225 971 1
225 982 1
225 1004 1
225 1387 1
225 1429 1
225 1462 1
225 1622 1
225 1669 1
225 1737 1
225 1855 1
225 1913 1
225 1982 1
225 1984 1
225 2046 1
226 108 1
226 435 1
226 458 1
226 473 1
226 528 1
226 534 1
226 560 1
226 613 1
226 664 1
226 771 1
226 811 1
226 837 1
226 849 1
226 915 1
226 1020 1
226 1030 1
226 1332 1
226 1618 1
226 1644 1
226 1824 1
226 1835 1
226 1910 1
226 1970 1
226 2015 1
227 33 1
227 123 1
227 165 1
227 201 1
227 209 1
227 235 1
227 506 1
227 929 1
227 1121 1
227 1141 1
227 1167 1
227 1189 1
227 1208 1
227 1212 1
227 1236 1
227 1430 1
227 1559 1
227 1708 1
227 1716 1
227 1986 1
228 140 1
228 239 1
228 1014 1
228 1647 1
228 1724 1
228 1793 1
228 2028 1
229 224 1
229 408 1
229 451 1
229 496 1
229 497 1
229 1053 1
229 1166 1
229 1545 1
230 313 1
230 756 1
230 1534 1
231 265 1
231 302 1
231 844 1
231 867 1
231 1165 1
231 1383 1
232 180 1
232 383 1
232 509 1
232 882 1
232 1796 1
233 119 1
233 147 1
233 1234 1
233 1452 1
234 619 1
234 1275 1
234 1580 1
235 954 1
235 1196 1
235 1758 1
236 293 1
236 655 1
236 659 1
236 1062 1
236 1375 1
237 144 1
237 223 1
237 645 1
237 690 1
237 909 1
237 938 1
237 976 1
237 1079 1
237 1244 1
237 1714 1
237 1927 1
237 1968 1
238 301 1
238 390 1
238 635 1
238 793 1
238 828 1
238 1067 1
238 1148 1
238 1261 1
238 1450 1
238 1693 1
238 1828 1
238 1917 1
238 1963 1
239 111 1
239 117 1
239 184 1
239 212 1
239 271 1
239 300 1
239 520 1
239 561 1
239 572 1
239 601 1
239 751 1
239 760 1
239 826 1
239 910 1
239 948 1
239 953 1
239 973 1
239 1002 1
239 1006 1
239 1032 1
239 1135 1
239 1153 1
239 1368 1
239 1568 1
239 1662 1
239 1687 1
239 1751 1
239 1760 1
239 1873 1
239 1884 1
239 1892 1
240 51 1
240 60 1
240 80 1
240 103 1
240 127 1
240 131 1
240 174 1
240 204 1
240 253 1
240 427 1
240 448 1
240 550 1
240 614 1
240 681 1
240 704 1
240 769 1
240 908 1
240 937 1
240 1022 1
240 1230 1
240 1456 1
240 1502 1
240 1658 1
240 1765 1
241 377 1
241 548 1
241 559 1
241 562 1
241 592 1
241 603 1
241 692 1
241 706 1
241 875 1
241 914 1
241 943 1
241 1081 1
241 1085 1
241 1106 1
241 1252 1
241 1491 1
241 1494 1
241 1503 1
241 1507 1
241 1630 1
241 1684 1
241 1691 1
241 1706 1
241 1822 1
241 1860 1
241 2002 1
242 64 1
242 213 1
242 261 1
242 287 1
242 362 1
242 418 1
242 626 1
242 705 1
242 814 1
242 1080 1
242 1229 1
242 1333 1
242 1465 1
242 1492 1
242 1633 1
242 1679 1
242 1935 1
242 1994 1
243 343 1
243 406 1
243 533 1
243 576 1
243 941 1
243 1031 1
243 1111 1
243 1326 1
243 1458 1
243 1487 1
243 1537 1
243 1885 1
243 1945 1
243 2042 1
244 41 1
244 318 1
244 326 1
244 432 1
244 532 1
244 836 1
244 870 1
244 961 1
244 1159 1
244 1271 1
244 1369 1
245 1068 1
245 1335 1
245 1446 1
245 1454 1
245 1757 1
245 1964 1
246 306 1
246 521 1
246 642 1
246 764 1
246 809 1
246 897 1
246 1108 1
246 1852 1
246 1880 1
246 1901 1
246 1909 1
246 1948 1
246 1971 1
247 531 1
247 731 1
247 1247 1
247 1371 1
247 1565 1
247 1845 1
247 1943 1
247 1974 1
248 193 1
248 320 1
248 787 1
248 1130 1
248 1255 1
248 1996 1
249 297 1
249 379 1
249 545 1
249 675 1
249 1398 1
249 1621 1
250 206 1
251 376 1
251 594 1
251 738 1
251 800 1
251 1570 1
251 1611 1
251 1915 1
252 47 1
252 125 1
252 748 1
252 1249 1
252 1596 1
253 243 1
253 251 1
253 444 1
253 604 1
253 646 1
253 656 1
253 790 1
253 1028 1
253 1051 1
253 1095 1
253 1097 1
253 1098 1
253 1274 1
253 1324 1
253 1474 1
253 1572 1
253 1836 1
254 12 1
254 138 1
254 266 1
254 277 1
254 400 1
254 772 1
254 1131 1
254 1147 1
254 1178 1
254 1279 1
254 1392 1
254 1405 1
254 1418 1
254 1727 1
254 1790 1
254 1947 1
255 116 1
255 199 1
255 210 1
255 268 1
255 593 1
255 789 1
255 888 1
255 1214 1
255 1317 1
255 1367 1
255 1422 1
255 1427 1
255 1443 1
255 1520 1
255 1629 1
255 1690 1
255 1723 1
255 1741 1
255 1774 1
255 1791 1
255 1847 1
255 1962 1
255 2033 1
256 62 1
256 92 1
256 98 1
256 133 1
256 407 1
256 462 1
256 505 1
256 524 1
256 556 1
256 620 1
256 689 1
256 711 1
256 713 1
256 778 1
256 805 1
256 913 1
256 1023 1
256 1096 1
256 1140 1
256 1237 1
256 1295 1
256 1339 1
256 1342 1
256 1396 1
256 1399 1
256 1558 1
256 1574 1
256 1598 1
256 1600 1
256 1602 1
256 1615 1
256 1673 1
256 1703 1
256 1742 1
256 1817 1
256 2016 1
257 121 1
257 175 1
257 182 1
257 189 1
257 197 1
257 203 1
257 280 1
257 344 1
257 357 1
257 378 1
257 410 1
257 449 1
257 508 1
257 695 1
257 797 1
257 876 1
257 981 1
257 1073 1
257 1168 1
257 1170 1
257 1388 1
257 1389 1
257 1488 1
257 1649 1
257 1731 1
257 1767 1
257 1771 1
257 1866 1
257 1879 1
257 1933 1
258 170 1
258 549 1
258 622 1
258 925 1
258 979 1
258 1090 1
258 1151 1
258 1193 1
258 1245 1
258 1315 1
258 1518 1
258 1538 1
258 1560 1
258 1726 1
258 1950 1
258 1990 1
259 275 1
259 388 1
259 519 1
259 830 1
259 853 1
259 932 1
259 956 1
259 1199 1
259 1284 1
259 1415 1
259 1435 1
259 1444 1
259 1470 1
259 1500 1
259 1983 1
259 2003 1
259 2045 1
260 421 1
260 440 1
260 485 1
260 702 1
260 827 1
260 886 1
260 1033 1
260 1088 1
260 1169 1
260 1173 1
260 1183 1
260 1283 1
260 1328 1
260 1346 1
260 1601 1
260 1651 1
260 1788 1
260 1942 1
260 1944 1
260 2017 1
261 247 1
261 405 1
261 688 1
261 753 1
261 776 1
261 1029 1
261 1250 1
261 1296 1
261 1562 1
261 1789 1
262 77 1
262 708 1
262 780 1
262 903 1
262 1305 1
262 1306 1
262 1321 1
263 303 1
263 1099 1
263 1414 1
263 1657 1
264 2 1
264 54 1
264 429 1
264 729 1
264 820 1
264 1350 1
264 1471 1
264 1501 1
264 1902 1
265 663 1
265 1240 1
265 1661 1
265 1701 1
266 403 1
266 476 1
266 810 1
266 930 1
266 963 1
266 986 1
266 1046 1
266 1136 1
266 1231 1
266 1546 1
266 1607 1
266 1718 1
267 904 1
267 970 1
267 996 1
267 1433 1
267 1479 1
267 1704 1
267 2008 1
268 101 1
268 155 1
268 304 1
268 905 1
268 946 1
268 1260 1
269 404 1
269 552 1
269 574 1
269 634 1
269 714 1
269 735 1
269 758 1
269 1204 1
269 1241 1
269 1457 1
269 1778 1
269 1840 1
269 2011 1
270 58 1
270 169 1
270 233 1
270 269 1
270 484 1
270 569 1
270 580 1
270 599 1
270 641 1
270 863 1
270 983 1
270 1348 1
270 1578 1
270 1617 1
270 1692 1
270 1729 1
270 1770 1
270 1897 1
270 1988 1
270 2040 1
271 45 1
271 46 1
271 153 1
271 160 1
271 202 1
271 220 1
271 299 1
271 420 1
271 466 1
271 491 1
271 582 1
271 639 1
271 670 1
271 832 1
271 907 1
271 926 1
271 950 1
271 1115 1
271 1137 1
271 1210 1
271 1219 1
271 1347 1
271 1377 1
271 1593 1
271 1677 1
271 1695 1
271 1761 1
271 1779 1
271 1883 1
271 1893 1
271 2022 1
272 49 1
272 72 1
272 426 1
272 442 1
272 456 1
272 504 1
272 648 1
272 658 1
272 662 1
272 916 1
272 939 1
272 940 1
272 1161 1
272 1163 1
272 1356 1
272 1460 1
272 1592 1
272 1619 1
272 1668 1
272 1939 1
272 1979 1
273 57 1
273 217 1
273 417 1
273 470 1
273 542 1
273 722 1
273 723 1
273 742 1
273 831 1
273 894 1
273 901 1
273 1268 1
273 1282 1
273 1294 1
273 1323 1
273 1473 1
273 1653 1
273 2031 1
274 68 1
274 183 1
274 264 1
274 283 1
274 315 1
274 617 1
274 696 1
274 716 1
274 763 1
274 786 1
274 866 1
274 923 1
274 1037 1
274 1103 1
274 1128 1
274 1152 1
274 1203 1
274 1269 1
274 1303 1
274 1504 1
274 1508 1
274 1510 1
274 1533 1
274 1539 1
274 1563 1
274 1564 1
274 1583 1
274 1906 1
274 1907 1
274 1961 1
274 1966 1
274 2047 1
275 86 1
275 308 1
275 600 1
275 818 1
275 921 1
275 991 1
275 1041 1
275 1101 1
275 1155 1
275 1264 1
275 1373 1
275 1682 1
275 1700 1
275 1870 1
275 1911 1
275 1958 1
276 215 1
276 288 1
276 323 1
276 398 1
276 468 1
276 745 1
276 779 1
276 781 1
276 845 1
276 868 1
276 879 1
276 1200 1
276 1218 1
276 1352 1
276 1436 1
276 1516 1
276 1555 1
276 1590 1
276 1616 1
277 211 1
277 322 1
277 492 1
277 598 1
277 719 1
277 843 1
277 1005 1
277 1060 1
277 1195 1
277 1253 1
277 1784 1
277 1794 1
278 52 1
278 59 1
278 364 1
278 401 1
278 430 1
278 494 1
278 801 1
278 1086 1
278 1126 1
278 1182 1
278 1227 1
278 1357 1
278 1865 1
278 1924 1
278 2019 1
278 2020 1
279 70 1
279 596 1
279 698 1
279 815 1
279 1089 1
279 1120 1
279 1272 1
279 1903 1
280 250 1
280 384 1
280 644 1
280 1008 1
280 1266 1
280 1528 1
280 1569 1
280 1799 1
281 48 1
281 240 1
281 788 1
281 858 1
281 1175 1
281 1185 1
281 1308 1
282 479 1
282 992 1
282 1286 1
282 1319 1
282 1702 1
282 1782 1
282 1850 1
283 369 1
283 607 1
283 699 1
283 972 1
283 1345 1
283 1484 1
283 1577 1
283 1606 1
283 1849 1
284 124 1
284 487 1
284 854 1
284 880 1
284 964 1
284 1353 1
284 1659 1
284 1715 1
284 2030 1
285 256 1
285 647 1
285 1117 1
285 1394 1
285 1587 1
285 1807 1
285 1819 1
286 110 1
286 164 1
286 298 1
286 445 1
286 610 1
286 684 1
286 834 1
286 1164 1
286 1498 1
286 1548 1
286 1711 1
287 281 1
287 292 1
287 352 1
287 465 1
287 475 1
287 501 1
287 612 1
287 623 1
287 633 1
287 855 1
287 893 1
287 1258 1
287 1292 1
287 1517 1
287 1524 1
287 1536 1
287 1699 1
287 1707 1
287 1722 1
287 1739 1
287 1753 1
287 1773 1
287 1781 1
287 1831 1
287 1857 1
287 1921 1
287 2038 1
288 44 1
288 63 1
288 76 1
288 141 1
288 218 1
288 290 1
288 331 1
288 360 1
288 393 1
288 441 1
288 495 1
288 595 1
288 804 1
288 835 1
288 997 1
288 1017 1
288 1119 1
288 1248 1
288 1322 1
288 1359 1
288 1386 1
288 1419 1
288 1485 1
288 1620 1
288 1719 1
288 1748 1
288 1814 1
288 1854 1
288 1931 1
288 2036 1
289 53 1
289 87 1
289 100 1
289 104 1
289 113 1
289 156 1
289 168 1
289 307 1
289 419 1
289 482 1
289 798 1
289 955 1
289 977 1
289 1024 1
289 1048 1
289 1478 1
289 1483 1
289 1597 1
289 1967 1
289 1973 1
289 2009 1
289 2021 1
290 50 1
290 152 1
290 157 1
290 176 1
290 263 1
290 329 1
290 349 1
290 380 1
290 523 1
290 567 1
290 625 1
290 666 1
290 687 1
290 693 1
290 736 1
290 783 1
290 817 1
290 890 1
290 902 1
290 911 1
290 962 1
290 1015 1
290 1039 1
290 1042 1
290 1122 1
290 1205 1
290 1431 1
290 1459 1
290 1541 1
290 1581 1
290 1764 1
290 1787 1
290 1872 1
290 1894 1
291 94 1
291 148 1
291 219 1
291 237 1
291 279 1
291 372 1
291 382 1
291 434 1
291 439 1
291 510 1
291 573 1
291 824 1
291 975 1
291 985 1
291 1211 1
291 1239 1
291 1372 1
291 1395 1
291 1437 1
291 1441 1
291 1511 1
291 1585 1
291 1725 1
292 415 1
292 474 1
292 678 1
292 821 1
292 839 1
292 842 1
292 1065 1
292 1077 1
292 1091 1
292 1254 1
292 1329 1
292 1543 1
292 1674 1
292 1721 1
292 1730 1
292 1862 1
292 1914 1
292 1929 1
293 67 1
293 69 1
293 107 1
293 225 1
293 618 1
293 933 1
293 969 1
293 1047 1
293 1420 1
293 1584 1
293 1864 1
294 412 1
294 488 1
294 546 1
294 627 1
294 1144 1
294 1671 1
294 1709 1
294 1735 1
294 1783 1
294 1908 1
294 1926 1
295 79 1
295 134 1
295 191 1
295 260 1
295 367 1
295 757 1
295 803 1
295 1012 1
295 1440 1
295 1489 1
295 1515 1
295 1553 1
295 1698 1
296 99 1
296 149 1
296 1270 1
296 1397 1
296 1428 1
297 368 1
297 1146 1
297 1351 1
297 1632 1
297 1654 1
298 557 1
298 928 1
298 1403 1
298 1920 1
299 42 1
299 428 1
299 685 1
299 741 1
299 862 1
299 883 1
299 965 1
299 1197 1
299 1337 1
299 1656 1
299 1877 1
299 1995 1
299 2014 1
300 36 1
300 1309 1
300 1882 1
301 145 1
301 355 1
301 361 1
301 680 1
301 989 1
301 1325 1
301 1363 1
301 1421 1
301 1769 1
302 187 1
302 381 1
302 392 1
302 425 1
302 452 1
302 471 1
302 740 1
302 765 1
302 792 1
302 850 1
302 1138 1
302 1311 1
302 1411 1
303 5 1
303 15 1
303 74 1
303 171 1
303 234 1
303 249 1
303 386 1
303 416 1
303 529 1
303 654 1
303 767 1
303 1025 1
303 1075 1
303 1104 1
303 1123 1
303 1143 1
303 1412 1
303 1540 1
303 1635 1
303 2023 1
304 27 1
304 90 1
304 221 1
304 273 1
304 353 1
304 615 1
304 671 1
304 917 1
304 984 1
304 1066 1
304 1087 1
304 1110 1
304 1265 1
304 1408 1
304 1434 1
304 1477 1
304 1665 1
304 1697 1
304 1744 1
304 1890 1
304 1940 1
304 1946 1
304 2001 1
305 151 1
305 172 1
305 335 1
305 339 1
305 350 1
305 366 1
305 374 1
305 433 1
305 503 1
305 637 1
305 667 1
305 691 1
305 744 1
305 874 1
305 919 1
305 945 1
305 951 1
305 998 1
305 1040 1
305 1072 1
305 1263 1
305 1285 1
305 1316 1
305 1362 1
305 1378 1
305 1407 1
305 1451 1
305 1476 1
305 1506 1
305 1603 1
305 1623 1
305 1678 1
305 1826 1
305 1841 1
305 1844 1
305 1918 1
305 1941 1
305 1976 1
305 2006 1
306 75 1
306 78 1
306 105 1
306 177 1
306 358 1
306 397 1
306 422 1
306 446 1
306 540 1
306 587 1
306 605 1
306 770 1
306 918 1
306 1026 1
306 1063 1
306 1100 1
306 1142 1
306 1188 1
306 1198 1
306 1257 1
306 1423 1
306 1466 1
306 1527 1
306 1663 1
306 1688 1
306 1743 1
306 1806 1
306 1856 1
306 1868 1
306 1881 1
306 1993 1
306 2025 1
307 56 1
307 312 1
307 330 1
307 359 1
307 564 1
307 665 1
307 784 1
307 813 1
307 852 1
307 935 1
307 1000 1
307 1001 1
307 1007 1
307 1054 1
307 1113 1
307 1160 1
307 1232 1
307 1480 1
307 1571 1
307 1740 1
307 1812 1
307 1863 1
307 2041 1
308 122 1
308 409 1
308 616 1
308 920 1
308 1011 1
308 1083 1
308 1174 1
308 1180 1
308 1221 1
308 1300 1
308 1349 1
308 1354 1
308 1374 1
308 1523 1
308 1588 1
308 1594 1
308 1631 1
308 1811 1
308 1818 1
308 1820 1
308 1889 1
308 1936 1
308 1985 1
309 259 1
309 324 1
309 527 1
309 657 1
309 799 1
309 952 1
309 968 1
309 1216 1
309 1599 1
309 1762 1
309 1842 1
309 1878 1
310 285 1
310 493 1
310 707 1
310 733 1
310 887 1
310 1013 1
310 1775 1
310 1834 1
310 2044 1
311 345 1
311 701 1
311 999 1
311 1685 1
311 2034 1
312 159 1
312 319 1
313 934 1
314 173 1
314 860 1
314 936 1
314 1752 1
314 1829 1
315 443 1
315 460 1
315 507 1
315 682 1
315 1190 1
315 1338 1
315 1499 1
315 1609 1
315 1756 1
315 2024 1
316 246 1
316 568 1
316 725 1
316 1965 1
316 1977 1
316 2043 1
317 236 1
317 539 1
317 791 1
317 1299 1
317 1409 1
318 66 1
318 162 1
318 411 1
318 431 1
318 669 1
318 889 1
318 1044 1
318 1361 1
318 1382 1
318 1413 1
318 1550 1
318 1713 1
318 1815 1
318 1923 1
318 2000 1
318 2004 1
319 254 1
319 336 1
319 348 1
319 365 1
319 464 1
319 511 1
319 609 1
319 766 1
319 847 1
319 898 1
319 931 1
319 1050 1
319 1078 1
319 1094 1
319 1172 1
319 1251 1
319 1312 1
319 1327 1
319 1401 1
319 1464 1
319 1696 1
319 1745 1
319 1805 1
319 1838 1
319 1978 1
319 2010 1
320 1 1
320 21 1
320 109 1
320 126 1
320 216 1
320 402 1
320 477 1
320 499 1
320 632 1
320 650 1
320 730 1
320 734 1
320 796 1
320 807 1
320 906 1
320 958 1
320 1162 1
320 1224 1
320 1297 1
320 1521 1
320 1529 1
320 1576 1
320 1610 1
320 1625 1
320 1637 1
320 1780 1
320 1801 1
320 1851 1
320 1905 1
320 1934 1
321 28 1
321 208 1
321 226 1
321 454 1
321 588 1
321 606 1
321 629 1
321 661 1
321 672 1
321 978 1
321 993 1
321 1035 1
321 1038 1
321 1070 1
321 1134 1
321 1186 1
321 1206 1
321 1238 1
321 1259 1
321 1281 1
321 1449 1
321 1469 1
321 1604 1
321 1613 1
321 1900 1
321 1930 1
322 85 1
322 137 1
322 309 1
322 316 1
322 321 1
322 327 1
322 371 1
322 457 1
322 500 1
322 547 1
322 825 1
322 1016 1
322 1102 1
322 1109 1
322 1267 1
322 1461 1
322 1549 1
322 1557 1
322 1639 1
322 1686 1
322 1733 1
322 1951 1
322 2026 1
323 7 1
323 93 1
323 227 1
323 575 1
323 1010 1
323 1145 1
323 1243 1
323 1301 1
323 1331 1
323 1360 1
323 1490 1
323 1624 1
323 1645 1
323 1808 1
324 478 1
324 515 1
324 715 1
324 1694 1
324 1800 1
324 1837 1
324 1898 1
324 1957 1
325 230 1
325 752 1
325 819 1
325 857 1
325 1049 1
326 186 1
326 262 1
326 338 1
326 1058 1
326 1082 1
326 1191 1
326 1738 1
326 1797 1
326 1922 1
327 13 1
327 196 1
327 295 1
327 747 1
327 1290 1
328 23 1
328 274 1
328 385 1
328 1646 1
329 447 1
329 1886 1
330 1287 1
331 554 1
331 1314 1
331 1809 1
332 526 1
332 1093 1
332 1273 1
332 1710 1
332 1871 1
333 89 1
333 198 1
333 394 1
333 489 1
333 785 1
333 1116 1
333 1772 1
334 40 1
334 91 1
334 130 1
334 686 1
334 717 1
334 775 1
334 1209 1
334 1246 1
334 1463 1
334 1680 1
334 1776 1
335 118 1
335 194 1
335 472 1
335 597 1
335 676 1
335 746 1
335 782 1
335 884 1
335 1379 1
335 1439 1
335 1442 1
335 1509 1
335 1638 1
335 1972 1
336 195 1
336 207 1
336 270 1
336 396 1
336 453 1
336 461 1
336 516 1
336 584 1
336 774 1
336 861 1
336 922 1
336 1530 1
336 1786 1
336 1904 1
337 71 1
337 229 1
337 486 1
337 743 1
337 896 1
337 1202 1
337 1336 1
337 1861 1
338 245 1
338 399 1
338 583 1
338 630 1
338 720 1
338 848 1
338 1215 1
338 1228 1
338 1280 1
338 1532 1
338 1959 1
339 16 1
339 143 1
339 296 1
339 628 1
339 726 1
339 881 1
339 1061 1
339 1482 1
339 1717 1
339 1919 1
340 34 1
340 112 1
340 759 1
340 1064 1
340 1561 1
340 1763 1
341 867 1
341 1448 1
341 1989 1
342 6 1
342 190 1
342 214 1
342 571 1
342 1074 1
342 1628 1
342 1642 1
342 1949 1
343 502 1
343 1676 1
344 1666 1
344 1816 1
345 1586 1
346 181 1
346 310 1
348 97 1
348 414 1
348 530 1
348 1133 1
348 1223 1
348 1755 1
348 2039 1
349 95 1
349 185 1
349 231 1
349 328 1
349 724 1
349 727 1
349 777 1
349 1320 1
349 1330 1
349 1759 1
349 1953 1
350 150 1
350 286 1
350 302 1
350 754 1
350 755 1
350 1009 1
350 1018 1
350 1513 1
350 1567 1
350 1640 1
350 1736 1
351 4 1
351 241 1
351 282 1
351 455 1
351 512 1
351 518 1
351 892 1
351 1226 1
351 1384 1
351 1404 1
351 1575 1
351 1664 1
351 1792 1
352 9 1
352 22 1
352 51 1
352 188 1
352 200 1
352 424 1
352 480 1
352 631 1
352 651 1
352 668 1
352 709 1
352 1084 1
352 1105 1
352 1125 1
352 1150 1
352 1298 1
352 1307 1
352 1364 1
352 1495 1
352 1655 1
352 1768 1
352 2029 1
353 192 1
353 228 1
353 541 1
353 591 1
353 621 1
353 649 1
353 1056 1
353 1081 1
353 1127 1
353 1187 1
353 1310 1
353 1626 1
353 1785 1
353 1910 1
354 29 1
354 272 1
354 585 1
354 768 1
354 822 1
354 974 1
354 1114 1
354 1118 1
354 1149 1
354 1220 1
354 1432 1
354 1556 1
354 1660 1
354 1683 1
354 1728 1
354 1912 1
355 12 1
355 18 1
355 19 1
355 294 1
355 1059 1
355 1896 1
356 158 1
356 463 1
356 737 1
356 1052 1
356 1450 1
356 1705 1
357 120 1
357 608 1
357 660 1
357 851 1
357 924 1
357 944 1
357 1132 1
357 1376 1
357 1582 1
357 1846 1
358 65 1
358 1207 1
358 1453 1
358 2048 1
359 25 1
359 498 1
359 677 1
359 994 1
359 1589 1
360 949 1
360 1438 1
360 1875 1
361 136 1
361 311 1
362 333 1
362 581 1
362 1551 1
362 1595 1
362 1891 1
363 37 1
363 413 1
363 1999 1
363 2007 1
364 35 1
364 43 1
364 257 1
364 436 1
364 490 1
364 538 1
364 579 1
364 829 1
364 1019 1
364 1043 1
364 1045 1
364 1129 1
364 1304 1
364 1481 1
365 82 1
365 132 1
365 146 1
365 165 1
365 325 1
365 341 1
365 517 1
365 551 1
365 988 1
365 1003 1
365 1027 1
365 1262 1
365 1291 1
365 1390 1
365 1406 1
365 1417 1
365 1424 1
365 1455 1
365 1542 1
365 1568 1
365 1667 1
365 1824 1
365 1853 1
365 1916 1
365 1997 1
365 2013 1
366 10 1
366 17 1
366 167 1
366 276 1
366 289 1
366 437 1
366 473 1
366 522 1
366 543 1
366 640 1
366 703 1
366 795 1
366 808 1
366 836 1
366 899 1
366 927 1
366 957 1
366 1076 1
366 1278 1
366 1288 1
366 1452 1
366 1534 1
366 1608 1
366 1689 1
366 1823 1
366 1833 1
366 1913 1
366 1938 1
366 1962 1
366 1987 1
366 2005 1
366 2037 1
367 83 1
367 232 1
367 239 1
367 448 1
367 544 1
367 563 1
367 683 1
367 692 1
367 806 1
367 841 1
367 878 1
367 885 1
367 912 1
367 967 1
367 987 1
367 1057 1
367 1071 1
367 1217 1
367 1225 1
367 1393 1
367 1410 1
367 1426 1
367 1475 1
367 1505 1
367 1591 1
367 1622 1
367 1670 1
367 1810 1
367 2027 1
368 32 1
368 178 1
368 238 1
368 332 1
368 376 1
368 387 1
368 410 1
368 458 1
368 467 1
368 565 1
368 586 1
368 624 1
368 700 1
368 728 1
368 915 1
368 948 1
368 1030 1
368 1222 1
368 1284 1
368 1383 1
368 1391 1
368 1462 1
368 1493 1
368 1512 1
368 1544 1
368 1754 1
368 1803 1
368 1830 1
368 1843 1
368 1869 1
368 1991 1
368 2015 1
369 26 1
369 103 1
369 116 1
369 144 1
369 271 1
369 317 1
369 346 1
369 373 1
369 812 1
369 872 1
369 966 1
369 1021 1
369 1032 1
369 1046 1
369 1139 1
369 1176 1
369 1177 1
369 1324 1
369 1486 1
369 1573 1
369 1766 1
369 1793 1
369 1813 1
369 1827 1
369 1895 1
369 1969 1
369 2018 1
370 337 1
370 370 1
370 375 1
370 451 1
370 459 1
370 688 1
370 718 1
370 802 1
370 816 1
370 840 1
370 947 1
370 1157 1
370 1181 1
370 1313 1
370 1381 1
370 1402 1
370 1648 1
370 1855 1
371 24 1
371 31 1
371 88 1
371 153 1
371 513 1
371 534 1
371 566 1
371 636 1
371 750 1
371 833 1
371 877 1
371 1036 1
371 1456 1
371 1468 1
371 1612 1
371 1627 1
371 1982 1
372 1566 1
373 849 1
373 1271 1
373 1971 1
375 1031 1
375 1112 1
375 1535 1
375 1777 1
376 363 1
376 1888 1
376 1975 1
377 11 1
377 154 1
377 942 1
377 1098 1
377 1121 1
377 1184 1
377 1522 1
377 1746 1
378 314 1
378 351 1
378 673 1
378 1708 1
378 1858 1
379 161 1
379 354 1
379 481 1
379 891 1
379 1192 1
379 1235 1
379 1334 1
379 1547 1
379 1750 1
380 175 1
380 205 1
380 255 1
380 301 1
380 356 1
380 638 1
380 869 1
380 929 1
380 1053 1
380 1156 1
380 1332 1
380 1358 1
380 1366 1
380 1445 1
380 1497 1
380 1514 1
380 1614 1
380 1724 1
380 1734 1
380 1747 1
380 1760 1
380 1802 1
380 1859 1
380 1954 1
380 1998 1
381 30 1
381 61 1
381 184 1
381 243 1
381 383 1
381 391 1
381 469 1
381 496 1
381 664 1
381 721 1
381 823 1
381 856 1
381 871 1
381 1004 1
381 1124 1
381 1165 1
381 1167 1
381 1196 1
381 1201 1
381 1212 1
381 1233 1
381 1256 1
381 1275 1
381 1344 1
381 1365 1
381 1368 1
381 1370 1
381 1385 1
381 1472 1
381 1494 1
381 1526 1
381 1559 1
381 1681 1
381 1737 1
381 1821 1
381 1925 1
381 1927 1
381 1928 1
381 1992 1
382 96 1
382 129 1
382 206 1
382 209 1
382 224 1
382 235 1
382 242 1
382 265 1
382 291 1
382 521 1
382 535 1
382 553 1
382 560 1
382 594 1
382 603 1
382 626 1
382 653 1
382 694 1
382 704 1
382 761 1
382 762 1
382 971 1
382 973 1
382 1055 1
382 1179 1
382 1194 1
382 1375 1
382 1380 1
382 1400 1
382 1496 1
382 1519 1
382 1579 1
382 1718 1
382 1731 1
382 1822 1
382 1839 1
382 1848 1
382 1876 1
382 1935 1
382 1981 1
382 1984 1
383 80 1
383 84 1
383 102 1
383 140 1
383 201 1
383 287 1
383 320 1
383 435 1
383 514 1
383 589 1
383 619 1
383 681 1
383 697 1
383 749 1
383 773 1
383 789 1
383 800 1
383 895 1
383 943 1
383 961 1
383 1014 1
383 1069 1
383 1079 1
383 1107 1
383 1168 1
383 1244 1
383 1252 1
383 1261 1
383 1343 1
383 1447 1
383 1618 1
383 1669 1
383 1751 1
383 1798 1
383 1832 1
383 1885 1
383 1892 1
383 1952 1
383 1955 1
383 1986 1
384 117 1
384 142 1
384 147 1
384 166 1
384 210 1
384 222 1
384 248 1
384 267 1
384 334 1
384 340 1
384 342 1
384 400 1
384 418 1
384 438 1
384 561 1
384 592 1
384 602 1
384 659 1
384 748 1
384 838 1
384 908 1
384 1154 1
384 1213 1
384 1247 1
384 1415 1
384 1492 1
384 1546 1
384 1636 1
384 1672 1
384 1687 1
384 1880 1
384 1956 1
384 1974 1
385 73 1
385 179 1
385 213 1
385 407 1
385 537 1
385 570 1
385 613 1
385 643 1
385 739 1
385 764 1
385 794 1
385 844 1
385 876 1
385 1276 1
385 1565 1
385 1720 1
385 1944 1
385 1980 1
386 160 1
386 297 1
386 508 1
386 562 1
386 645 1
386 814 1
386 826 1
386 941 1
386 982 1
386 1537 1
386 1633 1
386 1994 1
387 111 1
387 139 1
387 379 1
387 525 1
387 859 1
387 882 1
387 1229 1
387 1333 1
387 1388 1
387 1467 1
388 114 1
388 497 1
388 550 1
388 555 1
388 1430 1
388 1554 1
388 1679 1
388 1729 1
389 106 1
389 713 1
389 1342 1
389 1425 1
389 1887 1
390 20 1
390 395 1
390 1062 1
390 1471 1
391 1034 1
391 1111 1
391 1960 1
392 1706 1
393 1552 1
393 1650 1
394 528 1
394 655 1
394 873 1
394 1234 1
394 1242 1
394 1293 1
394 1596 1
395 115 1
395 125 1
395 212 1
395 710 1
395 960 1
395 1006 1
395 1106 1
395 1289 1
395 1465 1
395 1621 1
395 1647 1
395 1693 1
395 1795 1
396 33 1
396 223 1
396 252 1
396 253 1
396 258 1
396 284 1
396 347 1
396 377 1
396 406 1
396 423 1
396 590 1
396 996 1
396 1022 1
396 1277 1
396 1302 1
396 1387 1
396 1416 1
396 1444 1
396 1641 1
396 1644 1
396 1742 1
396 1790 1
396 1796 1
396 1825 1
396 1860 1
396 1945 1
397 8 1
397 41 1
397 123 1
397 128 1
397 244 1
397 261 1
397 318 1
397 390 1
397 462 1
397 483 1
397 536 1
397 556 1
397 712 1
397 751 1
397 864 1
397 910 1
397 981 1
397 995 1
397 1020 1
397 1023 1
397 1148 1
397 1158 1
397 1166 1
397 1171 1
397 1208 1
397 1230 1
397 1335 1
397 1457 1
397 1507 1
397 1611 1
397 1629 1
397 1649 1
397 1712 1
397 1714 1
397 1716 1
397 1749 1
397 1804 1
397 1947 1
397 1970 1
397 2012 1
397 2035 1
397 2046 1
398 39 1
398 47 1
398 55 1
398 64 1
398 119 1
398 182 1
398 203 1
398 247 1
398 251 1
398 305 1
398 306 1
398 572 1
398 611 1
398 646 1
398 753 1
398 769 1
398 846 1
398 875 1
398 925 1
398 1199 1
398 1236 1
398 1317 1
398 1580 1
398 1726 1
398 1732 1
398 1774 1
398 1791 1
398 1835 1
398 1867 1
398 1884 1
399 131 1
399 180 1
399 199 1
399 204 1
399 280 1
399 578 1
399 642 1
399 865 1
399 1028 1
399 1367 1
399 1503 1
399 1525 1
399 1562 1
399 1909 1
399 2032 1
400 54 1
400 197 1
400 278 1
400 344 1
400 432 1
400 449 1
400 505 1
400 622 1
400 679 1
400 778 1
400 905 1
400 956 1
400 1085 1
400 1295 1
400 1318 1
400 1427 1
400 1488 1
400 1757 1
400 2045 1
401 135 1
401 509 1
401 776 1
401 811 1
401 909 1
401 938 1
401 1274 1
401 1789 1
401 1845 1
401 1873 1
402 81 1
402 174 1
402 388 1
402 771 1
402 954 1
402 1096 1
402 1255 1
402 1531 1
402 1854 1
403 38 1
403 731 1
403 900 1
403 1758 1
403 1852 1
403 1932 1
404 163 1
404 293 1
404 313 1
404 1491 1
404 1574 1
404 1661 1
404 1727 1
404 1866 1
404 2028 1
405 429 1
405 1396 1
405 1518 1
405 2047 1
406 533 1
406 786 1
406 1799 1
407 121 1
407 576 1
408 3 1
408 1153 1
408 1249 1
409 277 1
409 904 1
409 913 1
409 1446 1
409 1454 1
409 1690 1
410 266 1
410 300 1
410 389 1
410 635 1
410 656 1
410 729 1
410 732 1
410 953 1
410 959 1
411 14 1
411 98 1
411 652 1
411 738 1
411 809 1
411 932 1
411 980 1
411 1108 1
411 1159 1
411 1178 1
411 1371 1
411 1458 1
411 1630 1
411 1651 1
411 1828 1
411 1937 1
412 189 1
412 264 1
412 440 1
412 450 1
412 519 1
412 599 1
412 610 1
412 617 1
412 716 1
412 828 1
412 863 1
412 1051 1
412 1131 1
412 1141 1
412 1193 1
412 1279 1
412 1296 1
412 1422 1
412 1558 1
412 1572 1
412 1593 1
412 1849 1
412 1899 1
412 1901 1
412 2008 1
412 2022 1
413 113 1
413 442 1
413 468 1
413 663 1
413 711 1
413 719 1
413 756 1
413 797 1
413 818 1
413 976 1
413 991 1
413 1029 1
413 1089 1
413 1103 1
413 1130 1
413 1137 1
413 1231 1
413 1315 1
413 1326 1
413 1347 1
413 1355 1
413 1510 1
413 1560 1
413 1619 1
413 1675 1
413 1943 1
413 2003 1
413 2011 1
414 45 1
414 202 1
414 343 1
414 596 1
414 706 1
414 853 1
414 926 1
414 1002 1
414 1090 1
414 1170 1
414 1218 1
414 1240 1
414 1357 1
414 1389 1
414 1414 1
414 1473 1
414 1653 1
414 1662 1
414 1691 1
414 1779 1
414 1788 1
414 1917 1
414 1920 1
414 1968 1
414 2042 1
415 46 1
415 48 1
415 220 1
415 362 1
415 444 1
415 520 1
415 559 1
415 634 1
415 662 1
415 760 1
415 879 1
415 1140 1
415 1303 1
415 1369 1
415 1570 1
415 1931 1
415 1942 1
416 57 1
416 60 1
416 127 1
416 152 1
416 169 1
416 170 1
416 689 1
416 695 1
416 810 1
416 940 1
416 1097 1
416 1204 1
416 1933 1
417 183 1
417 573 1
417 830 1
417 923 1
417 984 1
417 1189 1
417 1268 1
417 1340 1
417 1398 1
417 1418 1
417 1555 1
417 1701 1
418 420 1
418 545 1
418 1136 1
418 1348 1
418 1657 1
418 1770 1
418 1778 1
419 275 1
419 398 1
419 1508 1
419 1990 1
420 618 1
420 1250 1
420 1352 1
420 1377 1
420 1407 1
420 1433 1
420 1501 1
420 1988 1
421 674 1
421 858 1
421 903 1
422 986 1
423 990 1
423 1399 1
423 1741 1
424 1088 1
424 1692 1
424 1715 1
425 569 1
425 930 1
425 1564 1
425 1765 1
426 269 1
426 548 1
426 549 1
426 623 1
426 670 1
426 742 1
426 781 1
426 815 1
426 1470 1
426 1500 1
426 1723 1
426 1847 1
426 1857 1
426 1964 1
427 72 1
427 92 1
427 329 1
427 408 1
427 441 1
427 598 1
427 601 1
427 837 1
427 946 1
427 1033 1
427 1155 1
427 1214 1
427 1345 1
427 1353 1
427 1373 1
427 1436 1
427 1536 1
427 1539 1
427 1543 1
427 1598 1
427 1682 1
427 1719 1
427 1767 1
427 1879 1
427 1902 1
427 2033 1
428 50 1
428 58 1
428 101 1
428 256 1
428 326 1
428 427 1
428 465 1
428 475 1
428 491 1
428 593 1
428 790 1
428 817 1
428 827 1
428 832 1
428 845 1
428 854 1
428 1092 1
428 1101 1
428 1185 1
428 1282 1
428 1283 1
428 1305 1
428 1321 1
428 1339 1
428 1346 1
428 1502 1
428 1533 1
428 1541 1
428 1569 1
428 1616 1
428 1643 1
428 1658 1
428 1699 1
428 1753 1
428 1773 1
429 70 1
429 79 1
429 155 1
429 193 1
429 250 1
429 445 1
429 487 1
429 504 1
429 574 1
429 577 1
429 787 1
429 793 1
429 804 1
429 820 1
429 888 1
429 975 1
429 1047 1
429 1083 1
429 1091 1
429 1123 1
429 1147 1
429 1173 1
429 1183 1
429 1227 1
429 1253 1
429 1294 1
429 1545 1
429 1583 1
429 1607 1
429 1695 1
429 1906 1
429 2002 1
429 2014 1
430 59 1
430 137 1
430 176 1
430 308 1
430 312 1
430 368 1
430 372 1
430 378 1
430 492 1
430 614 1
430 644 1
430 648 1
430 798 1
430 805 1
430 870 1
430 965 1
430 983 1
430 1067 1
430 1073 1
430 1120 1
430 1144 1
430 1269 1
430 1341 1
430 1459 1
430 1563 1
430 1590 1
430 1605 1
430 1652 1
430 1807 1
430 1840 1
430 1897 1
431 86 1
431 352 1
431 357 1
431 404 1
431 532 1
431 604 1
431 675 1
431 783 1
431 843 1
431 1152 1
431 1161 1
431 1195 1
431 1270 1
431 1474 1
431 1656 1
431 1703 1
431 1864 1
431 1915 1
431 2009 1
432 138 1
432 164 1
432 211 1
432 288 1
432 479 1
432 627 1
432 641 1
432 647 1
432 722 1
432 970 1
432 1039 1
432 1095 1
432 1115 1
432 1323 1
432 1480 1
432 1673 1
432 1812 1
433 157 1
433 215 1
433 403 1
433 452 1
433 890 1
433 972 1
433 1037 1
433 1524 1
433 1794 1
434 77 1
434 225 1
434 323 1
434 600 1
434 1600 1
434 1874 1
434 2017 1
435 315 1
435 322 1
435 531 1
435 580 1
435 696 1
435 839 1
435 963 1
435 1080 1
435 1319 1
435 1392 1
435 1601 1
435 1829 1
436 304 1
436 527 1
436 897 1
436 1328 1
436 1883 1
437 426 1
437 916 1
437 1577 1
437 1634 1
438 685 1
438 1017 1
438 1735 1
438 1761 1
438 1783 1
439 714 1
439 937 1
439 1306 1
440 110 1
440 780 1
440 799 1
440 1996 1
441 108 1
441 456 1
441 835 1
441 1077 1
441 1128 1
441 1135 1
441 1169 1
441 1490 1
442 44 1
442 240 1
442 299 1
442 524 1
442 886 1
442 962 1
442 997 1
442 1041 1
442 1163 1
442 1175 1
442 1351 1
442 1443 1
442 1487 1
442 1677 1
442 1702 1
442 1771 1
442 1817 1
442 1831 1
442 1921 1
443 49 1
443 104 1
443 134 1
443 260 1
443 290 1
443 422 1
443 506 1
443 523 1
443 558 1
443 639 1
443 758 1
443 880 1
443 921 1
443 977 1
443 1065 1
443 1200 1
443 1237 1
443 1394 1
443 1479 1
443 1483 1
443 1504 1
443 1528 1
443 1584 1
443 1597 1
443 1678 1
443 1700 1
443 1870 1
443 1958 1
443 1963 1
444 66 1
444 99 1
444 156 1
444 307 1
444 364 1
444 425 1
444 485 1
444 501 1
444 515 1
444 542 1
444 637 1
444 701 1
444 745 1
444 1005 1
444 1040 1
444 1087 1
444 1126 1
444 1143 1
444 1211 1
444 1308 1
444 1309 1
444 1378 1
444 1397 1
444 1405 1
444 1538 1
444 1578 1
444 1615 1
444 1617 1
444 1620 1
444 1711 1
444 1743 1
444 1748 1
444 1781 1
444 1814 1
444 1894 1
444 1926 1
444 1940 1
444 2021 1
444 2030 1
444 2038 1
444 2040 1
445 53 1
445 62 1
445 298 1
445 482 1
445 654 1
445 658 1
445 747 1
445 772 1
445 779 1
445 796 1
445 862 1
445 907 1
445 1007 1
445 1042 1
445 1122 1
445 1190 1
445 1241 1
445 1292 1
445 1300 1
445 1329 1
445 1431 1
445 1441 1
445 1498 1
445 1520 1
445 1587 1
445 1654 1
445 1671 1
445 1730 1
445 1764 1
445 1806 1
445 1841 1
445 1939 1
445 2025 1
446 90 1
446 149 1
446 259 1
446 283 1
446 392 1
446 416 1
446 431 1
446 488 1
446 510 1
446 684 1
446 740 1
446 914 1
446 969 1
446 1048 1
446 1068 1
446 1104 1
446 1182 1
446 1286 1
446 1322 1
446 1429 1
446 1437 1
446 1440 1
446 1684 1
446 1834 1
446 1950 1
446 1979 1
446 2016 1
447 94 1
447 397 1
447 484 1
447 494 1
447 503 1
447 741 1
447 933 1
447 1086 1
447 1119 1
447 1363 1
447 1419 1
447 1428 1
447 1434 1
447 1451 1
447 1517 1
447 1632 1
447 2020 1
447 2043 1
448 36 1
448 529 1
448 620 1
448 671 1
448 708 1
448 1008 1
448 1146 1
448 1362 1
448 1787 1
449 546 1
449 1015 1
449 1423 1
449 1722 1
449 2023 1
449 2034 1
450 339 1
450 979 1
450 1113 1
450 1395 1
450 1709 1
451 15 1
451 171 1
451 763 1
451 1337 1
451 1637 1
451 1704 1
451 1976 1
452 335 1
452 801 1
452 824 1
452 1013 1
452 1260 1
452 1408 1
452 1911 1
453 605 1
453 607 1
453 792 1
453 1232 1
454 606 1
454 1264 1
454 1421 1
454 1484 1
455 474 1
455 1239 1
455 1460 1
455 2006 1
456 263 1
456 281 1
456 477 1
456 650 1
456 757 1
456 834 1
456 951 1
456 1205 1
456 1263 1
456 1356 1
456 1359 1
456 1819 1
457 145 1
457 268 1
457 690 1
457 698 1
457 894 1
457 1198 1
457 1265 1
457 1697 1
457 1756 1
457 1836 1
457 1948 1
457 1983 1
458 87 1
458 187 1
458 216 1
458 217 1
458 218 1
458 360 1
458 393 1
458 401 1
458 466 1
458 470 1
458 582 1
458 831 1
458 917 1
458 950 1
458 1078 1
458 1311 1
458 1338 1
458 1464 1
458 1489 1
458 1602 1
458 1769 1
458 1882 1
458 1907 1
458 1946 1
458 1961 1
459 52 1
459 177 1
459 234 1
459 236 1
459 292 1
459 331 1
459 361 1
459 382 1
459 405 1
459 439 1
459 476 1
459 499 1
459 612 1
459 699 1
459 852 1
459 978 1
459 1035 1
459 1049 1
459 1094 1
459 1099 1
459 1100 1
459 1117 1
459 1172 1
459 1216 1
459 1219 1
459 1272 1
459 1316 1
459 1350 1
459 1449 1
459 1476 1
459 1548 1
459 1585 1
459 1625 1
459 1685 1
459 1721 1
459 1862 1
459 1877 1
459 1903 1
459 1965 1
459 2019 1
460 172 1
460 279 1
460 348 1
460 353 1
460 358 1
460 495 1
460 554 1
460 625 1
460 687 1
460 705 1
460 813 1
460 952 1
460 999 1
460 1000 1
460 1058 1
460 1188 1
460 1251 1
460 1386 1
460 1499 1
460 1549 1
460 1581 1
460 1659 1
460 1674 1
460 1707 1
460 1929 1
460 1966 1
461 68 1
461 74 1
461 107 1
461 168 1
461 303 1
461 330 1
461 386 1
461 412 1
461 788 1
461 901 1
461 992 1
461 1001 1
461 1221 1
461 1442 1
461 1506 1
461 1516 1
461 1557 1
461 1603 1
461 1635 1
461 1762 1
461 1797 1
461 1886 1
461 1973 1
461 1993 1
461 1995 1
462 324 1
462 365 1
462 453 1
462 1238 1
462 1257 1
462 1435 1
462 1663 1
462 1668 1
462 1688 1
462 1826 1
463 27 1
463 191 1
463 381 1
463 417 1
463 564 1
463 633 1
463 1025 1
463 1254 1
463 1290 1
463 1466 1
463 1844 1
463 1893 1
463 1908 1
463 2031 1
464 355 1
464 702 1
464 855 1
464 1142 1
464 1151 1
464 1314 1
464 1477 1
464 1527 1
465 42 1
465 615 1
465 1639 1
465 1738 1
465 1881 1
465 2000 1
466 539 1
466 928 1
466 1209 1
466 1818 1
467 350 1
467 919 1
467 1354 1
467 1511 1
467 2036 1
468 118 1
469 968 1
470 369 1
470 434 1
470 567 1
470 1850 1
470 1949 1
471 173 1
471 557 1
471 667 1
471 1403 1
471 1696 1
471 1739 1
472 430 1
472 765 1
472 866 1
472 935 1
472 936 1
472 993 1
472 1026 1
472 1054 1
472 1665 1
472 1725 1
472 1808 1
473 69 1
473 124 1
473 162 1
473 595 1
473 665 1
473 669 1
473 744 1
473 821 1
473 893 1
473 945 1
473 1060 1
473 1063 1
473 1515 1
473 1698 1
473 1782 1
474 63 1
474 67 1
474 75 1
474 76 1
474 221 1
474 274 1
474 359 1
474 366 1
474 552 1
474 616 1
474 657 1
474 678 1
474 734 1
474 1102 1
474 1224 1
474 1243 1
474 1412 1
474 1623 1
474 1740 1
474 1842 1
474 1868 1
474 1900 1
475 28 1
475 100 1
475 309 1
475 321 1
475 345 1
475 384 1
475 676 1
475 693 1
475 733 1
475 759 1
475 847 1
475 939 1
475 1203 1
475 1258 1
475 1297 1
475 1361 1
475 1372 1
475 1382 1
475 1401 1
475 1411 1
475 1680 1
475 1694 1
475 1745 1
475 1827 1
475 1837 1
475 1936 1
475 1941 1
475 1957 1
475 1967 1
475 2026 1
476 133 1
476 141 1
476 237 1
476 249 1
476 421 1
476 460 1
476 609 1
476 629 1
476 723 1
476 766 1
476 1081 1
476 1413 1
476 1604 1
476 1713 1
476 1784 1
476 1861 1
477 148 1
477 464 1
477 631 1
477 717 1
477 883 1
477 1162 1
477 1180 1
477 1248 1
477 1299 1
477 1420 1
477 1553 1
477 1571 1
477 1676 1
477 1744 1
477 1918 1
478 226 1
478 230 1
478 478 1
478 632 1
478 768 1
478 902 1
478 934 1
478 1134 1
478 1138 1
478 1186 1
478 1409 1
478 2041 1
479 489 1
479 493 1
479 1082 1
479 1210 1
479 1838 1
479 1922 1
480 198 1
480 998 1
480 1266 1
481 7 1
481 511 1
481 726 1
483 785 1
483 918 1
483 1109 1
483 1174 1
483 1856 1
484 1050 1
484 1586 1
485 587 1
485 784 1
485 1072 1
485 1889 1
486 666 1
486 898 1
486 1202 1
487 105 1
487 336 1
487 770 1
487 955 1
487 958 1
487 989 1
487 1012 1
487 1044 1
487 1800 1
488 78 1
488 143 1
488 190 1
488 327 1
488 328 1
488 367 1
488 396 1
488 433 1
488 725 1
488 807 1
488 825 1
488 920 1
488 1206 1
488 1312 1
488 1463 1
488 1478 1
488 1485 1
488 1523 1
488 1530 1
488 1609 1
488 1878 1
488 1923 1
489 4 1
489 23 1
489 233 1
489 428 1
489 455 1
489 471 1
489 472 1
489 583 1
489 661 1
489 709 1
489 746 1
489 791 1
489 819 1
489 1011 1
489 1016 1
489 1160 1
489 1228 1
489 1521 1
489 1613 1
489 1631 1
489 1910 1
489 1914 1
489 2010 1
489 2024 1
489 2044 1
490 40 1
490 126 1
490 144 1
490 185 1
490 195 1
490 214 1
490 319 1
490 507 1
490 597 1
490 680 1
490 686 1
490 736 1
490 767 1
490 860 1
490 911 1
490 1003 1
490 1075 1
490 1125 1
490 1149 1
490 1191 1
490 1207 1
490 1245 1
490 1336 1
490 1390 1
490 1472 1
490 1646 1
490 1772 1
490 1805 1
490 1871 1
490 1972 1
491 34 1
491 91 1
491 130 1
491 207 1
491 273 1
491 332 1
491 373 1
491 374 1
491 380 1
491 443 1
491 457 1
491 547 1
491 691 1
491 752 1
491 774 1
491 850 1
491 867 1
491 887 1
491 889 1
491 899 1
491 922 1
491 931 1
491 1024 1
491 1066 1
491 1127 1
491 1301 1
491 1364 1
491 1592 1
491 1924 1
491 1953 1
491 1977 1
492 85 1
492 229 1
492 257 1
492 295 1
492 394 1
492 402 1
492 414 1
492 419 1
492 446 1
492 538 1
492 585 1
492 878 1
492 1259 1
492 1273 1
492 1327 1
492 1360 1
492 1529 1
492 1710 1
492 1736 1
492 1776 1
492 1780 1
492 1930 1
492 1934 1
492 1951 1
493 5 1
493 720 1
493 1038 1
493 1061 1
493 1755 1
493 1890 1
494 208 1
494 724 1
494 730 1
494 1064 1
494 1284 1
494 1287 1
494 1379 1
494 1453 1
494 1469 1
494 1606 1
494 1865 1
495 500 1
495 782 1
495 865 1
495 1164 1
495 1717 1
496 95 1
496 1349 1
496 1775 1
496 1801 1
497 1540 1
498 1 1
498 93 1
498 194 1
498 735 1
498 2039 1
499 707 1
499 874 1
499 1129 1
499 1374 1
500 775 1
501 842 1
501 868 1
501 881 1
502 349 1
502 454 1
502 1550 1
502 1588 1
502 1809 1
503 6 1
503 83 1
503 165 1
503 270 1
503 310 1
503 411 1
503 555 1
503 588 1
503 857 1
503 861 1
503 1043 1
503 1325 1
503 1752 1
503 1815 1
503 1912 1
504 186 1
504 219 1
504 246 1
504 262 1
504 302 1
504 371 1
504 463 1
504 516 1
504 540 1
504 672 1
504 682 1
504 727 1
504 848 1
504 906 1
504 985 1
504 1009 1
504 1116 1
504 1145 1
504 1222 1
504 1320 1
504 1384 1
504 1576 1
504 1599 1
504 1624 1
504 1686 1
504 1705 1
504 1816 1
504 1905 1
504 1985 1
504 2004 1
505 12 1
505 150 1
505 159 1
505 181 1
505 228 1
505 458 1
505 512 1
505 563 1
505 651 1
505 777 1
505 981 1
505 1070 1
505 1197 1
505 1223 1
505 1267 1
505 1432 1
505 1439 1
505 1575 1
505 1594 1
505 1786 1
505 1863 1
505 1896 1
505 1898 1
505 1919 1
505 2001 1
505 2005 1
506 21 1
506 56 1
506 139 1
506 151 1
506 363 1
506 383 1
506 415 1
506 424 1
506 502 1
506 584 1
506 628 1
506 649 1
506 668 1
506 743 1
506 884 1
506 924 1
506 964 1
506 1030 1
506 1056 1
506 1074 1
506 1262 1
506 1285 1
506 1310 1
506 1438 1
506 1461 1
506 1733 1
506 1959 1
506 1987 1
507 26 1
507 97 1
507 146 1
507 286 1
507 409 1
507 544 1
507 568 1
507 624 1
507 683 1
507 803 1
507 941 1
507 967 1
507 1084 1
507 1114 1
507 1402 1
507 1567 1
507 1666 1
507 1708 1
507 2029 1
508 2 1
508 10 1
508 112 1
508 285 1
508 294 1
508 296 1
508 490 1
508 638 1
508 700 1
508 754 1
508 974 1
508 1246 1
508 1298 1
508 1331 1
508 1811 1
508 1875 1
508 1913 1
509 681 1
509 841 1
509 957 1
509 987 1
509 1076 1
509 1093 1
509 1112 1
509 1307 1
509 1330 1
510 132 1
510 154 1
510 486 1
510 530 1
510 822 1
510 1610 1
510 1737 1
510 1876 1
510 1928 1
510 1938 1
511 812 1
511 1133 1
511 1226 1
512 592 1
512 640 1
512 755 1
512 1820 1
512 1998 1
513 1110 1
513 1628 1
514 892 1
514 1537 1
515 1118 1
515 1645 1
515 1997 1
516 122 1
516 571 1
516 1184 1
516 2037 1
517 109 1
517 872 1
517 944 1
517 1280 1
517 1281 1
517 1452 1
517 1532 1
517 1640 1
518 19 1
518 43 1
518 227 1
518 338 1
518 385 1
518 399 1
518 626 1
518 877 1
518 947 1
518 1225 1
518 1304 1
518 1589 1
518 1851 1
519 13 1
519 231 1
519 254 1
519 282 1
519 287 1
519 370 1
519 437 1
519 915 1
519 1181 1
519 1383 1
519 1417 1
519 1509 1
519 1642 1
519 1670 1
519 1916 1
519 1969 1
519 1978 1
519 1999 1
519 2027 1
520 65 1
520 88 1
520 103 1
520 192 1
520 201 1
520 206 1
520 209 1
520 316 1
520 317 1
520 337 1
520 436 1
520 461 1
520 518 1
520 621 1
520 713 1
520 728 1
520 900 1
520 1018 1
520 1177 1
520 1288 1
520 1376 1
520 1410 1
520 1455 1
520 1512 1
520 1544 1
520 1608 1
520 1638 1
520 1869 1
520 1925 1
520 1991 1
521 82 1
521 116 1
521 245 1
521 447 1
521 448 1
521 603 1
521 619 1
521 816 1
521 836 1
521 988 1
521 1132 1
521 1187 1
521 1424 1
521 1546 1
521 1626 1
521 1835 1
521 1872 1
521 1984 1
521 1994 1
521 2048 1
522 120 1
522 175 1
522 184 1
522 238 1
522 247 1
522 271 1
522 311 1
522 334 1
522 413 1
522 467 1
522 481 1
522 508 1
522 562 1
522 737 1
522 896 1
522 943 1
522 994 1
522 1028 1
522 1165 1
522 1236 1
522 1278 1
522 1375 1
522 1475 1
522 1495 1
522 1591 1
522 1683 1
522 1734 1
522 1824 1
522 1927 1
523 89 1
523 748 1
523 908 1
523 1027 1
523 1052 1
523 1071 1
523 1139 1
523 1215 1
523 1247 1
523 1406 1
523 1481 1
523 1513 1
523 1561 1
523 1566 1
523 1714 1
523 1810 1
523 1888 1
523 1891 1
523 1952 1
523 1971 1
524 543 1
524 750 1
524 823 1
524 1212 1
524 1468 1
524 1482 1
524 1514 1
524 1667 1
524 1728 1
524 1754 1
524 1830 1
524 1853 1
525 167 1
525 387 1
525 575 1
525 751 1
525 761 1
525 1522 1
525 1804 1
525 1821 1
526 136 1
526 379 1
526 522 1
526 602 1
526 608 1
526 660 1
526 1324 1
526 2013 1
527 84 1
527 459 1
527 1158 1
528 196 1
528 480 1
528 2007 1
529 473 1
529 715 1
530 391 1
530 566 1
530 811 1
530 949 1
530 1689 1
531 37 1
531 1010 1
531 1045 1
531 1648 1
531 1792 1
531 1904 1
532 591 1
532 1201 1
532 1242 1
532 1486 1
532 1880 1
532 2015 1
533 178 1
533 223 1
533 496 1
533 513 1
533 551 1
533 653 1
533 806 1
533 840 1
533 927 1
533 1069 1
533 1124 1
533 1391 1
533 1627 1
534 147 1
534 200 1
534 205 1
534 659 1
534 677 1
534 808 1
534 1196 1
534 1344 1
534 1358 1
534 1368 1
534 1456 1
534 1462 1
534 1496 1
534 1568 1
534 1660 1
534 1724 1
534 1768 1
534 1793 1
534 1956 1
535 22 1
535 35 1
535 158 1
535 222 1
535 224 1
535 272 1
535 297 1
535 376 1
535 388 1
535 410 1
535 553 1
535 581 1
535 664 1
535 891 1
535 912 1
535 929 1
535 1055 1
535 1079 1
535 1192 1
535 1261 1
535 1271 1
535 1404 1
535 1414 1
535 1579 1
535 1718 1
535 1726 1
535 1759 1
535 1813 1
535 1843 1
535 1846 1
535 1885 1
535 1892 1
535 1935 1
535 1974 1
536 9 1
536 25 1
536 160 1
536 182 1
536 188 1
536 498 1
536 517 1
536 536 1
536 565 1
536 630 1
536 636 1
536 849 1
536 876 1
536 1021 1
536 1179 1
536 1295 1
536 1333 1
536 1343 1
536 1370 1
536 1447 1
536 1450 1
536 1493 1
536 1518 1
536 1664 1
536 1746 1
536 1750 1
536 1760 1
536 1766 1
536 1785 1
536 1823 1
536 1839 1
536 1947 1
536 1992 1
537 29 1
537 244 1
537 278 1
537 301 1
537 550 1
537 570 1
537 572 1
537 586 1
537 613 1
537 622 1
537 652 1
537 694 1
537 833 1
537 844 1
537 1167 1
537 1199 1
537 1208 1
537 1430 1
537 1547 1
537 1556 1
537 1559 1
537 1595 1
537 1655 1
537 1669 1
537 1679 1
537 1693 1
537 1751 1
537 1833 1
537 1848 1
537 1909 1
538 123 1
538 161 1
538 203 1
538 253 1
538 255 1
538 390 1
538 526 1
538 528 1
538 560 1
538 594 1
538 643 1
538 692 1
538 871 1
538 948 1
538 954 1
538 973 1
538 1057 1
538 1150 1
538 1193 1
538 1234 1
538 1526 1
538 1573 1
538 1596 1
538 1672 1
538 1822 1
538 1845 1
538 1859 1
538 1975 1
538 1982 1
539 117 1
539 280 1
539 514 1
539 589 1
539 642 1
539 718 1
539 764 1
539 853 1
539 869 1
539 925 1
539 1031 1
539 1034 1
539 1106 1
539 1148 1
539 1274 1
539 1554 1
539 1612 1
539 1622 1
539 1712 1
539 1770 1
539 2018 1
540 276 1
540 340 1
540 341 1
540 418 1
540 535 1
540 721 1
540 846 1
540 1176 1
540 1317 1
540 1365 1
540 1497 1
540 1803 1
540 1981 1
541 432 1
541 497 1
541 856 1
541 1233 1
541 2035 1
542 1954 1
542 2012 1
543 248 1
543 356 1
543 559 1
543 960 1
545 1053 1
545 1503 1
546 125 1
546 534 1
546 1313 1
546 1426 1
547 537 1
548 314 1
548 407 1
548 1366 1
548 1860 1
549 71 1
549 111 1
549 153 1
549 241 1
549 289 1
549 333 1
549 469 1
549 802 1
549 904 1
549 1244 1
549 1388 1
549 1629 1
549 1687 1
549 1989 1
550 18 1
550 64 1
550 135 1
550 169 1
550 204 1
550 212 1
550 267 1
550 293 1
550 400 1
550 451 1
550 468 1
550 541 1
550 645 1
550 697 1
550 778 1
550 789 1
550 1032 1
550 1121 1
550 1157 1
550 1217 1
550 1275 1
550 1381 1
550 1400 1
550 1507 1
550 1534 1
550 1647 1
550 1650 1
550 1690 1
550 2022 1
550 2045 1
551 16 1
551 32 1
551 134 1
551 166 1
551 179 1
551 180 1
551 213 1
551 239 1
551 318 1
551 354 1
551 429 1
551 438 1
551 442 1
551 519 1
551 556 1
551 576 1
551 578 1
551 712 1
551 769 1
551 786 1
551 826 1
551 851 1
551 875 1
551 910 1
551 956 1
551 1006 1
551 1062 1
551 1105 1
551 1156 1
551 1159 1
551 1213 1
551 1229 1
551 1252 1
551 1276 1
551 1334 1
551 1387 1
551 1393 1
551 1396 1
551 1416 1
551 1444 1
551 1446 1
551 1448 1
551 1494 1
551 1542 1
551 1565 1
551 1570 1
551 1644 1
551 1720 1
551 1732 1
551 1747 1
551 1895 1
551 1986 1
551 2046 1
552 115 1
552 129 1
552 163 1
552 220 1
552 232 1
552 284 1
552 315 1
552 325 1
552 462 1
552 521 1
552 719 1
552 731 1
552 864 1
552 996 1
552 1085 1
552 1107 1
552 1108 1
552 1140 1
552 1535 1
552 1552 1
552 1574 1
552 1649 1
552 1706 1
552 1729 1
552 1763 1
552 1774 1
552 1777 1
552 1858 1
552 1942 1
553 55 1
553 121 1
553 242 1
553 243 1
553 375 1
553 395 1
553 398 1
553 465 1
553 646 1
553 673 1
553 704 1
553 710 1
553 722 1
553 913 1
553 971 1
553 1103 1
553 1130 1
553 1371 1
553 1415 1
553 1433 1
553 1457 1
553 1471 1
553 1558 1
553 1618 1
553 1657 1
553 1727 1
553 1791 1
553 1937 1
553 1943 1
553 1944 1
554 80 1
554 266 1
554 1131 1
554 1171 1
554 1235 1
554 1465 1
554 1488 1
554 1505 1
554 1636 1
554 1799 1
555 24 1
555 46 1
555 98 1
555 210 1
555 258 1
555 729 1
555 795 1
555 879 1
555 885 1
555 942 1
555 984 1
555 1023 1
555 1073 1
555 1153 1
555 1305 1
555 1491 1
555 1562 1
555 1633 1
555 1802 1
555 1825 1
555 1867 1
555 2003 1
555 2032 1
555 2047 1
556 11 1
556 30 1
556 152 1
556 423 1
556 509 1
556 573 1
556 675 1
556 859 1
556 961 1
556 1022 1
556 1392 1
556 1454 1
556 1473 1
556 1731 1
557 45 1
557 183 1
557 449 1
557 1004 1
557 1090 1
557 1342 1
558 320 1
558 688 1
558 1790 1
559 716 1
559 976 1
559 1335 1
560 450 1
560 1318 1
560 1778 1
561 814 1
562 1240 1
562 1445 1
562 1611 1
562 1614 1
563 1059 1
563 1277 1
563 1832 1
564 51 1
564 483 1
564 863 1
564 1002 1
564 1367 1
564 1380 1
564 1661 1
564 1795 1
564 1796 1
564 1855 1
565 31 1
565 33 1
565 202 1
565 406 1
565 634 1
565 711 1
565 829 1
565 830 1
565 838 1
565 1136 1
565 1291 1
565 1347 1
565 1962 1
565 2011 1
566 57 1
566 174 1
566 313 1
566 342 1
566 344 1
566 352 1
566 440 1
566 444 1
566 520 1
566 656 1
566 670 1
566 695 1
566 800 1
566 810 1
566 965 1
566 980 1
566 1019 1
566 1083 1
566 1168 1
566 1194 1
566 1249 1
566 1293 1
566 1296 1
566 1332 1
566 1677 1
566 1692 1
566 1716 1
566 1788 1
567 61 1
567 96 1
567 102 1
567 189 1
567 343 1
567 357 1
567 435 1
567 561 1
567 798 1
567 815 1
567 873 1
567 959 1
567 969 1
567 1046 1
567 1096 1
567 1120 1
567 1183 1
567 1256 1
567 1270 1
567 1405 1
567 1418 1
567 1425 1
567 1458 1
567 1531 1
567 1563 1
567 1580 1
567 1607 1
567 1653 1
567 1658 1
567 1701 1
567 1719 1
567 1742 1
567 1887 1
567 2017 1
568 58 1
568 140 1
568 264 1
568 277 1
568 377 1
568 525 1
568 627 1
568 749 1
568 809 1
568 905 1
568 926 1
568 966 1
568 1020 1
568 1492 1
568 1498 1
568 1510 1
568 1564 1
568 1582 1
568 1616 1
568 1630 1
568 1757 1
568 1767 1
568 1789 1
568 1840 1
568 1955 1
568 1958 1
568 1980 1
569 36 1
569 197 1
569 288 1
569 417 1
569 533 1
569 599 1
569 991 1
569 995 1
569 1014 1
569 1029 1
569 1141 1
569 1155 1
569 1230 1
569 1302 1
569 1309 1
569 1339 1
569 1345 1
569 1348 1
569 1551 1
569 1673 1
569 1681 1
569 1779 1
569 1849 1
570 81 1
570 142 1
570 235 1
570 261 1
570 408 1
570 445 1
570 476 1
570 487 1
570 601 1
570 662 1
570 742 1
570 756 1
570 827 1
570 828 1
570 953 1
570 975 1
570 1089 1
570 1255 1
570 1279 1
570 1369 1
570 1441 1
570 1560 1
570 1621 1
571 41 1
571 114 1
571 291 1
571 308 1
571 372 1
571 569 1
571 940 1
571 1151 1
571 1178 1
571 1220 1
571 1355 1
571 1761 1
571 1884 1
571 1970 1
572 157 1
572 760 1
572 783 1
572 888 1
572 938 1
572 1294 1
572 1352 1
572 1502 1
572 1587 1
572 1715 1
572 2008 1
573 106 1
573 113 1
573 312 1
573 647 1
573 1111 1
573 1976 1
573 1988 1
574 773 1
574 1289 1
574 1378 1
575 607 1
575 1091 1
575 1577 1
576 579 1
576 794 1
576 963 1
576 1175 1
576 1656 1
576 1741 1
577 655 1
577 982 1
577 1519 1
579 131 1
579 890 1
579 1619 1
580 137 1
580 475 1
580 600 1
580 703 1
580 753 1
580 1077 1
580 1283 1
580 1303 1
580 1479 1
580 1572 1
581 8 1
581 17 1
581 101 1
581 119 1
581 193 1
581 346 1
581 685 1
581 732 1
581 762 1
581 781 1
581 817 1
581 1170 1
581 1373 1
581 1422 1
581 1427 1
581 1555 1
581 1590 1
581 1601 1
581 1753 1
581 1864 1
581 1945 1
581 2028 1
582 72 1
582 199 1
582 329 1
582 492 1
582 598 1
582 610 1
582 739 1
582 740 1
582 797 1
582 983 1
582 1033 1
582 1036 1
582 1098 1
582 1117 1
582 1144 1
582 1326 1
582 1340 1
582 1353 1
582 1389 1
582 1525 1
582 1620 1
582 1651 1
582 1870 1
582 1879 1
582 1906 1
583 99 1
583 108 1
583 170 1
583 250 1
583 368 1
583 403 1
583 505 1
583 644 1
583 832 1
583 1015 1
583 1101 1
583 1204 1
583 1300 1
583 1356 1
583 1357 1
583 1483 1
583 1794 1
583 1817 1
583 1852 1
583 1897 1
583 1902 1
583 1964 1
583 1990 1
583 2042 1
584 128 1
584 265 1
584 362 1
584 425 1
584 427 1
584 441 1
584 611 1
584 614 1
584 679 1
584 776 1
584 882 1
584 990 1
584 1068 1
584 1146 1
584 1147 1
584 1264 1
584 1268 1
584 1321 1
584 1341 1
584 1436 1
584 1539 1
584 1541 1
584 1675 1
584 1702 1
584 1812 1
584 1828 1
585 47 1
585 63 1
585 240 1
585 397 1
585 456 1
585 617 1
585 787 1
585 804 1
585 820 1
585 835 1
585 930 1
585 950 1
585 999 1
585 1051 1
585 1113 1
585 1237 1
585 1306 1
585 1394 1
585 1434 1
585 1524 1
585 1699 1
585 1901 1
585 2043 1
586 73 1
586 305 1
586 596 1
586 639 1
586 650 1
586 654 1
586 687 1
586 909 1
586 986 1
586 1041 1
586 1092 1
586 1137 1
586 1328 1
586 1480 1
586 1735 1
586 1807 1
586 1866 1
587 138 1
587 171 1
587 790 1
587 1104 1
587 1154 1
587 1308 1
587 1749 1
587 1963 1
587 2009 1
587 2033 1
587 2040 1
588 39 1
588 251 1
588 300 1
588 389 1
588 548 1
588 635 1
588 1039 1
588 1123 1
588 1190 1
588 1195 1
588 1292 1
588 1584 1
588 1703 1
588 2041 1
589 392 1
589 504 1
589 529 1
589 604 1
589 618 1
589 862 1
589 1169 1
589 1216 1
589 1920 1
589 1949 1
590 323 1
590 886 1
590 1877 1
591 290 1
592 1323 1
592 1662 1
593 70 1
593 1470 1
594 304 1
594 674 1
594 1185 1
594 1931 1
595 1037 1
595 1504 1
595 1598 1
596 176 1
596 269 1
596 574 1
596 1385 1
597 90 1
597 501 1
597 771 1
597 923 1
597 946 1
597 1163 1
597 1351 1
597 1421 1
597 1431 1
597 1440 1
597 1668 1
597 1678 1
597 1773 1
597 1783 1
597 1834 1
597 1847 1
597 1854 1
597 1915 1
598 38 1
598 66 1
598 104 1
598 145 1
598 259 1
598 260 1
598 298 1
598 351 1
598 515 1
598 524 1
598 549 1
598 580 1
598 590 1
598 741 1
598 744 1
598 792 1
598 894 1
598 933 1
598 972 1
598 1200 1
598 1211 1
598 1269 1
598 1499 1
598 1641 1
598 1743 1
598 1781 1
598 1874 1
598 1894 1
599 155 1
599 172 1
599 252 1
599 353 1
599 364 1
599 488 1
599 708 1
599 730 1
599 738 1
599 854 1
599 895 1
599 928 1
599 952 1
599 970 1
599 1067 1
599 1097 1
599 1173 1
599 1209 1
599 1227 1
599 1253 1
599 1286 1
599 1322 1
599 1536 1
599 1713 1
599 1841 1
599 1873 1
599 1917 1
599 2002 1
599 2034 1
599 2038 1
600 110 1
600 236 1
600 256 1
600 281 1
600 545 1
600 745 1
600 763 1
600 837 1
600 903 1
600 1035 1
600 1080 1
600 1218 1
600 1250 1
600 1354 1
600 1382 1
600 1395 1
600 1419 1
600 1428 1
600 1443 1
600 1449 1
600 1476 1
600 1487 1
600 1508 1
600 1520 1
600 1602 1
600 1682 1
600 1709 1
600 1711 1
600 1764 1
600 1903 1
600 1921 1
600 2019 1
600 2030 1
601 60 1
601 94 1
601 164 1
601 279 1
601 303 1
601 452 1
601 478 1
601 542 1
601 637 1
601 641 1
601 689 1
601 813 1
601 831 1
601 917 1
601 1119 1
601 1166 1
601 1260 1
601 1346 1
601 1557 1
601 1605 1
601 1691 1
601 1695 1
601 1844 1
601 1857 1
601 1933 1
602 460 1
602 479 1
602 482 1
602 577 1
602 620 1
602 955 1
602 1180 1
602 1189 1
602 1319 1
602 1327 1
602 1329 1
602 1516 1
602 1538 1
602 1593 1
602 1700 1
602 1765 1
602 1787 1
602 1806 1
603 44 1
603 216 1
603 426 1
603 747 1
603 921 1
603 945 1
603 1017 1
603 1239 1
603 1241 1
603 1652 1
603 1697 1
603 1911 1
603 1932 1
604 127 1
604 412 1
604 531 1
604 612 1
604 793 1
604 1314 1
605 1005 1
605 1437 1
605 1459 1
605 1617 1
605 1639 1
605 1960 1
606 1263 1
606 1600 1
607 3 1
607 48 1
607 77 1
607 510 1
607 951 1
607 1467 1
608 15 1
608 593 1
608 1115 1
609 499 1
610 361 1
610 1054 1
610 1142 1
610 1515 1
610 1533 1
611 623 1
611 1862 1
612 74 1
612 359 1
612 360 1
612 416 1
612 977 1
612 1040 1
612 1047 1
612 1095 1
612 1100 1
612 1771 1
613 54 1
613 177 1
613 355 1
613 491 1
613 605 1
613 701 1
613 834 1
613 914 1
613 1086 1
613 1122 1
613 1238 1
613 1442 1
613 1464 1
613 1477 1
613 1583 1
613 1597 1
613 1643 1
613 1665 1
613 1688 1
613 1723 1
613 1883 1
613 1940 1
613 2023 1
614 59 1
614 211 1
614 249 1
614 283 1
614 299 1
614 306 1
614 326 1
614 330 1
614 453 1
614 546 1
614 558 1
614 714 1
614 791 1
614 799 1
614 801 1
614 819 1
614 897 1
614 916 1
614 1042 1
614 1049 1
614 1058 1
614 1065 1
614 1087 1
614 1088 1
614 1099 1
614 1143 1
614 1198 1
614 1282 1
614 1377 1
614 1397 1
614 1411 1
614 1451 1
614 1489 1
614 1501 1
614 1581 1
614 1659 1
614 1684 1
614 1756 1
614 1758 1
614 1769 1
614 1819 1
614 1899 1
614 1922 1
614 1939 1
614 1950 1
614 1957 1
614 1965 1
614 1983 1
614 2036 1
615 42 1
615 79 1
615 92 1
615 234 1
615 331 1
615 378 1
615 420 1
615 477 1
615 532 1
615 705 1
615 726 1
615 770 1
615 779 1
615 978 1
615 979 1
615 997 1
615 1013 1
615 1063 1
615 1221 1
615 1224 1
615 1257 1
615 1350 1
615 1407 1
615 1423 1
615 1569 1
615 1613 1
615 1623 1
615 1634 1
615 1676 1
615 1722 1
615 1818 1
615 1837 1
615 1973 1
615 2000 1
616 118 1
616 187 1
616 191 1
616 422 1
616 506 1
616 567 1
616 606 1
616 796 1
616 845 1
616 870 1
616 1048 1
616 1232 1
616 1413 1
616 1517 1
616 1625 1
616 1707 1
616 1730 1
616 1762 1
616 1868 1
616 1882 1
616 1886 1
616 1968 1
616 2031 1
617 50 1
617 292 1
617 358 1
617 557 1
617 564 1
617 582 1
617 667 1
617 698 1
617 706 1
617 937 1
617 968 1
617 1408 1
617 1429 1
617 1603 1
617 1654 1
617 1696 1
617 1831 1
617 1836 1
617 1842 1
618 76 1
618 107 1
618 217 1
618 503 1
618 758 1
618 1500 1
618 1528 1
618 1721 1
618 1926 1
619 268 1
619 401 1
619 485 1
619 632 1
619 962 1
619 992 1
619 1243 1
619 1545 1
619 1548 1
619 1578 1
619 1798 1
619 1995 1
620 324 1
620 495 1
620 1637 1
621 648 1
621 920 1
621 1182 1
621 1316 1
622 20 1
622 1000 1
622 1026 1
622 1188 1
622 1231 1
622 1251 1
622 1363 1
622 1918 1
623 87 1
623 335 1
623 554 1
623 824 1
623 852 1
623 1826 1
624 275 1
624 464 1
624 1315 1
625 658 1
625 768 1
625 1186 1
625 1337 1
626 225 1
626 307 1
626 539 1
626 858 1
626 1632 1
626 1993 1
627 669 1
627 780 1
627 1001 1
627 1135 1
627 1214 1
628 14 1
628 53 1
628 75 1
628 215 1
628 489 1
628 523 1
628 527 1
628 1162 1
628 1219 1
628 1290 1
628 1297 1
628 1299 1
628 1359 1
628 1361 1
628 1401 1
628 1527 1
628 1698 1
628 1739 1
628 1748 1
628 1829 1
628 1898 1
629 68 1
629 149 1
629 218 1
629 321 1
629 336 1
629 347 1
629 470 1
629 595 1
629 616 1
629 696 1
629 805 1
629 839 1
629 880 1
629 935 1
629 1008 1
629 1078 1
629 1161 1
629 1254 1
629 1398 1
629 1420 1
629 1469 1
629 1478 1
629 1484 1
629 1523 1
629 1808 1
629 1889 1
629 1893 1
629 1961 1
629 1996 1
629 2010 1
629 2025 1
630 7 1
630 49 1
630 309 1
630 365 1
630 381 1
630 382 1
630 431 1
630 472 1
630 494 1
630 530 1
630 625 1
630 682 1
630 683 1
630 847 1
630 1025 1
630 1072 1
630 1094 1
630 1125 1
630 1126 1
630 1248 1
630 1399 1
630 1466 1
630 1521 1
630 1571 1
630 1585 1
630 1635 1
630 1694 1
630 1704 1
630 1814 1
630 1881 1
630 2020 1
631 126 1
631 583 1
631 665 1
631 788 1
631 893 1
631 936 1
631 1060 1
631 1128 1
631 1152 1
631 1311 1
631 1312 1
631 1511 1
631 1586 1
631 1725 1
631 1740 1
631 1850 1
631 1890 1
631 1908 1
631 2006 1
631 2021 1
631 2026 1
632 52 1
632 168 1
632 386 1
632 393 1
632 433 1
632 434 1
632 474 1
632 507 1
632 663 1
632 671 1
632 702 1
632 765 1
632 843 1
632 993 1
632 1056 1
632 1226 1
632 1529 1
632 1797 1
632 1923 1
632 1934 1
632 1966 1
633 198 1
633 221 1
633 404 1
633 597 1
633 759 1
633 855 1
633 899 1
633 998 1
633 1205 1
633 1265 1
633 1320 1
633 1384 1
633 1506 1
633 1543 1
633 1553 1
633 1941 1
633 2014 1
634 208 1
634 402 1
634 631 1
634 766 1
634 818 1
634 958 1
634 1044 1
634 1172 1
634 1203 1
634 1372 1
634 1412 1
634 1861 1
635 162 1
635 807 1
635 1016 1
635 1043 1
635 1530 1
635 1540 1
635 1549 1
635 1705 1
635 1782 1
636 752 1
636 772 1
636 821 1
636 1310 1
636 1490 1
637 148 1
637 860 1
637 1744 1
637 1856 1
639 237 1
639 257 1
639 439 1
639 1736 1
640 825 1
640 1138 1
640 1609 1
641 1109 1
641 1680 1
642 4 1
642 339 1
642 466 1
642 932 1
642 1878 1
643 62 1
643 1066 1
643 1272 1
643 1386 1
643 1435 1
643 1646 1
643 1671 1
644 23 1
644 27 1
644 133 1
644 144 1
644 226 1
644 405 1
644 428 1
644 493 1
644 678 1
644 690 1
644 1075 1
644 1081 1
644 1374 1
644 1827 1
644 1910 1
644 1946 1
645 86 1
645 332 1
645 345 1
645 350 1
645 369 1
645 455 1
645 457 1
645 484 1
645 587 1
645 676 1
645 757 1
645 887 1
645 898 1
645 1009 1
645 1266 1
645 1685 1
645 1959 1
646 40 1
646 229 1
646 322 1
646 363 1
646 430 1
646 633 1
646 666 1
646 889 1
646 989 1
646 1050 1
646 1267 1
646 1331 1
646 1403 1
646 1409 1
646 1604 1
646 2016 1
647 69 1
647 130 1
647 230 1
647 270 1
647 337 1
647 374 1
647 421 1
647 511 1
647 516 1
647 649 1
647 723 1
647 767 1
647 803 1
647 878 1
647 1011 1
647 1460 1
647 1561 1
647 1576 1
647 1615 1
647 1717 1
647 1755 1
647 1900 1
647 2001 1
647 2024 1
647 2044 1
648 143 1
648 192 1
648 263 1
648 286 1
648 552 1
648 691 1
648 733 1
648 822 1
648 1134 1
648 1287 1
648 1379 1
648 1537 1
648 1550 1
648 1599 1
648 1674 1
648 1772 1
648 1776 1
649 327 1
649 366 1
649 367 1
649 555 1
649 907 1
649 1160 1
649 1223 1
649 1463 1
649 1800 1
649 1810 1
649 1985 1
650 6 1
650 380 1
650 396 1
650 624 1
650 661 1
650 734 1
650 736 1
650 1228 1
650 1686 1
650 2029 1
651 21 1
651 28 1
651 42 1
651 47 1
651 70 1
651 73 1
651 274 1
651 680 1
651 1907 1
652 629 1
652 884 1
652 1116 1
652 1880 1
652 1896 1
653 49 1
653 52 1
653 124 1
653 207 1
653 1816 1
654 34 1
654 379 1
655 156 1
655 1273 1
655 1972 1
656 63 1
656 77 1
656 81 1
657 45 1
657 76 1
657 82 1
657 547 1
657 1210 1
657 1871 1
657 1875 1
658 79 1
658 1979 1
659 50 1
659 62 1
659 295 1
659 384 1
659 544 1
659 615 1
659 628 1
659 1780 1
659 1805 1
660 43 1
660 80 1
660 85 1
660 414 1
660 454 1
660 471 1
660 500 1
660 584 1
660 902 1
660 1007 1
660 1082 1
660 1149 1
660 1360 1
660 1474 1
660 1514 1
660 1663 1
660 1936 1
660 1967 1
661 46 1
661 186 1
661 413 1
661 585 1
661 725 1
661 785 1
661 842 1
661 883 1
661 1028 1
661 1030 1
661 1129 1
661 1212 1
661 1375 1
661 1851 1
661 1930 1
661 1991 1
662 151 1
662 273 1
662 296 1
662 446 1
662 651 1
662 709 1
662 715 1
662 737 1
662 775 1
662 777 1
662 812 1
662 924 1
662 1061 1
662 1102 1
662 1114 1
662 1184 1
662 1202 1
662 1338 1
662 1364 1
662 1485 1
662 1924 1
662 2004 1
663 82 1
663 165 1
663 194 1
663 463 1
663 486 1
663 699 1
663 707 1
663 724 1
663 944 1
663 1064 1
663 1259 1
663 1624 1
663 1640 1
663 1683 1
663 1708 1
663 1784 1
663 1820 1
664 48 1
664 63 1
664 67 1
664 411 1
664 443 1
664 626 1
664 774 1
664 1024 1
664 1786 1
664 1792 1
664 1914 1
664 1919 1
664 1948 1
665 5 1
665 42 1
665 103 1
665 161 1
665 195 1
665 262 1
665 383 1
665 693 1
665 857 1
665 1093 1
665 1145 1
665 1556 1
665 1592 1
665 1631 1
665 1752 1
666 105 1
666 394 1
666 881 1
666 1110 1
666 1174 1
666 1448 1
666 1710 1
666 1986 1
667 65 1
667 70 1
667 528 1
667 749 1
667 931 1
667 1969 1
668 49 1
668 816 1
668 1424 1
668 1575 1
668 1811 1
668 1833 1
669 50 1
669 76 1
669 150 1
669 1734 1
670 246 1
670 1925 1
671 228 1
671 684 1
671 1648 1
672 44 1
672 67 1
672 419 1
672 1247 1
673 1281 1
674 68 1
674 95 1
674 282 1
674 918 1
674 1402 1
674 1522 1
674 1567 1
674 1929 1
675 181 1
675 233 1
675 543 1
675 638 1
675 681 1
675 841 1
675 872 1
675 1084 1
675 1132 1
675 1222 1
675 1304 1
675 1462 1
675 1760 1
675 1912 1
676 13 1
676 26 1
676 89 1
676 120 1
676 310 1
676 458 1
676 538 1
676 588 1
676 640 1
676 664 1
676 755 1
676 869 1
676 900 1
676 1071 1
676 1179 1
676 1336 1
676 1535 1
676 1670 1
676 1726 1
676 1913 1
677 35 1
677 54 1
677 56 1
677 71 1
677 73 1
677 79 1
677 180 1
677 287 1
677 563 1
677 568 1
677 672 1
677 686 1
677 717 1
677 1052 1
677 1206 1
677 1284 1
677 1325 1
677 1453 1
677 1579 1
677 1610 1
677 1809 1
677 1916 1
677 1998 1
678 97 1
678 123 1
678 239 1
678 245 1
678 253 1
678 285 1
678 319 1
678 328 1
678 473 1
678 481 1
678 589 1
678 608 1
678 657 1
678 700 1
678 713 1
678 754 1
678 782 1
678 861 1
678 865 1
678 867 1
678 987 1
678 994 1
678 1003 1
678 1038 1
678 1127 1
678 1187 1
678 1207 1
678 1362 1
678 1452 1
678 1461 1
678 1482 1
678 1754 1
678 1869 1
678 2007 1
678 2048 1
679 25 1
679 74 1
679 83 1
679 109 1
679 348 1
679 668 1
679 769 1
679 853 1
679 974 1
679 1107 1
679 1343 1
679 1731 1
679 1815 1
679 1863 1
679 1951 1
680 63 1
680 64 1
680 154 1
680 185 1
680 188 1
680 224 1
680 409 1
680 498 1
680 508 1
680 675 1
680 735 1
680 751 1
680 868 1
680 954 1
680 981 1
680 1076 1
680 1197 1
680 1689 1
680 1876 1
681 50 1
681 214 1
681 219 1
681 502 1
681 622 1
681 826 1
681 1258 1
681 1307 1
681 1628 1
681 1845 1
681 1927 1
682 173 1
682 267 1
682 692 1
682 919 1
683 43 1
683 248 1
683 271 1
683 746 1
683 795 1
683 1518 1
684 53 1
684 371 1
684 592 1
684 609 1
684 901 1
684 929 1
684 1018 1
684 1481 1
685 45 1
685 964 1
685 1475 1
685 1984 1
686 60 1
686 1275 1
687 75 1
687 76 1
687 175 1
687 223 1
687 255 1
687 341 1
687 399 1
687 436 1
687 1645 1
687 1835 1
688 50 1
688 62 1
689 1165 1
689 1432 1
690 19 1
690 77 1
690 159 1
690 947 1
690 1012 1
690 1150 1
690 1417 1
690 1999 1
690 2015 1
691 76 1
691 77 1
691 93 1
691 116 1
691 302 1
691 385 1
691 467 1
691 512 1
691 562 1
691 659 1
691 720 1
691 848 1
691 871 1
691 877 1
691 911 1
691 939 1
691 941 1
691 988 1
691 1201 1
691 1236 1
691 1383 1
691 1468 1
691 1486 1
691 1495 1
691 1589 1
691 1594 1
691 1644 1
691 1888 1
691 1974 1
691 2037 1
692 37 1
692 112 1
692 122 1
692 429 1
692 636 1
692 653 1
692 849 1
692 896 1
692 908 1
692 943 1
692 1148 1
692 1167 1
692 1192 1
692 1199 1
692 1225 1
692 1245 1
692 1324 1
692 1330 1
692 1376 1
692 1410 1
692 1438 1
692 1445 1
692 1456 1
692 1496 1
692 1565 1
692 1612 1
692 1638 1
692 1642 1
692 1647 1
692 1667 1
692 1728 1
692 1830 1
692 1848 1
692 1885 1
692 1905 1
692 1977 1
692 2013 1
693 33 1
693 69 1
693 117 1
693 203 1
693 294 1
693 519 1
693 613 1
693 743 1
693 915 1
693 1027 1
693 1133 1
693 1177 1
693 1268 1
693 1271 1
693 1298 1
693 1447 1
693 1546 1
693 1747 1
693 1750 1
693 1853 1
693 1865 1
693 1872 1
693 1892 1
693 1994 1
694 10 1
694 42 1
694 81 1
694 136 1
694 146 1
694 178 1
694 297 1
694 317 1
694 400 1
694 513 1
694 756 1
694 761 1
694 1023 1
694 1057 1
694 1124 1
694 1158 1
694 1406 1
694 1455 1
694 1471 1
694 1724 1
694 1846 1
695 12 1
695 24 1
695 72 1
695 81 1
695 163 1
695 200 1
695 247 1
695 278 1
695 375 1
695 423 1
695 496 1
695 621 1
695 646 1
695 722 1
695 760 1
695 927 1
695 948 1
695 960 1
695 1215 1
695 1234 1
695 1280 1
695 1370 1
695 1418 1
695 1439 1
695 1444 1
695 1450 1
695 1454 1
695 1544 1
695 1559 1
695 1606 1
695 1656 1
695 1779 1
696 45 1
696 62 1
696 147 1
696 483 1
696 518 1
696 551 1
696 591 1
696 806 1
696 892 1
696 906 1
696 1069 1
696 1507 1
696 1560 1
696 1733 1
696 1774 1
696 1909 1
696 1997 1
697 59 1
697 77 1
697 125 1
697 536 1
697 550 1
697 643 1
697 727 1
697 728 1
697 836 1
697 1233 1
697 1441 1
697 1493 1
697 1502 1
697 1660 1
697 1838 1
697 1935 1
698 43 1
698 78 1
698 166 1
698 182 1
698 602 1
698 738 1
698 874 1
698 1021 1
698 1022 1
698 1053 1
698 1285 1
698 1396 1
698 1427 1
698 1497 1
698 1821 1
698 1824 1
698 1956 1
698 2012 1
699 29 1
699 32 1
699 67 1
699 79 1
699 100 1
699 227 1
699 376 1
699 607 1
699 802 1
699 1390 1
699 1505 1
700 30 1
700 729 1
700 1193 1
700 1664 1
700 1843 1
701 47 1
701 88 1
701 424 1
701 462 1
702 63 1
702 69 1
702 800 1
702 1019 1
702 1404 1
702 1867 1
703 141 1
703 534 1
703 1503 1
703 1859 1
704 76 1
704 170 1
704 1679 1
705 69 1
705 102 1
705 1391 1
705 1745 1
706 48 1
706 390 1
706 406 1
706 866 1
706 1020 1
706 1334 1
706 1473 1
706 1801 1
707 1 1
707 73 1
707 231 1
707 388 1
707 415 1
707 540 1
707 712 1
707 784 1
707 1070 1
707 1074 1
707 1164 1
707 1196 1
707 1213 1
707 1301 1
707 1313 1
707 1510 1
707 1526 1
707 1564 1
707 1715 1
707 1775 1
707 1813 1
707 2039 1
708 48 1
708 184 1
708 196 1
708 447 1
708 603 1
708 844 1
708 973 1
708 1141 1
708 1244 1
708 1295 1
708 1368 1
708 1400 1
708 1534 1
708 1552 1
708 1570 1
708 1573 1
708 1627 1
708 1860 1
708 1904 1
708 1958 1
709 58 1
709 75 1
709 111 1
709 113 1
709 137 1
709 241 1
709 315 1
709 318 1
709 468 1
709 553 1
709 719 1
709 934 1
709 959 1
709 961 1
709 975 1
709 1055 1
709 1062 1
709 1262 1
709 1344 1
709 1405 1
709 1577 1
709 1712 1
709 1803 1
709 1812 1
709 1938 1
709 1947 1
709 1971 1
709 1975 1
710 9 1
710 18 1
710 57 1
710 58 1
710 418 1
710 517 1
710 575 1
710 619 1
710 673 1
710 688 1
710 891 1
710 922 1
710 967 1
710 1029 1
710 1112 1
710 1156 1
710 1176 1
710 1229 1
710 1242 1
710 1291 1
710 1305 1
710 1349 1
710 1358 1
710 1366 1
710 1426 1
710 1539 1
710 1690 1
710 1891 1
710 1987 1
711 62 1
711 91 1
711 189 1
711 222 1
711 243 1
711 244 1
711 293 1
711 314 1
711 340 1
711 391 1
711 448 1
711 781 1
711 840 1
711 1002 1
711 1079 1
711 1140 1
711 1488 1
711 1655 1
711 1777 1
712 2 1
712 75 1
712 81 1
712 197 1
712 254 1
712 264 1
712 338 1
712 373 1
712 459 1
712 904 1
712 912 1
712 1089 1
712 1118 1
712 1622 1
712 1636 1
712 1666 1
712 1738 1
712 1770 1
712 1778 1
712 1804 1
712 1952 1
712 1992 1
713 209 1
713 349 1
713 356 1
713 614 1
713 786 1
713 864 1
713 982 1
713 1101 1
713 1278 1
713 1381 1
713 1566 1
714 31 1
714 48 1
714 153 1
714 266 1
714 469 1
714 645 1
714 808 1
714 991 1
714 1823 1
714 1884 1
715 62 1
715 79 1
715 212 1
715 1032 1
715 1261 1
715 1595 1
716 407 1
716 522 1
716 697 1
716 789 1
717 833 1
717 940 1
717 1729 1
718 61 1
718 210 1
719 62 1
719 64 1
719 71 1
719 313 1
719 572 1
719 721 1
719 762 1
719 971 1
719 995 1
720 1191 1
720 1928 1
721 48 1
721 57 1
721 70 1
721 134 1
721 334 1
721 559 1
721 873 1
721 1457 1
721 1574 1
722 68 1
722 190 1
722 291 1
722 442 1
722 535 1
722 570 1
722 778 1
722 1130 1
722 1294 1
723 114 1
723 461 1
723 480 1
723 566 1
723 581 1
723 1006 1
723 1108 1
723 1246 1
723 1252 1
723 1302 1
723 1335 1
723 1480 1
723 1491 1
723 1492 1
723 1554 1
723 1572 1
723 1681 1
723 1839 1
723 1976 1
723 2027 1
724 242 1
724 289 1
724 325 1
724 475 1
724 594 1
724 627 1
724 647 1
724 827 1
724 838 1
724 850 1
724 910 1
724 926 1
724 1031 1
724 1249 1
724 1317 1
724 1394 1
724 1531 1
724 1591 1
724 1633 1
724 1677 1
724 1789 1
724 1970 1
724 1981 1
725 46 1
725 49 1
725 70 1
725 99 1
725 300 1
725 344 1
725 352 1
725 395 1
725 398 1
725 408 1
725 497 1
725 573 1
725 586 1
725 598 1
725 652 1
725 764 1
725 875 1
725 876 1
725 879 1
725 956 1
725 1045 1
725 1318 1
725 1416 1
725 1465 1
725 1509 1
725 1608 1
725 1626 1
725 1706 1
725 1761 1
725 1903 1
725 1955 1
725 2005 1
725 2042 1
726 129 1
726 152 1
726 167 1
726 183 1
726 213 1
726 265 1
726 276 1
726 301 1
726 311 1
726 320 1
726 346 1
726 440 1
726 451 1
726 520 1
726 526 1
726 654 1
726 694 1
726 925 1
726 953 1
726 986 1
726 996 1
726 1034 1
726 1217 1
726 1283 1
726 1371 1
726 1392 1
726 1446 1
726 1458 1
726 1669 1
726 1692 1
726 1737 1
726 1746 1
726 1785 1
726 1791 1
726 1879 1
726 1988 1
727 76 1
727 277 1
727 342 1
727 576 1
727 1085 1
727 1105 1
727 1171 1
727 1208 1
727 1342 1
727 1353 1
727 1596 1
727 1742 1
727 1790 1
727 1793 1
727 1795 1
727 1870 1
727 1894 1
727 1953 1
727 2017 1
728 139 1
728 316 1
728 370 1
728 541 1
728 753 1
728 863 1
728 1014 1
728 1163 1
728 1357 1
728 1388 1
728 1519 1
728 1630 1
728 1768 1
728 2032 1
729 449 1
729 450 1
729 509 1
729 662 1
729 969 1
729 972 1
729 1216 1
730 22 1
730 43 1
730 115 1
730 258 1
730 744 1
730 942 1
730 976 1
730 980 1
730 1380 1
730 1512 1
730 1673 1
730 1759 1
730 1982 1
731 121 1
731 220 1
731 1293 1
732 46 1
732 49 1
732 1858 1
733 66 1
733 67 1
733 71 1
733 79 1
733 160 1
733 670 1
733 731 1
734 794 1
734 828 1
734 957 1
734 1563 1
734 1788 1
734 2003 1
735 77 1
736 36 1
736 44 1
736 1274 1
737 65 1
737 81 1
737 288 1
737 312 1
737 372 1
737 660 1
737 965 1
737 1154 1
737 1419 1
737 1433 1
737 1620 1
737 1714 1
737 1840 1
737 1895 1
737 1978 1
738 56 1
738 138 1
738 232 1
738 333 1
738 569 1
738 1004 1
738 1046 1
738 1235 1
738 1470 1
738 1513 1
738 1607 1
738 1763 1
738 2041 1
739 84 1
739 101 1
739 171 1
739 199 1
739 202 1
739 362 1
739 427 1
739 514 1
739 677 1
739 695 1
739 718 1
739 742 1
739 790 1
739 809 1
739 1136 1
739 1153 1
739 1159 1
739 1230 1
739 1255 1
739 1303 1
739 1321 1
739 1436 1
739 1479 1
739 1494 1
739 1541 1
739 1629 1
739 1825 1
739 2008 1
740 42 1
740 145 1
740 284 1
740 353 1
740 377 1
740 387 1
740 452 1
740 465 1
740 529 1
740 556 1
740 634 1
740 716 1
740 771 1
740 835 1
740 963 1
740 1033 1
740 1123 1
740 1276 1
740 1333 1
740 1339 1
740 1340 1
740 1414 1
740 1616 1
740 1619 1
740 1783 1
740 1799 1
740 1802 1
740 1828 1
740 1832 1
740 1887 1
740 1906 1
740 1964 1
740 1989 1
741 72 1
741 80 1
741 132 1
741 169 1
741 250 1
741 417 1
741 617 1
741 984 1
741 990 1
741 1036 1
741 1139 1
741 1178 1
741 1323 1
741 1367 1
741 1373 1
741 1525 1
741 1661 1
741 1757 1
741 1796 1
741 1937 1
741 2002 1
741 2034 1
742 8 1
742 58 1
742 108 1
742 135 1
742 164 1
742 426 1
742 437 1
742 527 1
742 546 1
742 641 1
742 674 1
742 708 1
742 776 1
742 798 1
742 1073 1
742 1092 1
742 1111 1
742 1120 1
742 1260 1
742 1352 1
742 1389 1
742 1483 1
742 1508 1
742 1533 1
742 1618 1
742 1658 1
742 1901 1
742 2011 1
742 2018 1
742 2022 1
742 2035 1
743 57 1
743 193 1
743 357 1
743 537 1
743 732 1
743 747 1
743 748 1
743 890 1
743 909 1
743 1010 1
743 1106 1
743 1326 1
743 1568 1
743 1580 1
743 1582 1
743 1701 1
743 1864 1
744 39 1
744 47 1
744 280 1
744 308 1
744 639 1
744 656 1
744 999 1
744 1104 1
744 1532 1
744 1650 1
744 1751 1
745 64 1
745 201 1
745 256 1
745 444 1
745 1131 1
745 1169 1
745 1345 1
745 1387 1
745 1430 1
745 1487 1
745 1584 1
745 1693 1
745 2045 1
746 57 1
746 77 1
746 460 1
746 478 1
746 533 1
746 655 1
746 832 1
746 888 1
746 913 1
746 917 1
746 1545 1
746 1699 1
746 1748 1
746 1767 1
746 1943 1
746 2046 1
747 610 1
747 797 1
747 1170 1
747 1355 1
747 1807 1
748 57 1
748 66 1
748 70 1
748 829 1
748 1499 1
748 1562 1
748 1806 1
749 59 1
749 476 1
749 1144 1
749 1587 1
749 1765 1
750 58 1
750 432 1
750 464 1
750 593 1
750 1239 1
750 1256 1
750 2048 0
