1 89 1
1 90 1
1 104 1
1 125 1
1 148 1
1 161 1
1 162 1
1 163 1
1 164 1
1 165 1
1 177 1
1 183 1
1 194 1
1 205 1
1 236 1
1 247 1
1 250 1
1 251 1
1 257 1
1 264 1
1 267 1
1 268 1
1 272 1
1 278 1
1 287 1
1 289 1
1 309 1
1 385 1
1 393 1
1 433 1
1 448 1
1 450 1
1 482 1
1 504 1
1 509 1
1 511 1
1 522 1
1 529 1
1 589 1
1 616 1
1 620 1
1 638 1
1 671 1
1 672 1
1 685 1
1 704 1
1 736 1
1 765 1
1 781 1
1 812 1
1 852 1
1 868 1
1 870 1
1 872 1
1 900 1
1 914 1
1 944 1
1 965 1
1 969 1
1 1002 1
1 1019 1
1 1047 1
1 1057 1
1 1058 1
1 1073 1
1 1107 1
1 1121 1
1 1122 1
1 1132 1
1 1146 1
1 1164 1
1 1175 1
1 1199 1
1 1251 1
1 1258 1
1 1267 1
1 1268 1
1 1274 1
1 1329 1
1 1337 1
1 1376 1
1 1395 1
1 1400 1
1 1403 1
1 1414 1
1 1443 1
1 1451 1
1 1461 1
1 1468 1
1 1549 1
1 1552 1
1 1562 1
1 1577 1
1 1608 1
1 1614 1
1 1635 1
1 1671 1
1 1682 1
1 1699 1
1 1728 1
1 1738 1
1 1755 1
1 1760 1
1 1768 1
1 1802 1
1 1803 1
1 1817 1
1 1825 1
1 1829 1
1 1841 1
1 1897 1
1 1900 1
1 1904 1
1 1961 1
1 1998 1
1 2006 1
1 2012 1
2 36 1
2 45 1
2 131 1
2 151 1
2 187 1
2 222 1
2 239 1
2 266 1
2 284 1
2 290 1
2 373 1
2 376 1
2 380 1
2 415 1
2 425 1
2 479 1
2 483 1
2 487 1
2 489 1
2 508 1
2 528 1
2 552 1
2 553 1
2 580 1
2 632 1
2 665 1
2 680 1
2 713 1
2 738 1
2 775 1
2 796 1
2 809 1
2 811 1
2 814 1
2 827 1
2 893 1
2 919 1
2 953 1
2 960 1
2 970 1
2 973 1
2 982 1
2 1039 1
2 1048 1
2 1066 1
2 1080 1
2 1100 1
2 1143 1
2 1170 1
2 1173 1
2 1188 1
2 1209 1
2 1249 1
2 1293 1
2 1368 1
2 1390 1
2 1528 1
2 1612 1
2 1633 1
2 1660 1
2 1670 1
2 1675 1
2 1686 1
2 1713 1
2 1717 1
2 1722 1
2 1810 1
2 1824 1
2 1844 1
2 1848 1
2 1853 1
2 1869 1
2 1881 1
2 1883 1
2 1932 1
2 1933 1
2 1945 1
2 1954 1
2 1963 1
2 1980 1
2 2017 1
2 2028 1
2 2041 1
3 92 1
3 190 1
3 480 1
3 858 1
3 922 1
3 986 1
3 1060 1
3 1377 1
3 1454 1
3 1539 1
3 1637 1
3 1662 1
3 1806 1
3 1808 1
3 1837 1
3 1843 1
3 2016 1
4 4 1
4 20 1
4 1460 1
5 27 1
5 1922 1
5 1950 1
6 32 1
7 3 1
7 30 1
7 31 1
8 10 1
8 129 1
9 6 1
9 23 1
9 28 1
11 4 1
11 15 1
12 16 1
12 30 1
13 2 1
13 36 1
14 41 1
15 707 1
16 29 1
17 38 1
17 40 1
18 1 1
19 9 1
20 15 1
21 9 1
21 27 1
21 31 1
22 5 1
22 9 1
22 33 1
23 18 1
24 41 1
25 15 1
25 19 1
25 26 1
25 41 1
26 3 1
26 38 1
27 28 1
28 13 1
30 2 1
30 20 1
31 11 1
31 35 1
32 9 1
32 13 1
33 6 1
33 14 1
33 23 1
33 29 1
34 4 1
35 903 1
37 15 1
37 31 1
37 36 1
38 399 1
38 1458 1
39 3 1
39 12 1
39 285 1
39 930 1
39 1804 1
40 8 1
40 18 1
40 26 1
40 829 1
42 39 1
42 475 1
42 1118 1
44 1990 1
45 6 1
45 22 1
45 364 1
45 1027 1
47 245 1
48 820 1
48 1968 1
48 2029 1
49 332 1
50 16 1
50 27 1
50 1393 1
50 1432 1
50 2034 1
51 288 1
51 397 1
51 1356 1
51 1680 1
51 1811 1
52 16 1
52 112 1
52 225 1
52 315 1
52 468 1
52 1003 1
52 1005 1
52 1373 1
52 1453 1
52 1531 1
52 1634 1
52 1724 1
52 1767 1
52 1850 1
52 1890 1
52 2027 1
53 117 1
53 174 1
53 226 1
53 405 1
53 440 1
53 690 1
53 856 1
53 1096 1
53 1114 1
53 1116 1
53 1159 1
54 3 1
54 329 1
54 345 1
54 389 1
54 538 1
54 750 1
54 1078 1
54 1093 1
54 1105 1
54 1330 1
54 1611 1
54 1766 1
55 1 1
55 26 1
55 45 1
55 65 1
55 195 1
55 239 1
55 473 1
55 507 1
55 617 1
55 782 1
55 1505 1
55 1554 1
55 1670 1
55 1991 1
55 1998 1
56 16 1
56 25 1
56 133 1
56 796 1
56 822 1
56 977 1
56 1338 1
56 1424 1
56 1515 1
56 1576 1
56 1723 1
56 1849 1
56 2032 1
57 9 1
57 15 1
57 48 1
57 76 1
57 201 1
57 388 1
57 395 1
57 1148 1
57 1262 1
57 1342 1
57 1440 1
57 1873 1
57 1951 1
58 150 1
58 1087 1
58 2033 1
59 2 1
59 18 1
59 344 1
60 1 1
60 11 1
60 338 1
60 813 1
60 882 1
61 16 1
61 629 1
61 1184 1
61 1617 1
61 1655 1
62 328 1
62 1235 1
62 1743 1
63 41 1
63 1786 1
64 261 1
64 275 1
64 535 1
64 694 1
64 1061 1
64 1102 1
64 1599 1
64 1615 1
64 1831 1
65 346 1
65 491 1
65 725 1
65 864 1
65 1083 1
65 1092 1
65 1123 1
65 1462 1
66 20 1
66 33 1
66 62 1
66 157 1
66 158 1
66 212 1
66 218 1
66 429 1
66 613 1
66 673 1
66 688 1
66 897 1
66 951 1
66 1050 1
66 1135 1
66 1296 1
66 1379 1
66 1463 1
66 1530 1
66 1645 1
66 1736 1
66 1758 1
67 59 1
67 143 1
67 196 1
67 279 1
67 294 1
67 339 1
67 412 1
67 515 1
67 534 1
67 570 1
67 642 1
67 669 1
67 696 1
67 794 1
67 824 1
67 834 1
67 940 1
67 957 1
67 1064 1
67 1133 1
67 1194 1
67 1195 1
67 1406 1
67 1568 1
67 1578 1
67 1590 1
67 1610 1
67 1805 1
67 1861 1
67 1929 1
67 1939 1
67 1948 1
68 4 1
68 24 1
68 53 1
68 67 1
68 78 1
68 91 1
68 99 1
68 147 1
68 192 1
68 207 1
68 313 1
68 452 1
68 522 1
68 550 1
68 564 1
68 717 1
68 727 1
68 748 1
68 777 1
68 857 1
68 901 1
68 943 1
68 955 1
68 966 1
68 1016 1
68 1059 1
68 1079 1
68 1172 1
68 1174 1
68 1247 1
68 1266 1
68 1270 1
68 1278 1
68 1348 1
68 1359 1
68 1546 1
68 1558 1
68 1579 1
68 1642 1
68 1646 1
68 1684 1
68 1700 1
68 1753 1
68 1787 1
68 1801 1
68 1818 1
68 1827 1
68 1952 1
68 1971 1
69 5 1
69 52 1
69 81 1
69 94 1
69 109 1
69 138 1
69 175 1
69 210 1
69 237 1
69 306 1
69 311 1
69 318 1
69 337 1
69 391 1
69 417 1
69 424 1
69 436 1
69 459 1
69 465 1
69 467 1
69 543 1
69 588 1
69 609 1
69 709 1
69 746 1
69 803 1
69 806 1
69 816 1
69 840 1
69 841 1
69 853 1
69 875 1
69 987 1
69 1006 1
69 1088 1
69 1202 1
69 1277 1
69 1284 1
69 1289 1
69 1302 1
69 1317 1
69 1472 1
69 1492 1
69 1494 1
69 1503 1
69 1516 1
69 1542 1
69 1593 1
69 1597 1
69 1632 1
69 1690 1
69 1703 1
69 2030 1
70 2 1
70 60 1
70 66 1
70 149 1
70 186 1
70 248 1
70 327 1
70 371 1
70 413 1
70 626 1
70 726 1
70 790 1
70 793 1
70 819 1
70 890 1
70 1009 1
70 1018 1
70 1071 1
70 1167 1
70 1224 1
70 1389 1
70 1411 1
70 1435 1
70 1456 1
70 1469 1
70 1480 1
70 1522 1
70 1630 1
70 1638 1
70 1651 1
70 1663 1
70 1672 1
70 1737 1
70 1742 1
70 1866 1
70 1885 1
70 1898 1
70 1972 1
71 72 1
71 100 1
71 255 1
71 370 1
71 390 1
71 402 1
71 478 1
71 505 1
71 587 1
71 650 1
71 698 1
71 741 1
71 783 1
71 893 1
71 949 1
71 988 1
71 993 1
71 996 1
71 1024 1
71 1109 1
71 1260 1
71 1283 1
71 1288 1
71 1336 1
71 1409 1
71 1445 1
71 1448 1
71 1466 1
71 1506 1
71 1609 1
71 1626 1
71 1629 1
71 1734 1
71 1896 1
71 1966 1
71 2019 1
72 11 1
72 17 1
72 21 1
72 173 1
72 202 1
72 646 1
72 667 1
72 680 1
72 710 1
72 792 1
72 797 1
72 815 1
72 1037 1
72 1048 1
72 1134 1
72 1144 1
72 1225 1
72 1253 1
72 1352 1
72 1382 1
72 1419 1
72 1474 1
72 1641 1
72 1644 1
72 1751 1
73 55 1
73 213 1
73 277 1
73 304 1
73 349 1
73 458 1
73 512 1
73 584 1
73 610 1
73 636 1
73 675 1
73 1049 1
73 1098 1
73 1163 1
73 1697 1
73 1859 1
74 27 1
74 43 1
74 61 1
74 197 1
74 394 1
74 563 1
74 601 1
74 778 1
74 938 1
74 1070 1
74 1204 1
74 1210 1
74 1484 1
74 1535 1
74 1602 1
74 1676 1
74 1750 1
74 1924 1
74 1982 1
75 233 1
75 472 1
75 1085 1
75 1518 1
75 1560 1
75 1619 1
75 1699 1
75 1955 1
75 2038 1
76 3 1
76 12 1
76 168 1
76 400 1
76 462 1
76 839 1
76 899 1
76 925 1
76 1305 1
76 1323 1
76 1778 1
77 19 1
77 32 1
77 36 1
77 108 1
77 605 1
77 770 1
77 1011 1
77 1112 1
77 1989 1
77 2011 1
77 2023 1
78 11 1
78 26 1
78 456 1
78 1149 1
78 1215 1
78 1441 1
78 1741 1
78 1809 1
78 1988 1
78 2008 1
79 6 1
79 85 1
79 232 1
79 301 1
79 895 1
79 1129 1
79 1213 1
79 1816 1
80 97 1
80 111 1
80 198 1
80 691 1
80 1051 1
80 1162 1
80 1290 1
80 1364 1
80 1569 1
80 1769 1
80 1979 1
81 2 1
81 16 1
81 20 1
81 37 1
81 123 1
81 216 1
81 369 1
81 460 1
81 572 1
81 606 1
81 677 1
81 773 1
81 905 1
81 1063 1
81 1097 1
81 1125 1
81 1151 1
81 1178 1
81 1254 1
81 1465 1
81 1473 1
81 1529 1
81 1559 1
81 1735 1
81 1748 1
81 1947 1
81 1997 1
82 73 1
82 74 1
82 75 1
82 83 1
82 93 1
82 107 1
82 132 1
82 135 1
82 136 1
82 170 1
82 182 1
82 249 1
82 262 1
82 296 1
82 368 1
82 401 1
82 461 1
82 463 1
82 520 1
82 521 1
82 524 1
82 542 1
82 561 1
82 571 1
82 619 1
82 630 1
82 700 1
82 705 1
82 712 1
82 720 1
82 851 1
82 874 1
82 945 1
82 1012 1
82 1028 1
82 1054 1
82 1074 1
82 1095 1
82 1147 1
82 1192 1
82 1196 1
82 1295 1
82 1358 1
82 1439 1
82 1499 1
82 1566 1
82 1584 1
82 1591 1
82 1613 1
82 1679 1
82 1756 1
82 1759 1
82 1770 1
82 1815 1
82 1845 1
82 1847 1
82 1857 1
82 1868 1
82 1908 1
82 1940 1
82 1943 1
82 1981 1
82 1983 1
82 2001 1
82 2018 1
83 3 1
83 7 1
83 27 1
83 36 1
83 44 1
83 47 1
83 69 1
83 77 1
83 86 1
83 95 1
83 119 1
83 124 1
83 142 1
83 191 1
83 223 1
83 259 1
83 299 1
83 302 1
83 305 1
83 323 1
83 342 1
83 361 1
83 363 1
83 398 1
83 416 1
83 439 1
83 442 1
83 455 1
83 457 1
83 470 1
83 503 1
83 536 1
83 540 1
83 541 1
83 567 1
83 577 1
83 599 1
83 663 1
83 664 1
83 670 1
83 681 1
83 723 1
83 728 1
83 752 1
83 754 1
83 756 1
83 769 1
83 780 1
83 785 1
83 795 1
83 847 1
83 854 1
83 926 1
83 933 1
83 941 1
83 962 1
83 967 1
83 989 1
83 994 1
83 998 1
83 1032 1
83 1033 1
83 1067 1
83 1177 1
83 1201 1
83 1206 1
83 1208 1
83 1222 1
83 1227 1
83 1231 1
83 1269 1
83 1272 1
83 1285 1
83 1298 1
83 1303 1
83 1314 1
83 1321 1
83 1340 1
83 1341 1
83 1362 1
83 1371 1
83 1413 1
83 1433 1
83 1437 1
83 1449 1
83 1459 1
83 1467 1
83 1491 1
83 1524 1
83 1538 1
83 1547 1
83 1567 1
83 1573 1
83 1650 1
83 1720 1
83 1754 1
83 1771 1
83 1799 1
83 1876 1
83 1879 1
83 1926 1
83 1938 1
83 1960 1
83 1994 1
83 2048 1
84 34 1
84 54 1
84 82 1
84 105 1
84 118 1
84 154 1
84 160 1
84 165 1
84 166 1
84 184 1
84 185 1
84 199 1
84 234 1
84 238 1
84 336 1
84 343 1
84 352 1
84 356 1
84 403 1
84 410 1
84 418 1
84 494 1
84 498 1
84 501 1
84 531 1
84 544 1
84 554 1
84 582 1
84 593 1
84 618 1
84 621 1
84 623 1
84 627 1
84 644 1
84 647 1
84 651 1
84 686 1
84 704 1
84 759 1
84 764 1
84 788 1
84 837 1
84 891 1
84 894 1
84 908 1
84 918 1
84 928 1
84 929 1
84 931 1
84 936 1
84 937 1
84 939 1
84 950 1
84 959 1
84 972 1
84 992 1
84 1040 1
84 1043 1
84 1062 1
84 1137 1
84 1145 1
84 1153 1
84 1156 1
84 1169 1
84 1179 1
84 1228 1
84 1238 1
84 1281 1
84 1286 1
84 1292 1
84 1300 1
84 1307 1
84 1310 1
84 1312 1
84 1353 1
84 1366 1
84 1383 1
84 1405 1
84 1408 1
84 1452 1
84 1482 1
84 1488 1
84 1490 1
84 1493 1
84 1498 1
84 1501 1
84 1519 1
84 1527 1
84 1540 1
84 1551 1
84 1557 1
84 1596 1
84 1654 1
84 1657 1
84 1693 1
84 1695 1
84 1706 1
84 1726 1
84 1731 1
84 1749 1
84 1783 1
84 1792 1
84 1796 1
84 1864 1
84 1910 1
84 1912 1
84 1923 1
84 1927 1
84 1928 1
84 1945 1
84 1974 1
84 2009 1
84 2022 1
84 2025 1
84 2046 1
85 42 1
85 46 1
85 126 1
85 130 1
85 134 1
85 159 1
85 171 1
85 188 1
85 204 1
85 268 1
85 278 1
85 322 1
85 357 1
85 381 1
85 386 1
85 407 1
85 409 1
85 420 1
85 437 1
85 453 1
85 477 1
85 530 1
85 557 1
85 580 1
85 598 1
85 612 1
85 615 1
85 624 1
85 657 1
85 684 1
85 719 1
85 751 1
85 753 1
85 771 1
85 804 1
85 826 1
85 876 1
85 906 1
85 912 1
85 916 1
85 947 1
85 958 1
85 971 1
85 985 1
85 1034 1
85 1052 1
85 1072 1
85 1104 1
85 1140 1
85 1150 1
85 1154 1
85 1161 1
85 1186 1
85 1205 1
85 1243 1
85 1255 1
85 1287 1
85 1309 1
85 1333 1
85 1374 1
85 1375 1
85 1399 1
85 1414 1
85 1423 1
85 1476 1
85 1481 1
85 1507 1
85 1533 1
85 1550 1
85 1589 1
85 1616 1
85 1643 1
85 1664 1
85 1704 1
85 1705 1
85 1711 1
85 1721 1
85 1764 1
85 1779 1
85 1813 1
85 1820 1
85 1863 1
85 1875 1
85 1878 1
85 1880 1
85 1970 1
85 2024 1
85 2031 1
85 2036 1
85 2039 1
86 79 1
86 121 1
86 141 1
86 146 1
86 152 1
86 190 1
86 227 1
86 240 1
86 282 1
86 330 1
86 380 1
86 502 1
86 516 1
86 578 1
86 620 1
86 635 1
86 637 1
86 639 1
86 701 1
86 711 1
86 757 1
86 762 1
86 781 1
86 801 1
86 808 1
86 836 1
86 845 1
86 865 1
86 887 1
86 896 1
86 902 1
86 915 1
86 922 1
86 948 1
86 974 1
86 1007 1
86 1010 1
86 1022 1
86 1127 1
86 1128 1
86 1165 1
86 1185 1
86 1187 1
86 1190 1
86 1203 1
86 1256 1
86 1257 1
86 1258 1
86 1388 1
86 1400 1
86 1489 1
86 1514 1
86 1581 1
86 1583 1
86 1628 1
86 1659 1
86 1666 1
86 1682 1
86 1691 1
86 1719 1
86 1729 1
86 1730 1
86 1775 1
86 1860 1
86 1914 1
86 1935 1
86 1949 1
86 1969 1
86 2000 1
86 2005 1
86 2037 1
86 2042 1
87 4 1
87 153 1
87 161 1
87 281 1
87 289 1
87 303 1
87 377 1
87 382 1
87 423 1
87 476 1
87 573 1
87 583 1
87 689 1
87 760 1
87 768 1
87 825 1
87 843 1
87 979 1
87 1056 1
87 1119 1
87 1126 1
87 1146 1
87 1157 1
87 1166 1
87 1218 1
87 1273 1
87 1322 1
87 1381 1
87 1426 1
87 1457 1
87 1487 1
87 1622 1
87 1640 1
87 1649 1
87 1662 1
87 1710 1
87 1732 1
87 1772 1
87 1791 1
87 1797 1
87 1821 1
87 1839 1
87 1888 1
87 1894 1
87 1957 1
87 1995 1
88 32 1
88 120 1
88 122 1
88 243 1
88 307 1
88 393 1
88 419 1
88 431 1
88 518 1
88 545 1
88 622 1
88 638 1
88 659 1
88 714 1
88 731 1
88 739 1
88 745 1
88 784 1
88 810 1
88 878 1
88 1120 1
88 1136 1
88 1279 1
88 1297 1
88 1384 1
88 1442 1
88 1447 1
88 1575 1
88 1661 1
88 1746 1
88 1761 1
88 1812 1
88 1814 1
89 24 1
89 41 1
89 203 1
89 297 1
89 341 1
89 514 1
89 551 1
89 562 1
89 574 1
89 666 1
89 682 1
89 744 1
89 855 1
89 860 1
89 867 1
89 884 1
89 964 1
89 999 1
89 1223 1
89 1315 1
89 1427 1
89 1598 1
89 1614 1
89 1712 1
89 1747 1
89 1915 1
89 2044 1
90 139 1
90 312 1
90 355 1
90 414 1
90 449 1
90 532 1
90 565 1
90 569 1
90 743 1
90 799 1
90 1541 1
90 1572 1
90 1639 1
90 1648 1
90 1707 1
90 1718 1
90 1795 1
90 1819 1
90 1842 1
90 1848 1
90 1917 1
91 39 1
91 230 1
91 274 1
91 309 1
91 445 1
91 833 1
91 848 1
91 881 1
91 1528 1
91 1852 1
91 1996 1
91 2002 1
92 7 1
92 30 1
92 71 1
92 167 1
92 189 1
92 426 1
92 434 1
92 454 1
92 920 1
92 1082 1
92 1319 1
92 1883 1
92 1911 1
93 31 1
93 276 1
93 375 1
93 525 1
93 527 1
93 807 1
93 1101 1
93 1152 1
93 1477 1
93 1571 1
93 1656 1
94 4 1
94 14 1
94 39 1
94 350 1
94 581 1
94 942 1
94 952 1
94 1077 1
94 1081 1
94 1115 1
94 1418 1
94 1525 1
94 1669 1
94 1781 1
94 1788 1
95 15 1
95 260 1
95 379 1
95 481 1
95 500 1
95 585 1
95 1000 1
95 1155 1
95 1378 1
95 1592 1
95 1856 1
95 1865 1
96 365 1
96 428 1
96 447 1
96 493 1
96 556 1
96 575 1
96 786 1
96 873 1
96 913 1
96 921 1
96 953 1
96 1090 1
96 1139 1
96 1189 1
96 1198 1
96 1259 1
96 1264 1
96 1350 1
96 1369 1
96 1398 1
96 1410 1
96 1430 1
96 1434 1
96 1510 1
96 1563 1
96 1587 1
96 1605 1
96 1667 1
96 1688 1
96 1776 1
96 1846 1
96 1867 1
96 1899 1
96 1907 1
96 2015 1
97 1 1
97 57 1
97 98 1
97 125 1
97 137 1
97 144 1
97 169 1
97 178 1
97 244 1
97 251 1
97 298 1
97 333 1
97 351 1
97 372 1
97 422 1
97 435 1
97 441 1
97 444 1
97 466 1
97 490 1
97 492 1
97 499 1
97 533 1
97 537 1
97 576 1
97 597 1
97 640 1
97 641 1
97 697 1
97 718 1
97 732 1
97 733 1
97 747 1
97 749 1
97 774 1
97 787 1
97 828 1
97 842 1
97 866 1
97 888 1
97 892 1
97 904 1
97 960 1
97 978 1
97 981 1
97 1023 1
97 1038 1
97 1045 1
97 1055 1
97 1068 1
97 1084 1
97 1099 1
97 1132 1
97 1138 1
97 1181 1
97 1226 1
97 1274 1
97 1282 1
97 1311 1
97 1313 1
97 1325 1
97 1345 1
97 1372 1
97 1391 1
97 1392 1
97 1415 1
97 1425 1
97 1464 1
97 1475 1
97 1483 1
97 1497 1
97 1512 1
97 1548 1
97 1618 1
97 1687 1
97 1714 1
97 1829 1
97 1870 1
97 1891 1
97 1921 1
97 1964 1
97 1967 1
97 1977 1
97 2014 1
97 2043 1
98 28 1
98 70 1
98 87 1
98 101 1
98 113 1
98 145 1
98 148 1
98 200 1
98 211 1
98 214 1
98 220 1
98 247 1
98 252 1
98 273 1
98 310 1
98 316 1
98 317 1
98 321 1
98 334 1
98 340 1
98 366 1
98 378 1
98 427 1
98 474 1
98 488 1
98 495 1
98 510 1
98 523 1
98 526 1
98 539 1
98 548 1
98 549 1
98 558 1
98 560 1
98 579 1
98 591 1
98 603 1
98 631 1
98 648 1
98 653 1
98 654 1
98 660 1
98 661 1
98 668 1
98 676 1
98 687 1
98 702 1
98 716 1
98 735 1
98 737 1
98 758 1
98 772 1
98 791 1
98 818 1
98 879 1
98 880 1
98 898 1
98 907 1
98 909 1
98 910 1
98 954 1
98 961 1
98 963 1
98 990 1
98 995 1
98 1020 1
98 1025 1
98 1026 1
98 1039 1
98 1046 1
98 1086 1
98 1103 1
98 1142 1
98 1171 1
98 1175 1
98 1199 1
98 1214 1
98 1221 1
98 1234 1
98 1246 1
98 1250 1
98 1252 1
98 1261 1
98 1265 1
98 1275 1
98 1326 1
98 1328 1
98 1360 1
98 1370 1
98 1385 1
98 1422 1
98 1428 1
98 1438 1
98 1455 1
98 1470 1
98 1478 1
98 1502 1
98 1504 1
98 1508 1
98 1509 1
98 1520 1
98 1537 1
98 1543 1
98 1556 1
98 1565 1
98 1588 1
98 1594 1
98 1600 1
98 1606 1
98 1621 1
98 1631 1
98 1653 1
98 1658 1
98 1660 1
98 1678 1
98 1683 1
98 1685 1
98 1701 1
98 1716 1
98 1727 1
98 1728 1
98 1752 1
98 1780 1
98 1782 1
98 1784 1
98 1794 1
98 1823 1
98 1855 1
98 1892 1
98 1905 1
98 1906 1
98 1909 1
98 1913 1
98 1925 1
98 1942 1
98 1984 1
98 1985 1
98 1992 1
98 2012 1
98 2020 1
98 2045 1
98 2047 1
99 80 1
99 88 1
99 89 1
99 96 1
99 110 1
99 114 1
99 128 1
99 163 1
99 179 1
99 181 1
99 205 1
99 206 1
99 263 1
99 267 1
99 269 1
99 270 1
99 271 1
99 293 1
99 308 1
99 314 1
99 324 1
99 335 1
99 358 1
99 360 1
99 387 1
99 392 1
99 432 1
99 438 1
99 443 1
99 451 1
99 464 1
99 486 1
99 487 1
99 489 1
99 497 1
99 509 1
99 589 1
99 611 1
99 614 1
99 616 1
99 625 1
99 632 1
99 633 1
99 643 1
99 655 1
99 656 1
99 671 1
99 678 1
99 683 1
99 693 1
99 695 1
99 706 1
99 722 1
99 730 1
99 736 1
99 761 1
99 802 1
99 817 1
99 821 1
99 827 1
99 835 1
99 859 1
99 861 1
99 862 1
99 883 1
99 911 1
99 917 1
99 924 1
99 927 1
99 935 1
99 969 1
99 975 1
99 980 1
99 983 1
99 991 1
99 1008 1
99 1030 1
99 1041 1
99 1042 1
99 1073 1
99 1113 1
99 1117 1
99 1124 1
99 1141 1
99 1168 1
99 1188 1
99 1217 1
99 1219 1
99 1232 1
99 1233 1
99 1236 1
99 1240 1
99 1242 1
99 1244 1
99 1248 1
99 1267 1
99 1280 1
99 1291 1
99 1294 1
99 1304 1
99 1318 1
99 1324 1
99 1327 1
99 1331 1
99 1335 1
99 1339 1
99 1347 1
99 1355 1
99 1357 1
99 1361 1
99 1365 1
99 1367 1
99 1376 1
99 1380 1
99 1386 1
99 1387 1
99 1394 1
99 1402 1
99 1412 1
99 1417 1
99 1431 1
99 1436 1
99 1444 1
99 1450 1
99 1454 1
99 1468 1
99 1500 1
99 1517 1
99 1532 1
99 1536 1
99 1555 1
99 1562 1
99 1564 1
99 1580 1
99 1585 1
99 1586 1
99 1608 1
99 1625 1
99 1636 1
99 1637 1
99 1652 1
99 1674 1
99 1677 1
99 1692 1
99 1708 1
99 1709 1
99 1715 1
99 1739 1
99 1740 1
99 1793 1
99 1802 1
99 1828 1
99 1835 1
99 1854 1
99 1862 1
99 1872 1
99 1882 1
99 1886 1
99 1897 1
99 1902 1
99 1903 1
99 1918 1
99 1920 1
99 1934 1
99 1941 1
99 1944 1
99 1965 1
99 1975 1
99 1976 1
99 1978 1
99 1993 1
99 2004 1
99 2013 1
100 56 1
100 63 1
100 84 1
100 155 1
100 176 1
100 208 1
100 236 1
100 241 1
100 254 1
100 265 1
100 283 1
100 284 1
100 359 1
100 383 1
100 385 1
100 425 1
100 433 1
100 506 1
100 528 1
100 529 1
100 553 1
100 559 1
100 590 1
100 594 1
100 607 1
100 649 1
100 652 1
100 679 1
100 685 1
100 692 1
100 699 1
100 734 1
100 755 1
100 800 1
100 814 1
100 823 1
100 830 1
100 832 1
100 844 1
100 872 1
100 914 1
100 919 1
100 944 1
100 984 1
100 1004 1
100 1013 1
100 1014 1
100 1019 1
100 1058 1
100 1076 1
100 1080 1
100 1122 1
100 1130 1
100 1158 1
100 1173 1
100 1200 1
100 1229 1
100 1271 1
100 1306 1
100 1344 1
100 1351 1
100 1363 1
100 1377 1
100 1390 1
100 1396 1
100 1397 1
100 1404 1
100 1420 1
100 1446 1
100 1511 1
100 1513 1
100 1534 1
100 1553 1
100 1574 1
100 1577 1
100 1601 1
100 1623 1
100 1681 1
100 1694 1
100 1696 1
100 1744 1
100 1757 1
100 1790 1
100 1798 1
100 1810 1
100 1822 1
100 1824 1
100 1825 1
100 1832 1
100 1833 1
100 1836 1
100 1844 1
100 1877 1
100 1884 1
100 1889 1
100 1953 1
100 1954 1
100 1961 1
100 1962 1
100 1973 1
100 1986 1
100 2007 1
100 2010 1
100 2017 1
100 2026 1
100 2040 1
101 40 1
101 64 1
101 164 1
101 194 1
101 209 1
101 219 1
101 224 1
101 235 1
101 246 1
101 258 1
101 272 1
101 287 1
101 300 1
101 347 1
101 396 1
101 411 1
101 415 1
101 450 1
101 479 1
101 496 1
101 517 1
101 546 1
101 568 1
101 674 1
101 703 1
101 715 1
101 729 1
101 766 1
101 811 1
101 812 1
101 846 1
101 850 1
101 868 1
101 886 1
101 923 1
101 934 1
101 968 1
101 970 1
101 986 1
101 1029 1
101 1065 1
101 1069 1
101 1089 1
101 1111 1
101 1131 1
101 1164 1
101 1182 1
101 1193 1
101 1212 1
101 1249 1
101 1263 1
101 1301 1
101 1320 1
101 1334 1
101 1403 1
101 1421 1
101 1479 1
101 1495 1
101 1627 1
101 1647 1
101 1773 1
101 1777 1
101 1830 1
101 1871 1
101 1900 1
101 1922 1
101 1931 1
101 1936 1
101 1946 1
101 2003 1
102 26 1
102 68 1
102 156 1
102 222 1
102 250 1
102 264 1
102 291 1
102 292 1
102 348 1
102 373 1
102 404 1
102 408 1
102 595 1
102 600 1
102 713 1
102 805 1
102 889 1
102 1047 1
102 1057 1
102 1107 1
102 1110 1
102 1337 1
102 1401 1
102 1486 1
102 1523 1
102 1675 1
102 1702 1
102 1717 1
102 1800 1
102 1803 1
102 1840 1
102 1841 1
102 1937 1
102 1963 1
102 2006 1
102 2028 1
102 2035 1
103 1 1
103 5 1
103 127 1
103 129 1
103 183 1
103 187 1
103 217 1
103 257 1
103 374 1
103 384 1
103 446 1
103 724 1
103 765 1
103 849 1
103 946 1
103 976 1
103 1001 1
103 1035 1
103 1044 1
103 1066 1
103 1094 1
103 1230 1
103 1293 1
103 1299 1
103 1545 1
103 1604 1
103 1620 1
103 1698 1
103 1760 1
103 1774 1
103 1817 1
103 1919 1
103 1987 1
104 27 1
104 31 1
104 49 1
104 131 1
104 215 1
104 319 1
104 325 1
104 367 1
104 519 1
104 596 1
104 658 1
104 863 1
104 870 1
104 900 1
104 1036 1
104 1075 1
104 1197 1
104 1216 1
104 1237 1
104 1251 1
104 1395 1
104 1407 1
104 1451 1
104 1471 1
104 1549 1
104 1762 1
104 1838 1
104 1893 1
104 1958 1
105 4 1
105 51 1
105 90 1
105 115 1
105 172 1
105 231 1
105 256 1
105 286 1
105 331 1
105 592 1
105 831 1
105 877 1
105 1121 1
105 1526 1
105 1745 1
105 2016 1
106 104 1
106 376 1
106 484 1
106 1015 1
106 1053 1
106 1785 1
106 1826 1
106 1959 1
106 2021 1
107 9 1
107 471 1
107 809 1
107 997 1
107 1612 1
107 1765 1
107 1858 1
108 20 1
108 38 1
108 290 1
108 295 1
108 1308 1
108 1521 1
109 9 1
109 92 1
109 421 1
109 1176 1
109 1220 1
109 1633 1
109 1668 1
110 193 1
110 228 1
110 229 1
110 480 1
110 662 1
110 672 1
110 1002 1
110 1108 1
110 1170 1
110 1349 1
110 1461 1
110 1485 1
110 1561 1
110 1603 1
110 1624 1
110 1686 1
110 1755 1
110 1789 1
110 1904 1
111 28 1
111 50 1
111 102 1
111 151 1
111 162 1
111 177 1
111 180 1
111 362 1
111 430 1
111 448 1
111 469 1
111 566 1
111 740 1
111 767 1
111 779 1
111 789 1
111 798 1
111 838 1
111 965 1
111 982 1
111 1017 1
111 1031 1
111 1060 1
111 1091 1
111 1183 1
111 1209 1
111 1211 1
111 1268 1
111 1332 1
111 1343 1
111 1368 1
111 1429 1
111 1552 1
111 1570 1
111 1635 1
111 1671 1
111 1725 1
111 1738 1
111 1763 1
111 1768 1
111 1834 1
111 1851 1
111 1881 1
111 1932 1
111 1980 1
112 36 1
112 58 1
112 103 1
112 106 1
112 116 1
112 140 1
112 221 1
112 253 1
112 266 1
112 280 1
112 326 1
112 406 1
112 482 1
112 485 1
112 504 1
112 508 1
112 511 1
112 547 1
112 552 1
112 555 1
112 586 1
112 602 1
112 604 1
112 628 1
112 634 1
112 645 1
112 721 1
112 775 1
112 776 1
112 871 1
112 885 1
112 932 1
112 973 1
112 1191 1
112 1207 1
112 1239 1
112 1241 1
112 1276 1
112 1329 1
112 1346 1
112 1354 1
112 1443 1
112 1539 1
112 1607 1
112 1665 1
112 1673 1
112 1689 1
112 1806 1
112 1807 1
112 1808 1
112 1837 1
112 1843 1
112 1869 1
112 1874 1
112 1901 1
112 1933 1
112 1999 1
112 2041 1
113 1 1
113 8 1
113 354 1
113 513 1
113 665 1
113 707 1
113 738 1
113 742 1
113 852 1
113 858 1
113 1100 1
113 1143 1
113 1316 1
113 1460 1
113 1595 1
113 1713 1
113 1722 1
113 1853 1
113 1930 1
114 483 1
114 1106 1
114 1496 1
114 1733 1
114 1950 1
115 10 1
115 27 1
115 29 1
115 36 1
115 320 1
115 1245 1
116 40 1
116 869 1
116 1160 1
117 956 1
117 1916 1
118 16 1
118 22 1
118 23 1
119 11 1
120 9 1
120 25 1
121 27 1
122 4 1
122 38 1
122 1544 1
123 11 1
123 27 1
123 1180 1
124 11 1
124 18 1
125 9 1
126 27 1
126 41 1
127 15 1
127 21 1
127 27 1
127 34 1
128 16 1
129 18 1
130 18 1
130 29 1
130 30 1
130 35 1
131 36 1
134 10 1
134 18 1
134 34 1
135 31 1
137 21 1
138 24 1
138 708 1
138 1061 1
139 27 1
139 40 1
139 608 1
140 27 1
140 245 1
140 261 1
140 1116 1
140 1458 1
140 2034 1
141 23 1
141 242 1
141 285 1
141 313 1
141 395 1
141 717 1
141 1680 1
142 829 1
142 1356 1
142 1887 1
143 21 1
143 112 1
143 288 1
143 1766 1
143 1804 1
144 12 1
144 35 1
144 248 1
144 279 1
144 328 1
145 14 1
145 1204 1
145 1531 1
145 1670 1
146 1630 1
147 12 1
147 564 1
147 1021 1
147 1818 1
148 25 1
148 364 1
148 796 1
148 1737 1
148 1951 1
149 8 1
149 38 1
149 1225 1
150 35 1
150 1027 1
150 1059 1
151 232 1
151 1850 1
152 226 1
152 688 1
152 1505 1
152 1546 1
152 1669 1
152 1743 1
153 329 1
153 353 1
153 399 1
153 629 1
153 822 1
153 1022 1
153 1393 1
153 1724 1
153 1890 1
154 74 1
154 195 1
154 344 1
154 813 1
154 856 1
154 1005 1
154 1109 1
154 1135 1
154 1284 1
154 1330 1
154 1379 1
154 2027 1
155 312 1
155 475 1
155 694 1
155 709 1
155 951 1
155 1003 1
155 1127 1
155 1296 1
155 1487 1
155 1602 1
155 1971 1
155 1979 1
156 45 1
156 76 1
156 117 1
156 278 1
156 339 1
156 391 1
156 459 1
156 516 1
156 644 1
156 663 1
156 741 1
156 777 1
156 1024 1
156 1146 1
156 1338 1
156 1432 1
156 1515 1
156 1599 1
156 1666 1
156 1682 1
156 1767 1
156 1831 1
156 1988 1
157 66 1
157 146 1
157 321 1
157 388 1
157 400 1
157 505 1
157 930 1
157 993 1
157 1148 1
157 1151 1
157 1560 1
157 1582 1
157 1736 1
157 1747 1
157 1969 1
157 2029 1
158 315 1
158 346 1
158 420 1
158 762 1
158 769 1
158 874 1
158 939 1
158 1032 1
158 1102 1
158 1388 1
158 1597 1
158 1619 1
158 1741 1
158 1751 1
158 1848 1
158 1849 1
158 1861 1
159 52 1
159 152 1
159 514 1
159 639 1
159 705 1
159 1078 1
159 1401 1
159 1424 1
159 1445 1
159 1453 1
159 1466 1
159 1578 1
159 1659 1
159 1676 1
159 1786 1
160 17 1
160 147 1
160 337 1
160 345 1
160 370 1
160 412 1
160 1114 1
160 1174 1
160 1558 1
160 1742 1
160 1758 1
160 1860 1
161 13 1
161 158 1
161 225 1
161 948 1
161 1228 1
161 1584 1
162 301 1
162 763 1
162 1252 1
162 1255 1
162 1617 1
162 1939 1
162 1991 1
163 173 1
163 268 1
163 532 1
163 623 1
163 625 1
163 999 1
163 1524 1
163 1775 1
163 1948 1
164 887 1
164 1235 1
165 349 1
165 417 1
165 512 1
165 680 1
165 1873 1
165 1998 1
166 298 1
166 677 1
166 882 1
166 1118 1
166 2018 1
167 59 1
167 81 1
167 168 1
167 515 1
167 538 1
167 963 1
167 1501 1
167 1569 1
167 1576 1
167 1655 1
167 1956 1
168 149 1
168 150 1
168 182 1
168 237 1
168 418 1
168 467 1
168 477 1
168 501 1
168 588 1
168 626 1
168 945 1
168 996 1
168 1050 1
168 1093 1
168 1172 1
168 1195 1
168 1491 1
168 1492 1
168 1522 1
168 1638 1
168 1644 1
168 1770 1
168 1929 1
169 48 1
169 53 1
169 79 1
169 213 1
169 239 1
169 275 1
169 318 1
169 332 1
169 390 1
169 413 1
169 429 1
169 468 1
169 491 1
169 642 1
169 675 1
169 727 1
169 756 1
169 792 1
169 795 1
169 864 1
169 890 1
169 929 1
169 994 1
169 1064 1
169 1105 1
169 1184 1
169 1303 1
169 1373 1
169 1416 1
169 1419 1
169 1441 1
169 1469 1
169 1481 1
169 1530 1
169 1532 1
169 1573 1
169 1583 1
169 1609 1
169 1646 1
169 1664 1
169 1697 1
169 1750 1
169 1878 1
169 1924 1
169 1940 1
169 1968 1
169 1982 1
169 1990 1
169 2011 1
170 60 1
170 85 1
170 108 1
170 109 1
170 111 1
170 121 1
170 123 1
170 126 1
170 196 1
170 198 1
170 338 1
170 440 1
170 463 1
170 478 1
170 557 1
170 569 1
170 570 1
170 605 1
170 667 1
170 670 1
170 725 1
170 807 1
170 808 1
170 853 1
170 1016 1
170 1018 1
170 1070 1
170 1079 1
170 1096 1
170 1125 1
170 1185 1
170 1199 1
170 1266 1
170 1285 1
170 1323 1
170 1342 1
170 1348 1
170 1381 1
170 1398 1
170 1406 1
170 1409 1
170 1440 1
170 1494 1
170 1519 1
170 1615 1
170 1641 1
170 1690 1
170 1764 1
170 1769 1
170 1778 1
170 1781 1
170 1813 1
170 1821 1
170 1845 1
170 1859 1
170 1885 1
170 1905 1
170 1908 1
170 2033 1
171 44 1
171 71 1
171 94 1
171 133 1
171 167 1
171 218 1
171 277 1
171 311 1
171 357 1
171 384 1
171 444 1
171 447 1
171 458 1
171 460 1
171 497 1
171 503 1
171 534 1
171 554 1
171 561 1
171 571 1
171 573 1
171 621 1
171 638 1
171 646 1
171 673 1
171 783 1
171 788 1
171 839 1
171 841 1
171 854 1
171 865 1
171 875 1
171 891 1
171 903 1
171 912 1
171 925 1
171 949 1
171 957 1
171 962 1
171 966 1
171 988 1
171 1071 1
171 1097 1
171 1144 1
171 1159 1
171 1178 1
171 1192 1
171 1231 1
171 1262 1
171 1270 1
171 1281 1
171 1305 1
171 1320 1
171 1411 1
171 1420 1
171 1433 1
171 1456 1
171 1472 1
171 1484 1
171 1535 1
171 1566 1
171 1593 1
171 1631 1
171 1642 1
171 1645 1
171 1684 1
171 1718 1
171 1726 1
171 1787 1
171 1827 1
171 1863 1
171 1895 1
171 1898 1
171 1912 1
171 1925 1
171 1938 1
171 1943 1
171 1970 1
171 1972 1
172 19 1
172 55 1
172 99 1
172 107 1
172 135 1
172 143 1
172 154 1
172 294 1
172 296 1
172 299 1
172 331 1
172 377 1
172 389 1
172 473 1
172 522 1
172 536 1
172 578 1
172 691 1
172 734 1
172 746 1
172 770 1
172 790 1
172 840 1
172 998 1
172 1009 1
172 1055 1
172 1063 1
172 1087 1
172 1088 1
172 1156 1
172 1167 1
172 1177 1
172 1202 1
172 1205 1
172 1223 1
172 1254 1
172 1260 1
172 1269 1
172 1288 1
172 1289 1
172 1295 1
172 1298 1
172 1340 1
172 1366 1
172 1382 1
172 1449 1
172 1452 1
172 1507 1
172 1516 1
172 1525 1
172 1590 1
172 1629 1
172 1672 1
172 1723 1
172 1734 1
172 1783 1
172 1829 1
172 1880 1
172 1881 1
172 1883 1
172 1927 1
172 1947 1
172 1955 1
172 2008 1
172 2023 1
173 47 1
173 122 1
173 157 1
173 165 1
173 166 1
173 249 1
173 251 1
173 305 1
173 371 1
173 454 1
173 470 1
173 502 1
173 520 1
173 567 1
173 585 1
173 587 1
173 599 1
173 636 1
173 647 1
173 690 1
173 696 1
173 704 1
173 733 1
173 799 1
173 900 1
173 902 1
173 906 1
173 928 1
173 987 1
173 1067 1
173 1123 1
173 1147 1
173 1198 1
173 1283 1
173 1290 1
173 1317 1
173 1321 1
173 1435 1
173 1450 1
173 1465 1
173 1503 1
173 1600 1
173 1643 1
173 1727 1
173 1735 1
173 1796 1
173 1812 1
173 1868 1
173 1870 1
173 1921 1
173 2022 1
174 95 1
174 138 1
174 142 1
174 214 1
174 402 1
174 445 1
174 651 1
174 720 1
174 794 1
174 814 1
174 972 1
174 1043 1
174 1083 1
174 1210 1
174 1213 1
174 1274 1
174 1302 1
174 1358 1
174 1363 1
174 1385 1
174 1474 1
174 1537 1
174 1559 1
174 1628 1
174 1649 1
174 1795 1
174 1800 1
174 1801 1
174 1809 1
174 1820 1
174 1896 1
174 1897 1
174 2000 1
174 2048 1
175 62 1
175 86 1
175 114 1
175 170 1
175 192 1
175 197 1
175 323 1
175 330 1
175 472 1
175 481 1
175 498 1
175 591 1
175 697 1
175 780 1
175 1161 1
175 1162 1
175 1237 1
175 1463 1
175 1579 1
175 1651 1
175 1694 1
175 1703 1
175 1748 1
175 1973 1
175 2037 1
175 2042 1
176 336 1
176 369 1
176 542 1
176 548 1
176 834 1
176 877 1
176 931 1
176 977 1
176 1049 1
176 1136 1
176 1267 1
176 1414 1
176 1949 1
176 2025 1
177 238 1
177 254 1
177 461 1
177 462 1
177 731 1
177 793 1
177 804 1
177 811 1
177 820 1
177 851 1
177 878 1
177 1352 1
177 1410 1
177 1467 1
177 1729 1
177 1987 1
177 2038 1
178 57 1
178 132 1
178 304 1
178 689 1
178 753 1
178 771 1
178 857 1
178 914 1
178 1247 1
178 1364 1
178 1523 1
178 1731 1
178 2017 1
179 186 1
179 306 1
179 394 1
179 967 1
179 1092 1
179 1115 1
179 1477 1
179 1596 1
179 1626 1
179 1983 1
180 153 1
180 582 1
180 700 1
180 754 1
180 989 1
180 1488 1
181 341 1
181 410 1
181 610 1
181 1577 1
181 1581 1
181 1611 1
181 1857 1
181 2032 1
182 72 1
182 201 1
182 416 1
182 439 1
182 456 1
182 760 1
182 797 1
182 1054 1
182 1554 1
182 1557 1
182 1568 1
182 1805 1
183 37 1
183 61 1
183 67 1
183 174 1
183 175 1
183 188 1
183 233 1
183 255 1
183 262 1
183 405 1
183 631 1
183 710 1
183 726 1
183 806 1
183 826 1
183 943 1
183 985 1
183 1006 1
183 1051 1
183 1278 1
183 1300 1
183 1341 1
183 1359 1
183 1397 1
183 1538 1
183 1648 1
183 1654 1
184 42 1
184 54 1
184 65 1
184 77 1
184 93 1
184 202 1
184 210 1
184 302 1
184 314 1
184 343 1
184 361 1
184 401 1
184 407 1
184 414 1
184 424 1
184 436 1
184 453 1
184 535 1
184 550 1
184 577 1
184 601 1
184 609 1
184 613 1
184 627 1
184 664 1
184 669 1
184 684 1
184 748 1
184 759 1
184 782 1
184 801 1
184 803 1
184 815 1
184 816 1
184 837 1
184 847 1
184 897 1
184 933 1
184 937 1
184 955 1
184 971 1
184 1012 1
184 1028 1
184 1040 1
184 1077 1
184 1095 1
184 1145 1
184 1163 1
184 1166 1
184 1190 1
184 1208 1
184 1215 1
184 1224 1
184 1227 1
184 1322 1
184 1371 1
184 1376 1
184 1408 1
184 1447 1
184 1506 1
184 1527 1
184 1533 1
184 1542 1
184 1563 1
184 1572 1
184 1591 1
184 1592 1
184 1616 1
184 1632 1
184 1634 1
184 1699 1
184 1706 1
184 1721 1
184 1746 1
184 1791 1
184 1811 1
184 1814 1
184 1816 1
184 1847 1
184 1960 1
184 1997 1
185 46 1
185 75 1
185 78 1
185 82 1
185 91 1
185 100 1
185 159 1
185 184 1
185 191 1
185 204 1
185 230 1
185 340 1
185 368 1
185 382 1
185 393 1
185 408 1
185 437 1
185 452 1
185 455 1
185 464 1
185 465 1
185 507 1
185 524 1
185 527 1
185 528 1
185 543 1
185 545 1
185 562 1
185 580 1
185 583 1
185 612 1
185 614 1
185 620 1
185 637 1
185 650 1
185 659 1
185 698 1
185 719 1
185 723 1
185 739 1
185 819 1
185 836 1
185 859 1
185 884 1
185 895 1
185 938 1
185 940 1
185 941 1
185 947 1
185 958 1
185 964 1
185 975 1
185 979 1
185 1034 1
185 1037 1
185 1056 1
185 1072 1
185 1085 1
185 1122 1
185 1129 1
185 1140 1
185 1142 1
185 1154 1
185 1155 1
185 1165 1
185 1175 1
185 1187 1
185 1238 1
185 1256 1
185 1264 1
185 1272 1
185 1286 1
185 1307 1
185 1311 1
185 1313 1
185 1314 1
185 1336 1
185 1370 1
185 1384 1
185 1405 1
185 1423 1
185 1427 1
185 1434 1
185 1439 1
185 1459 1
185 1473 1
185 1476 1
185 1483 1
185 1489 1
185 1493 1
185 1498 1
185 1518 1
185 1541 1
185 1547 1
185 1556 1
185 1586 1
185 1657 1
185 1658 1
185 1662 1
185 1679 1
185 1693 1
185 1719 1
185 1759 1
185 1779 1
185 1788 1
185 1792 1
185 1864 1
185 1865 1
185 1866 1
185 1876 1
185 1892 1
185 1917 1
185 1923 1
185 1945 1
185 1952 1
185 1963 1
185 1994 1
185 2001 1
185 2005 1
185 2019 1
186 33 1
186 43 1
186 63 1
186 69 1
186 73 1
186 83 1
186 97 1
186 113 1
186 124 1
186 134 1
186 136 1
186 139 1
186 160 1
186 171 1
186 178 1
186 181 1
186 190 1
186 207 1
186 219 1
186 223 1
186 240 1
186 258 1
186 259 1
186 269 1
186 274 1
186 281 1
186 303 1
186 327 1
186 333 1
186 386 1
186 403 1
186 433 1
186 442 1
186 457 1
186 521 1
186 556 1
186 572 1
186 606 1
186 618 1
186 630 1
186 641 1
186 656 1
186 657 1
186 679 1
186 712 1
186 747 1
186 750 1
186 768 1
186 772 1
186 774 1
186 781 1
186 785 1
186 812 1
186 824 1
186 876 1
186 883 1
186 911 1
186 921 1
186 942 1
186 1007 1
186 1010 1
186 1033 1
186 1052 1
186 1062 1
186 1082 1
186 1098 1
186 1126 1
186 1134 1
186 1137 1
186 1138 1
186 1139 1
186 1149 1
186 1152 1
186 1157 1
186 1169 1
186 1179 1
186 1182 1
186 1186 1
186 1196 1
186 1201 1
186 1214 1
186 1218 1
186 1244 1
186 1279 1
186 1335 1
186 1357 1
186 1360 1
186 1362 1
186 1391 1
186 1404 1
186 1425 1
186 1426 1
186 1448 1
186 1462 1
186 1464 1
186 1482 1
186 1534 1
186 1540 1
186 1543 1
186 1614 1
186 1621 1
186 1639 1
186 1650 1
186 1695 1
186 1700 1
186 1707 1
186 1715 1
186 1717 1
186 1744 1
186 1772 1
186 1842 1
186 1891 1
186 1899 1
186 1914 1
186 1964 1
186 1966 1
186 1974 1
186 1981 1
186 2002 1
186 2010 1
186 2036 1
186 2043 1
186 2046 1
187 87 1
187 88 1
187 137 1
187 169 1
187 200 1
187 212 1
187 282 1
187 289 1
187 322 1
187 342 1
187 378 1
187 379 1
187 381 1
187 397 1
187 427 1
187 471 1
187 493 1
187 518 1
187 519 1
187 540 1
187 551 1
187 558 1
187 559 1
187 574 1
187 576 1
187 590 1
187 607 1
187 619 1
187 640 1
187 643 1
187 660 1
187 666 1
187 706 1
187 711 1
187 714 1
187 718 1
187 736 1
187 744 1
187 764 1
187 791 1
187 810 1
187 832 1
187 899 1
187 901 1
187 926 1
187 992 1
187 1000 1
187 1039 1
187 1048 1
187 1074 1
187 1081 1
187 1086 1
187 1104 1
187 1112 1
187 1113 1
187 1128 1
187 1133 1
187 1194 1
187 1226 1
187 1246 1
187 1308 1
187 1310 1
187 1312 1
187 1315 1
187 1325 1
187 1331 1
187 1347 1
187 1351 1
187 1361 1
187 1365 1
187 1372 1
187 1392 1
187 1396 1
187 1442 1
187 1478 1
187 1480 1
187 1490 1
187 1528 1
187 1562 1
187 1567 1
187 1587 1
187 1589 1
187 1610 1
187 1656 1
187 1691 1
187 1696 1
187 1704 1
187 1714 1
187 1716 1
187 1749 1
187 1755 1
187 1756 1
187 1761 1
187 1771 1
187 1777 1
187 1797 1
187 1810 1
187 1823 1
187 1836 1
187 1839 1
187 1852 1
187 1888 1
187 1959 1
187 1977 1
187 1989 1
187 1996 1
187 2024 1
187 2030 1
187 2031 1
187 2039 1
187 2047 1
188 105 1
188 141 1
188 203 1
188 209 1
188 211 1
188 234 1
188 243 1
188 297 1
188 334 1
188 375 1
188 380 1
188 398 1
188 404 1
188 411 1
188 419 1
188 426 1
188 434 1
188 449 1
188 496 1
188 537 1
188 598 1
188 622 1
188 743 1
188 778 1
188 802 1
188 823 1
188 828 1
188 833 1
188 866 1
188 881 1
188 893 1
188 905 1
188 908 1
188 916 1
188 920 1
188 922 1
188 924 1
188 936 1
188 959 1
188 986 1
188 991 1
188 1041 1
188 1090 1
188 1099 1
188 1117 1
188 1150 1
188 1168 1
188 1188 1
188 1197 1
188 1206 1
188 1240 1
188 1253 1
188 1277 1
188 1350 1
188 1428 1
188 1430 1
188 1470 1
188 1495 1
188 1536 1
188 1551 1
188 1574 1
188 1580 1
188 1598 1
188 1608 1
188 1613 1
188 1625 1
188 1640 1
188 1652 1
188 1677 1
188 1678 1
188 1698 1
188 1710 1
188 1815 1
188 1871 1
188 1907 1
188 1935 1
188 1975 1
188 1984 1
188 2012 1
188 2015 1
188 2020 1
189 98 1
189 116 1
189 119 1
189 130 1
189 189 1
189 199 1
189 216 1
189 316 1
189 351 1
189 385 1
189 431 1
189 492 1
189 549 1
189 593 1
189 615 1
189 617 1
189 635 1
189 661 1
189 681 1
189 728 1
189 735 1
189 755 1
189 800 1
189 809 1
189 818 1
189 825 1
189 896 1
189 1153 1
189 1258 1
189 1353 1
189 1548 1
189 1594 1
189 1627 1
189 1687 1
189 1711 1
189 1720 1
189 1728 1
189 1752 1
189 1753 1
189 1773 1
189 1822 1
189 1855 1
189 1906 1
189 1995 1
190 145 1
190 148 1
190 264 1
190 383 1
190 441 1
190 476 1
190 484 1
190 489 1
190 530 1
190 568 1
190 603 1
190 844 1
190 846 1
190 923 1
190 953 1
190 995 1
190 1076 1
190 1121 1
190 1132 1
190 1374 1
190 1422 1
190 1438 1
190 1499 1
190 1605 1
190 1636 1
190 1661 1
190 1708 1
190 1732 1
190 1799 1
190 1824 1
190 1911 1
191 120 1
191 247 1
191 347 1
191 348 1
191 363 1
191 517 1
191 784 1
191 872 1
191 888 1
191 889 1
191 950 1
191 990 1
191 1026 1
191 1047 1
191 1073 1
191 1170 1
191 1191 1
191 1243 1
191 1275 1
191 1287 1
191 1457 1
191 1504 1
191 1508 1
191 1667 1
191 1712 1
191 1780 1
191 1862 1
191 1919 1
191 2004 1
191 2035 1
192 90 1
192 250 1
192 350 1
192 352 1
192 423 1
192 553 1
192 692 1
192 913 1
192 1217 1
192 1249 1
192 1479 1
192 1529 1
192 1709 1
192 1856 1
192 1874 1
192 1877 1
192 1894 1
192 1903 1
192 1910 1
192 1913 1
192 1967 1
193 80 1
193 435 1
193 525 1
193 1023 1
193 1297 1
193 1334 1
193 1367 1
193 1375 1
193 1383 1
193 1394 1
193 1436 1
193 1437 1
194 273 1
194 671 1
194 867 1
194 927 1
194 1103 1
194 1324 1
194 1413 1
194 1500 1
194 1510 1
194 1622 1
194 1681 1
194 1838 1
194 1928 1
194 1992 1
195 161 1
195 267 1
195 1008 1
195 1200 1
195 1203 1
195 1390 1
195 1565 1
196 179 1
196 373 1
196 855 1
196 1020 1
196 1111 1
196 1250 1
196 1261 1
196 1378 1
196 1754 1
196 1825 1
197 89 1
197 308 1
197 539 1
197 541 1
197 544 1
197 584 1
197 773 1
197 917 1
197 1011 1
197 1475 1
197 1819 1
198 49 1
198 365 1
198 487 1
198 500 1
198 594 1
198 624 1
198 648 1
198 686 1
198 693 1
198 730 1
198 737 1
198 757 1
198 860 1
198 946 1
198 1173 1
198 1446 1
198 1502 1
198 1550 1
198 1637 1
198 1730 1
198 1794 1
198 1875 1
198 1879 1
198 1915 1
198 2013 1
199 155 1
199 194 1
199 217 1
199 252 1
199 355 1
199 356 1
199 392 1
199 409 1
199 451 1
199 466 1
199 474 1
199 490 1
199 494 1
199 510 1
199 523 1
199 531 1
199 579 1
199 581 1
199 596 1
199 701 1
199 716 1
199 751 1
199 752 1
199 787 1
199 821 1
199 845 1
199 873 1
199 892 1
199 894 1
199 898 1
199 918 1
199 960 1
199 974 1
199 1181 1
199 1222 1
199 1234 1
199 1309 1
199 1318 1
199 1326 1
199 1333 1
199 1345 1
199 1369 1
199 1389 1
199 1399 1
199 1400 1
199 1403 1
199 1415 1
199 1497 1
199 1618 1
199 1663 1
199 1701 1
199 1705 1
199 1757 1
199 1782 1
199 1790 1
199 1846 1
199 1909 1
199 1926 1
199 1942 1
199 1944 1
199 1985 1
199 2006 1
199 2009 1
199 2044 1
200 70 1
200 118 1
200 128 1
200 144 1
200 163 1
200 164 1
200 183 1
200 220 1
200 236 1
200 244 1
200 257 1
200 260 1
200 276 1
200 283 1
200 284 1
200 307 1
200 309 1
200 310 1
200 335 1
200 358 1
200 366 1
200 372 1
200 422 1
200 425 1
200 438 1
200 443 1
200 450 1
200 479 1
200 482 1
200 486 1
200 499 1
200 526 1
200 533 1
200 552 1
200 563 1
200 565 1
200 589 1
200 597 1
200 611 1
200 616 1
200 633 1
200 652 1
200 654 1
200 668 1
200 676 1
200 685 1
200 699 1
200 732 1
200 745 1
200 805 1
200 842 1
200 843 1
200 848 1
200 879 1
200 886 1
200 904 1
200 907 1
200 919 1
200 934 1
200 944 1
200 968 1
200 969 1
200 970 1
200 978 1
200 981 1
200 1019 1
200 1030 1
200 1035 1
200 1038 1
200 1053 1
200 1068 1
200 1069 1
200 1080 1
200 1084 1
200 1089 1
200 1094 1
200 1119 1
200 1141 1
200 1164 1
200 1193 1
200 1221 1
200 1230 1
200 1236 1
200 1242 1
200 1259 1
200 1265 1
200 1282 1
200 1292 1
200 1306 1
200 1319 1
200 1327 1
200 1412 1
200 1417 1
200 1418 1
200 1421 1
200 1451 1
200 1461 1
200 1486 1
200 1509 1
200 1511 1
200 1512 1
200 1520 1
200 1585 1
200 1588 1
200 1653 1
200 1660 1
200 1683 1
200 1685 1
200 1688 1
200 1692 1
200 1739 1
200 1784 1
200 1793 1
200 1802 1
200 1803 1
200 1826 1
200 1828 1
200 1835 1
200 1854 1
200 1867 1
200 1886 1
200 1889 1
200 1901 1
200 1920 1
200 1922 1
200 1954 1
200 1957 1
200 1961 1
200 2003 1
200 2014 1
201 58 1
201 68 1
201 101 1
201 104 1
201 115 1
201 151 1
201 176 1
201 185 1
201 205 1
201 224 1
201 231 1
201 256 1
201 263 1
201 271 1
201 287 1
201 293 1
201 300 1
201 319 1
201 360 1
201 367 1
201 448 1
201 483 1
201 488 1
201 495 1
201 529 1
201 560 1
201 575 1
201 595 1
201 653 1
201 655 1
201 682 1
201 722 1
201 786 1
201 827 1
201 830 1
201 870 1
201 909 1
201 915 1
201 952 1
201 954 1
201 961 1
201 980 1
201 984 1
201 1014 1
201 1015 1
201 1025 1
201 1045 1
201 1046 1
201 1058 1
201 1066 1
201 1120 1
201 1130 1
201 1158 1
201 1171 1
201 1212 1
201 1216 1
201 1232 1
201 1251 1
201 1273 1
201 1280 1
201 1293 1
201 1294 1
201 1301 1
201 1304 1
201 1328 1
201 1339 1
201 1344 1
201 1346 1
201 1355 1
201 1377 1
201 1380 1
201 1386 1
201 1387 1
201 1431 1
201 1443 1
201 1444 1
201 1455 1
201 1468 1
201 1514 1
201 1517 1
201 1552 1
201 1561 1
201 1571 1
201 1601 1
201 1606 1
201 1624 1
201 1671 1
201 1673 1
201 1674 1
201 1686 1
201 1738 1
201 1740 1
201 1768 1
201 1776 1
201 1785 1
201 1817 1
201 1832 1
201 1844 1
201 1882 1
201 1900 1
201 1902 1
201 1931 1
201 1932 1
201 1936 1
201 1953 1
201 1962 1
201 1965 1
201 1993 1
201 2007 1
201 2026 1
201 2028 1
202 6 1
202 50 1
202 51 1
202 92 1
202 110 1
202 156 1
202 177 1
202 227 1
202 229 1
202 241 1
202 265 1
202 270 1
202 291 1
202 325 1
202 387 1
202 396 1
202 415 1
202 421 1
202 428 1
202 432 1
202 446 1
202 511 1
202 672 1
202 683 1
202 687 1
202 702 1
202 707 1
202 724 1
202 758 1
202 761 1
202 779 1
202 831 1
202 835 1
202 868 1
202 880 1
202 910 1
202 1013 1
202 1065 1
202 1106 1
202 1131 1
202 1183 1
202 1189 1
202 1209 1
202 1219 1
202 1229 1
202 1248 1
202 1257 1
202 1263 1
202 1271 1
202 1291 1
202 1329 1
202 1343 1
202 1349 1
202 1395 1
202 1526 1
202 1575 1
202 1620 1
202 1725 1
202 1774 1
202 1841 1
202 1872 1
202 1884 1
202 1893 1
202 1934 1
202 1978 1
202 2045 1
203 84 1
203 102 1
203 125 1
203 129 1
203 162 1
203 187 1
203 206 1
203 221 1
203 272 1
203 317 1
203 504 1
203 509 1
203 592 1
203 600 1
203 602 1
203 649 1
203 658 1
203 662 1
203 674 1
203 713 1
203 766 1
203 817 1
203 849 1
203 862 1
203 1002 1
203 1036 1
203 1057 1
203 1101 1
203 1220 1
203 1337 1
203 1402 1
203 1407 1
203 1564 1
203 1647 1
203 1702 1
203 1765 1
203 1830 1
203 1834 1
203 1837 1
203 1840 1
203 1851 1
203 1853 1
203 1858 1
203 1933 1
203 1937 1
203 1941 1
203 1986 1
203 2016 1
203 2021 1
203 2040 1
204 103 1
204 131 1
204 180 1
204 235 1
204 290 1
204 359 1
204 362 1
204 555 1
204 566 1
204 586 1
204 703 1
204 738 1
204 858 1
204 861 1
204 1091 1
204 1110 1
204 1368 1
204 1471 1
204 1604 1
204 1833 1
205 127 1
205 215 1
205 228 1
205 295 1
205 634 1
205 695 1
205 715 1
205 729 1
205 765 1
205 767 1
205 798 1
205 850 1
205 863 1
205 935 1
205 983 1
205 1042 1
205 1044 1
205 1239 1
205 1332 1
205 1570 1
205 1760 1
205 1807 1
205 1843 1
206 222 1
206 292 1
206 320 1
206 376 1
206 506 1
206 678 1
206 721 1
206 965 1
206 1004 1
206 1211 1
206 1233 1
206 1268 1
206 1454 1
206 1513 1
206 1521 1
206 1555 1
206 1635 1
206 1806 1
206 1916 1
206 1930 1
206 1946 1
206 1958 1
207 280 1
207 354 1
207 547 1
207 604 1
207 645 1
207 1107 1
207 1460 1
208 469 1
208 513 1
208 1549 1
208 1623 1
208 1745 1
208 1980 1
209 485 1
209 628 1
209 1545 1
209 1675 1
209 1798 1
210 56 1
210 96 1
210 208 1
210 246 1
210 632 1
210 852 1
210 982 1
210 1017 1
210 1031 1
210 1299 1
210 1553 1
210 1612 1
210 1976 1
210 2041 1
212 324 1
212 430 1
212 546 1
212 749 1
212 789 1
212 885 1
212 1060 1
212 1108 1
212 1354 1
212 1429 1
212 1539 1
212 1918 1
213 64 1
213 266 1
213 286 1
213 326 1
213 508 1
213 775 1
213 871 1
213 1029 1
213 1124 1
213 1143 1
213 1207 1
213 1603 1
213 1607 1
213 1668 1
213 1689 1
213 1763 1
213 1869 1
214 5 1
214 32 1
214 172 1
214 193 1
214 253 1
214 374 1
214 406 1
214 480 1
214 665 1
214 838 1
214 932 1
214 997 1
214 1001 1
214 1075 1
214 1100 1
214 1160 1
214 1316 1
214 1485 1
214 1633 1
214 1665 1
214 1762 1
214 1789 1
214 1904 1
215 106 1
215 740 1
215 776 1
215 869 1
215 976 1
215 1176 1
215 1241 1
215 1276 1
215 1713 1
215 1722 1
215 1808 1
215 1999 1
216 973 1
216 1496 1
216 1595 1
216 1733 1
216 1950 1
217 140 1
217 1245 1
218 3 1
218 7 1
218 742 1
224 956 1
224 1180 1
651 45 1
651 82 1
652 49 1
653 64 1
654 51 1
654 56 1
655 69 1
656 72 1
658 67 1
659 67 1
660 79 1
661 533 1
661 1046 1
661 1213 1
661 1679 1
661 1724 1
661 1982 1
662 61 1
662 104 1
662 120 1
662 194 1
662 235 1
662 319 1
662 354 1
662 491 1
662 493 1
662 494 1
662 531 1
662 570 1
662 724 1
662 760 1
662 810 1
662 835 1
662 1041 1
662 1058 1
662 1108 1
662 1205 1
662 1259 1
662 1359 1
662 1525 1
662 1533 1
662 1563 1
662 1619 1
662 1632 1
662 1661 1
662 1681 1
662 1715 1
662 1815 1
662 1848 1
662 1870 1
662 1871 1
662 1881 1
662 1925 1
662 1935 1
662 1986 1
663 10 1
663 26 1
663 36 1
663 60 1
663 91 1
663 102 1
663 173 1
663 195 1
663 239 1
663 276 1
663 304 1
663 309 1
663 311 1
663 321 1
663 329 1
663 356 1
663 382 1
663 400 1
663 412 1
663 416 1
663 427 1
663 430 1
663 459 1
663 501 1
663 515 1
663 590 1
663 615 1
663 624 1
663 625 1
663 635 1
663 640 1
663 641 1
663 665 1
663 676 1
663 678 1
663 687 1
663 709 1
663 713 1
663 738 1
663 745 1
663 757 1
663 781 1
663 790 1
663 807 1
663 815 1
663 823 1
663 826 1
663 834 1
663 860 1
663 869 1
663 995 1
663 1048 1
663 1060 1
663 1063 1
663 1089 1
663 1090 1
663 1112 1
663 1133 1
663 1145 1
663 1199 1
663 1206 1
663 1210 1
663 1248 1
663 1257 1
663 1258 1
663 1268 1
663 1278 1
663 1280 1
663 1292 1
663 1304 1
663 1329 1
663 1335 1
663 1365 1
663 1449 1
663 1481 1
663 1516 1
663 1522 1
663 1539 1
663 1543 1
663 1560 1
663 1587 1
663 1600 1
663 1611 1
663 1636 1
663 1649 1
663 1659 1
663 1667 1
663 1678 1
663 1688 1
663 1690 1
663 1718 1
663 1721 1
663 1722 1
663 1726 1
663 1731 1
663 1757 1
663 1767 1
663 1790 1
663 1914 1
663 1936 1
663 1939 1
663 2019 1
663 2027 1
663 2034 1
663 2045 1
664 39 1
664 66 1
664 69 1
664 92 1
664 96 1
664 105 1
664 130 1
664 168 1
664 211 1
664 257 1
664 278 1
664 307 1
664 312 1
664 328 1
664 341 1
664 464 1
664 510 1
664 513 1
664 644 1
664 688 1
664 712 1
664 763 1
664 782 1
664 809 1
664 852 1
664 873 1
664 901 1
664 910 1
664 956 1
664 1000 1
664 1042 1
664 1050 1
664 1057 1
664 1087 1
664 1091 1
664 1101 1
664 1126 1
664 1147 1
664 1165 1
664 1192 1
664 1195 1
664 1214 1
664 1220 1
664 1229 1
664 1243 1
664 1255 1
664 1290 1
664 1301 1
664 1337 1
664 1342 1
664 1345 1
664 1346 1
664 1369 1
664 1389 1
664 1400 1
664 1442 1
664 1456 1
664 1461 1
664 1475 1
664 1483 1
664 1491 1
664 1502 1
664 1503 1
664 1561 1
664 1610 1
664 1635 1
664 1639 1
664 1643 1
664 1663 1
664 1711 1
664 1748 1
664 1774 1
664 1780 1
664 1825 1
664 1894 1
664 1950 1
664 1963 1
664 1993 1
664 2012 1
664 2038 1
665 30 1
665 63 1
665 64 1
665 76 1
665 138 1
665 166 1
665 269 1
665 293 1
665 348 1
665 387 1
665 418 1
665 575 1
665 789 1
665 793 1
665 812 1
665 821 1
665 881 1
665 907 1
665 914 1
665 928 1
665 929 1
665 971 1
665 1092 1
665 1098 1
665 1103 1
665 1127 1
665 1154 1
665 1175 1
665 1186 1
665 1230 1
665 1274 1
665 1279 1
665 1333 1
665 1361 1
665 1363 1
665 1401 1
665 1430 1
665 1443 1
665 1453 1
665 1463 1
665 1544 1
665 1549 1
665 1570 1
665 1572 1
665 1590 1
665 1665 1
665 1692 1
665 1693 1
665 1698 1
665 1732 1
665 1733 1
665 1752 1
665 1763 1
665 1783 1
665 1798 1
665 1807 1
665 1856 1
665 1879 1
665 1918 1
665 1928 1
665 1946 1
665 1971 1
665 1974 1
665 1978 1
665 1999 1
666 18 1
666 44 1
666 46 1
666 57 1
666 68 1
666 93 1
666 231 1
666 246 1
666 267 1
666 271 1
666 281 1
666 330 1
666 385 1
666 432 1
666 487 1
666 505 1
666 517 1
666 532 1
666 544 1
666 593 1
666 595 1
666 619 1
666 774 1
666 847 1
666 859 1
666 878 1
666 897 1
666 998 1
666 1136 1
666 1137 1
666 1156 1
666 1176 1
666 1224 1
666 1228 1
666 1273 1
666 1306 1
666 1312 1
666 1381 1
666 1403 1
666 1406 1
666 1417 1
666 1448 1
666 1460 1
666 1477 1
666 1499 1
666 1510 1
666 1547 1
666 1565 1
666 1662 1
666 1687 1
666 1776 1
666 1794 1
666 1812 1
666 1824 1
666 1840 1
666 1886 1
666 1924 1
666 1926 1
666 2021 1
667 159 1
667 326 1
667 384 1
667 457 1
667 645 1
667 691 1
667 714 1
667 775 1
667 784 1
667 824 1
667 913 1
667 923 1
667 959 1
667 1148 1
667 1172 1
667 1495 1
667 1579 1
667 1582 1
667 1832 1
667 1854 1
667 1919 1
667 1952 1
668 61 1
668 103 1
668 229 1
668 394 1
668 462 1
668 936 1
668 1352 1
668 1754 1
668 1922 1
669 190 1
669 245 1
669 737 1
669 1096 1
669 1275 1
669 1705 1
669 1765 1
669 1964 1
670 43 1
670 248 1
670 357 1
670 538 1
670 616 1
670 631 1
670 1128 1
670 1340 1
670 1374 1
670 1631 1
670 1771 1
671 42 1
671 62 1
671 63 1
671 376 1
671 649 1
671 654 1
671 857 1
671 1131 1
671 1318 1
671 1451 1
671 1729 1
672 27 1
672 63 1
672 77 1
672 144 1
672 151 1
672 187 1
672 203 1
672 283 1
672 353 1
672 479 1
672 661 1
672 785 1
672 945 1
672 954 1
672 1067 1
672 1398 1
673 54 1
673 81 1
673 504 1
673 682 1
673 726 1
673 805 1
673 986 1
673 1271 1
673 1548 1
673 1728 1
673 1786 1
673 1857 1
673 1864 1
674 15 1
674 16 1
674 20 1
674 23 1
674 24 1
674 54 1
674 57 1
674 81 1
674 94 1
674 123 1
674 134 1
674 214 1
674 297 1
674 393 1
674 425 1
674 429 1
674 436 1
674 455 1
674 547 1
674 582 1
674 596 1
674 629 1
674 663 1
674 770 1
674 799 1
674 808 1
674 856 1
674 888 1
674 927 1
674 984 1
674 1035 1
674 1073 1
674 1104 1
674 1110 1
674 1130 1
674 1238 1
674 1293 1
674 1302 1
674 1368 1
674 1386 1
674 1418 1
674 1459 1
674 1492 1
674 1520 1
674 1577 1
674 1598 1
674 1645 1
674 1819 1
674 1913 1
674 1915 1
674 1931 1
674 1941 1
674 1951 1
674 1957 1
674 2041 1
675 3 1
675 4 1
675 5 1
675 6 1
675 8 1
675 9 1
675 12 1
675 14 1
675 17 1
675 19 1
675 21 1
675 25 1
675 28 1
675 29 1
675 31 1
675 32 1
675 35 1
675 37 1
675 38 1
675 52 1
675 53 1
675 70 1
675 73 1
675 78 1
675 80 1
675 84 1
675 89 1
675 90 1
675 98 1
675 101 1
675 106 1
675 110 1
675 112 1
675 113 1
675 115 1
675 118 1
675 119 1
675 121 1
675 125 1
675 128 1
675 129 1
675 132 1
675 148 1
675 149 1
675 157 1
675 158 1
675 167 1
675 178 1
675 179 1
675 181 1
675 189 1
675 192 1
675 197 1
675 199 1
675 200 1
675 201 1
675 204 1
675 206 1
675 207 1
675 213 1
675 215 1
675 220 1
675 221 1
675 223 1
675 226 1
675 227 1
675 228 1
675 230 1
675 233 1
675 236 1
675 237 1
675 240 1
675 241 1
675 249 1
675 251 1
675 254 1
675 256 1
675 262 1
675 265 1
675 266 1
675 268 1
675 273 1
675 280 1
675 285 1
675 286 1
675 287 1
675 289 1
675 290 1
675 294 1
675 296 1
675 298 1
675 305 1
675 308 1
675 314 1
675 315 1
675 318 1
675 320 1
675 324 1
675 331 1
675 334 1
675 337 1
675 343 1
675 345 1
675 347 1
675 360 1
675 362 1
675 365 1
675 367 1
675 375 1
675 377 1
675 379 1
675 380 1
675 386 1
675 389 1
675 392 1
675 395 1
675 397 1
675 402 1
675 403 1
675 409 1
675 410 1
675 411 1
675 413 1
675 415 1
675 419 1
675 420 1
675 424 1
675 428 1
675 431 1
675 433 1
675 435 1
675 439 1
675 441 1
675 443 1
675 456 1
675 458 1
675 460 1
675 463 1
675 465 1
675 466 1
675 467 1
675 471 1
675 473 1
675 474 1
675 475 1
675 478 1
675 492 1
675 496 1
675 508 1
675 511 1
675 512 1
675 514 1
675 518 1
675 526 1
675 529 1
675 537 1
675 540 1
675 541 1
675 543 1
675 546 1
675 551 1
675 552 1
675 553 1
675 558 1
675 559 1
675 561 1
675 563 1
675 565 1
675 567 1
675 568 1
675 569 1
675 571 1
675 572 1
675 573 1
675 574 1
675 579 1
675 581 1
675 583 1
675 585 1
675 588 1
675 589 1
675 597 1
675 599 1
675 600 1
675 601 1
675 602 1
675 603 1
675 605 1
675 607 1
675 613 1
675 617 1
675 620 1
675 627 1
675 632 1
675 633 1
675 634 1
675 647 1
675 651 1
675 652 1
675 655 1
675 658 1
675 659 1
675 660 1
675 668 1
675 671 1
675 672 1
675 685 1
675 689 1
675 695 1
675 699 1
675 701 1
675 703 1
675 710 1
675 717 1
675 719 1
675 720 1
675 728 1
675 729 1
675 730 1
675 732 1
675 739 1
675 740 1
675 741 1
675 744 1
675 750 1
675 751 1
675 752 1
675 756 1
675 759 1
675 764 1
675 765 1
675 768 1
675 771 1
675 773 1
675 776 1
675 786 1
675 788 1
675 797 1
675 800 1
675 801 1
675 802 1
675 803 1
675 811 1
675 816 1
675 818 1
675 820 1
675 827 1
675 830 1
675 838 1
675 839 1
675 842 1
675 843 1
675 844 1
675 845 1
675 848 1
675 851 1
675 855 1
675 861 1
675 863 1
675 865 1
675 867 1
675 872 1
675 875 1
675 880 1
675 883 1
675 886 1
675 887 1
675 891 1
675 894 1
675 899 1
675 903 1
675 904 1
675 915 1
675 916 1
675 917 1
675 925 1
675 930 1
675 931 1
675 933 1
675 940 1
675 941 1
675 946 1
675 949 1
675 953 1
675 955 1
675 960 1
675 970 1
675 972 1
675 977 1
675 978 1
675 979 1
675 980 1
675 982 1
675 987 1
675 990 1
675 991 1
675 994 1
675 997 1
675 1003 1
675 1004 1
675 1009 1
675 1011 1
675 1021 1
675 1033 1
675 1037 1
675 1038 1
675 1039 1
675 1040 1
675 1051 1
675 1052 1
675 1059 1
675 1065 1
675 1068 1
675 1072 1
675 1075 1
675 1078 1
675 1081 1
675 1084 1
675 1094 1
675 1099 1
675 1106 1
675 1107 1
675 1114 1
675 1115 1
675 1119 1
675 1123 1
675 1134 1
675 1138 1
675 1142 1
675 1143 1
675 1144 1
675 1151 1
675 1160 1
675 1166 1
675 1167 1
675 1169 1
675 1173 1
675 1178 1
675 1181 1
675 1184 1
675 1187 1
675 1188 1
675 1191 1
675 1196 1
675 1200 1
675 1202 1
675 1204 1
675 1208 1
675 1209 1
675 1215 1
675 1216 1
675 1219 1
675 1222 1
675 1227 1
675 1233 1
675 1234 1
675 1235 1
675 1237 1
675 1239 1
675 1241 1
675 1244 1
675 1245 1
675 1251 1
675 1261 1
675 1263 1
675 1264 1
675 1269 1
675 1281 1
675 1285 1
675 1291 1
675 1296 1
675 1298 1
675 1303 1
675 1313 1
675 1315 1
675 1322 1
675 1324 1
675 1325 1
675 1326 1
675 1327 1
675 1334 1
675 1336 1
675 1339 1
675 1348 1
675 1357 1
675 1364 1
675 1371 1
675 1373 1
675 1375 1
675 1376 1
675 1377 1
675 1378 1
675 1379 1
675 1380 1
675 1383 1
675 1385 1
675 1390 1
675 1394 1
675 1395 1
675 1396 1
675 1397 1
675 1399 1
675 1408 1
675 1419 1
675 1420 1
675 1421 1
675 1423 1
675 1427 1
675 1428 1
675 1429 1
675 1431 1
675 1440 1
675 1441 1
675 1444 1
675 1454 1
675 1465 1
675 1468 1
675 1478 1
675 1484 1
675 1485 1
675 1498 1
675 1500 1
675 1505 1
675 1507 1
675 1508 1
675 1509 1
675 1513 1
675 1514 1
675 1515 1
675 1517 1
675 1519 1
675 1526 1
675 1529 1
675 1530 1
675 1536 1
675 1537 1
675 1540 1
675 1545 1
675 1546 1
675 1551 1
675 1553 1
675 1555 1
675 1562 1
675 1568 1
675 1575 1
675 1576 1
675 1578 1
675 1589 1
675 1592 1
675 1594 1
675 1601 1
675 1603 1
675 1605 1
675 1608 1
675 1612 1
675 1613 1
675 1615 1
675 1618 1
675 1624 1
675 1626 1
675 1633 1
675 1647 1
675 1651 1
675 1660 1
675 1668 1
675 1671 1
675 1676 1
675 1686 1
675 1694 1
675 1695 1
675 1702 1
675 1709 1
675 1710 1
675 1716 1
675 1727 1
675 1730 1
675 1734 1
675 1737 1
675 1739 1
675 1743 1
675 1747 1
675 1749 1
675 1750 1
675 1755 1
675 1764 1
675 1768 1
675 1772 1
675 1775 1
675 1779 1
675 1784 1
675 1800 1
675 1803 1
675 1808 1
675 1810 1
675 1816 1
675 1817 1
675 1822 1
675 1826 1
675 1827 1
675 1829 1
675 1834 1
675 1835 1
675 1836 1
675 1842 1
675 1845 1
675 1861 1
675 1862 1
675 1863 1
675 1869 1
675 1875 1
675 1876 1
675 1882 1
675 1888 1
675 1896 1
675 1897 1
675 1899 1
675 1900 1
675 1910 1
675 1916 1
675 1917 1
675 1933 1
675 1934 1
675 1942 1
675 1945 1
675 1947 1
675 1958 1
675 1962 1
675 1965 1
675 1967 1
675 1973 1
675 1980 1
675 1987 1
675 1989 1
675 2006 1
675 2007 1
675 2014 1
675 2015 1
675 2020 1
675 2025 1
675 2026 1
675 2028 1
675 2030 1
675 2031 1
675 2036 1
675 2047 1
676 1 1
676 2 1
676 7 1
676 11 1
676 22 1
676 33 1
676 34 1
676 40 1
676 41 1
676 47 1
676 50 1
676 58 1
676 59 1
676 65 1
676 69 1
676 71 1
676 74 1
676 75 1
676 83 1
676 85 1
676 86 1
676 87 1
676 95 1
676 97 1
676 100 1
676 107 1
676 108 1
676 109 1
676 111 1
676 114 1
676 116 1
676 117 1
676 122 1
676 126 1
676 127 1
676 131 1
676 133 1
676 135 1
676 136 1
676 137 1
676 139 1
676 140 1
676 141 1
676 143 1
676 145 1
676 150 1
676 153 1
676 154 1
676 156 1
676 161 1
676 162 1
676 163 1
676 164 1
676 169 1
676 170 1
676 176 1
676 180 1
676 183 1
676 185 1
676 188 1
676 191 1
676 193 1
676 196 1
676 198 1
676 202 1
676 205 1
676 208 1
676 209 1
676 210 1
676 212 1
676 216 1
676 217 1
676 218 1
676 219 1
676 224 1
676 234 1
676 238 1
676 242 1
676 243 1
676 247 1
676 250 1
676 252 1
676 253 1
676 258 1
676 259 1
676 260 1
676 261 1
676 270 1
676 272 1
676 274 1
676 275 1
676 277 1
676 279 1
676 282 1
676 284 1
676 288 1
676 292 1
676 295 1
676 299 1
676 301 1
676 303 1
676 306 1
676 310 1
676 313 1
676 317 1
676 322 1
676 323 1
676 332 1
676 335 1
676 336 1
676 340 1
676 344 1
676 349 1
676 350 1
676 351 1
676 358 1
676 359 1
676 361 1
676 363 1
676 364 1
676 366 1
676 368 1
676 369 1
676 371 1
676 372 1
676 373 1
676 374 1
676 378 1
676 383 1
676 388 1
676 390 1
676 391 1
676 396 1
676 398 1
676 399 1
676 401 1
676 405 1
676 406 1
676 407 1
676 408 1
676 417 1
676 421 1
676 422 1
676 423 1
676 426 1
676 437 1
676 440 1
676 444 1
676 445 1
676 446 1
676 447 1
676 450 1
676 451 1
676 452 1
676 453 1
676 454 1
676 461 1
676 468 1
676 469 1
676 470 1
676 472 1
676 476 1
676 477 1
676 480 1
676 481 1
676 482 1
676 483 1
676 484 1
676 485 1
676 486 1
676 489 1
676 490 1
676 495 1
676 497 1
676 498 1
676 499 1
676 500 1
676 503 1
676 507 1
676 509 1
676 516 1
676 519 1
676 520 1
676 522 1
676 523 1
676 525 1
676 527 1
676 530 1
676 535 1
676 539 1
676 542 1
676 548 1
676 549 1
676 550 1
676 554 1
676 555 1
676 556 1
676 557 1
676 560 1
676 564 1
676 566 1
676 576 1
676 577 1
676 578 1
676 580 1
676 584 1
676 586 1
676 587 1
676 592 1
676 594 1
676 598 1
676 606 1
676 608 1
676 609 1
676 610 1
676 612 1
676 614 1
676 618 1
676 621 1
676 623 1
676 626 1
676 628 1
676 630 1
676 636 1
676 637 1
676 638 1
676 639 1
676 643 1
676 650 1
676 656 1
676 662 1
676 664 1
676 667 1
676 669 1
676 670 1
676 674 1
676 675 1
676 677 1
676 681 1
676 683 1
676 686 1
676 690 1
676 693 1
676 696 1
676 697 1
676 702 1
676 704 1
676 705 1
676 706 1
676 721 1
676 722 1
676 725 1
676 727 1
676 731 1
676 733 1
676 735 1
676 736 1
676 742 1
676 746 1
676 747 1
676 748 1
676 749 1
676 753 1
676 755 1
676 758 1
676 762 1
676 766 1
676 767 1
676 769 1
676 772 1
676 777 1
676 779 1
676 780 1
676 783 1
676 787 1
676 791 1
676 792 1
676 794 1
676 798 1
676 806 1
676 813 1
676 814 1
676 817 1
676 819 1
676 822 1
676 825 1
676 828 1
676 829 1
676 833 1
676 836 1
676 837 1
676 840 1
676 841 1
676 849 1
676 850 1
676 854 1
676 862 1
676 868 1
676 870 1
676 871 1
676 876 1
676 877 1
676 879 1
676 882 1
676 895 1
676 896 1
676 898 1
676 900 1
676 902 1
676 908 1
676 909 1
676 920 1
676 921 1
676 922 1
676 924 1
676 926 1
676 932 1
676 934 1
676 937 1
676 939 1
676 942 1
676 943 1
676 944 1
676 948 1
676 951 1
676 952 1
676 958 1
676 966 1
676 967 1
676 968 1
676 969 1
676 973 1
676 974 1
676 975 1
676 976 1
676 983 1
676 985 1
676 988 1
676 989 1
676 992 1
676 993 1
676 1001 1
676 1002 1
676 1005 1
676 1006 1
676 1007 1
676 1008 1
676 1010 1
676 1012 1
676 1013 1
676 1014 1
676 1015 1
676 1017 1
676 1019 1
676 1020 1
676 1022 1
676 1023 1
676 1024 1
676 1026 1
676 1028 1
676 1029 1
676 1030 1
676 1045 1
676 1049 1
676 1053 1
676 1054 1
676 1055 1
676 1061 1
676 1064 1
676 1066 1
676 1069 1
676 1070 1
676 1071 1
676 1074 1
676 1076 1
676 1077 1
676 1080 1
676 1082 1
676 1086 1
676 1093 1
676 1095 1
676 1097 1
676 1100 1
676 1102 1
676 1105 1
676 1111 1
676 1113 1
676 1116 1
676 1117 1
676 1120 1
676 1121 1
676 1125 1
676 1129 1
676 1135 1
676 1139 1
676 1140 1
676 1141 1
676 1150 1
676 1152 1
676 1155 1
676 1157 1
676 1158 1
676 1161 1
676 1162 1
676 1163 1
676 1164 1
676 1168 1
676 1170 1
676 1171 1
676 1174 1
676 1179 1
676 1180 1
676 1183 1
676 1185 1
676 1189 1
676 1194 1
676 1197 1
676 1198 1
676 1201 1
676 1203 1
676 1207 1
676 1211 1
676 1212 1
676 1217 1
676 1226 1
676 1232 1
676 1236 1
676 1240 1
676 1242 1
676 1246 1
676 1247 1
676 1249 1
676 1253 1
676 1254 1
676 1262 1
676 1266 1
676 1267 1
676 1270 1
676 1272 1
676 1276 1
676 1277 1
676 1282 1
676 1283 1
676 1284 1
676 1286 1
676 1288 1
676 1289 1
676 1294 1
676 1299 1
676 1300 1
676 1307 1
676 1311 1
676 1314 1
676 1319 1
676 1321 1
676 1323 1
676 1328 1
676 1330 1
676 1331 1
676 1332 1
676 1338 1
676 1341 1
676 1343 1
676 1344 1
676 1347 1
676 1349 1
676 1350 1
676 1351 1
676 1353 1
676 1354 1
676 1355 1
676 1356 1
676 1358 1
676 1360 1
676 1362 1
676 1366 1
676 1367 1
676 1370 1
676 1372 1
676 1382 1
676 1384 1
676 1391 1
676 1392 1
676 1393 1
676 1402 1
676 1404 1
676 1405 1
676 1410 1
676 1411 1
676 1414 1
676 1415 1
676 1422 1
676 1424 1
676 1426 1
676 1432 1
676 1433 1
676 1435 1
676 1436 1
676 1437 1
676 1445 1
676 1447 1
676 1450 1
676 1455 1
676 1457 1
676 1458 1
676 1462 1
676 1464 1
676 1466 1
676 1470 1
676 1471 1
676 1472 1
676 1473 1
676 1474 1
676 1476 1
676 1479 1
676 1480 1
676 1482 1
676 1486 1
676 1488 1
676 1489 1
676 1493 1
676 1496 1
676 1497 1
676 1501 1
676 1504 1
676 1506 1
676 1511 1
676 1523 1
676 1527 1
676 1528 1
676 1531 1
676 1534 1
676 1535 1
676 1541 1
676 1542 1
676 1550 1
676 1552 1
676 1554 1
676 1557 1
676 1566 1
676 1567 1
676 1569 1
676 1571 1
676 1573 1
676 1574 1
676 1580 1
676 1581 1
676 1584 1
676 1585 1
676 1595 1
676 1596 1
676 1597 1
676 1602 1
676 1604 1
676 1606 1
676 1607 1
676 1617 1
676 1622 1
676 1623 1
676 1625 1
676 1628 1
676 1630 1
676 1637 1
676 1638 1
676 1640 1
676 1641 1
676 1650 1
676 1652 1
676 1653 1
676 1654 1
676 1655 1
676 1656 1
676 1664 1
676 1666 1
676 1669 1
676 1673 1
676 1674 1
676 1675 1
676 1680 1
676 1682 1
676 1683 1
676 1684 1
676 1685 1
676 1689 1
676 1691 1
676 1696 1
676 1697 1
676 1699 1
676 1700 1
676 1703 1
676 1704 1
676 1707 1
676 1708 1
676 1713 1
676 1714 1
676 1720 1
676 1723 1
676 1725 1
676 1735 1
676 1740 1
676 1741 1
676 1742 1
676 1751 1
676 1753 1
676 1756 1
676 1759 1
676 1760 1
676 1761 1
676 1762 1
676 1766 1
676 1770 1
676 1778 1
676 1781 1
676 1782 1
676 1785 1
676 1788 1
676 1789 1
676 1791 1
676 1792 1
676 1797 1
676 1799 1
676 1802 1
676 1804 1
676 1805 1
676 1806 1
676 1809 1
676 1811 1
676 1813 1
676 1814 1
676 1818 1
676 1820 1
676 1833 1
676 1837 1
676 1838 1
676 1839 1
676 1841 1
676 1844 1
676 1850 1
676 1851 1
676 1852 1
676 1853 1
676 1855 1
676 1860 1
676 1865 1
676 1866 1
676 1868 1
676 1877 1
676 1878 1
676 1883 1
676 1885 1
676 1887 1
676 1889 1
676 1890 1
676 1892 1
676 1893 1
676 1895 1
676 1898 1
676 1901 1
676 1902 1
676 1904 1
676 1905 1
676 1906 1
676 1907 1
676 1908 1
676 1909 1
676 1920 1
676 1921 1
676 1929 1
676 1930 1
676 1932 1
676 1937 1
676 1938 1
676 1944 1
676 1949 1
676 1953 1
676 1954 1
676 1955 1
676 1956 1
676 1959 1
676 1960 1
676 1961 1
676 1966 1
676 1968 1
676 1969 1
676 1970 1
676 1972 1
676 1975 1
676 1976 1
676 1977 1
676 1983 1
676 1984 1
676 1985 1
676 1990 1
676 1992 1
676 1994 1
676 1995 1
676 1996 1
676 1998 1
676 2000 1
676 2001 1
676 2003 1
676 2004 1
676 2008 1
676 2009 1
676 2011 1
676 2013 1
676 2017 1
676 2023 1
676 2024 1
676 2032 1
676 2033 1
676 2035 1
676 2037 1
676 2040 1
676 2042 1
676 2046 1
677 48 1
677 99 1
677 124 1
677 142 1
677 146 1
677 155 1
677 160 1
677 165 1
677 174 1
677 175 1
677 177 1
677 182 1
677 184 1
677 186 1
677 222 1
677 244 1
677 255 1
677 263 1
677 264 1
677 291 1
677 300 1
677 302 1
677 316 1
677 325 1
677 327 1
677 338 1
677 342 1
677 346 1
677 352 1
677 355 1
677 370 1
677 381 1
677 404 1
677 434 1
677 438 1
677 442 1
677 448 1
677 488 1
677 502 1
677 506 1
677 521 1
677 524 1
677 528 1
677 536 1
677 545 1
677 562 1
677 591 1
677 604 1
677 646 1
677 653 1
677 657 1
677 673 1
677 679 1
677 680 1
677 694 1
677 698 1
677 700 1
677 707 1
677 715 1
677 716 1
677 718 1
677 723 1
677 734 1
677 754 1
677 761 1
677 778 1
677 796 1
677 804 1
677 831 1
677 832 1
677 858 1
677 864 1
677 874 1
677 884 1
677 885 1
677 889 1
677 890 1
677 892 1
677 893 1
677 905 1
677 906 1
677 911 1
677 918 1
677 919 1
677 947 1
677 950 1
677 957 1
677 961 1
677 962 1
677 963 1
677 964 1
677 965 1
677 981 1
677 996 1
677 999 1
677 1018 1
677 1025 1
677 1027 1
677 1031 1
677 1032 1
677 1034 1
677 1044 1
677 1047 1
677 1056 1
677 1062 1
677 1083 1
677 1109 1
677 1118 1
677 1124 1
677 1132 1
677 1159 1
677 1177 1
677 1182 1
677 1190 1
677 1193 1
677 1218 1
677 1221 1
677 1223 1
677 1250 1
677 1256 1
677 1260 1
677 1265 1
677 1287 1
677 1295 1
677 1297 1
677 1305 1
677 1308 1
677 1309 1
677 1310 1
677 1316 1
677 1317 1
677 1320 1
677 1387 1
677 1388 1
677 1407 1
677 1409 1
677 1412 1
677 1413 1
677 1425 1
677 1434 1
677 1438 1
677 1439 1
677 1446 1
677 1452 1
677 1467 1
677 1490 1
677 1494 1
677 1512 1
677 1532 1
677 1538 1
677 1556 1
677 1558 1
677 1559 1
677 1564 1
677 1586 1
677 1588 1
677 1591 1
677 1593 1
677 1599 1
677 1609 1
677 1614 1
677 1616 1
677 1620 1
677 1621 1
677 1629 1
677 1634 1
677 1642 1
677 1644 1
677 1646 1
677 1657 1
677 1670 1
677 1672 1
677 1677 1
677 1701 1
677 1706 1
677 1712 1
677 1717 1
677 1736 1
677 1738 1
677 1744 1
677 1745 1
677 1758 1
677 1769 1
677 1773 1
677 1777 1
677 1787 1
677 1793 1
677 1795 1
677 1801 1
677 1821 1
677 1823 1
677 1828 1
677 1830 1
677 1831 1
677 1843 1
677 1846 1
677 1847 1
677 1849 1
677 1858 1
677 1867 1
677 1872 1
677 1873 1
677 1880 1
677 1884 1
677 1891 1
677 1903 1
677 1923 1
677 1927 1
677 1940 1
677 1943 1
677 1979 1
677 1981 1
677 1988 1
677 1997 1
677 2010 1
677 2016 1
677 2018 1
677 2022 1
677 2029 1
677 2039 1
677 2043 1
677 2044 1
677 2048 1
678 49 1
678 52 1
678 55 1
678 147 1
678 152 1
678 171 1
678 225 1
678 232 1
678 339 1
678 449 1
678 611 1
678 622 1
678 648 1
678 666 1
678 684 1
678 708 1
678 711 1
678 743 1
678 795 1
678 853 1
678 866 1
678 912 1
678 938 1
678 1036 1
678 1043 1
678 1079 1
678 1085 1
678 1088 1
678 1146 1
678 1149 1
678 1225 1
678 1231 1
678 1252 1
678 1416 1
678 1487 1
678 1518 1
678 1524 1
678 1648 1
678 1719 1
678 1746 1
678 1859 1
678 1874 1
678 1911 1
678 1912 1
678 1948 1
678 1991 1
679 51 1
679 414 1
679 534 1
679 642 1
679 692 1
679 1016 1
679 1122 1
679 1153 1
679 1469 1
679 1521 1
679 1627 1
679 1658 1
679 2005 1
680 13 1
680 88 1
680 172 1
680 846 1
681 59 1
681 76 1
682 49 1
683 55 1
684 54 1
684 58 1
684 1583 1
684 1796 1
685 52 1
685 2002 1
686 935 1
687 46 1
687 333 1
689 59 1
690 70 1
690 73 1
691 71 1
693 66 1
693 76 1
694 46 1
694 47 1
694 54 1
694 80 1
695 66 1
696 50 1
696 56 1
700 73 1
701 66 1
701 72 1
702 48 1
703 57 1
703 61 1
704 50 1
704 69 1
705 62 1
707 48 1
707 62 1
708 44 1
708 45 1
708 54 1
708 56 1
709 47 1
711 58 1
711 63 1
712 65 1
713 60 1
714 45 1
715 71 1
715 72 1
715 78 1
717 68 1
718 45 1
719 80 1
720 79 1
721 44 1
721 1268 1
722 44 1
722 1365 1
723 781 1
724 76 1
725 570 1
725 625 1
726 71 1
726 348 1
726 1856 1
727 46 1
727 47 1
727 58 1
727 76 1
727 738 1
727 821 1
727 1533 1
727 1563 1
728 42 1
728 901 1
728 1475 1
728 1495 1
729 62 1
729 71 1
729 74 1
729 493 1
729 563 1
729 881 1
730 53 1
730 276 1
730 329 1
730 1881 1
730 1918 1
731 74 1
731 1229 1
731 1258 1
731 1406 1
732 70 1
732 72 1
732 412 1
732 1600 1
733 63 1
733 73 1
733 847 1
733 1363 1
733 1929 1
734 66 1
734 81 1
734 1346 1
734 1935 1
734 2041 1
735 47 1
735 58 1
735 959 1
735 1311 1
735 1678 1
736 74 1
736 1081 1
736 1109 1
736 1448 1
737 63 1
738 72 1
738 1045 1
739 44 1
739 74 1
739 1400 1
739 1556 1
739 1691 1
740 15 1
740 68 1
740 585 1
740 1610 1
741 462 1
741 770 1
741 1395 1
742 52 1
742 105 1
742 467 1
742 510 1
742 1035 1
742 1150 1
742 1170 1
742 1199 1
742 1354 1
742 1674 1
742 1965 1
743 9 1
743 61 1
743 107 1
743 283 1
743 344 1
743 407 1
743 436 1
743 641 1
743 651 1
743 722 1
743 768 1
743 785 1
743 872 1
743 913 1
743 1016 1
743 1125 1
743 1179 1
743 1214 1
743 1926 1
744 33 1
744 64 1
744 76 1
744 78 1
744 311 1
744 712 1
744 955 1
744 1195 1
744 1203 1
744 1208 1
744 1220 1
744 1394 1
744 1421 1
744 1441 1
744 1816 1
745 5 1
745 10 1
745 29 1
745 53 1
745 72 1
745 176 1
745 231 1
745 463 1
745 705 1
745 784 1
745 1154 1
745 1321 1
745 1408 1
745 1461 1
745 1492 1
745 1590 1
745 1790 1
746 69 1
746 203 1
746 341 1
746 485 1
746 883 1
746 1188 1
746 1329 1
746 1381 1
746 1386 1
746 1423 1
746 1512 1
746 1519 1
746 1575 1
746 1770 1
746 1774 1
746 1834 1
746 1940 1
747 102 1
747 161 1
747 275 1
747 365 1
747 414 1
747 454 1
747 511 1
747 546 1
747 561 1
747 589 1
747 759 1
747 775 1
747 1444 1
747 1840 1
747 1924 1
748 18 1
748 75 1
748 82 1
748 211 1
748 635 1
748 830 1
748 860 1
748 898 1
748 1001 1
748 1018 1
748 1137 1
748 1257 1
748 1407 1
748 1449 1
748 1628 1
748 1861 1
749 14 1
749 85 1
749 300 1
749 330 1
749 394 1
749 730 1
749 771 1
749 820 1
749 896 1
749 1369 1
749 1465 1
749 1666 1
749 1698 1
750 74 1
750 374 1
750 772 1
750 832 1
750 1217 1
750 1463 1
750 1638 1
750 2048 0
