1 113 1
1 254 1
1 325 1
1 405 1
1 422 1
1 500 1
1 522 1
1 524 1
1 544 1
1 556 1
1 707 1
1 826 1
1 847 1
1 1077 1
1 1085 1
1 1162 1
1 1326 1
1 1496 1
1 1581 1
1 1707 1
1 1725 1
1 1738 1
1 1748 1
1 1795 1
1 1873 1
1 1885 1
1 2030 1
2 15 1
2 156 1
2 177 1
2 217 1
2 246 1
2 346 1
2 377 1
2 417 1
2 747 1
2 897 1
2 1106 1
2 1345 1
2 1388 1
2 1395 1
2 1454 1
2 1466 1
2 1499 1
2 1684 1
2 1722 1
2 1803 1
2 1834 1
2 1871 1
2 1904 1
2 1931 1
2 1964 1
2 2039 1
3 326 1
3 965 1
3 1140 1
3 1552 1
3 1874 1
4 36 1
4 371 1
4 753 1
4 1416 1
4 1460 1
4 1500 1
4 1663 1
5 330 1
5 497 1
6 63 1
6 585 1
6 632 1
6 690 1
6 880 1
6 927 1
6 1255 1
6 1622 1
6 1628 1
7 23 1
7 332 1
7 1580 1
7 1831 1
7 2043 1
8 21 1
8 135 1
8 140 1
8 193 1
8 746 1
8 790 1
8 931 1
8 1516 1
8 1683 1
8 1751 1
9 127 1
9 148 1
9 155 1
9 262 1
9 274 1
9 309 1
9 402 1
9 409 1
9 439 1
9 450 1
9 571 1
9 579 1
9 653 1
9 786 1
9 796 1
9 830 1
9 1024 1
9 1028 1
9 1059 1
9 1065 1
9 1086 1
9 1136 1
9 1138 1
9 1143 1
9 1220 1
9 1256 1
9 1290 1
9 1314 1
9 1358 1
9 1484 1
9 1538 1
9 1568 1
9 1658 1
9 1698 1
9 1716 1
9 1745 1
10 12 1
10 17 1
10 92 1
10 95 1
10 153 1
10 164 1
10 194 1
10 617 1
10 772 1
10 865 1
10 1081 1
10 1126 1
10 1595 1
10 1666 1
10 1700 1
10 1741 1
10 1893 1
10 1923 1
11 657 1
12 16 1
13 9 1
13 30 1
13 38 1
13 1805 1
14 1673 1
16 4 1
16 32 1
16 41 1
16 1434 1
16 1989 1
17 27 1
17 200 1
19 28 1
19 37 1
19 1615 1
21 17 1
21 36 1
24 27 1
27 11 1
29 3 1
30 19 1
31 33 1
33 8 1
33 28 1
34 13 1
34 17 1
34 20 1
35 30 1
35 37 1
37 30 1
38 1 1
38 30 1
41 35 1
42 7 1
45 12 1
45 427 1
45 914 1
46 36 1
46 39 1
46 161 1
46 285 1
46 1330 1
46 1335 1
46 1753 1
46 1908 1
47 11 1
47 122 1
47 184 1
47 195 1
47 341 1
47 590 1
47 629 1
47 644 1
47 889 1
47 1064 1
47 1556 1
47 1813 1
47 1858 1
47 1943 1
48 23 1
48 70 1
48 508 1
48 1428 1
48 1531 1
48 1630 1
48 1674 1
48 1985 1
49 17 1
49 24 1
49 29 1
49 30 1
49 77 1
49 80 1
49 677 1
49 773 1
49 809 1
49 909 1
49 1366 1
49 1412 1
49 1418 1
49 1590 1
49 1782 1
49 1789 1
49 1865 1
50 253 1
50 308 1
50 316 1
50 459 1
50 611 1
50 719 1
50 860 1
50 1002 1
50 1481 1
50 1617 1
50 1819 1
50 1962 1
50 2041 1
51 8 1
51 19 1
51 1133 1
52 7 1
52 627 1
52 1627 1
53 34 1
53 41 1
53 1149 1
53 1482 1
54 9 1
54 91 1
54 1083 1
54 1331 1
54 1549 1
55 9 1
55 1271 1
55 1859 1
56 35 1
56 348 1
56 528 1
57 2 1
57 6 1
58 10 1
58 1063 1
58 1569 1
59 1 1
59 1958 1
60 456 1
60 511 1
60 850 1
60 879 1
60 981 1
60 1107 1
60 1284 1
60 1653 1
60 1712 1
60 1788 1
60 1954 1
60 2029 1
61 62 1
61 147 1
61 421 1
61 453 1
61 461 1
61 623 1
61 649 1
61 669 1
61 720 1
61 760 1
61 782 1
61 831 1
61 854 1
61 891 1
61 953 1
61 985 1
61 1047 1
61 1246 1
61 1456 1
61 1506 1
61 1598 1
61 1728 1
61 1861 1
61 1955 1
61 1967 1
62 5 1
62 24 1
62 40 1
62 45 1
62 57 1
62 180 1
62 222 1
62 234 1
62 260 1
62 301 1
62 315 1
62 325 1
62 329 1
62 495 1
62 636 1
62 738 1
62 743 1
62 892 1
62 970 1
62 1060 1
62 1068 1
62 1329 1
62 1543 1
62 1676 1
62 1697 1
62 1702 1
62 1855 1
62 1878 1
62 1881 1
62 1898 1
62 1947 1
62 1973 1
62 1992 1
63 26 1
63 105 1
63 146 1
63 337 1
63 397 1
63 458 1
63 527 1
63 610 1
63 646 1
63 698 1
63 737 1
63 783 1
63 887 1
63 908 1
63 919 1
63 1007 1
63 1076 1
63 1127 1
63 1150 1
63 1293 1
63 1313 1
63 1400 1
63 1514 1
63 1564 1
63 1575 1
63 1636 1
63 1691 1
63 1706 1
63 1729 1
63 1735 1
63 1737 1
63 1794 1
63 1869 1
63 1981 1
63 1998 1
64 15 1
64 31 1
64 190 1
64 192 1
64 224 1
64 478 1
64 566 1
64 576 1
64 668 1
64 822 1
64 845 1
64 1260 1
64 1267 1
64 1309 1
64 1414 1
64 1532 1
64 1584 1
64 1638 1
64 1797 1
64 1823 1
64 1828 1
64 1900 1
64 2018 1
64 2024 1
65 2 1
65 20 1
65 25 1
65 39 1
65 114 1
65 150 1
65 515 1
65 534 1
65 552 1
65 607 1
65 613 1
65 711 1
65 930 1
65 962 1
65 1036 1
65 1046 1
65 1108 1
65 1124 1
65 1139 1
65 1209 1
65 1300 1
65 1328 1
65 1391 1
65 1493 1
65 1626 1
65 1686 1
65 1757 1
65 1764 1
65 1820 1
65 1844 1
66 7 1
66 10 1
66 19 1
66 34 1
66 313 1
66 823 1
66 829 1
66 858 1
66 877 1
66 1031 1
66 1142 1
66 1254 1
66 1320 1
66 1948 1
66 1950 1
67 20 1
67 284 1
67 376 1
67 392 1
67 480 1
67 779 1
67 835 1
67 1045 1
67 1100 1
67 1432 1
67 1462 1
67 1655 1
67 1723 1
67 2008 1
67 2027 1
67 2045 1
68 69 1
68 198 1
68 484 1
68 584 1
68 1182 1
68 1527 1
68 1846 1
68 1850 1
68 1928 1
68 1932 1
69 26 1
69 32 1
69 307 1
69 412 1
69 1165 1
69 1866 1
69 1877 1
69 1966 1
70 9 1
70 1458 1
71 35 1
71 730 1
71 1203 1
71 1338 1
71 1507 1
72 36 1
72 219 1
72 942 1
72 1151 1
72 1501 1
72 1592 1
73 11 1
73 18 1
73 1087 1
73 1405 1
73 2025 1
74 761 1
74 1213 1
74 1427 1
74 1536 1
74 1600 1
74 1793 1
74 2005 1
75 14 1
75 39 1
75 90 1
75 101 1
75 322 1
75 449 1
75 475 1
75 479 1
75 941 1
75 983 1
75 990 1
75 1114 1
75 1123 1
75 1193 1
75 1282 1
75 1365 1
75 1525 1
75 1566 1
75 1611 1
75 1730 1
75 1733 1
75 1853 1
75 1978 1
75 2004 1
75 2015 1
76 21 1
76 54 1
76 76 1
76 112 1
76 118 1
76 151 1
76 166 1
76 247 1
76 249 1
76 314 1
76 318 1
76 319 1
76 362 1
76 413 1
76 455 1
76 503 1
76 521 1
76 553 1
76 631 1
76 638 1
76 736 1
76 765 1
76 785 1
76 849 1
76 883 1
76 895 1
76 955 1
76 974 1
76 994 1
76 1057 1
76 1103 1
76 1205 1
76 1285 1
76 1311 1
76 1323 1
76 1341 1
76 1343 1
76 1387 1
76 1468 1
76 1510 1
76 1529 1
76 1553 1
76 1603 1
76 1623 1
76 1678 1
76 1679 1
76 1694 1
76 1787 1
76 1804 1
76 1842 1
76 1871 1
76 1882 1
76 1883 1
76 1897 1
76 1899 1
76 1905 1
76 1963 1
76 2012 1
76 2023 1
77 22 1
77 42 1
77 48 1
77 56 1
77 100 1
77 141 1
77 160 1
77 172 1
77 178 1
77 196 1
77 205 1
77 212 1
77 214 1
77 227 1
77 269 1
77 271 1
77 278 1
77 292 1
77 295 1
77 305 1
77 321 1
77 346 1
77 415 1
77 416 1
77 424 1
77 447 1
77 465 1
77 470 1
77 501 1
77 512 1
77 535 1
77 543 1
77 554 1
77 557 1
77 581 1
77 582 1
77 647 1
77 687 1
77 688 1
77 770 1
77 812 1
77 817 1
77 852 1
77 903 1
77 982 1
77 996 1
77 1023 1
77 1027 1
77 1037 1
77 1061 1
77 1128 1
77 1155 1
77 1233 1
77 1244 1
77 1268 1
77 1292 1
77 1303 1
77 1336 1
77 1447 1
77 1449 1
77 1474 1
77 1488 1
77 1522 1
77 1589 1
77 1648 1
77 1667 1
77 1689 1
77 1798 1
77 1806 1
77 1884 1
77 1887 1
77 1890 1
77 1902 1
77 1903 1
77 1919 1
77 1994 1
78 22 1
78 55 1
78 61 1
78 157 1
78 209 1
78 242 1
78 257 1
78 258 1
78 302 1
78 431 1
78 468 1
78 482 1
78 507 1
78 575 1
78 615 1
78 715 1
78 717 1
78 731 1
78 798 1
78 875 1
78 890 1
78 901 1
78 911 1
78 915 1
78 925 1
78 928 1
78 934 1
78 946 1
78 1012 1
78 1041 1
78 1053 1
78 1097 1
78 1116 1
78 1187 1
78 1195 1
78 1204 1
78 1277 1
78 1301 1
78 1310 1
78 1382 1
78 1403 1
78 1420 1
78 1463 1
78 1489 1
78 1490 1
78 1555 1
78 1573 1
78 1596 1
78 1608 1
78 1642 1
78 1670 1
78 1675 1
78 1724 1
78 1749 1
78 1770 1
78 1826 1
78 1832 1
78 1847 1
78 1849 1
78 1852 1
78 1917 1
78 1938 1
78 1949 1
78 1983 1
78 1987 1
78 1999 1
78 2013 1
79 10 1
79 29 1
79 31 1
79 58 1
79 81 1
79 82 1
79 103 1
79 148 1
79 159 1
79 206 1
79 208 1
79 275 1
79 280 1
79 375 1
79 398 1
79 407 1
79 438 1
79 530 1
79 559 1
79 621 1
79 651 1
79 661 1
79 670 1
79 685 1
79 721 1
79 722 1
79 725 1
79 732 1
79 750 1
79 752 1
79 755 1
79 793 1
79 802 1
79 810 1
79 811 1
79 816 1
79 894 1
79 1013 1
79 1021 1
79 1034 1
79 1099 1
79 1132 1
79 1169 1
79 1197 1
79 1228 1
79 1269 1
79 1270 1
79 1274 1
79 1291 1
79 1295 1
79 1332 1
79 1359 1
79 1371 1
79 1376 1
79 1394 1
79 1415 1
79 1448 1
79 1453 1
79 1467 1
79 1494 1
79 1513 1
79 1559 1
79 1567 1
79 1651 1
79 1680 1
79 1696 1
79 1731 1
79 1765 1
79 1775 1
79 1851 1
79 1864 1
79 1873 1
79 1874 1
79 1911 1
79 1929 1
79 1939 1
79 1941 1
79 1951 1
79 1984 1
79 2032 1
79 2038 1
80 3 1
80 39 1
80 106 1
80 125 1
80 176 1
80 188 1
80 202 1
80 211 1
80 216 1
80 283 1
80 290 1
80 312 1
80 349 1
80 356 1
80 396 1
80 514 1
80 536 1
80 560 1
80 568 1
80 573 1
80 586 1
80 640 1
80 660 1
80 700 1
80 744 1
80 763 1
80 780 1
80 797 1
80 832 1
80 837 1
80 848 1
80 878 1
80 902 1
80 956 1
80 975 1
80 986 1
80 1129 1
80 1167 1
80 1239 1
80 1247 1
80 1344 1
80 1392 1
80 1396 1
80 1431 1
80 1439 1
80 1503 1
80 1560 1
80 1563 1
80 1576 1
80 1645 1
80 1664 1
80 1669 1
80 1816 1
80 1818 1
80 1845 1
80 1875 1
80 1894 1
80 1906 1
80 1918 1
80 1944 1
80 1986 1
80 1993 1
80 2048 1
81 41 1
81 117 1
81 152 1
81 277 1
81 294 1
81 323 1
81 331 1
81 338 1
81 550 1
81 612 1
81 645 1
81 910 1
81 957 1
81 969 1
81 972 1
81 993 1
81 998 1
81 1071 1
81 1081 1
81 1095 1
81 1138 1
81 1161 1
81 1180 1
81 1183 1
81 1349 1
81 1413 1
81 1441 1
81 1502 1
81 1541 1
81 1586 1
81 1605 1
81 1701 1
81 1773 1
81 1811 1
81 1915 1
81 1968 1
81 1976 1
81 2001 1
81 2044 1
82 25 1
82 169 1
82 333 1
82 391 1
82 403 1
82 448 1
82 531 1
82 654 1
82 691 1
82 754 1
82 958 1
82 1018 1
82 1098 1
82 1249 1
82 1257 1
82 1422 1
82 1437 1
82 1455 1
82 1460 1
82 1620 1
82 1946 1
83 94 1
83 228 1
83 389 1
83 476 1
83 569 1
83 628 1
83 1227 1
83 1337 1
83 1340 1
83 1342 1
83 1511 1
83 1520 1
83 1528 1
83 1888 1
83 1913 1
84 21 1
84 31 1
84 68 1
84 265 1
84 418 1
84 597 1
84 683 1
84 929 1
84 963 1
84 1038 1
84 1050 1
84 1052 1
84 1304 1
84 1401 1
84 1492 1
84 1763 1
85 21 1
85 23 1
85 32 1
85 128 1
85 203 1
85 221 1
85 819 1
85 828 1
85 1177 1
85 1212 1
85 1406 1
85 1668 1
85 1711 1
86 367 1
86 519 1
86 741 1
86 888 1
86 1504 1
87 18 1
87 23 1
87 33 1
87 1010 1
87 1299 1
87 1635 1
87 1785 1
87 1824 1
88 13 1
88 109 1
88 334 1
88 351 1
88 355 1
88 633 1
88 1665 1
88 1715 1
89 26 1
89 85 1
89 273 1
89 279 1
89 373 1
89 384 1
89 410 1
89 619 1
89 625 1
89 867 1
89 918 1
89 927 1
89 992 1
89 1056 1
89 1072 1
89 1221 1
89 1540 1
89 1601 1
89 1634 1
89 1718 1
89 1959 1
90 37 1
90 267 1
90 364 1
90 549 1
90 565 1
90 601 1
90 616 1
90 671 1
90 686 1
90 740 1
90 778 1
90 781 1
90 1069 1
90 1089 1
90 1125 1
90 1186 1
90 1189 1
90 1334 1
90 1356 1
90 1384 1
90 1389 1
90 1539 1
90 1612 1
90 1699 1
90 1810 1
90 2037 1
91 3 1
91 8 1
91 47 1
91 51 1
91 53 1
91 74 1
91 99 1
91 104 1
91 111 1
91 121 1
91 167 1
91 199 1
91 204 1
91 235 1
91 256 1
91 330 1
91 363 1
91 380 1
91 386 1
91 395 1
91 414 1
91 457 1
91 517 1
91 605 1
91 641 1
91 663 1
91 664 1
91 678 1
91 681 1
91 709 1
91 716 1
91 723 1
91 766 1
91 784 1
91 789 1
91 851 1
91 857 1
91 868 1
91 881 1
91 884 1
91 899 1
91 949 1
91 954 1
91 966 1
91 999 1
91 1049 1
91 1054 1
91 1094 1
91 1102 1
91 1111 1
91 1118 1
91 1134 1
91 1140 1
91 1152 1
91 1163 1
91 1181 1
91 1188 1
91 1211 1
91 1226 1
91 1229 1
91 1252 1
91 1281 1
91 1286 1
91 1307 1
91 1435 1
91 1440 1
91 1464 1
91 1470 1
91 1471 1
91 1497 1
91 1517 1
91 1607 1
91 1732 1
91 1742 1
91 1752 1
91 1766 1
91 1779 1
91 1786 1
91 1843 1
91 1863 1
91 1909 1
91 1960 1
91 1965 1
91 2022 1
92 36 1
92 49 1
92 65 1
92 67 1
92 78 1
92 87 1
92 89 1
92 93 1
92 96 1
92 113 1
92 116 1
92 126 1
92 130 1
92 134 1
92 143 1
92 173 1
92 207 1
92 215 1
92 226 1
92 236 1
92 244 1
92 251 1
92 252 1
92 281 1
92 286 1
92 287 1
92 310 1
92 360 1
92 369 1
92 370 1
92 401 1
92 433 1
92 437 1
92 469 1
92 471 1
92 473 1
92 499 1
92 510 1
92 523 1
92 529 1
92 539 1
92 545 1
92 548 1
92 551 1
92 567 1
92 572 1
92 620 1
92 652 1
92 659 1
92 680 1
92 696 1
92 701 1
92 705 1
92 713 1
92 735 1
92 769 1
92 771 1
92 787 1
92 801 1
92 815 1
92 855 1
92 862 1
92 870 1
92 885 1
92 905 1
92 907 1
92 916 1
92 920 1
92 935 1
92 938 1
92 964 1
92 976 1
92 987 1
92 1003 1
92 1017 1
92 1026 1
92 1043 1
92 1062 1
92 1082 1
92 1090 1
92 1110 1
92 1115 1
92 1117 1
92 1144 1
92 1145 1
92 1147 1
92 1156 1
92 1170 1
92 1174 1
92 1191 1
92 1192 1
92 1198 1
92 1201 1
92 1210 1
92 1216 1
92 1224 1
92 1231 1
92 1259 1
92 1263 1
92 1287 1
92 1315 1
92 1316 1
92 1317 1
92 1350 1
92 1352 1
92 1357 1
92 1373 1
92 1379 1
92 1380 1
92 1421 1
92 1425 1
92 1433 1
92 1442 1
92 1491 1
92 1495 1
92 1505 1
92 1518 1
92 1530 1
92 1544 1
92 1547 1
92 1550 1
92 1551 1
92 1577 1
92 1581 1
92 1585 1
92 1594 1
92 1602 1
92 1613 1
92 1629 1
92 1639 1
92 1643 1
92 1647 1
92 1649 1
92 1656 1
92 1662 1
92 1681 1
92 1695 1
92 1705 1
92 1708 1
92 1717 1
92 1726 1
92 1760 1
92 1776 1
92 1784 1
92 1834 1
92 1839 1
92 1880 1
92 1896 1
92 1901 1
92 1912 1
92 1922 1
92 1924 1
92 1925 1
92 1927 1
92 1956 1
92 1970 1
92 1996 1
92 2020 1
92 2033 1
93 17 1
93 35 1
93 59 1
93 72 1
93 97 1
93 120 1
93 133 1
93 145 1
93 158 1
93 168 1
93 171 1
93 175 1
93 183 1
93 225 1
93 231 1
93 255 1
93 282 1
93 317 1
93 339 1
93 345 1
93 352 1
93 353 1
93 354 1
93 358 1
93 359 1
93 366 1
93 383 1
93 390 1
93 393 1
93 400 1
93 404 1
93 408 1
93 411 1
93 419 1
93 420 1
93 423 1
93 445 1
93 454 1
93 466 1
93 488 1
93 494 1
93 496 1
93 506 1
93 520 1
93 524 1
93 540 1
93 547 1
93 556 1
93 562 1
93 570 1
93 574 1
93 577 1
93 580 1
93 583 1
93 626 1
93 648 1
93 682 1
93 690 1
93 692 1
93 714 1
93 726 1
93 733 1
93 756 1
93 762 1
93 768 1
93 777 1
93 791 1
93 807 1
93 813 1
93 814 1
93 825 1
93 836 1
93 840 1
93 853 1
93 863 1
93 869 1
93 886 1
93 896 1
93 898 1
93 926 1
93 936 1
93 940 1
93 951 1
93 960 1
93 967 1
93 979 1
93 989 1
93 997 1
93 1030 1
93 1033 1
93 1070 1
93 1077 1
93 1091 1
93 1106 1
93 1109 1
93 1112 1
93 1135 1
93 1175 1
93 1178 1
93 1190 1
93 1225 1
93 1237 1
93 1241 1
93 1245 1
93 1258 1
93 1305 1
93 1312 1
93 1319 1
93 1327 1
93 1347 1
93 1353 1
93 1354 1
93 1362 1
93 1367 1
93 1383 1
93 1397 1
93 1402 1
93 1407 1
93 1408 1
93 1424 1
93 1459 1
93 1475 1
93 1478 1
93 1485 1
93 1509 1
93 1512 1
93 1578 1
93 1597 1
93 1610 1
93 1631 1
93 1671 1
93 1682 1
93 1692 1
93 1709 1
93 1743 1
93 1746 1
93 1758 1
93 1781 1
93 1783 1
93 1792 1
93 1800 1
93 1848 1
93 1879 1
93 1886 1
93 1889 1
93 1892 1
93 1907 1
93 1914 1
93 1926 1
93 1933 1
93 1937 1
93 1969 1
93 1975 1
93 1980 1
93 1982 1
93 1988 1
93 2009 1
93 2010 1
93 2019 1
93 2026 1
94 4 1
94 41 1
94 43 1
94 46 1
94 50 1
94 73 1
94 83 1
94 88 1
94 98 1
94 136 1
94 154 1
94 163 1
94 232 1
94 237 1
94 268 1
94 288 1
94 304 1
94 327 1
94 328 1
94 368 1
94 388 1
94 405 1
94 426 1
94 435 1
94 443 1
94 450 1
94 451 1
94 452 1
94 464 1
94 532 1
94 537 1
94 538 1
94 542 1
94 546 1
94 561 1
94 588 1
94 604 1
94 617 1
94 662 1
94 693 1
94 703 1
94 710 1
94 728 1
94 747 1
94 764 1
94 794 1
94 803 1
94 806 1
94 808 1
94 834 1
94 861 1
94 880 1
94 912 1
94 923 1
94 931 1
94 937 1
94 947 1
94 950 1
94 968 1
94 1029 1
94 1039 1
94 1073 1
94 1092 1
94 1131 1
94 1137 1
94 1146 1
94 1173 1
94 1179 1
94 1194 1
94 1200 1
94 1207 1
94 1215 1
94 1217 1
94 1240 1
94 1266 1
94 1297 1
94 1306 1
94 1318 1
94 1321 1
94 1339 1
94 1346 1
94 1370 1
94 1390 1
94 1393 1
94 1417 1
94 1429 1
94 1450 1
94 1480 1
94 1498 1
94 1500 1
94 1524 1
94 1533 1
94 1534 1
94 1535 1
94 1570 1
94 1591 1
94 1599 1
94 1637 1
94 1640 1
94 1650 1
94 1659 1
94 1661 1
94 1685 1
94 1710 1
94 1720 1
94 1738 1
94 1740 1
94 1744 1
94 1748 1
94 1754 1
94 1762 1
94 1769 1
94 1780 1
94 1830 1
94 1833 1
94 1860 1
94 1867 1
94 1934 1
94 1935 1
94 1936 1
94 1940 1
94 1957 1
94 1997 1
94 2003 1
94 2016 1
94 2028 1
94 2031 1
94 2042 1
95 66 1
95 102 1
95 139 1
95 144 1
95 181 1
95 186 1
95 189 1
95 197 1
95 210 1
95 272 1
95 289 1
95 291 1
95 303 1
95 361 1
95 371 1
95 425 1
95 428 1
95 434 1
95 477 1
95 483 1
95 498 1
95 526 1
95 564 1
95 609 1
95 632 1
95 650 1
95 658 1
95 695 1
95 718 1
95 742 1
95 748 1
95 805 1
95 824 1
95 864 1
95 897 1
95 952 1
95 973 1
95 1096 1
95 1168 1
95 1172 1
95 1199 1
95 1230 1
95 1238 1
95 1242 1
95 1243 1
95 1256 1
95 1262 1
95 1289 1
95 1351 1
95 1374 1
95 1378 1
95 1385 1
95 1416 1
95 1438 1
95 1461 1
95 1466 1
95 1472 1
95 1476 1
95 1521 1
95 1545 1
95 1562 1
95 1565 1
95 1582 1
95 1587 1
95 1663 1
95 1684 1
95 1688 1
95 1700 1
95 1755 1
95 1772 1
95 1791 1
95 1796 1
95 1799 1
95 1801 1
95 1802 1
95 1803 1
95 1831 1
95 1891 1
95 1961 1
95 2006 1
95 2046 1
96 24 1
96 40 1
96 44 1
96 52 1
96 75 1
96 95 1
96 132 1
96 149 1
96 153 1
96 182 1
96 238 1
96 239 1
96 240 1
96 243 1
96 274 1
96 300 1
96 309 1
96 326 1
96 340 1
96 381 1
96 406 1
96 516 1
96 630 1
96 639 1
96 675 1
96 727 1
96 739 1
96 759 1
96 826 1
96 846 1
96 856 1
96 865 1
96 882 1
96 904 1
96 921 1
96 933 1
96 977 1
96 1055 1
96 1126 1
96 1232 1
96 1283 1
96 1290 1
96 1308 1
96 1361 1
96 1395 1
96 1399 1
96 1436 1
96 1446 1
96 1465 1
96 1469 1
96 1477 1
96 1483 1
96 1519 1
96 1526 1
96 1554 1
96 1561 1
96 1641 1
96 1652 1
96 1719 1
96 1751 1
96 1768 1
96 1817 1
96 1835 1
96 1870 1
96 1916 1
96 1920 1
96 1952 1
97 38 1
97 213 1
97 266 1
97 343 1
97 377 1
97 422 1
97 442 1
97 446 1
97 487 1
97 491 1
97 533 1
97 578 1
97 622 1
97 637 1
97 697 1
97 729 1
97 790 1
97 821 1
97 1040 1
97 1130 1
97 1159 1
97 1164 1
97 1185 1
97 1208 1
97 1214 1
97 1236 1
97 1253 1
97 1302 1
97 1369 1
97 1409 1
97 1496 1
97 1572 1
97 1741 1
97 1747 1
97 1771 1
97 1795 1
97 1822 1
97 1829 1
97 1841 1
97 1868 1
97 2034 1
98 64 1
98 79 1
98 123 1
98 142 1
98 177 1
98 365 1
98 429 1
98 441 1
98 522 1
98 667 1
98 704 1
98 745 1
98 796 1
98 843 1
98 922 1
98 961 1
98 1006 1
98 1015 1
98 1020 1
98 1058 1
98 1080 1
98 1162 1
98 1223 1
98 1250 1
98 1251 1
98 1411 1
98 1451 1
98 1604 1
98 1616 1
98 1672 1
98 1736 1
98 1977 1
98 2002 1
99 129 1
99 137 1
99 162 1
99 357 1
99 481 1
99 558 1
99 563 1
99 585 1
99 655 1
99 674 1
99 707 1
99 833 1
99 874 1
99 948 1
99 1121 1
99 1358 1
99 1372 1
99 1398 1
99 1486 1
99 1666 1
99 1777 1
99 2040 1
100 165 1
100 460 1
100 474 1
100 634 1
100 847 1
100 945 1
100 978 1
100 1255 1
100 1278 1
100 1443 1
100 1739 1
101 6 1
101 201 1
101 218 1
101 229 1
101 263 1
101 332 1
101 374 1
101 786 1
101 995 1
101 1218 1
101 1614 1
101 1660 1
101 1979 1
102 311 1
102 587 1
102 818 1
102 839 1
102 944 1
102 1093 1
102 1618 1
102 1633 1
102 1693 1
102 1714 1
102 1761 1
102 1856 1
103 245 1
103 603 1
103 859 1
103 913 1
103 924 1
103 1837 1
103 1872 1
104 14 1
104 31 1
104 589 1
104 608 1
104 795 1
104 1014 1
104 1051 1
104 1261 1
104 1264 1
104 1325 1
104 1363 1
104 1410 1
104 1434 1
104 1454 1
104 1516 1
104 2007 1
105 7 1
105 8 1
105 14 1
105 34 1
105 71 1
105 86 1
105 297 1
105 306 1
105 402 1
105 409 1
105 417 1
105 489 1
105 490 1
105 544 1
105 593 1
105 598 1
105 635 1
105 684 1
105 706 1
105 776 1
105 844 1
105 1004 1
105 1075 1
105 1148 1
105 1153 1
105 1154 1
105 1160 1
105 1171 1
105 1222 1
105 1368 1
105 1375 1
105 1508 1
105 1557 1
105 1609 1
105 1646 1
105 1677 1
105 1774 1
105 1836 1
105 1838 1
105 1857 1
105 1942 1
105 1974 1
105 1995 1
106 10 1
106 31 1
106 107 1
106 108 1
106 124 1
106 170 1
106 179 1
106 185 1
106 187 1
106 191 1
106 193 1
106 223 1
106 246 1
106 250 1
106 259 1
106 293 1
106 298 1
106 324 1
106 342 1
106 344 1
106 350 1
106 372 1
106 378 1
106 379 1
106 382 1
106 394 1
106 399 1
106 440 1
106 444 1
106 463 1
106 485 1
106 493 1
106 500 1
106 513 1
106 518 1
106 594 1
106 595 1
106 599 1
106 606 1
106 618 1
106 656 1
106 657 1
106 666 1
106 672 1
106 673 1
106 676 1
106 689 1
106 724 1
106 734 1
106 758 1
106 767 1
106 772 1
106 799 1
106 800 1
106 838 1
106 866 1
106 871 1
106 893 1
106 900 1
106 906 1
106 917 1
106 939 1
106 959 1
106 980 1
106 984 1
106 991 1
106 1001 1
106 1005 1
106 1009 1
106 1011 1
106 1019 1
106 1024 1
106 1025 1
106 1028 1
106 1044 1
106 1066 1
106 1067 1
106 1074 1
106 1079 1
106 1086 1
106 1119 1
106 1122 1
106 1143 1
106 1158 1
106 1166 1
106 1184 1
106 1206 1
106 1248 1
106 1265 1
106 1272 1
106 1273 1
106 1275 1
106 1279 1
106 1288 1
106 1324 1
106 1326 1
106 1345 1
106 1355 1
106 1381 1
106 1419 1
106 1479 1
106 1523 1
106 1537 1
106 1548 1
106 1552 1
106 1579 1
106 1593 1
106 1619 1
106 1625 1
106 1632 1
106 1657 1
106 1687 1
106 1690 1
106 1698 1
106 1703 1
106 1704 1
106 1713 1
106 1721 1
106 1725 1
106 1734 1
106 1756 1
106 1759 1
106 1807 1
106 1808 1
106 1809 1
106 1815 1
106 1821 1
106 1854 1
106 1862 1
106 1930 1
106 1931 1
106 1953 1
106 1964 1
106 1990 1
106 2011 1
106 2030 1
106 2035 1
106 2036 1
106 2039 1
106 2047 1
107 16 1
107 28 1
107 119 1
107 127 1
107 131 1
107 135 1
107 138 1
107 140 1
107 155 1
107 156 1
107 164 1
107 174 1
107 230 1
107 233 1
107 241 1
107 254 1
107 261 1
107 270 1
107 276 1
107 296 1
107 299 1
107 320 1
107 335 1
107 336 1
107 347 1
107 385 1
107 432 1
107 436 1
107 462 1
107 467 1
107 472 1
107 486 1
107 492 1
107 497 1
107 502 1
107 504 1
107 505 1
107 509 1
107 525 1
107 541 1
107 555 1
107 571 1
107 579 1
107 592 1
107 596 1
107 600 1
107 602 1
107 614 1
107 643 1
107 653 1
107 665 1
107 699 1
107 702 1
107 749 1
107 753 1
107 774 1
107 775 1
107 788 1
107 830 1
107 842 1
107 872 1
107 873 1
107 876 1
107 943 1
107 988 1
107 1008 1
107 1016 1
107 1022 1
107 1032 1
107 1035 1
107 1048 1
107 1078 1
107 1084 1
107 1085 1
107 1104 1
107 1120 1
107 1136 1
107 1141 1
107 1157 1
107 1176 1
107 1196 1
107 1202 1
107 1219 1
107 1276 1
107 1280 1
107 1294 1
107 1298 1
107 1314 1
107 1348 1
107 1364 1
107 1386 1
107 1388 1
107 1423 1
107 1430 1
107 1444 1
107 1452 1
107 1457 1
107 1473 1
107 1484 1
107 1487 1
107 1538 1
107 1542 1
107 1558 1
107 1568 1
107 1571 1
107 1574 1
107 1583 1
107 1588 1
107 1595 1
107 1621 1
107 1622 1
107 1624 1
107 1628 1
107 1644 1
107 1654 1
107 1658 1
107 1707 1
107 1716 1
107 1722 1
107 1727 1
107 1745 1
107 1767 1
107 1778 1
107 1790 1
107 1812 1
107 1814 1
107 1825 1
107 1827 1
107 1840 1
107 1876 1
107 1885 1
107 1895 1
107 1910 1
107 1923 1
107 1971 1
107 1972 1
107 1991 1
107 2000 1
107 2014 1
107 2021 1
107 2043 1
108 23 1
108 35 1
108 63 1
108 84 1
108 92 1
108 110 1
108 217 1
108 220 1
108 248 1
108 262 1
108 387 1
108 439 1
108 591 1
108 624 1
108 642 1
108 679 1
108 694 1
108 712 1
108 746 1
108 757 1
108 820 1
108 932 1
108 1059 1
108 1105 1
108 1220 1
108 1234 1
108 1235 1
108 1296 1
108 1322 1
108 1333 1
108 1377 1
108 1404 1
108 1445 1
108 1499 1
108 1673 1
108 1683 1
108 1805 1
108 1921 1
108 1945 1
109 60 1
109 115 1
109 194 1
109 264 1
109 430 1
109 804 1
109 827 1
109 971 1
109 1065 1
109 1426 1
109 1515 1
109 1546 1
109 1580 1
109 1606 1
109 1615 1
109 1750 1
109 1893 1
109 1904 1
110 841 1
110 1989 1
111 792 1
111 965 1
111 2017 1
112 3 1
112 8 1
113 31 1
113 1113 1
114 38 1
115 39 1
116 14 1
117 40 1
118 200 1
121 8 1
121 21 1
121 26 1
122 7 1
122 1042 1
123 13 1
123 41 1
124 6 1
124 27 1
125 19 1
125 36 1
126 28 1
127 29 1
127 39 1
128 41 1
130 5 1
131 40 1
134 26 1
135 15 1
135 30 1
136 10 1
137 3 1
137 33 1
137 38 1
138 13 1
138 30 1
139 773 1
140 13 1
140 18 1
140 613 1
141 28 1
141 34 1
141 629 1
142 12 1
142 21 1
142 23 1
142 41 1
142 879 1
142 1107 1
146 17 1
146 31 1
146 1985 1
147 31 1
147 37 1
147 184 1
147 192 1
148 17 1
148 161 1
148 468 1
148 590 1
148 941 1
149 285 1
149 427 1
149 677 1
149 719 1
149 914 1
149 1064 1
149 1531 1
149 1858 1
150 318 1
150 611 1
150 1061 1
150 1330 1
150 1335 1
150 1428 1
150 1481 1
150 1630 1
150 1865 1
150 1962 1
151 77 1
151 112 1
151 750 1
151 782 1
151 909 1
151 1586 1
151 1674 1
151 1813 1
152 645 1
152 902 1
152 953 1
152 1556 1
152 1672 1
152 1766 1
152 2041 1
153 325 1
153 364 1
153 646 1
153 925 1
153 1021 1
153 1432 1
153 1782 1
153 1859 1
154 45 1
154 62 1
154 178 1
154 253 1
154 420 1
154 453 1
154 459 1
154 576 1
154 639 1
154 877 1
154 1549 1
154 1617 1
154 1737 1
154 1928 1
155 195 1
155 849 1
155 1099 1
155 1139 1
155 1182 1
155 1532 1
155 1863 1
156 146 1
156 275 1
156 644 1
156 998 1
156 1161 1
156 1998 1
157 224 1
157 454 1
157 1712 1
157 1735 1
157 1932 1
158 1877 1
159 85 1
159 475 1
159 528 1
159 1343 1
159 1955 1
160 421 1
160 581 1
160 1002 1
160 1626 1
161 70 1
161 147 1
161 284 1
161 292 1
161 315 1
161 348 1
161 779 1
161 886 1
161 970 1
161 1013 1
161 1101 1
161 1108 1
161 1116 1
161 1213 1
161 1332 1
161 1584 1
161 1589 1
161 1638 1
161 1820 1
161 1855 1
161 1947 1
161 1954 1
162 95 1
162 159 1
162 495 1
162 538 1
162 610 1
162 623 1
162 738 1
162 807 1
162 850 1
162 858 1
162 889 1
162 903 1
162 907 1
162 930 1
162 942 1
162 951 1
162 1127 1
162 1142 1
162 1277 1
162 1331 1
162 1412 1
162 1506 1
162 1510 1
162 1514 1
162 1564 1
162 1590 1
162 1804 1
162 1992 1
163 4 1
163 125 1
163 157 1
163 341 1
163 456 1
163 534 1
163 668 1
163 812 1
163 892 1
163 915 1
163 994 1
163 1046 1
163 1124 1
163 1254 1
163 1414 1
163 1462 1
163 1488 1
163 1554 1
163 1598 1
163 1667 1
163 1728 1
163 1764 1
163 1850 1
163 1853 1
163 1933 1
163 1967 1
163 1973 1
164 94 1
164 176 1
164 180 1
164 212 1
164 219 1
164 278 1
164 319 1
164 449 1
164 461 1
164 535 1
164 607 1
164 649 1
164 660 1
164 737 1
164 754 1
164 822 1
164 908 1
164 919 1
164 1047 1
164 1052 1
164 1203 1
164 1207 1
164 1209 1
164 1227 1
164 1268 1
164 1284 1
164 1400 1
164 1415 1
164 1458 1
164 1482 1
164 1511 1
164 1560 1
164 1676 1
164 1696 1
164 1706 1
164 1731 1
164 1757 1
164 1811 1
164 1823 1
164 1826 1
164 1866 1
164 1869 1
164 1882 1
164 1905 1
164 1908 1
164 2018 1
164 2029 1
165 16 1
165 76 1
165 150 1
165 202 1
165 203 1
165 301 1
165 337 1
165 349 1
165 473 1
165 501 1
165 533 1
165 547 1
165 609 1
165 700 1
165 730 1
165 823 1
165 837 1
165 891 1
165 974 1
165 993 1
165 1063 1
165 1068 1
165 1072 1
165 1076 1
165 1090 1
165 1228 1
165 1258 1
165 1270 1
165 1283 1
165 1323 1
165 1365 1
165 1405 1
165 1527 1
165 1603 1
165 1643 1
165 1691 1
165 1694 1
165 1765 1
165 1789 1
165 1847 1
165 1878 1
165 1887 1
165 1926 1
165 1966 1
165 1981 1
165 2027 1
166 42 1
166 55 1
166 61 1
166 69 1
166 82 1
166 91 1
166 106 1
166 257 1
166 305 1
166 321 1
166 322 1
166 383 1
166 412 1
166 508 1
166 622 1
166 636 1
166 708 1
166 711 1
166 743 1
166 760 1
166 761 1
166 802 1
166 816 1
166 840 1
166 890 1
166 929 1
166 997 1
166 1012 1
166 1081 1
166 1087 1
166 1109 1
166 1170 1
166 1187 1
166 1188 1
166 1239 1
166 1287 1
166 1329 1
166 1449 1
166 1473 1
166 1492 1
166 1642 1
166 1659 1
166 1723 1
166 1787 1
166 1816 1
166 1894 1
166 1897 1
166 1900 1
166 1902 1
166 1909 1
166 1915 1
166 1929 1
166 1958 1
166 1984 1
166 2003 1
167 255 1
167 307 1
167 353 1
167 354 1
167 392 1
167 515 1
167 651 1
167 664 1
167 683 1
167 783 1
167 853 1
167 860 1
167 899 1
167 983 1
167 1036 1
167 1050 1
167 1088 1
167 1128 1
167 1150 1
167 1153 1
167 1191 1
167 1237 1
167 1246 1
167 1407 1
167 1431 1
167 1553 1
167 1578 1
167 1607 1
167 1611 1
167 1627 1
167 1655 1
167 1686 1
167 1701 1
167 1786 1
167 1794 1
167 1829 1
167 1861 1
167 1881 1
167 1927 1
167 1978 1
167 2045 1
168 103 1
168 196 1
168 198 1
168 274 1
168 281 1
168 380 1
168 568 1
168 574 1
168 582 1
168 588 1
168 698 1
168 720 1
168 721 1
168 722 1
168 739 1
168 770 1
168 814 1
168 854 1
168 883 1
168 976 1
168 985 1
168 996 1
168 1030 1
168 1056 1
168 1057 1
168 1095 1
168 1125 1
168 1132 1
168 1229 1
168 1271 1
168 1316 1
168 1387 1
168 1391 1
168 1446 1
168 1614 1
168 1636 1
168 2012 1
169 46 1
169 54 1
169 57 1
169 199 1
169 239 1
169 240 1
169 273 1
169 289 1
169 314 1
169 442 1
169 458 1
169 575 1
169 631 1
169 732 1
169 887 1
169 955 1
169 990 1
169 1053 1
169 1133 1
169 1301 1
169 1520 1
169 1697 1
169 1870 1
169 1918 1
169 1960 1
170 152 1
170 206 1
170 269 1
170 407 1
170 546 1
170 755 1
170 1340 1
170 1341 1
170 1360 1
170 1413 1
170 1456 1
170 1573 1
170 1629 1
170 1664 1
170 1698 1
170 1806 1
170 1875 1
170 1884 1
170 2019 1
170 2022 1
171 90 1
171 308 1
171 358 1
171 414 1
171 1267 1
171 1536 1
171 1612 1
171 1785 1
171 1788 1
171 1934 1
171 1965 1
171 2024 1
171 2044 1
172 237 1
172 316 1
172 375 1
172 480 1
172 831 1
172 1060 1
172 1194 1
172 1328 1
172 1416 1
172 1502 1
172 1670 1
172 1851 1
173 80 1
173 209 1
173 247 1
173 512 1
173 556 1
173 817 1
173 904 1
173 967 1
173 1310 1
173 1825 1
173 1846 1
174 469 1
174 503 1
174 573 1
174 751 1
174 1906 1
175 48 1
175 227 1
175 510 1
175 765 1
175 1543 1
175 1754 1
175 1898 1
175 1903 1
176 166 1
176 470 1
176 1000 1
176 1167 1
176 1285 1
176 1309 1
176 1338 1
176 1344 1
176 1422 1
176 1648 1
176 1730 1
176 1781 1
176 1883 1
177 81 1
177 222 1
177 258 1
177 397 1
177 447 1
177 479 1
177 511 1
177 521 1
177 580 1
177 632 1
177 715 1
177 736 1
177 785 1
177 809 1
177 946 1
177 982 1
177 1007 1
177 1114 1
177 1183 1
177 1204 1
177 1300 1
177 1383 1
177 1418 1
177 1448 1
177 1480 1
177 1493 1
177 1569 1
177 1575 1
177 1708 1
177 1842 1
177 1913 1
177 1943 1
177 1963 1
177 1987 1
177 2008 1
178 11 1
178 49 1
178 56 1
178 101 1
178 105 1
178 109 1
178 114 1
178 204 1
178 234 1
178 283 1
178 312 1
178 313 1
178 331 1
178 346 1
178 478 1
178 484 1
178 507 1
178 536 1
178 553 1
178 557 1
178 559 1
178 584 1
178 621 1
178 647 1
178 661 1
178 669 1
178 670 1
178 709 1
178 797 1
178 798 1
178 835 1
178 848 1
178 881 1
178 911 1
178 962 1
178 969 1
178 987 1
178 1031 1
178 1037 1
178 1069 1
178 1083 1
178 1100 1
178 1103 1
178 1149 1
178 1195 1
178 1211 1
178 1247 1
178 1260 1
178 1282 1
178 1293 1
178 1311 1
178 1334 1
178 1349 1
178 1366 1
178 1427 1
178 1441 1
178 1505 1
178 1507 1
178 1525 1
178 1587 1
178 1645 1
178 1656 1
178 1702 1
178 1733 1
178 1749 1
178 1753 1
178 1793 1
178 1831 1
178 1845 1
178 1874 1
178 1917 1
178 1919 1
178 1941 1
178 1950 1
178 2001 1
178 2005 1
178 2013 1
178 2015 1
178 2025 1
178 2026 1
178 2032 1
179 51 1
179 68 1
179 89 1
179 122 1
179 128 1
179 134 1
179 141 1
179 160 1
179 163 1
179 172 1
179 181 1
179 189 1
179 211 1
179 214 1
179 221 1
179 228 1
179 267 1
179 280 1
179 290 1
179 330 1
179 334 1
179 362 1
179 368 1
179 373 1
179 410 1
179 413 1
179 416 1
179 418 1
179 422 1
179 431 1
179 450 1
179 464 1
179 549 1
179 551 1
179 566 1
179 569 1
179 586 1
179 597 1
179 615 1
179 627 1
179 640 1
179 654 1
179 662 1
179 678 1
179 688 1
179 731 1
179 740 1
179 741 1
179 744 1
179 784 1
179 832 1
179 845 1
179 852 1
179 910 1
179 923 1
179 928 1
179 940 1
179 954 1
179 958 1
179 963 1
179 972 1
179 979 1
179 1018 1
179 1034 1
179 1038 1
179 1045 1
179 1089 1
179 1097 1
179 1123 1
179 1205 1
179 1224 1
179 1231 1
179 1233 1
179 1244 1
179 1252 1
179 1274 1
179 1281 1
179 1291 1
179 1304 1
179 1312 1
179 1420 1
179 1439 1
179 1447 1
179 1455 1
179 1459 1
179 1468 1
179 1474 1
179 1489 1
179 1501 1
179 1522 1
179 1566 1
179 1576 1
179 1577 1
179 1585 1
179 1592 1
179 1600 1
179 1610 1
179 1653 1
179 1661 1
179 1665 1
179 1671 1
179 1679 1
179 1729 1
179 1742 1
179 1819 1
179 1839 1
179 1864 1
179 1899 1
179 1939 1
179 1948 1
179 1951 1
179 1959 1
179 1975 1
179 2004 1
179 2023 1
179 2037 1
179 2048 1
180 1 1
180 50 1
180 74 1
180 93 1
180 118 1
180 142 1
180 175 1
180 186 1
180 188 1
180 271 1
180 277 1
180 287 1
180 295 1
180 302 1
180 329 1
180 367 1
180 384 1
180 396 1
180 408 1
180 424 1
180 436 1
180 441 1
180 482 1
180 496 1
180 527 1
180 531 1
180 543 1
180 560 1
180 612 1
180 628 1
180 633 1
180 638 1
180 693 1
180 717 1
180 725 1
180 764 1
180 766 1
180 780 1
180 790 1
180 793 1
180 810 1
180 828 1
180 843 1
180 875 1
180 895 1
180 896 1
180 927 1
180 1043 1
180 1098 1
180 1155 1
180 1165 1
180 1169 1
180 1181 1
180 1189 1
180 1193 1
180 1212 1
180 1245 1
180 1257 1
180 1306 1
180 1320 1
180 1336 1
180 1337 1
180 1369 1
180 1376 1
180 1389 1
180 1396 1
180 1397 1
180 1403 1
180 1437 1
180 1478 1
180 1504 1
180 1517 1
180 1528 1
180 1540 1
180 1563 1
180 1581 1
180 1594 1
180 1596 1
180 1602 1
180 1605 1
180 1620 1
180 1623 1
180 1634 1
180 1646 1
180 1660 1
180 1680 1
180 1726 1
180 1758 1
180 1818 1
180 1828 1
180 1832 1
180 1871 1
180 1880 1
180 1888 1
180 1891 1
180 1901 1
180 1938 1
180 1944 1
180 1949 1
180 1968 1
180 1983 1
180 1994 1
180 2031 1
181 2 1
181 59 1
181 126 1
181 143 1
181 183 1
181 190 1
181 201 1
181 208 1
181 238 1
181 242 1
181 245 1
181 249 1
181 256 1
181 260 1
181 265 1
181 304 1
181 370 1
181 381 1
181 393 1
181 398 1
181 435 1
181 437 1
181 445 1
181 446 1
181 448 1
181 455 1
181 465 1
181 476 1
181 514 1
181 523 1
181 530 1
181 532 1
181 563 1
181 601 1
181 606 1
181 655 1
181 658 1
181 663 1
181 681 1
181 701 1
181 703 1
181 705 1
181 735 1
181 781 1
181 806 1
181 808 1
181 851 1
181 878 1
181 897 1
181 901 1
181 936 1
181 948 1
181 968 1
181 981 1
181 989 1
181 992 1
181 1041 1
181 1094 1
181 1115 1
181 1129 1
181 1138 1
181 1145 1
181 1147 1
181 1178 1
181 1208 1
181 1210 1
181 1221 1
181 1232 1
181 1307 1
181 1313 1
181 1319 1
181 1321 1
181 1342 1
181 1370 1
181 1373 1
181 1382 1
181 1394 1
181 1421 1
181 1436 1
181 1440 1
181 1460 1
181 1464 1
181 1465 1
181 1467 1
181 1485 1
181 1490 1
181 1495 1
181 1512 1
181 1518 1
181 1534 1
181 1537 1
181 1541 1
181 1545 1
181 1547 1
181 1567 1
181 1591 1
181 1608 1
181 1616 1
181 1637 1
181 1644 1
181 1650 1
181 1652 1
181 1668 1
181 1678 1
181 1681 1
181 1684 1
181 1685 1
181 1692 1
181 1695 1
181 1717 1
181 1732 1
181 1747 1
181 1762 1
181 1771 1
181 1779 1
181 1780 1
181 1824 1
181 1844 1
181 1860 1
181 1873 1
181 1890 1
181 1911 1
181 1912 1
181 1925 1
181 1937 1
181 1946 1
181 1982 1
181 1986 1
181 1999 1
182 66 1
182 113 1
182 167 1
182 207 1
182 266 1
182 279 1
182 294 1
182 339 1
182 343 1
182 352 1
182 356 1
182 386 1
182 428 1
182 438 1
182 520 1
182 522 1
182 537 1
182 540 1
182 548 1
182 561 1
182 648 1
182 689 1
182 690 1
182 695 1
182 696 1
182 710 1
182 713 1
182 723 1
182 726 1
182 795 1
182 801 1
182 825 1
182 834 1
182 884 1
182 885 1
182 888 1
182 931 1
182 944 1
182 957 1
182 959 1
182 973 1
182 986 1
182 1020 1
182 1039 1
182 1117 1
182 1141 1
182 1144 1
182 1168 1
182 1186 1
182 1192 1
182 1216 1
182 1238 1
182 1241 1
182 1269 1
182 1299 1
182 1339 1
182 1371 1
182 1401 1
182 1409 1
182 1425 1
182 1463 1
182 1503 1
182 1513 1
182 1557 1
182 1565 1
182 1601 1
182 1649 1
182 1663 1
182 1682 1
182 1711 1
182 1739 1
182 1773 1
182 1775 1
182 1798 1
182 1810 1
182 1817 1
182 1849 1
182 1886 1
182 1924 1
182 1980 1
182 2009 1
182 2010 1
183 47 1
183 58 1
183 99 1
183 121 1
183 130 1
183 169 1
183 231 1
183 235 1
183 272 1
183 310 1
183 377 1
183 415 1
183 471 1
183 524 1
183 550 1
183 554 1
183 667 1
183 687 1
183 718 1
183 778 1
183 818 1
183 829 1
183 924 1
183 956 1
183 1003 1
183 1006 1
183 1058 1
183 1059 1
183 1073 1
183 1086 1
183 1096 1
183 1126 1
183 1152 1
183 1180 1
183 1217 1
183 1226 1
183 1259 1
183 1303 1
183 1318 1
183 1350 1
183 1386 1
183 1442 1
183 1461 1
183 1494 1
183 1521 1
183 1562 1
183 1631 1
183 1641 1
183 1720 1
183 1724 1
183 1741 1
183 1743 1
183 1801 1
183 1841 1
183 1935 1
183 1940 1
183 1976 1
184 79 1
184 100 1
184 117 1
184 145 1
184 148 1
184 171 1
184 233 1
184 332 1
184 376 1
184 395 1
184 491 1
184 494 1
184 513 1
184 519 1
184 525 1
184 552 1
184 572 1
184 641 1
184 671 1
184 747 1
184 819 1
184 857 1
184 869 1
184 918 1
184 920 1
184 1027 1
184 1054 1
184 1106 1
184 1156 1
184 1200 1
184 1206 1
184 1347 1
184 1380 1
184 1402 1
184 1509 1
184 1544 1
184 1699 1
184 1744 1
184 1760 1
184 1761 1
184 1808 1
184 1840 1
184 1879 1
184 1896 1
184 2038 1
185 96 1
185 205 1
185 545 1
185 619 1
185 630 1
185 815 1
185 855 1
185 880 1
185 894 1
185 1084 1
185 1112 1
185 1121 1
185 1172 1
185 1249 1
185 1263 1
185 1295 1
185 1434 1
185 1593 1
185 1635 1
185 1657 1
185 1740 1
185 1964 1
185 1969 1
186 291 1
186 605 1
186 676 1
186 691 1
186 753 1
186 952 1
186 1110 1
186 1148 1
186 1151 1
186 1174 1
186 1202 1
186 1242 1
186 1256 1
186 1346 1
186 1359 1
186 1424 1
186 1451 1
186 1559 1
186 1748 1
186 1774 1
186 1868 1
186 1920 1
187 164 1
187 355 1
187 777 1
187 1140 1
187 1444 1
187 1651 1
187 1752 1
187 1889 1
187 1988 1
187 2033 1
188 78 1
188 286 1
188 635 1
188 686 1
188 752 1
188 1253 1
188 1689 1
189 830 1
189 1070 1
189 1077 1
189 1290 1
189 1351 1
189 1356 1
189 1516 1
189 1802 1
189 1833 1
189 1852 1
189 1854 1
190 338 1
190 1131 1
190 1273 1
190 1466 1
190 1867 1
191 236 1
191 252 1
191 351 1
191 391 1
191 433 1
191 483 1
191 680 1
191 685 1
191 938 1
191 1051 1
191 1384 1
191 1406 1
191 1529 1
191 1996 1
191 1997 1
192 87 1
192 363 1
192 481 1
192 526 1
192 587 1
192 625 1
192 682 1
192 771 1
192 811 1
192 813 1
192 847 1
192 865 1
192 898 1
192 1091 1
192 1163 1
192 1179 1
192 1197 1
192 1225 1
192 1292 1
192 1385 1
192 1433 1
192 1470 1
192 1508 1
192 1535 1
192 1539 1
192 1715 1
192 1772 1
192 1797 1
192 1970 1
192 2020 1
192 2040 1
193 43 1
193 53 1
193 65 1
193 67 1
193 72 1
193 75 1
193 97 1
193 104 1
193 111 1
193 133 1
193 151 1
193 154 1
193 158 1
193 179 1
193 210 1
193 215 1
193 216 1
193 282 1
193 317 1
193 360 1
193 369 1
193 389 1
193 390 1
193 409 1
193 411 1
193 426 1
193 443 1
193 451 1
193 466 1
193 487 1
193 529 1
193 565 1
193 577 1
193 652 1
193 659 1
193 707 1
193 714 1
193 716 1
193 727 1
193 756 1
193 762 1
193 768 1
193 787 1
193 826 1
193 867 1
193 868 1
193 870 1
193 905 1
193 912 1
193 916 1
193 949 1
193 960 1
193 975 1
193 1023 1
193 1071 1
193 1082 1
193 1092 1
193 1102 1
193 1118 1
193 1135 1
193 1146 1
193 1158 1
193 1162 1
193 1164 1
193 1177 1
193 1190 1
193 1198 1
193 1272 1
193 1286 1
193 1315 1
193 1327 1
193 1353 1
193 1379 1
193 1408 1
193 1497 1
193 1524 1
193 1555 1
193 1597 1
193 1599 1
193 1647 1
193 1675 1
193 1710 1
193 1718 1
193 1770 1
193 1776 1
193 1830 1
193 1834 1
193 1836 1
193 1921 1
193 1952 1
193 1957 1
193 1993 1
194 44 1
194 64 1
194 71 1
194 83 1
194 108 1
194 123 1
194 135 1
194 144 1
194 149 1
194 156 1
194 168 1
194 193 1
194 213 1
194 226 1
194 229 1
194 232 1
194 243 1
194 244 1
194 259 1
194 303 1
194 309 1
194 327 1
194 345 1
194 347 1
194 357 1
194 361 1
194 366 1
194 378 1
194 388 1
194 403 1
194 404 1
194 405 1
194 417 1
194 419 1
194 423 1
194 457 1
194 460 1
194 499 1
194 506 1
194 516 1
194 517 1
194 518 1
194 539 1
194 542 1
194 567 1
194 570 1
194 585 1
194 593 1
194 603 1
194 608 1
194 616 1
194 626 1
194 656 1
194 728 1
194 733 1
194 742 1
194 758 1
194 763 1
194 767 1
194 769 1
194 786 1
194 789 1
194 791 1
194 805 1
194 824 1
194 833 1
194 856 1
194 859 1
194 861 1
194 863 1
194 864 1
194 900 1
194 922 1
194 933 1
194 935 1
194 937 1
194 947 1
194 964 1
194 966 1
194 977 1
194 1010 1
194 1017 1
194 1029 1
194 1062 1
194 1066 1
194 1111 1
194 1122 1
194 1130 1
194 1134 1
194 1160 1
194 1175 1
194 1199 1
194 1201 1
194 1218 1
194 1219 1
194 1222 1
194 1250 1
194 1255 1
194 1262 1
194 1264 1
194 1297 1
194 1308 1
194 1314 1
194 1317 1
194 1345 1
194 1352 1
194 1358 1
194 1372 1
194 1378 1
194 1392 1
194 1429 1
194 1450 1
194 1453 1
194 1471 1
194 1476 1
194 1483 1
194 1486 1
194 1496 1
194 1498 1
194 1519 1
194 1526 1
194 1533 1
194 1550 1
194 1551 1
194 1552 1
194 1561 1
194 1579 1
194 1583 1
194 1613 1
194 1662 1
194 1669 1
194 1673 1
194 1683 1
194 1687 1
194 1688 1
194 1700 1
194 1703 1
194 1705 1
194 1709 1
194 1713 1
194 1719 1
194 1738 1
194 1759 1
194 1792 1
194 1800 1
194 1843 1
194 1857 1
194 1916 1
194 1922 1
194 1936 1
194 2002 1
194 2030 1
194 2046 1
195 22 1
195 25 1
195 52 1
195 86 1
195 98 1
195 102 1
195 110 1
195 120 1
195 127 1
195 132 1
195 137 1
195 139 1
195 153 1
195 170 1
195 173 1
195 177 1
195 197 1
195 217 1
195 246 1
195 250 1
195 251 1
195 268 1
195 323 1
195 324 1
195 333 1
195 340 1
195 359 1
195 365 1
195 371 1
195 372 1
195 374 1
195 379 1
195 400 1
195 401 1
195 406 1
195 425 1
195 429 1
195 434 1
195 452 1
195 493 1
195 498 1
195 500 1
195 509 1
195 562 1
195 594 1
195 595 1
195 598 1
195 604 1
195 614 1
195 617 1
195 620 1
195 637 1
195 650 1
195 673 1
195 675 1
195 692 1
195 697 1
195 699 1
195 748 1
195 759 1
195 772 1
195 788 1
195 794 1
195 796 1
195 821 1
195 836 1
195 838 1
195 839 1
195 842 1
195 844 1
195 846 1
195 862 1
195 871 1
195 874 1
195 882 1
195 921 1
195 926 1
195 939 1
195 950 1
195 961 1
195 991 1
195 999 1
195 1005 1
195 1033 1
195 1048 1
195 1049 1
195 1067 1
195 1080 1
195 1093 1
195 1136 1
195 1137 1
195 1143 1
195 1157 1
195 1159 1
195 1173 1
195 1185 1
195 1214 1
195 1230 1
195 1243 1
195 1251 1
195 1266 1
195 1275 1
195 1278 1
195 1302 1
195 1333 1
195 1361 1
195 1362 1
195 1364 1
195 1367 1
195 1393 1
195 1395 1
195 1398 1
195 1411 1
195 1417 1
195 1435 1
195 1443 1
195 1454 1
195 1469 1
195 1475 1
195 1479 1
195 1491 1
195 1500 1
195 1542 1
195 1568 1
195 1570 1
195 1571 1
195 1572 1
195 1595 1
195 1609 1
195 1618 1
195 1639 1
195 1640 1
195 1666 1
195 1677 1
195 1690 1
195 1693 1
195 1716 1
195 1725 1
195 1751 1
195 1755 1
195 1768 1
195 1769 1
195 1777 1
195 1783 1
195 1795 1
195 1796 1
195 1799 1
195 1803 1
195 1821 1
195 1848 1
195 1856 1
195 1907 1
195 1923 1
195 1930 1
195 1977 1
195 1989 1
195 2000 1
195 2016 1
195 2021 1
195 2028 1
195 2034 1
195 2035 1
195 2042 1
195 2043 1
196 9 1
196 20 1
196 32 1
196 63 1
196 73 1
196 129 1
196 136 1
196 138 1
196 162 1
196 174 1
196 182 1
196 185 1
196 220 1
196 223 1
196 293 1
196 296 1
196 297 1
196 298 1
196 326 1
196 328 1
196 335 1
196 382 1
196 385 1
196 463 1
196 467 1
196 474 1
196 488 1
196 490 1
196 555 1
196 558 1
196 578 1
196 579 1
196 583 1
196 596 1
196 599 1
196 624 1
196 643 1
196 666 1
196 674 1
196 684 1
196 704 1
196 706 1
196 803 1
196 873 1
196 893 1
196 906 1
196 934 1
196 945 1
196 971 1
196 978 1
196 995 1
196 1001 1
196 1009 1
196 1011 1
196 1015 1
196 1016 1
196 1019 1
196 1040 1
196 1044 1
196 1074 1
196 1075 1
196 1119 1
196 1120 1
196 1154 1
196 1171 1
196 1184 1
196 1240 1
196 1248 1
196 1276 1
196 1279 1
196 1288 1
196 1289 1
196 1294 1
196 1305 1
196 1325 1
196 1354 1
196 1357 1
196 1368 1
196 1381 1
196 1410 1
196 1423 1
196 1438 1
196 1472 1
196 1523 1
196 1530 1
196 1548 1
196 1558 1
196 1582 1
196 1604 1
196 1633 1
196 1658 1
196 1734 1
196 1746 1
196 1756 1
196 1763 1
196 1812 1
196 1822 1
196 1837 1
196 1872 1
196 1892 1
196 1910 1
196 1931 1
196 1956 1
196 1961 1
196 1974 1
196 2006 1
196 2011 1
197 88 1
197 155 1
197 194 1
197 230 1
197 241 1
197 306 1
197 311 1
197 387 1
197 394 1
197 432 1
197 440 1
197 444 1
197 477 1
197 486 1
197 504 1
197 505 1
197 589 1
197 592 1
197 653 1
197 657 1
197 665 1
197 672 1
197 694 1
197 775 1
197 776 1
197 799 1
197 827 1
197 866 1
197 913 1
197 943 1
197 980 1
197 1024 1
197 1079 1
197 1085 1
197 1104 1
197 1166 1
197 1196 1
197 1234 1
197 1296 1
197 1298 1
197 1375 1
197 1390 1
197 1430 1
197 1704 1
197 1707 1
197 1736 1
197 1767 1
197 1784 1
197 1790 1
197 1815 1
197 1827 1
197 1838 1
197 1862 1
197 1895 1
197 1942 1
197 1979 1
197 1991 1
197 2036 1
198 24 1
198 116 1
198 119 1
198 187 1
198 200 1
198 225 1
198 263 1
198 299 1
198 350 1
198 399 1
198 402 1
198 439 1
198 502 1
198 679 1
198 702 1
198 746 1
198 965 1
198 1004 1
198 1014 1
198 1026 1
198 1215 1
198 1220 1
198 1261 1
198 1322 1
198 1324 1
198 1388 1
198 1404 1
198 1499 1
198 1538 1
198 1727 1
198 1745 1
198 1750 1
198 1805 1
198 1809 1
198 1835 1
198 1914 1
198 1945 1
198 1972 1
199 124 1
199 254 1
199 344 1
199 485 1
199 497 1
199 634 1
199 820 1
199 1028 1
199 1105 1
199 1484 1
199 1606 1
199 1615 1
199 1621 1
199 1624 1
199 1625 1
199 1654 1
199 1807 1
199 1904 1
199 1990 1
199 2047 1
200 218 1
200 300 1
200 320 1
200 1223 1
200 1236 1
200 1265 1
200 1452 1
200 1791 1
200 2017 1
201 191 1
201 336 1
201 564 1
201 734 1
201 1348 1
201 1363 1
201 1580 1
201 1588 1
201 1714 1
202 115 1
202 131 1
202 165 1
202 745 1
202 774 1
202 1055 1
202 1355 1
202 1477 1
203 602 1
203 724 1
204 288 1
204 729 1
204 749 1
204 1032 1
205 107 1
205 261 1
205 841 1
205 1280 1
205 1574 1
205 1628 1
206 92 1
206 872 1
206 1008 1
206 1374 1
206 1722 1
206 1995 1
207 60 1
207 140 1
207 262 1
207 342 1
207 462 1
207 541 1
207 544 1
207 571 1
207 600 1
207 642 1
207 712 1
207 800 1
207 917 1
207 984 1
207 988 1
207 1022 1
207 1065 1
207 1078 1
207 1176 1
207 1326 1
207 1399 1
207 1419 1
207 1445 1
207 1457 1
207 1546 1
207 1619 1
207 1622 1
207 1632 1
207 1721 1
207 1885 1
207 1953 1
208 84 1
208 248 1
208 264 1
208 270 1
208 276 1
208 430 1
208 472 1
208 489 1
208 492 1
208 591 1
208 618 1
208 757 1
208 792 1
208 932 1
208 1035 1
208 1235 1
208 1377 1
208 1426 1
208 1487 1
208 1515 1
208 1778 1
208 1814 1
208 1876 1
208 1893 1
208 1971 1
208 2007 1
208 2014 1
208 2039 1
209 27 1
209 804 1
209 876 1
209 1025 1
209 1113 1
652 75 1
654 82 1
655 56 1
656 75 1
659 56 1
660 45 1
662 47 1
662 74 1
662 1378 1
662 1594 1
662 1639 1
662 1925 1
663 6 1
663 7 1
663 34 1
663 38 1
663 40 1
663 46 1
663 49 1
663 52 1
663 80 1
663 81 1
663 105 1
663 111 1
663 117 1
663 124 1
663 127 1
663 135 1
663 143 1
663 152 1
663 160 1
663 184 1
663 193 1
663 194 1
663 221 1
663 236 1
663 273 1
663 312 1
663 319 1
663 327 1
663 328 1
663 333 1
663 337 1
663 395 1
663 402 1
663 422 1
663 447 1
663 461 1
663 462 1
663 468 1
663 469 1
663 471 1
663 476 1
663 484 1
663 505 1
663 516 1
663 537 1
663 547 1
663 551 1
663 562 1
663 569 1
663 591 1
663 600 1
663 611 1
663 616 1
663 625 1
663 646 1
663 657 1
663 680 1
663 686 1
663 690 1
663 699 1
663 726 1
663 728 1
663 737 1
663 744 1
663 752 1
663 766 1
663 771 1
663 792 1
663 811 1
663 824 1
663 837 1
663 847 1
663 852 1
663 860 1
663 864 1
663 870 1
663 876 1
663 879 1
663 893 1
663 901 1
663 918 1
663 920 1
663 942 1
663 950 1
663 962 1
663 975 1
663 995 1
663 996 1
663 1020 1
663 1041 1
663 1052 1
663 1061 1
663 1093 1
663 1102 1
663 1113 1
663 1121 1
663 1148 1
663 1151 1
663 1162 1
663 1172 1
663 1214 1
663 1216 1
663 1218 1
663 1228 1
663 1264 1
663 1293 1
663 1319 1
663 1327 1
663 1330 1
663 1335 1
663 1353 1
663 1356 1
663 1360 1
663 1374 1
663 1387 1
663 1402 1
663 1408 1
663 1417 1
663 1425 1
663 1428 1
663 1437 1
663 1459 1
663 1475 1
663 1477 1
663 1484 1
663 1487 1
663 1488 1
663 1524 1
663 1560 1
663 1561 1
663 1566 1
663 1574 1
663 1584 1
663 1589 1
663 1591 1
663 1595 1
663 1646 1
663 1651 1
663 1673 1
663 1688 1
663 1729 1
663 1730 1
663 1757 1
663 1776 1
663 1779 1
663 1798 1
663 1821 1
663 1835 1
663 1853 1
663 1861 1
663 1875 1
663 1894 1
663 1898 1
663 1905 1
663 1924 1
663 1955 1
663 1957 1
663 1973 1
663 1974 1
663 1979 1
663 2005 1
663 2009 1
663 2022 1
663 2040 1
664 60 1
664 120 1
664 195 1
664 218 1
664 239 1
664 286 1
664 300 1
664 309 1
664 311 1
664 346 1
664 371 1
664 407 1
664 416 1
664 419 1
664 431 1
664 580 1
664 622 1
664 652 1
664 956 1
664 1014 1
664 1089 1
664 1127 1
664 1185 1
664 1192 1
664 1248 1
664 1255 1
664 1258 1
664 1329 1
664 1435 1
664 1466 1
664 1519 1
664 1533 1
664 1539 1
664 1650 1
664 1775 1
664 1799 1
664 1907 1
664 2006 1
664 2016 1
664 2045 1
665 57 1
665 65 1
665 72 1
665 760 1
665 1046 1
665 1108 1
665 1359 1
666 22 1
666 24 1
666 27 1
666 51 1
666 130 1
666 173 1
666 202 1
666 206 1
666 211 1
666 233 1
666 235 1
666 257 1
666 281 1
666 285 1
666 304 1
666 324 1
666 330 1
666 354 1
666 356 1
666 363 1
666 382 1
666 400 1
666 437 1
666 464 1
666 488 1
666 496 1
666 510 1
666 533 1
666 548 1
666 570 1
666 612 1
666 615 1
666 624 1
666 635 1
666 640 1
666 641 1
666 666 1
666 676 1
666 678 1
666 689 1
666 695 1
666 706 1
666 709 1
666 713 1
666 741 1
666 743 1
666 745 1
666 750 1
666 753 1
666 764 1
666 780 1
666 789 1
666 790 1
666 793 1
666 820 1
666 835 1
666 844 1
666 848 1
666 856 1
666 869 1
666 872 1
666 873 1
666 926 1
666 970 1
666 991 1
666 1105 1
666 1124 1
666 1137 1
666 1156 1
666 1158 1
666 1175 1
666 1199 1
666 1210 1
666 1212 1
666 1226 1
666 1253 1
666 1269 1
666 1276 1
666 1280 1
666 1296 1
666 1318 1
666 1333 1
666 1337 1
666 1343 1
666 1346 1
666 1348 1
666 1436 1
666 1442 1
666 1456 1
666 1461 1
666 1485 1
666 1507 1
666 1534 1
666 1537 1
666 1552 1
666 1563 1
666 1570 1
666 1572 1
666 1578 1
666 1579 1
666 1587 1
666 1590 1
666 1596 1
666 1631 1
666 1632 1
666 1636 1
666 1649 1
666 1658 1
666 1660 1
666 1661 1
666 1662 1
666 1671 1
666 1672 1
666 1679 1
666 1681 1
666 1693 1
666 1698 1
666 1704 1
666 1714 1
666 1718 1
666 1726 1
666 1733 1
666 1744 1
666 1745 1
666 1747 1
666 1749 1
666 1750 1
666 1755 1
666 1786 1
666 1804 1
666 1805 1
666 1819 1
666 1822 1
666 1833 1
666 1848 1
666 1870 1
666 1871 1
666 1913 1
666 1917 1
666 1922 1
666 1935 1
666 1936 1
666 1964 1
666 1976 1
666 1986 1
666 1989 1
666 2011 1
666 2019 1
666 2029 1
666 2034 1
667 28 1
667 48 1
667 56 1
667 63 1
667 86 1
667 91 1
667 104 1
667 262 1
667 269 1
667 288 1
667 341 1
667 358 1
667 387 1
667 491 1
667 494 1
667 529 1
667 530 1
667 626 1
667 634 1
667 724 1
667 748 1
667 757 1
667 767 1
667 823 1
667 826 1
667 857 1
667 971 1
667 980 1
667 1048 1
667 1060 1
667 1081 1
667 1082 1
667 1161 1
667 1190 1
667 1205 1
667 1206 1
667 1213 1
667 1278 1
667 1279 1
667 1301 1
667 1345 1
667 1347 1
667 1361 1
667 1379 1
667 1414 1
667 1429 1
667 1433 1
667 1469 1
667 1481 1
667 1496 1
667 1508 1
667 1514 1
667 1604 1
667 1678 1
667 1777 1
667 1795 1
667 1887 1
667 1889 1
667 1982 1
667 1993 1
668 2 1
668 10 1
668 18 1
668 30 1
668 43 1
668 45 1
668 60 1
668 62 1
668 65 1
668 71 1
668 72 1
668 84 1
668 144 1
668 181 1
668 207 1
668 253 1
668 267 1
668 271 1
668 276 1
668 283 1
668 289 1
668 307 1
668 353 1
668 384 1
668 404 1
668 418 1
668 420 1
668 452 1
668 457 1
668 459 1
668 501 1
668 506 1
668 513 1
668 515 1
668 525 1
668 545 1
668 559 1
668 590 1
668 595 1
668 606 1
668 619 1
668 656 1
668 658 1
668 660 1
668 671 1
668 768 1
668 774 1
668 784 1
668 799 1
668 802 1
668 805 1
668 807 1
668 812 1
668 828 1
668 907 1
668 934 1
668 945 1
668 954 1
668 1038 1
668 1074 1
668 1126 1
668 1144 1
668 1145 1
668 1147 1
668 1174 1
668 1180 1
668 1186 1
668 1222 1
668 1268 1
668 1290 1
668 1341 1
668 1342 1
668 1365 1
668 1381 1
668 1389 1
668 1401 1
668 1421 1
668 1432 1
668 1449 1
668 1453 1
668 1463 1
668 1478 1
668 1512 1
668 1547 1
668 1550 1
668 1565 1
668 1569 1
668 1582 1
668 1618 1
668 1635 1
668 1643 1
668 1656 1
668 1665 1
668 1699 1
668 1724 1
668 1731 1
668 1752 1
668 1764 1
668 1794 1
668 1864 1
668 1879 1
668 1886 1
668 1946 1
668 1962 1
668 1999 1
668 2030 1
668 2035 1
669 66 1
669 159 1
669 278 1
669 645 1
669 691 1
669 696 1
669 761 1
669 763 1
669 781 1
669 915 1
669 994 1
669 1103 1
669 1203 1
669 1227 1
669 1311 1
669 1338 1
669 1382 1
669 1522 1
669 1600 1
669 1642 1
669 1645 1
669 1696 1
669 1897 1
669 1906 1
669 1950 1
669 1978 1
670 362 1
670 1712 1
670 1883 1
670 2038 1
671 43 1
671 782 1
671 1274 1
672 57 1
672 62 1
672 66 1
672 68 1
673 43 1
673 1101 1
674 49 1
674 54 1
674 66 1
674 82 1
675 8 1
675 31 1
675 62 1
675 68 1
675 1586 1
676 1 1
676 3 1
676 4 1
676 9 1
676 13 1
676 14 1
676 15 1
676 16 1
676 17 1
676 19 1
676 20 1
676 26 1
676 33 1
676 35 1
676 41 1
676 44 1
676 61 1
676 67 1
676 73 1
676 74 1
676 77 1
676 94 1
676 100 1
676 107 1
676 108 1
676 113 1
676 121 1
676 129 1
676 134 1
676 165 1
676 171 1
676 190 1
676 200 1
676 223 1
676 226 1
676 227 1
676 244 1
676 261 1
676 280 1
676 290 1
676 293 1
676 298 1
676 299 1
676 301 1
676 326 1
676 345 1
676 347 1
676 355 1
676 377 1
676 389 1
676 401 1
676 403 1
676 409 1
676 415 1
676 425 1
676 432 1
676 444 1
676 460 1
676 463 1
676 472 1
676 481 1
676 497 1
676 517 1
676 549 1
676 552 1
676 560 1
676 564 1
676 579 1
676 592 1
676 594 1
676 598 1
676 599 1
676 603 1
676 644 1
676 654 1
676 655 1
676 679 1
676 712 1
676 732 1
676 740 1
676 794 1
676 797 1
676 798 1
676 801 1
676 803 1
676 809 1
676 818 1
676 819 1
676 829 1
676 865 1
676 867 1
676 871 1
676 897 1
676 913 1
676 917 1
676 927 1
676 929 1
676 933 1
676 949 1
676 955 1
676 959 1
676 960 1
676 961 1
676 964 1
676 983 1
676 1001 1
676 1008 1
676 1009 1
676 1011 1
676 1029 1
676 1033 1
676 1040 1
676 1062 1
676 1086 1
676 1106 1
676 1115 1
676 1116 1
676 1117 1
676 1141 1
676 1167 1
676 1170 1
676 1200 1
676 1220 1
676 1254 1
676 1261 1
676 1262 1
676 1263 1
676 1267 1
676 1273 1
676 1275 1
676 1281 1
676 1285 1
676 1298 1
676 1303 1
676 1321 1
676 1324 1
676 1344 1
676 1349 1
676 1352 1
676 1370 1
676 1384 1
676 1386 1
676 1395 1
676 1396 1
676 1403 1
676 1406 1
676 1409 1
676 1410 1
676 1452 1
676 1497 1
676 1516 1
676 1520 1
676 1525 1
676 1535 1
676 1536 1
676 1545 1
676 1568 1
676 1580 1
676 1598 1
676 1615 1
676 1626 1
676 1657 1
676 1666 1
676 1668 1
676 1669 1
676 1680 1
676 1683 1
676 1709 1
676 1716 1
676 1719 1
676 1732 1
676 1739 1
676 1741 1
676 1751 1
676 1758 1
676 1781 1
676 1802 1
676 1808 1
676 1826 1
676 1834 1
676 1836 1
676 1837 1
676 1840 1
676 1856 1
676 1873 1
676 1914 1
676 1991 1
676 2014 1
676 2025 1
676 2036 1
677 5 1
677 11 1
677 12 1
677 21 1
677 23 1
677 29 1
677 32 1
677 36 1
677 37 1
677 39 1
677 42 1
677 50 1
677 51 1
677 53 1
677 55 1
677 58 1
677 64 1
677 69 1
677 76 1
677 78 1
677 85 1
677 87 1
677 90 1
677 92 1
677 93 1
677 95 1
677 96 1
677 97 1
677 98 1
677 99 1
677 101 1
677 103 1
677 109 1
677 110 1
677 114 1
677 115 1
677 116 1
677 118 1
677 119 1
677 122 1
677 123 1
677 126 1
677 128 1
677 131 1
677 132 1
677 133 1
677 138 1
677 139 1
677 140 1
677 142 1
677 145 1
677 148 1
677 149 1
677 150 1
677 151 1
677 153 1
677 154 1
677 155 1
677 157 1
677 161 1
677 164 1
677 167 1
677 168 1
677 169 1
677 174 1
677 175 1
677 176 1
677 178 1
677 179 1
677 180 1
677 182 1
677 183 1
677 185 1
677 186 1
677 187 1
677 188 1
677 189 1
677 191 1
677 192 1
677 196 1
677 197 1
677 198 1
677 199 1
677 203 1
677 208 1
677 213 1
677 214 1
677 216 1
677 217 1
677 220 1
677 224 1
677 229 1
677 234 1
677 237 1
677 238 1
677 241 1
677 243 1
677 246 1
677 248 1
677 249 1
677 250 1
677 251 1
677 252 1
677 254 1
677 256 1
677 258 1
677 260 1
677 265 1
677 266 1
677 270 1
677 272 1
677 274 1
677 275 1
677 279 1
677 282 1
677 284 1
677 287 1
677 292 1
677 295 1
677 296 1
677 297 1
677 303 1
677 305 1
677 306 1
677 308 1
677 313 1
677 314 1
677 315 1
677 316 1
677 318 1
677 320 1
677 321 1
677 322 1
677 325 1
677 329 1
677 331 1
677 334 1
677 335 1
677 336 1
677 340 1
677 343 1
677 344 1
677 348 1
677 349 1
677 351 1
677 352 1
677 357 1
677 359 1
677 360 1
677 361 1
677 365 1
677 369 1
677 370 1
677 372 1
677 376 1
677 378 1
677 379 1
677 380 1
677 381 1
677 383 1
677 385 1
677 386 1
677 388 1
677 393 1
677 394 1
677 397 1
677 399 1
677 405 1
677 406 1
677 410 1
677 411 1
677 412 1
677 413 1
677 414 1
677 417 1
677 421 1
677 423 1
677 426 1
677 428 1
677 429 1
677 430 1
677 433 1
677 435 1
677 436 1
677 439 1
677 440 1
677 441 1
677 443 1
677 450 1
677 451 1
677 454 1
677 458 1
677 465 1
677 466 1
677 467 1
677 473 1
677 474 1
677 475 1
677 478 1
677 479 1
677 482 1
677 483 1
677 486 1
677 487 1
677 489 1
677 490 1
677 492 1
677 493 1
677 495 1
677 498 1
677 500 1
677 502 1
677 507 1
677 508 1
677 509 1
677 511 1
677 512 1
677 514 1
677 518 1
677 523 1
677 528 1
677 539 1
677 540 1
677 542 1
677 543 1
677 544 1
677 546 1
677 550 1
677 553 1
677 556 1
677 558 1
677 563 1
677 565 1
677 567 1
677 568 1
677 574 1
677 577 1
677 578 1
677 581 1
677 582 1
677 583 1
677 585 1
677 586 1
677 587 1
677 588 1
677 593 1
677 596 1
677 597 1
677 602 1
677 605 1
677 608 1
677 610 1
677 613 1
677 614 1
677 617 1
677 618 1
677 621 1
677 623 1
677 627 1
677 628 1
677 629 1
677 631 1
677 633 1
677 637 1
677 642 1
677 647 1
677 650 1
677 653 1
677 662 1
677 664 1
677 665 1
677 669 1
677 670 1
677 673 1
677 675 1
677 683 1
677 684 1
677 687 1
677 688 1
677 694 1
677 697 1
677 698 1
677 700 1
677 702 1
677 703 1
677 705 1
677 707 1
677 710 1
677 715 1
677 716 1
677 717 1
677 719 1
677 720 1
677 721 1
677 722 1
677 725 1
677 727 1
677 729 1
677 731 1
677 736 1
677 738 1
677 739 1
677 742 1
677 746 1
677 747 1
677 749 1
677 751 1
677 754 1
677 756 1
677 758 1
677 759 1
677 762 1
677 765 1
677 769 1
677 772 1
677 773 1
677 775 1
677 776 1
677 777 1
677 783 1
677 786 1
677 788 1
677 791 1
677 795 1
677 800 1
677 806 1
677 810 1
677 813 1
677 816 1
677 817 1
677 822 1
677 825 1
677 827 1
677 830 1
677 831 1
677 832 1
677 833 1
677 834 1
677 838 1
677 839 1
677 840 1
677 841 1
677 842 1
677 843 1
677 849 1
677 850 1
677 853 1
677 854 1
677 855 1
677 858 1
677 861 1
677 862 1
677 863 1
677 868 1
677 875 1
677 877 1
677 878 1
677 880 1
677 882 1
677 883 1
677 886 1
677 887 1
677 888 1
677 889 1
677 892 1
677 900 1
677 902 1
677 903 1
677 906 1
677 908 1
677 909 1
677 910 1
677 911 1
677 912 1
677 916 1
677 919 1
677 921 1
677 923 1
677 925 1
677 928 1
677 931 1
677 936 1
677 937 1
677 939 1
677 940 1
677 943 1
677 944 1
677 946 1
677 947 1
677 953 1
677 957 1
677 958 1
677 963 1
677 965 1
677 966 1
677 967 1
677 968 1
677 969 1
677 972 1
677 974 1
677 978 1
677 979 1
677 984 1
677 987 1
677 988 1
677 989 1
677 990 1
677 993 1
677 997 1
677 998 1
677 1003 1
677 1004 1
677 1006 1
677 1007 1
677 1010 1
677 1013 1
677 1019 1
677 1021 1
677 1022 1
677 1023 1
677 1024 1
677 1025 1
677 1026 1
677 1027 1
677 1028 1
677 1031 1
677 1034 1
677 1035 1
677 1039 1
677 1044 1
677 1045 1
677 1049 1
677 1051 1
677 1053 1
677 1054 1
677 1056 1
677 1058 1
677 1059 1
677 1065 1
677 1066 1
677 1067 1
677 1071 1
677 1072 1
677 1073 1
677 1075 1
677 1078 1
677 1079 1
677 1080 1
677 1084 1
677 1085 1
677 1087 1
677 1090 1
677 1091 1
677 1092 1
677 1094 1
677 1095 1
677 1096 1
677 1097 1
677 1098 1
677 1100 1
677 1104 1
677 1110 1
677 1111 1
677 1112 1
677 1120 1
677 1122 1
677 1123 1
677 1128 1
677 1131 1
677 1133 1
677 1136 1
677 1142 1
677 1146 1
677 1150 1
677 1154 1
677 1155 1
677 1160 1
677 1164 1
677 1165 1
677 1169 1
677 1176 1
677 1177 1
677 1181 1
677 1182 1
677 1184 1
677 1188 1
677 1189 1
677 1195 1
677 1196 1
677 1198 1
677 1204 1
677 1207 1
677 1208 1
677 1209 1
677 1211 1
677 1215 1
677 1219 1
677 1223 1
677 1229 1
677 1230 1
677 1231 1
677 1232 1
677 1233 1
677 1234 1
677 1235 1
677 1236 1
677 1237 1
677 1238 1
677 1239 1
677 1241 1
677 1242 1
677 1243 1
677 1244 1
677 1245 1
677 1246 1
677 1247 1
677 1250 1
677 1251 1
677 1252 1
677 1256 1
677 1259 1
677 1266 1
677 1270 1
677 1271 1
677 1272 1
677 1282 1
677 1286 1
677 1287 1
677 1288 1
677 1289 1
677 1291 1
677 1292 1
677 1294 1
677 1295 1
677 1300 1
677 1302 1
677 1304 1
677 1306 1
677 1307 1
677 1309 1
677 1313 1
677 1314 1
677 1315 1
677 1316 1
677 1317 1
677 1322 1
677 1323 1
677 1325 1
677 1326 1
677 1328 1
677 1331 1
677 1332 1
677 1339 1
677 1340 1
677 1350 1
677 1351 1
677 1354 1
677 1358 1
677 1363 1
677 1364 1
677 1366 1
677 1367 1
677 1368 1
677 1369 1
677 1372 1
677 1373 1
677 1375 1
677 1376 1
677 1377 1
677 1380 1
677 1383 1
677 1385 1
677 1388 1
677 1390 1
677 1391 1
677 1392 1
677 1393 1
677 1397 1
677 1398 1
677 1399 1
677 1400 1
677 1404 1
677 1412 1
677 1413 1
677 1415 1
677 1418 1
677 1419 1
677 1420 1
677 1423 1
677 1424 1
677 1427 1
677 1430 1
677 1431 1
677 1438 1
677 1440 1
677 1441 1
677 1443 1
677 1447 1
677 1454 1
677 1455 1
677 1457 1
677 1458 1
677 1460 1
677 1462 1
677 1465 1
677 1470 1
677 1471 1
677 1472 1
677 1473 1
677 1474 1
677 1480 1
677 1483 1
677 1486 1
677 1489 1
677 1491 1
677 1492 1
677 1493 1
677 1494 1
677 1495 1
677 1498 1
677 1499 1
677 1500 1
677 1501 1
677 1503 1
677 1506 1
677 1509 1
677 1510 1
677 1511 1
677 1515 1
677 1517 1
677 1526 1
677 1529 1
677 1530 1
677 1531 1
677 1532 1
677 1540 1
677 1541 1
677 1544 1
677 1546 1
677 1548 1
677 1549 1
677 1551 1
677 1553 1
677 1554 1
677 1555 1
677 1557 1
677 1558 1
677 1559 1
677 1562 1
677 1571 1
677 1573 1
677 1575 1
677 1576 1
677 1581 1
677 1593 1
677 1599 1
677 1601 1
677 1602 1
677 1606 1
677 1607 1
677 1609 1
677 1610 1
677 1611 1
677 1613 1
677 1614 1
677 1619 1
677 1621 1
677 1622 1
677 1624 1
677 1625 1
677 1630 1
677 1634 1
677 1638 1
677 1640 1
677 1644 1
677 1653 1
677 1654 1
677 1655 1
677 1659 1
677 1663 1
677 1670 1
677 1676 1
677 1682 1
677 1684 1
677 1687 1
677 1689 1
677 1691 1
677 1694 1
677 1695 1
677 1697 1
677 1700 1
677 1702 1
677 1703 1
677 1705 1
677 1706 1
677 1707 1
677 1713 1
677 1715 1
677 1717 1
677 1720 1
677 1721 1
677 1722 1
677 1723 1
677 1725 1
677 1727 1
677 1735 1
677 1736 1
677 1737 1
677 1740 1
677 1742 1
677 1743 1
677 1746 1
677 1748 1
677 1756 1
677 1760 1
677 1763 1
677 1766 1
677 1768 1
677 1770 1
677 1771 1
677 1772 1
677 1773 1
677 1774 1
677 1778 1
677 1782 1
677 1783 1
677 1784 1
677 1785 1
677 1787 1
677 1789 1
677 1790 1
677 1791 1
677 1792 1
677 1793 1
677 1800 1
677 1803 1
677 1806 1
677 1807 1
677 1809 1
677 1810 1
677 1811 1
677 1812 1
677 1813 1
677 1814 1
677 1815 1
677 1817 1
677 1818 1
677 1824 1
677 1825 1
677 1829 1
677 1830 1
677 1832 1
677 1838 1
677 1843 1
677 1844 1
677 1850 1
677 1851 1
677 1852 1
677 1857 1
677 1859 1
677 1860 1
677 1862 1
677 1863 1
677 1866 1
677 1867 1
677 1868 1
677 1869 1
677 1872 1
677 1876 1
677 1878 1
677 1880 1
677 1881 1
677 1882 1
677 1885 1
677 1888 1
677 1890 1
677 1891 1
677 1892 1
677 1893 1
677 1895 1
677 1896 1
677 1899 1
677 1900 1
677 1901 1
677 1902 1
677 1904 1
677 1908 1
677 1909 1
677 1910 1
677 1915 1
677 1916 1
677 1918 1
677 1919 1
677 1920 1
677 1921 1
677 1923 1
677 1927 1
677 1928 1
677 1929 1
677 1930 1
677 1932 1
677 1933 1
677 1934 1
677 1938 1
677 1939 1
677 1941 1
677 1942 1
677 1944 1
677 1947 1
677 1948 1
677 1951 1
677 1952 1
677 1953 1
677 1954 1
677 1958 1
677 1960 1
677 1961 1
677 1963 1
677 1965 1
677 1966 1
677 1967 1
677 1968 1
677 1969 1
677 1971 1
677 1977 1
677 1980 1
677 1981 1
677 1983 1
677 1984 1
677 1985 1
677 1988 1
677 1990 1
677 1992 1
677 1994 1
677 1995 1
677 1996 1
677 1997 1
677 1998 1
677 2002 1
677 2004 1
677 2007 1
677 2010 1
677 2015 1
677 2018 1
677 2020 1
677 2021 1
677 2023 1
677 2024 1
677 2026 1
677 2027 1
677 2028 1
677 2032 1
677 2033 1
677 2041 1
677 2042 1
677 2046 1
677 2047 1
677 2048 1
678 59 1
678 79 1
678 83 1
678 102 1
678 106 1
678 112 1
678 125 1
678 136 1
678 141 1
678 146 1
678 147 1
678 156 1
678 158 1
678 163 1
678 166 1
678 170 1
678 177 1
678 201 1
678 204 1
678 205 1
678 210 1
678 212 1
678 215 1
678 219 1
678 222 1
678 225 1
678 228 1
678 231 1
678 232 1
678 242 1
678 245 1
678 247 1
678 255 1
678 259 1
678 263 1
678 268 1
678 277 1
678 291 1
678 294 1
678 317 1
678 332 1
678 338 1
678 339 1
678 350 1
678 364 1
678 367 1
678 368 1
678 373 1
678 374 1
678 375 1
678 390 1
678 391 1
678 392 1
678 396 1
678 398 1
678 408 1
678 424 1
678 427 1
678 434 1
678 438 1
678 442 1
678 445 1
678 446 1
678 448 1
678 449 1
678 455 1
678 456 1
678 470 1
678 477 1
678 480 1
678 485 1
678 499 1
678 503 1
678 519 1
678 520 1
678 521 1
678 524 1
678 526 1
678 527 1
678 531 1
678 532 1
678 534 1
678 535 1
678 536 1
678 538 1
678 554 1
678 555 1
678 557 1
678 561 1
678 566 1
678 571 1
678 572 1
678 573 1
678 575 1
678 576 1
678 584 1
678 589 1
678 601 1
678 604 1
678 607 1
678 609 1
678 620 1
678 630 1
678 632 1
678 636 1
678 638 1
678 643 1
678 648 1
678 649 1
678 659 1
678 661 1
678 663 1
678 667 1
678 668 1
678 672 1
678 674 1
678 681 1
678 682 1
678 685 1
678 693 1
678 701 1
678 704 1
678 708 1
678 714 1
678 718 1
678 723 1
678 733 1
678 734 1
678 735 1
678 755 1
678 770 1
678 778 1
678 779 1
678 785 1
678 787 1
678 796 1
678 804 1
678 808 1
678 814 1
678 815 1
678 821 1
678 836 1
678 846 1
678 851 1
678 859 1
678 866 1
678 874 1
678 881 1
678 884 1
678 885 1
678 890 1
678 891 1
678 895 1
678 896 1
678 898 1
678 899 1
678 904 1
678 905 1
678 914 1
678 922 1
678 924 1
678 930 1
678 932 1
678 935 1
678 938 1
678 941 1
678 948 1
678 951 1
678 952 1
678 976 1
678 977 1
678 981 1
678 982 1
678 985 1
678 986 1
678 992 1
678 1000 1
678 1002 1
678 1005 1
678 1012 1
678 1015 1
678 1016 1
678 1017 1
678 1018 1
678 1030 1
678 1032 1
678 1036 1
678 1037 1
678 1042 1
678 1043 1
678 1047 1
678 1050 1
678 1055 1
678 1063 1
678 1064 1
678 1068 1
678 1069 1
678 1070 1
678 1076 1
678 1077 1
678 1083 1
678 1088 1
678 1099 1
678 1107 1
678 1109 1
678 1114 1
678 1119 1
678 1125 1
678 1129 1
678 1130 1
678 1134 1
678 1135 1
678 1138 1
678 1139 1
678 1140 1
678 1143 1
678 1149 1
678 1152 1
678 1153 1
678 1157 1
678 1163 1
678 1166 1
678 1168 1
678 1171 1
678 1178 1
678 1179 1
678 1187 1
678 1191 1
678 1193 1
678 1197 1
678 1201 1
678 1202 1
678 1217 1
678 1224 1
678 1225 1
678 1240 1
678 1249 1
678 1257 1
678 1260 1
678 1265 1
678 1277 1
678 1283 1
678 1284 1
678 1297 1
678 1299 1
678 1310 1
678 1320 1
678 1334 1
678 1336 1
678 1355 1
678 1357 1
678 1362 1
678 1371 1
678 1394 1
678 1405 1
678 1411 1
678 1416 1
678 1422 1
678 1426 1
678 1434 1
678 1439 1
678 1444 1
678 1445 1
678 1446 1
678 1450 1
678 1451 1
678 1464 1
678 1467 1
678 1468 1
678 1476 1
678 1479 1
678 1482 1
678 1490 1
678 1502 1
678 1504 1
678 1505 1
678 1513 1
678 1518 1
678 1521 1
678 1523 1
678 1527 1
678 1528 1
678 1538 1
678 1542 1
678 1543 1
678 1556 1
678 1564 1
678 1567 1
678 1577 1
678 1583 1
678 1585 1
678 1588 1
678 1592 1
678 1597 1
678 1603 1
678 1605 1
678 1608 1
678 1612 1
678 1623 1
678 1628 1
678 1629 1
678 1633 1
678 1637 1
678 1641 1
678 1647 1
678 1648 1
678 1664 1
678 1667 1
678 1674 1
678 1677 1
678 1685 1
678 1686 1
678 1690 1
678 1692 1
678 1701 1
678 1710 1
678 1711 1
678 1728 1
678 1734 1
678 1738 1
678 1753 1
678 1754 1
678 1759 1
678 1761 1
678 1762 1
678 1765 1
678 1767 1
678 1780 1
678 1788 1
678 1796 1
678 1797 1
678 1801 1
678 1816 1
678 1820 1
678 1823 1
678 1827 1
678 1828 1
678 1831 1
678 1839 1
678 1841 1
678 1842 1
678 1845 1
678 1846 1
678 1849 1
678 1854 1
678 1855 1
678 1858 1
678 1865 1
678 1874 1
678 1877 1
678 1903 1
678 1911 1
678 1912 1
678 1926 1
678 1931 1
678 1940 1
678 1943 1
678 1945 1
678 1949 1
678 1956 1
678 1959 1
678 1972 1
678 1975 1
678 1987 1
678 2000 1
678 2001 1
678 2003 1
678 2008 1
678 2012 1
678 2013 1
678 2017 1
678 2031 1
678 2039 1
678 2043 1
679 25 1
679 49 1
679 70 1
679 88 1
679 137 1
679 162 1
679 209 1
679 230 1
679 240 1
679 264 1
679 302 1
679 310 1
679 323 1
679 342 1
679 366 1
679 453 1
679 504 1
679 522 1
679 541 1
679 639 1
679 651 1
679 677 1
679 711 1
679 730 1
679 845 1
679 973 1
679 999 1
679 1118 1
679 1159 1
679 1173 1
679 1183 1
679 1194 1
679 1305 1
679 1308 1
679 1312 1
679 1407 1
679 1448 1
679 1616 1
679 1620 1
679 1652 1
679 1675 1
679 1708 1
679 1847 1
679 1884 1
679 1970 1
679 2037 1
680 77 1
680 80 1
680 89 1
680 172 1
680 692 1
680 894 1
680 1057 1
680 1221 1
680 1617 1
680 1937 1
680 2044 1
681 1627 1
681 1769 1
682 50 1
682 79 1
682 82 1
682 1132 1
683 52 1
683 75 1
683 77 1
683 79 1
684 46 1
684 81 1
685 42 1
685 76 1
687 43 1
687 63 1
687 69 1
688 53 1
688 70 1
689 73 1
691 49 1
691 58 1
692 68 1
692 76 1
694 57 1
694 59 1
697 44 1
697 62 1
698 68 1
699 71 1
700 47 1
700 62 1
700 69 1
700 70 1
700 73 1
701 43 1
702 56 1
703 52 1
703 62 1
704 45 1
704 63 1
704 74 1
704 82 1
705 59 1
705 62 1
705 77 1
707 62 1
710 42 1
710 75 1
712 65 1
713 48 1
714 50 1
717 42 1
717 61 1
719 1046 1
720 52 1
720 58 1
721 50 1
721 1519 1
722 51 1
724 64 1
725 71 1
725 724 1
725 1327 1
726 48 1
727 57 1
727 78 1
727 1974 1
728 44 1
729 55 1
730 221 1
730 1756 1
731 43 1
732 52 1
732 430 1
732 1926 1
733 74 1
733 1876 1
734 651 1
734 714 1
734 1214 1
734 1484 1
735 7 1
735 69 1
735 1807 1
736 50 1
736 71 1
736 73 1
736 1243 1
736 1306 1
736 1417 1
736 1453 1
736 1747 1
737 70 1
737 712 1
737 1395 1
737 1790 1
737 1951 1
738 23 1
738 49 1
738 1103 1
738 1501 1
738 1822 1
738 1830 1
739 372 1
739 489 1
739 641 1
739 875 1
739 888 1
739 1026 1
739 1273 1
739 1277 1
739 1591 1
739 1875 1
740 266 1
740 324 1
740 341 1
740 622 1
740 947 1
740 1121 1
740 1280 1
740 1508 1
740 1611 1
740 1774 1
741 56 1
741 348 1
741 618 1
741 1115 1
741 1220 1
741 1659 1
742 38 1
742 82 1
742 570 1
742 1106 1
742 1170 1
742 1186 1
742 1751 1
742 1817 1
742 1978 1
743 5 1
743 63 1
743 81 1
743 215 1
743 323 1
743 1019 1
743 1263 1
743 1860 1
744 43 1
744 61 1
744 107 1
744 358 1
744 506 1
744 596 1
745 61 1
745 124 1
745 541 1
745 838 1
745 1297 1
745 1432 1
745 1651 1
746 56 1
746 1337 1
746 1371 1
746 1615 1
746 1663 1
746 1794 1
747 44 1
747 49 1
747 59 1
747 81 1
747 937 1
747 1224 1
747 1293 1
747 1813 1
747 2014 1
748 65 1
748 635 1
748 939 1
748 973 1
748 1354 1
748 1565 1
749 75 1
749 340 1
749 483 1
749 732 1
749 781 1
749 917 1
750 32 1
750 186 1
750 382 1
750 428 1
750 919 1
750 1218 1
750 1343 1
750 1365 1
750 1437 1
750 1628 1
750 1631 1
750 1654 1
750 1736 1
750 1825 1
750 1973 1
750 2048 0
