1 42 1
1 57 1
1 63 1
1 179 1
1 246 1
1 274 1
1 277 1
1 460 1
1 477 1
1 575 1
1 577 1
1 609 1
1 645 1
1 680 1
1 707 1
1 712 1
1 792 1
1 933 1
1 974 1
1 980 1
1 1011 1
1 1024 1
1 1029 1
1 1063 1
1 1112 1
1 1154 1
1 1316 1
1 1413 1
1 1477 1
1 1509 1
1 1617 1
1 1653 1
1 1673 1
1 1689 1
1 1705 1
1 1729 1
1 1777 1
1 1876 1
1 1918 1
1 1921 1
1 1948 1
1 1952 1
2 24 1
2 25 1
2 27 1
2 84 1
2 108 1
2 139 1
2 188 1
2 214 1
2 259 1
2 316 1
2 381 1
2 432 1
2 444 1
2 563 1
2 599 1
2 610 1
2 638 1
2 639 1
2 752 1
2 784 1
2 816 1
2 819 1
2 821 1
2 823 1
2 830 1
2 833 1
2 854 1
2 881 1
2 1036 1
2 1078 1
2 1094 1
2 1098 1
2 1114 1
2 1131 1
2 1132 1
2 1178 1
2 1242 1
2 1257 1
2 1294 1
2 1297 1
2 1321 1
2 1341 1
2 1404 1
2 1443 1
2 1475 1
2 1483 1
2 1494 1
2 1495 1
2 1557 1
2 1568 1
2 1614 1
2 1635 1
2 1656 1
2 1715 1
2 1726 1
2 1731 1
2 1757 1
2 1773 1
2 1807 1
2 1828 1
2 1843 1
2 1849 1
2 1932 1
2 1983 1
2 1994 1
2 2011 1
3 2 1
3 4 1
3 14 1
3 30 1
3 40 1
3 65 1
3 68 1
3 86 1
3 88 1
3 129 1
3 145 1
3 164 1
3 172 1
3 175 1
3 191 1
3 204 1
3 217 1
3 233 1
3 338 1
3 340 1
3 346 1
3 352 1
3 356 1
3 398 1
3 533 1
3 539 1
3 597 1
3 613 1
3 620 1
3 652 1
3 674 1
3 716 1
3 738 1
3 739 1
3 740 1
3 742 1
3 775 1
3 814 1
3 837 1
3 845 1
3 848 1
3 855 1
3 902 1
3 918 1
3 938 1
3 963 1
3 1023 1
3 1026 1
3 1027 1
3 1030 1
3 1048 1
3 1060 1
3 1072 1
3 1073 1
3 1092 1
3 1096 1
3 1127 1
3 1143 1
3 1146 1
3 1150 1
3 1177 1
3 1202 1
3 1213 1
3 1222 1
3 1240 1
3 1251 1
3 1299 1
3 1301 1
3 1303 1
3 1331 1
3 1332 1
3 1344 1
3 1369 1
3 1380 1
3 1410 1
3 1444 1
3 1484 1
3 1506 1
3 1527 1
3 1551 1
3 1552 1
3 1554 1
3 1559 1
3 1572 1
3 1583 1
3 1601 1
3 1612 1
3 1634 1
3 1645 1
3 1657 1
3 1687 1
3 1691 1
3 1737 1
3 1753 1
3 1764 1
3 1823 1
3 1913 1
3 1925 1
3 1937 1
3 1957 1
3 1969 1
3 1970 1
3 1993 1
3 2031 1
4 2 1
4 9 1
4 13 1
4 15 1
4 18 1
4 21 1
4 48 1
4 52 1
4 56 1
4 89 1
4 102 1
4 113 1
4 140 1
4 156 1
4 167 1
4 168 1
4 180 1
4 196 1
4 197 1
4 218 1
4 220 1
4 284 1
4 289 1
4 324 1
4 334 1
4 364 1
4 395 1
4 414 1
4 417 1
4 439 1
4 445 1
4 457 1
4 473 1
4 505 1
4 526 1
4 530 1
4 535 1
4 585 1
4 634 1
4 640 1
4 662 1
4 664 1
4 681 1
4 747 1
4 750 1
4 762 1
4 767 1
4 769 1
4 772 1
4 776 1
4 797 1
4 815 1
4 831 1
4 849 1
4 884 1
4 894 1
4 898 1
4 919 1
4 942 1
4 954 1
4 964 1
4 969 1
4 978 1
4 1001 1
4 1008 1
4 1034 1
4 1046 1
4 1079 1
4 1085 1
4 1093 1
4 1106 1
4 1107 1
4 1110 1
4 1117 1
4 1130 1
4 1140 1
4 1159 1
4 1165 1
4 1184 1
4 1187 1
4 1191 1
4 1200 1
4 1226 1
4 1231 1
4 1270 1
4 1275 1
4 1291 1
4 1306 1
4 1322 1
4 1326 1
4 1329 1
4 1367 1
4 1387 1
4 1389 1
4 1390 1
4 1394 1
4 1422 1
4 1431 1
4 1439 1
4 1453 1
4 1499 1
4 1513 1
4 1517 1
4 1520 1
4 1524 1
4 1525 1
4 1533 1
4 1536 1
4 1546 1
4 1556 1
4 1577 1
4 1582 1
4 1602 1
4 1608 1
4 1630 1
4 1636 1
4 1638 1
4 1679 1
4 1722 1
4 1723 1
4 1744 1
4 1750 1
4 1754 1
4 1756 1
4 1763 1
4 1782 1
4 1784 1
4 1787 1
4 1821 1
4 1830 1
4 1841 1
4 1871 1
4 1873 1
4 1877 1
4 1888 1
4 1893 1
4 1901 1
4 1902 1
4 1960 1
4 1968 1
4 2029 1
4 2039 1
4 2044 1
4 2046 1
5 20 1
5 27 1
5 29 1
5 54 1
5 64 1
5 91 1
5 93 1
5 103 1
5 114 1
5 115 1
5 128 1
5 136 1
5 183 1
5 184 1
5 234 1
5 253 1
5 323 1
5 328 1
5 339 1
5 349 1
5 351 1
5 373 1
5 390 1
5 393 1
5 399 1
5 408 1
5 429 1
5 431 1
5 472 1
5 489 1
5 491 1
5 524 1
5 548 1
5 549 1
5 586 1
5 594 1
5 602 1
5 617 1
5 630 1
5 643 1
5 649 1
5 657 1
5 684 1
5 861 1
5 887 1
5 940 1
5 945 1
5 946 1
5 955 1
5 986 1
5 987 1
5 989 1
5 994 1
5 1051 1
5 1065 1
5 1081 1
5 1100 1
5 1105 1
5 1121 1
5 1141 1
5 1169 1
5 1173 1
5 1190 1
5 1203 1
5 1206 1
5 1211 1
5 1232 1
5 1233 1
5 1249 1
5 1256 1
5 1264 1
5 1288 1
5 1305 1
5 1340 1
5 1342 1
5 1355 1
5 1359 1
5 1370 1
5 1384 1
5 1392 1
5 1416 1
5 1421 1
5 1459 1
5 1478 1
5 1489 1
5 1519 1
5 1528 1
5 1561 1
5 1571 1
5 1573 1
5 1639 1
5 1640 1
5 1642 1
5 1644 1
5 1646 1
5 1647 1
5 1685 1
5 1686 1
5 1697 1
5 1716 1
5 1719 1
5 1730 1
5 1791 1
5 1802 1
5 1818 1
5 1848 1
5 1864 1
5 1914 1
5 1915 1
5 1924 1
5 1927 1
5 1933 1
5 1934 1
5 1954 1
5 1961 1
5 1992 1
6 1 1
6 38 1
6 44 1
6 47 1
6 135 1
6 141 1
6 154 1
6 157 1
6 206 1
6 247 1
6 250 1
6 261 1
6 304 1
6 309 1
6 396 1
6 411 1
6 413 1
6 421 1
6 443 1
6 448 1
6 451 1
6 452 1
6 453 1
6 476 1
6 516 1
6 521 1
6 528 1
6 565 1
6 653 1
6 654 1
6 665 1
6 671 1
6 709 1
6 718 1
6 722 1
6 756 1
6 773 1
6 774 1
6 790 1
6 795 1
6 796 1
6 806 1
6 811 1
6 846 1
6 857 1
6 863 1
6 961 1
6 966 1
6 970 1
6 1014 1
6 1017 1
6 1018 1
6 1020 1
6 1022 1
6 1025 1
6 1047 1
6 1049 1
6 1053 1
6 1075 1
6 1109 1
6 1115 1
6 1122 1
6 1149 1
6 1181 1
6 1217 1
6 1253 1
6 1274 1
6 1280 1
6 1310 1
6 1334 1
6 1376 1
6 1388 1
6 1401 1
6 1426 1
6 1446 1
6 1455 1
6 1497 1
6 1498 1
6 1515 1
6 1516 1
6 1522 1
6 1550 1
6 1585 1
6 1616 1
6 1618 1
6 1648 1
6 1700 1
6 1708 1
6 1734 1
6 1769 1
6 1775 1
6 1797 1
6 1811 1
6 1842 1
6 1852 1
6 1899 1
6 1908 1
6 1911 1
6 1935 1
6 1955 1
6 1958 1
6 2040 1
7 70 1
7 80 1
7 99 1
7 123 1
7 147 1
7 161 1
7 215 1
7 240 1
7 260 1
7 282 1
7 313 1
7 322 1
7 422 1
7 437 1
7 462 1
7 479 1
7 506 1
7 545 1
7 574 1
7 614 1
7 616 1
7 623 1
7 692 1
7 703 1
7 751 1
7 755 1
7 781 1
7 793 1
7 805 1
7 810 1
7 818 1
7 825 1
7 829 1
7 836 1
7 840 1
7 859 1
7 866 1
7 892 1
7 908 1
7 909 1
7 936 1
7 950 1
7 960 1
7 1097 1
7 1135 1
7 1179 1
7 1204 1
7 1228 1
7 1277 1
7 1335 1
7 1364 1
7 1407 1
7 1427 1
7 1523 1
7 1532 1
7 1544 1
7 1545 1
7 1576 1
7 1593 1
7 1665 1
7 1725 1
7 1762 1
7 1781 1
7 1794 1
7 1826 1
7 1833 1
7 1856 1
7 1867 1
7 1874 1
7 1879 1
7 1887 1
7 1959 1
7 1964 1
7 1972 1
7 2001 1
7 2027 1
7 2038 1
8 95 1
8 201 1
8 203 1
8 209 1
8 227 1
8 231 1
8 235 1
8 254 1
8 297 1
8 329 1
8 369 1
8 423 1
8 434 1
8 536 1
8 603 1
8 702 1
8 732 1
8 759 1
8 780 1
8 813 1
8 895 1
8 901 1
8 914 1
8 930 1
8 943 1
8 952 1
8 965 1
8 1002 1
8 1124 1
8 1214 1
8 1313 1
8 1406 1
8 1417 1
8 1457 1
8 1487 1
8 1547 1
8 1566 1
8 1660 1
8 1776 1
8 1803 1
8 1812 1
8 1885 1
8 1943 1
8 2020 1
8 2043 1
9 45 1
9 81 1
9 265 1
9 365 1
9 416 1
9 578 1
9 612 1
9 701 1
9 731 1
9 746 1
9 761 1
9 853 1
9 891 1
9 1003 1
9 1028 1
9 1044 1
9 1158 1
9 1168 1
9 1175 1
9 1205 1
9 1293 1
9 1363 1
9 1396 1
9 1399 1
9 1419 1
9 1570 1
9 1590 1
9 1591 1
9 1625 1
9 1678 1
10 16 1
10 58 1
10 148 1
10 192 1
10 243 1
10 305 1
10 325 1
10 419 1
10 442 1
10 496 1
10 534 1
10 611 1
10 631 1
10 642 1
10 651 1
10 679 1
10 724 1
10 754 1
10 779 1
10 801 1
10 834 1
10 882 1
10 957 1
10 1223 1
10 1408 1
10 1569 1
10 1650 1
10 1721 1
10 1786 1
10 1869 1
11 2 1
11 13 1
11 66 1
11 110 1
11 300 1
11 459 1
11 786 1
11 915 1
11 937 1
11 947 1
11 1153 1
11 1160 1
11 1183 1
11 1238 1
11 1262 1
11 1596 1
11 1739 1
12 87 1
12 850 1
12 990 1
12 1255 1
12 1560 1
12 1714 1
12 1944 1
12 2002 1
12 2035 1
13 17 1
13 100 1
13 288 1
13 318 1
13 446 1
13 455 1
13 537 1
13 939 1
13 1133 1
13 1246 1
13 1317 1
13 1320 1
13 1677 1
13 1767 1
13 1780 1
13 1939 1
14 3 1
14 9 1
14 14 1
14 32 1
14 388 1
14 490 1
14 659 1
14 828 1
14 844 1
14 856 1
14 913 1
14 944 1
14 976 1
14 1084 1
14 1148 1
14 1192 1
14 1227 1
14 1488 1
14 1505 1
14 1540 1
14 1659 1
14 1666 1
14 1912 1
14 1951 1
14 2048 1
15 27 1
15 83 1
15 125 1
15 144 1
15 229 1
15 269 1
15 306 1
15 307 1
15 377 1
15 523 1
15 624 1
15 698 1
15 1005 1
15 1067 1
15 1074 1
15 1323 1
15 1482 1
15 1599 1
15 1613 1
15 1615 1
15 1667 1
15 1668 1
15 1707 1
15 1752 1
15 1801 1
15 1836 1
15 1870 1
15 1883 1
15 1949 1
15 2015 1
15 2045 1
16 34 1
16 55 1
16 124 1
16 236 1
16 280 1
16 302 1
16 320 1
16 332 1
16 362 1
16 389 1
16 418 1
16 440 1
16 553 1
16 588 1
16 589 1
16 590 1
16 635 1
16 658 1
16 663 1
16 668 1
16 686 1
16 693 1
16 695 1
16 705 1
16 717 1
16 789 1
16 808 1
16 838 1
16 873 1
16 880 1
16 949 1
16 972 1
16 988 1
16 997 1
16 1033 1
16 1037 1
16 1089 1
16 1224 1
16 1259 1
16 1333 1
16 1339 1
16 1382 1
16 1452 1
16 1535 1
16 1542 1
16 1578 1
16 1658 1
16 1662 1
16 1683 1
16 1746 1
16 1770 1
16 1795 1
16 1865 1
16 1868 1
16 1906 1
16 1922 1
16 1928 1
16 1978 1
16 2008 1
16 2024 1
16 2037 1
17 69 1
17 73 1
17 75 1
17 109 1
17 120 1
17 121 1
17 122 1
17 149 1
17 153 1
17 185 1
17 202 1
17 232 1
17 237 1
17 241 1
17 273 1
17 283 1
17 285 1
17 294 1
17 330 1
17 344 1
17 347 1
17 355 1
17 375 1
17 379 1
17 387 1
17 391 1
17 402 1
17 433 1
17 461 1
17 463 1
17 466 1
17 500 1
17 502 1
17 510 1
17 518 1
17 529 1
17 550 1
17 554 1
17 564 1
17 566 1
17 570 1
17 579 1
17 581 1
17 587 1
17 593 1
17 606 1
17 615 1
17 626 1
17 629 1
17 633 1
17 656 1
17 669 1
17 673 1
17 704 1
17 710 1
17 723 1
17 735 1
17 744 1
17 748 1
17 826 1
17 835 1
17 839 1
17 847 1
17 862 1
17 877 1
17 883 1
17 890 1
17 896 1
17 907 1
17 916 1
17 924 1
17 927 1
17 928 1
17 948 1
17 962 1
17 993 1
17 1031 1
17 1045 1
17 1071 1
17 1083 1
17 1090 1
17 1125 1
17 1134 1
17 1136 1
17 1138 1
17 1156 1
17 1189 1
17 1195 1
17 1197 1
17 1198 1
17 1208 1
17 1209 1
17 1218 1
17 1225 1
17 1230 1
17 1250 1
17 1260 1
17 1281 1
17 1289 1
17 1290 1
17 1296 1
17 1304 1
17 1325 1
17 1327 1
17 1345 1
17 1353 1
17 1362 1
17 1381 1
17 1414 1
17 1420 1
17 1425 1
17 1430 1
17 1433 1
17 1436 1
17 1441 1
17 1448 1
17 1463 1
17 1469 1
17 1491 1
17 1530 1
17 1541 1
17 1548 1
17 1565 1
17 1580 1
17 1604 1
17 1621 1
17 1637 1
17 1641 1
17 1651 1
17 1693 1
17 1698 1
17 1704 1
17 1727 1
17 1760 1
17 1766 1
17 1771 1
17 1799 1
17 1806 1
17 1816 1
17 1835 1
17 1838 1
17 1839 1
17 1846 1
17 1847 1
17 1878 1
17 1880 1
17 1882 1
17 1917 1
17 1920 1
17 1923 1
17 1975 1
17 1984 1
17 1996 1
17 2000 1
17 2034 1
17 2036 1
18 4 1
18 12 1
18 17 1
18 31 1
18 76 1
18 94 1
18 112 1
18 118 1
18 133 1
18 162 1
18 170 1
18 182 1
18 198 1
18 210 1
18 213 1
18 219 1
18 222 1
18 223 1
18 226 1
18 230 1
18 238 1
18 245 1
18 248 1
18 271 1
18 281 1
18 295 1
18 298 1
18 308 1
18 314 1
18 345 1
18 360 1
18 382 1
18 397 1
18 403 1
18 438 1
18 441 1
18 454 1
18 458 1
18 464 1
18 468 1
18 474 1
18 475 1
18 495 1
18 498 1
18 503 1
18 514 1
18 515 1
18 517 1
18 527 1
18 532 1
18 543 1
18 569 1
18 571 1
18 572 1
18 576 1
18 601 1
18 619 1
18 622 1
18 627 1
18 644 1
18 661 1
18 667 1
18 672 1
18 678 1
18 688 1
18 691 1
18 697 1
18 727 1
18 728 1
18 753 1
18 770 1
18 771 1
18 798 1
18 803 1
18 822 1
18 824 1
18 832 1
18 843 1
18 869 1
18 874 1
18 886 1
18 897 1
18 912 1
18 931 1
18 958 1
18 971 1
18 979 1
18 984 1
18 992 1
18 998 1
18 999 1
18 1006 1
18 1010 1
18 1012 1
18 1035 1
18 1038 1
18 1055 1
18 1061 1
18 1064 1
18 1068 1
18 1070 1
18 1077 1
18 1082 1
18 1087 1
18 1103 1
18 1155 1
18 1161 1
18 1162 1
18 1193 1
18 1194 1
18 1215 1
18 1216 1
18 1221 1
18 1239 1
18 1258 1
18 1266 1
18 1268 1
18 1284 1
18 1285 1
18 1311 1
18 1314 1
18 1315 1
18 1318 1
18 1324 1
18 1349 1
18 1351 1
18 1352 1
18 1354 1
18 1357 1
18 1358 1
18 1360 1
18 1361 1
18 1366 1
18 1372 1
18 1375 1
18 1378 1
18 1379 1
18 1391 1
18 1405 1
18 1429 1
18 1437 1
18 1440 1
18 1447 1
18 1450 1
18 1451 1
18 1458 1
18 1465 1
18 1470 1
18 1472 1
18 1474 1
18 1480 1
18 1492 1
18 1500 1
18 1503 1
18 1504 1
18 1512 1
18 1526 1
18 1537 1
18 1549 1
18 1553 1
18 1562 1
18 1564 1
18 1567 1
18 1587 1
18 1594 1
18 1600 1
18 1610 1
18 1619 1
18 1620 1
18 1627 1
18 1628 1
18 1631 1
18 1632 1
18 1654 1
18 1655 1
18 1661 1
18 1669 1
18 1670 1
18 1671 1
18 1676 1
18 1682 1
18 1690 1
18 1706 1
18 1712 1
18 1724 1
18 1728 1
18 1735 1
18 1738 1
18 1747 1
18 1758 1
18 1765 1
18 1768 1
18 1785 1
18 1788 1
18 1792 1
18 1809 1
18 1813 1
18 1815 1
18 1822 1
18 1827 1
18 1834 1
18 1845 1
18 1855 1
18 1857 1
18 1863 1
18 1872 1
18 1875 1
18 1886 1
18 1904 1
18 1916 1
18 1926 1
18 1940 1
18 1956 1
18 1963 1
18 1981 1
18 1982 1
18 1985 1
18 1986 1
18 1988 1
18 1989 1
18 1990 1
18 1995 1
18 2012 1
18 2018 1
18 2023 1
19 40 1
19 85 1
19 111 1
19 142 1
19 195 1
19 199 1
19 200 1
19 205 1
19 208 1
19 212 1
19 216 1
19 224 1
19 251 1
19 262 1
19 272 1
19 279 1
19 296 1
19 315 1
19 317 1
19 337 1
19 361 1
19 366 1
19 378 1
19 380 1
19 406 1
19 410 1
19 412 1
19 430 1
19 450 1
19 465 1
19 470 1
19 497 1
19 499 1
19 513 1
19 520 1
19 538 1
19 568 1
19 583 1
19 596 1
19 677 1
19 687 1
19 708 1
19 713 1
19 720 1
19 733 1
19 736 1
19 758 1
19 760 1
19 766 1
19 768 1
19 777 1
19 782 1
19 785 1
19 807 1
19 851 1
19 860 1
19 889 1
19 903 1
19 917 1
19 920 1
19 934 1
19 951 1
19 981 1
19 985 1
19 1009 1
19 1032 1
19 1043 1
19 1052 1
19 1054 1
19 1057 1
19 1101 1
19 1119 1
19 1120 1
19 1128 1
19 1157 1
19 1185 1
19 1186 1
19 1201 1
19 1252 1
19 1261 1
19 1287 1
19 1295 1
19 1308 1
19 1312 1
19 1330 1
19 1373 1
19 1397 1
19 1398 1
19 1423 1
19 1432 1
19 1449 1
19 1461 1
19 1462 1
19 1471 1
19 1481 1
19 1501 1
19 1538 1
19 1574 1
19 1652 1
19 1664 1
19 1684 1
19 1743 1
19 1779 1
19 1793 1
19 1798 1
19 1819 1
19 1831 1
19 1859 1
19 1905 1
19 1909 1
19 1942 1
19 1962 1
19 2010 1
19 2021 1
19 2025 1
19 2030 1
19 2033 1
19 2042 1
20 5 1
20 74 1
20 146 1
20 178 1
20 194 1
20 244 1
20 255 1
20 310 1
20 336 1
20 415 1
20 471 1
20 484 1
20 522 1
20 540 1
20 541 1
20 737 1
20 788 1
20 791 1
20 809 1
20 888 1
20 904 1
20 906 1
20 910 1
20 967 1
20 1058 1
20 1086 1
20 1102 1
20 1104 1
20 1145 1
20 1151 1
20 1237 1
20 1307 1
20 1356 1
20 1374 1
20 1386 1
20 1456 1
20 1508 1
20 1510 1
20 1531 1
20 1575 1
20 1588 1
20 1589 1
20 1609 1
20 1649 1
20 1692 1
20 1732 1
20 1751 1
20 1778 1
20 1817 1
20 1889 1
21 19 1
21 117 1
21 239 1
21 275 1
21 311 1
21 385 1
21 501 1
21 582 1
21 741 1
21 1007 1
21 1095 1
21 1108 1
21 1188 1
21 1219 1
21 1611 1
21 1720 1
21 1755 1
21 1881 1
21 1895 1
21 1919 1
21 1929 1
21 1967 1
22 20 1
22 49 1
22 249 1
22 350 1
22 353 1
22 467 1
22 841 1
22 865 1
22 921 1
22 1050 1
22 1196 1
22 1235 1
22 1337 1
22 1338 1
22 1592 1
23 21 1
23 666 1
23 929 1
23 968 1
23 1116 1
23 1123 1
23 1210 1
23 1953 1
24 1 1
24 321 1
24 1088 1
24 1371 1
24 1415 1
24 1558 1
25 27 1
25 2019 1
26 13 1
26 1977 1
27 27 1
27 40 1
28 39 1
28 480 1
29 5 1
29 312 1
30 8 1
30 507 1
30 1820 1
31 10 1
31 392 1
31 556 1
33 2 1
33 13 1
33 33 1
33 252 1
34 2 1
34 5 1
34 26 1
34 71 1
34 1584 1
34 1605 1
35 11 1
35 424 1
35 551 1
35 875 1
35 1861 1
37 15 1
37 37 1
38 35 1
39 14 1
39 18 1
39 20 1
40 11 1
42 31 1
43 9 1
43 25 1
44 37 1
45 27 1
47 31 1
48 24 1
48 33 1
51 28 1
51 40 1
52 6 1
54 6 1
54 24 1
55 11 1
55 19 1
55 33 1
56 14 1
56 1844 1
57 1409 1
59 2 1
59 8 1
59 16 1
59 31 1
59 301 1
61 17 1
61 23 1
61 34 1
62 24 1
62 37 1
62 39 1
64 783 1
64 1804 1
64 1850 1
65 30 1
65 427 1
65 1167 1
65 1385 1
65 1733 1
66 41 1
66 405 1
66 725 1
66 1772 1
67 29 1
67 35 1
67 256 1
67 647 1
67 1061 1
68 8 1
68 35 1
68 384 1
68 481 1
68 689 1
69 15 1
69 284 1
69 660 1
69 1254 1
69 1395 1
69 1586 1
69 1952 1
70 28 1
70 39 1
70 331 1
70 1626 1
71 151 1
71 487 1
71 1310 1
71 1319 1
71 1675 1
71 1998 1
72 605 1
72 1424 1
72 1583 1
72 2047 1
73 291 1
73 712 1
73 1297 1
73 1525 1
74 15 1
74 152 1
74 1393 1
75 20 1
75 613 1
75 1412 1
76 116 1
76 160 1
76 161 1
76 776 1
76 884 1
76 1741 1
77 25 1
77 488 1
77 1076 1
77 1272 1
77 1573 1
77 1853 1
78 1 1
78 26 1
78 27 1
78 505 1
78 508 1
78 1099 1
78 1402 1
78 1496 1
78 1896 1
79 15 1
79 21 1
79 62 1
79 258 1
79 456 1
79 690 1
79 867 1
79 919 1
79 1111 1
79 1347 1
79 1711 1
79 1807 1
79 1858 1
80 27 1
80 60 1
80 276 1
80 428 1
80 558 1
80 648 1
80 879 1
80 1062 1
80 1097 1
80 1271 1
80 1435 1
80 1595 1
80 1709 1
80 1715 1
80 1796 1
80 1849 1
80 1862 1
80 2008 1
81 193 1
81 259 1
81 277 1
81 485 1
81 504 1
81 594 1
81 618 1
81 628 1
81 654 1
81 902 1
81 1000 1
81 1013 1
81 1040 1
81 1137 1
81 1244 1
81 1403 1
81 1534 1
81 1612 1
81 1707 1
81 1749 1
81 1891 1
81 1943 1
82 84 1
82 107 1
82 138 1
82 159 1
82 188 1
82 319 1
82 333 1
82 348 1
82 435 1
82 449 1
82 480 1
82 482 1
82 561 1
82 567 1
82 600 1
82 764 1
82 973 1
82 1309 1
82 1334 1
82 1434 1
82 1445 1
82 1528 1
82 1556 1
82 1635 1
82 1663 1
82 1685 1
82 1729 1
82 1821 1
82 1866 1
82 1936 1
83 31 1
83 36 1
83 128 1
83 214 1
83 228 1
83 257 1
83 263 1
83 264 1
83 270 1
83 289 1
83 399 1
83 483 1
83 765 1
83 941 1
83 1027 1
83 1220 1
83 1249 1
83 1391 1
83 1404 1
83 1554 1
83 1582 1
83 1653 1
83 1671 1
83 1735 1
84 10 1
84 39 1
84 57 1
84 97 1
84 147 1
84 155 1
84 178 1
84 326 1
84 478 1
84 611 1
84 617 1
84 625 1
84 674 1
84 675 1
84 799 1
84 804 1
84 827 1
84 866 1
84 915 1
84 936 1
84 986 1
84 994 1
84 1019 1
84 1057 1
84 1200 1
84 1262 1
84 1493 1
84 1670 1
84 1681 1
84 1810 1
84 1860 1
84 1883 1
84 1897 1
84 1898 1
84 1950 1
85 29 1
85 51 1
85 165 1
85 176 1
85 447 1
85 525 1
85 676 1
85 702 1
85 817 1
85 899 1
85 963 1
85 1036 1
85 1122 1
85 1149 1
85 1287 1
85 1380 1
85 1476 1
85 1589 1
85 1659 1
86 34 1
86 278 1
86 364 1
86 444 1
86 700 1
86 703 1
86 876 1
86 1050 1
86 1473 1
86 1747 1
86 1976 1
87 216 1
87 925 1
87 1125 1
87 1208 1
87 1302 1
87 1623 1
87 1674 1
87 1731 1
87 1826 1
87 1947 1
88 8 1
88 173 1
88 469 1
88 706 1
88 711 1
88 714 1
88 898 1
88 1494 1
88 1517 1
88 1851 1
88 1970 1
89 7 1
89 218 1
89 530 1
89 649 1
89 878 1
89 1798 1
90 34 1
90 36 1
90 143 1
90 1063 1
90 1884 1
90 1979 1
91 318 1
91 1016 1
91 1171 1
91 1335 1
91 1603 1
91 1753 1
91 1830 1
92 24 1
92 41 1
92 192 1
92 842 1
92 1834 1
93 34 1
93 40 1
93 65 1
93 100 1
93 368 1
93 836 1
93 911 1
93 995 1
93 1292 1
93 1486 1
93 2014 1
94 21 1
94 23 1
94 42 1
94 45 1
94 158 1
94 338 1
94 448 1
94 494 1
94 559 1
94 609 1
94 871 1
94 966 1
94 1273 1
94 1411 1
94 1460 1
94 1468 1
94 1529 1
94 1645 1
94 1688 1
94 1694 1
94 1776 1
94 1837 1
94 1873 1
94 1877 1
94 1945 1
94 2007 1
95 25 1
95 46 1
95 67 1
95 77 1
95 78 1
95 96 1
95 101 1
95 127 1
95 131 1
95 187 1
95 196 1
95 293 1
95 303 1
95 324 1
95 421 1
95 426 1
95 512 1
95 519 1
95 604 1
95 682 1
95 685 1
95 729 1
95 787 1
95 812 1
95 814 1
95 820 1
95 823 1
95 952 1
95 953 1
95 996 1
95 1004 1
95 1015 1
95 1028 1
95 1069 1
95 1130 1
95 1143 1
95 1154 1
95 1265 1
95 1298 1
95 1336 1
95 1343 1
95 1368 1
95 1376 1
95 1410 1
95 1506 1
95 1543 1
95 1568 1
95 1576 1
95 1578 1
95 1579 1
95 1699 1
95 1702 1
95 1723 1
95 1740 1
95 1761 1
95 1783 1
95 1938 1
95 1965 1
95 1997 1
95 2004 1
95 2013 1
95 2016 1
96 14 1
96 68 1
96 98 1
96 130 1
96 163 1
96 167 1
96 174 1
96 181 1
96 186 1
96 221 1
96 242 1
96 253 1
96 254 1
96 280 1
96 281 1
96 304 1
96 313 1
96 341 1
96 358 1
96 359 1
96 369 1
96 372 1
96 376 1
96 414 1
96 486 1
96 509 1
96 534 1
96 578 1
96 584 1
96 591 1
96 608 1
96 621 1
96 632 1
96 637 1
96 639 1
96 640 1
96 641 1
96 694 1
96 696 1
96 709 1
96 724 1
96 792 1
96 821 1
96 829 1
96 885 1
96 893 1
96 950 1
96 974 1
96 982 1
96 991 1
96 999 1
96 1026 1
96 1059 1
96 1113 1
96 1115 1
96 1118 1
96 1142 1
96 1152 1
96 1172 1
96 1173 1
96 1176 1
96 1178 1
96 1182 1
96 1212 1
96 1213 1
96 1251 1
96 1252 1
96 1256 1
96 1275 1
96 1377 1
96 1389 1
96 1396 1
96 1418 1
96 1428 1
96 1447 1
96 1454 1
96 1495 1
96 1507 1
96 1513 1
96 1519 1
96 1533 1
96 1555 1
96 1561 1
96 1564 1
96 1591 1
96 1607 1
96 1710 1
96 1742 1
96 1745 1
96 1824 1
96 1894 1
96 1954 1
96 1966 1
96 2041 1
97 3 1
97 8 1
97 22 1
97 31 1
97 50 1
97 72 1
97 75 1
97 88 1
97 95 1
97 105 1
97 125 1
97 134 1
97 154 1
97 168 1
97 209 1
97 211 1
97 217 1
97 225 1
97 233 1
97 239 1
97 246 1
97 269 1
97 271 1
97 274 1
97 287 1
97 295 1
97 307 1
97 377 1
97 412 1
97 433 1
97 441 1
97 479 1
97 516 1
97 524 1
97 546 1
97 560 1
97 579 1
97 598 1
97 612 1
97 662 1
97 679 1
97 695 1
97 715 1
97 719 1
97 730 1
97 749 1
97 775 1
97 808 1
97 834 1
97 870 1
97 872 1
97 894 1
97 935 1
97 942 1
97 943 1
97 959 1
97 970 1
97 1008 1
97 1014 1
97 1022 1
97 1030 1
97 1039 1
97 1041 1
97 1042 1
97 1046 1
97 1056 1
97 1080 1
97 1105 1
97 1164 1
97 1229 1
97 1255 1
97 1263 1
97 1269 1
97 1274 1
97 1277 1
97 1286 1
97 1303 1
97 1342 1
97 1350 1
97 1369 1
97 1387 1
97 1390 1
97 1400 1
97 1416 1
97 1442 1
97 1443 1
97 1456 1
97 1475 1
97 1643 1
97 1673 1
97 1677 1
97 1680 1
97 1695 1
97 1700 1
97 1701 1
97 1713 1
97 1717 1
97 1773 1
97 1787 1
97 1802 1
97 1816 1
97 1818 1
97 1823 1
97 1825 1
97 1828 1
97 1838 1
97 1842 1
97 1890 1
97 1911 1
97 1915 1
97 1980 1
97 1991 1
97 2045 1
98 14 1
98 19 1
98 47 1
98 56 1
98 59 1
98 61 1
98 70 1
98 73 1
98 80 1
98 87 1
98 90 1
98 110 1
98 124 1
98 132 1
98 142 1
98 180 1
98 343 1
98 354 1
98 355 1
98 365 1
98 367 1
98 370 1
98 413 1
98 417 1
98 451 1
98 473 1
98 492 1
98 496 1
98 580 1
98 615 1
98 651 1
98 655 1
98 680 1
98 687 1
98 716 1
98 747 1
98 761 1
98 767 1
98 788 1
98 794 1
98 858 1
98 864 1
98 882 1
98 897 1
98 932 1
98 979 1
98 983 1
98 1029 1
98 1031 1
98 1053 1
98 1100 1
98 1117 1
98 1138 1
98 1140 1
98 1158 1
98 1222 1
98 1241 1
98 1257 1
98 1306 1
98 1313 1
98 1321 1
98 1356 1
98 1401 1
98 1431 1
98 1446 1
98 1466 1
98 1490 1
98 1505 1
98 1518 1
98 1520 1
98 1527 1
98 1545 1
98 1550 1
98 1563 1
98 1666 1
98 1686 1
98 1691 1
98 1716 1
98 1718 1
98 1721 1
98 1777 1
98 1865 1
98 1924 1
98 1937 1
98 1939 1
98 1946 1
98 1974 1
98 1999 1
98 2024 1
98 2036 1
99 11 1
99 36 1
99 44 1
99 79 1
99 119 1
99 179 1
99 197 1
99 198 1
99 207 1
99 236 1
99 262 1
99 268 1
99 288 1
99 335 1
99 387 1
99 415 1
99 425 1
99 460 1
99 477 1
99 547 1
99 588 1
99 631 1
99 645 1
99 650 1
99 658 1
99 667 1
99 692 1
99 743 1
99 757 1
99 797 1
99 809 1
99 818 1
99 830 1
99 831 1
99 892 1
99 900 1
99 931 1
99 976 1
99 1017 1
99 1044 1
99 1060 1
99 1079 1
99 1084 1
99 1094 1
99 1124 1
99 1181 1
99 1185 1
99 1248 1
99 1283 1
99 1383 1
99 1425 1
99 1439 1
99 1455 1
99 1552 1
99 1559 1
99 1616 1
99 1633 1
99 1646 1
99 1672 1
99 1678 1
99 1737 1
99 1750 1
99 1762 1
99 1794 1
99 1805 1
99 1848 1
99 1869 1
99 1899 1
99 1903 1
99 1907 1
99 1910 1
99 1917 1
99 1975 1
99 2029 1
99 2039 1
100 14 1
100 115 1
100 117 1
100 140 1
100 164 1
100 191 1
100 224 1
100 231 1
100 334 1
100 452 1
100 603 1
100 616 1
100 653 1
100 699 1
100 713 1
100 778 1
100 801 1
100 815 1
100 822 1
100 881 1
100 920 1
100 1107 1
100 1166 1
100 1188 1
100 1190 1
100 1210 1
100 1211 1
100 1247 1
100 1264 1
100 1331 1
100 1344 1
100 1374 1
100 1438 1
100 1448 1
100 1470 1
100 1500 1
100 1618 1
100 1657 1
100 1661 1
100 1662 1
100 1667 1
100 1676 1
100 1689 1
100 1780 1
100 1832 1
100 1902 1
100 1906 1
100 1913 1
100 1944 1
100 1967 1
100 1992 1
101 82 1
101 114 1
101 126 1
101 129 1
101 241 1
101 339 1
101 346 1
101 366 1
101 542 1
101 544 1
101 552 1
101 629 1
101 657 1
101 734 1
101 740 1
101 796 1
101 806 1
101 828 1
101 860 1
101 918 1
101 923 1
101 956 1
101 1096 1
101 1147 1
101 1284 1
101 1291 1
101 1301 1
101 1316 1
101 1317 1
101 1487 1
101 1512 1
101 1590 1
101 1696 1
101 1754 1
101 1757 1
101 1790 1
101 1800 1
101 1843 1
101 1879 1
101 1921 1
101 1934 1
101 1955 1
101 2027 1
102 12 1
102 109 1
102 172 1
102 249 1
102 357 1
102 374 1
102 390 1
102 458 1
102 499 1
102 622 1
102 718 1
102 738 1
102 784 1
102 901 1
102 965 1
102 1112 1
102 1146 1
102 1165 1
102 1408 1
102 1806 1
102 1852 1
102 2002 1
102 2006 1
103 34 1
103 190 1
103 267 1
103 800 1
103 819 1
103 852 1
103 1049 1
103 1119 1
103 1163 1
103 1363 1
103 1499 1
103 1509 1
103 1549 1
103 1610 1
103 1797 1
103 1839 1
103 1933 1
104 16 1
104 24 1
104 66 1
104 83 1
104 498 1
104 652 1
104 887 1
104 934 1
104 1199 1
104 1282 1
104 1484 1
104 1523 1
104 1547 1
104 1784 1
104 1972 1
105 5 1
105 373 1
105 562 1
105 630 1
105 984 1
105 1217 1
105 1463 1
105 1930 1
106 4 1
106 38 1
106 136 1
106 247 1
106 431 1
106 437 1
106 564 1
106 575 1
106 763 1
106 1280 1
106 1326 1
106 1640 1
106 1973 1
107 43 1
107 113 1
107 240 1
107 569 1
107 681 1
107 1510 1
107 1598 1
107 1636 1
108 89 1
108 148 1
108 455 1
108 493 1
108 568 1
108 592 1
108 636 1
108 1021 1
108 1129 1
108 1413 1
108 1480 1
108 1746 1
108 1918 1
108 1932 1
109 7 1
109 53 1
109 92 1
109 150 1
109 169 1
109 286 1
109 299 1
109 305 1
109 356 1
109 386 1
109 511 1
109 531 1
109 638 1
109 717 1
109 726 1
109 752 1
109 1023 1
109 1110 1
109 1184 1
109 1231 1
109 1266 1
109 1267 1
109 1294 1
109 1341 1
109 1477 1
109 1485 1
109 1557 1
109 1596 1
109 1601 1
109 1613 1
109 1624 1
109 1647 1
109 1656 1
109 1763 1
109 1786 1
109 1789 1
109 1888 1
109 1925 1
109 1961 1
109 2026 1
110 29 1
110 31 1
110 48 1
110 64 1
110 86 1
110 102 1
110 137 1
110 139 1
110 177 1
110 234 1
110 266 1
110 292 1
110 300 1
110 327 1
110 363 1
110 396 1
110 404 1
110 422 1
110 476 1
110 526 1
110 528 1
110 555 1
110 557 1
110 607 1
110 620 1
110 659 1
110 670 1
110 745 1
110 755 1
110 769 1
110 781 1
110 838 1
110 922 1
110 933 1
110 946 1
110 955 1
110 960 1
110 1020 1
110 1047 1
110 1074 1
110 1091 1
110 1132 1
110 1139 1
110 1156 1
110 1160 1
110 1168 1
110 1189 1
110 1192 1
110 1207 1
110 1234 1
110 1242 1
110 1285 1
110 1300 1
110 1328 1
110 1329 1
110 1332 1
110 1365 1
110 1384 1
110 1394 1
110 1427 1
110 1453 1
110 1464 1
110 1469 1
110 1472 1
110 1479 1
110 1511 1
110 1514 1
110 1532 1
110 1539 1
110 1572 1
110 1577 1
110 1581 1
110 1606 1
110 1615 1
110 1617 1
110 1642 1
110 1650 1
110 1704 1
110 1724 1
110 1726 1
110 1744 1
110 1748 1
110 1759 1
110 1760 1
110 1764 1
110 1775 1
110 1811 1
110 1814 1
110 1841 1
110 1846 1
110 1854 1
110 1887 1
110 1892 1
110 1893 1
110 1900 1
110 1908 1
110 1914 1
110 1935 1
110 1941 1
110 1949 1
110 1957 1
110 1964 1
110 1969 1
110 1983 1
110 2022 1
110 2032 1
111 3 1
111 14 1
111 16 1
111 32 1
111 58 1
111 103 1
111 135 1
111 156 1
111 171 1
111 206 1
111 220 1
111 226 1
111 227 1
111 243 1
111 311 1
111 340 1
111 345 1
111 347 1
111 349 1
111 352 1
111 381 1
111 393 1
111 394 1
111 400 1
111 407 1
111 416 1
111 419 1
111 420 1
111 429 1
111 442 1
111 453 1
111 466 1
111 472 1
111 490 1
111 491 1
111 513 1
111 517 1
111 539 1
111 549 1
111 550 1
111 565 1
111 572 1
111 573 1
111 585 1
111 595 1
111 601 1
111 602 1
111 644 1
111 646 1
111 663 1
111 671 1
111 678 1
111 684 1
111 691 1
111 707 1
111 721 1
111 753 1
111 758 1
111 759 1
111 773 1
111 774 1
111 791 1
111 826 1
111 837 1
111 844 1
111 845 1
111 849 1
111 854 1
111 855 1
111 863 1
111 868 1
111 891 1
111 905 1
111 906 1
111 913 1
111 926 1
111 940 1
111 949 1
111 961 1
111 964 1
111 972 1
111 975 1
111 978 1
111 987 1
111 990 1
111 993 1
111 1005 1
111 1010 1
111 1024 1
111 1025 1
111 1048 1
111 1051 1
111 1066 1
111 1075 1
111 1081 1
111 1093 1
111 1127 1
111 1131 1
111 1150 1
111 1174 1
111 1177 1
111 1180 1
111 1187 1
111 1191 1
111 1194 1
111 1203 1
111 1219 1
111 1223 1
111 1228 1
111 1232 1
111 1233 1
111 1240 1
111 1243 1
111 1245 1
111 1250 1
111 1253 1
111 1259 1
111 1260 1
111 1268 1
111 1276 1
111 1278 1
111 1279 1
111 1288 1
111 1289 1
111 1293 1
111 1295 1
111 1299 1
111 1322 1
111 1323 1
111 1339 1
111 1348 1
111 1355 1
111 1361 1
111 1370 1
111 1419 1
111 1422 1
111 1426 1
111 1444 1
111 1459 1
111 1467 1
111 1488 1
111 1498 1
111 1516 1
111 1522 1
111 1526 1
111 1536 1
111 1569 1
111 1580 1
111 1602 1
111 1620 1
111 1639 1
111 1641 1
111 1660 1
111 1665 1
111 1668 1
111 1669 1
111 1679 1
111 1693 1
111 1708 1
111 1730 1
111 1736 1
111 1792 1
111 1803 1
111 1808 1
111 1827 1
111 1829 1
111 1864 1
111 1871 1
111 1874 1
111 1926 1
111 1931 1
111 1956 1
111 1986 1
111 2003 1
111 2011 1
111 2012 1
111 2043 1
111 2044 1
111 2046 1
112 12 1
112 52 1
112 63 1
112 74 1
112 106 1
112 123 1
112 144 1
112 146 1
112 166 1
112 183 1
112 185 1
112 189 1
112 201 1
112 215 1
112 222 1
112 238 1
112 245 1
112 250 1
112 260 1
112 265 1
112 273 1
112 282 1
112 298 1
112 308 1
112 309 1
112 316 1
112 322 1
112 328 1
112 329 1
112 330 1
112 337 1
112 342 1
112 360 1
112 362 1
112 375 1
112 380 1
112 382 1
112 388 1
112 395 1
112 397 1
112 401 1
112 406 1
112 409 1
112 440 1
112 457 1
112 462 1
112 489 1
112 527 1
112 535 1
112 548 1
112 554 1
112 574 1
112 577 1
112 587 1
112 597 1
112 599 1
112 610 1
112 614 1
112 623 1
112 634 1
112 643 1
112 656 1
112 664 1
112 665 1
112 668 1
112 683 1
112 704 1
112 722 1
112 751 1
112 754 1
112 756 1
112 760 1
112 779 1
112 782 1
112 786 1
112 789 1
112 790 1
112 811 1
112 813 1
112 816 1
112 833 1
112 848 1
112 873 1
112 890 1
112 903 1
112 912 1
112 914 1
112 924 1
112 937 1
112 938 1
112 954 1
112 962 1
112 980 1
112 989 1
112 997 1
112 1001 1
112 1002 1
112 1012 1
112 1034 1
112 1045 1
112 1052 1
112 1055 1
112 1065 1
112 1071 1
112 1072 1
112 1083 1
112 1085 1
112 1089 1
112 1092 1
112 1098 1
112 1106 1
112 1108 1
112 1109 1
112 1134 1
112 1135 1
112 1141 1
112 1148 1
112 1155 1
112 1159 1
112 1161 1
112 1169 1
112 1170 1
112 1202 1
112 1204 1
112 1238 1
112 1304 1
112 1315 1
112 1320 1
112 1346 1
112 1358 1
112 1359 1
112 1364 1
112 1367 1
112 1382 1
112 1388 1
112 1392 1
112 1405 1
112 1406 1
112 1414 1
112 1417 1
112 1420 1
112 1430 1
112 1449 1
112 1451 1
112 1478 1
112 1483 1
112 1502 1
112 1515 1
112 1521 1
112 1530 1
112 1537 1
112 1544 1
112 1570 1
112 1571 1
112 1597 1
112 1614 1
112 1619 1
112 1622 1
112 1629 1
112 1630 1
112 1638 1
112 1648 1
112 1682 1
112 1698 1
112 1706 1
112 1719 1
112 1751 1
112 1752 1
112 1766 1
112 1771 1
112 1791 1
112 1795 1
112 1813 1
112 1822 1
112 1856 1
112 1863 1
112 1876 1
112 1882 1
112 1885 1
112 1886 1
112 1901 1
112 1904 1
112 1948 1
112 1962 1
112 1968 1
112 1971 1
112 1982 1
112 1989 1
112 2009 1
112 2010 1
112 2017 1
112 2020 1
112 2028 1
112 2034 1
112 2035 1
112 2037 1
112 2042 1
113 55 1
113 99 1
113 104 1
113 120 1
113 157 1
113 199 1
113 200 1
113 203 1
113 208 1
113 212 1
113 235 1
113 285 1
113 297 1
113 302 1
113 336 1
113 389 1
113 403 1
113 408 1
113 423 1
113 430 1
113 432 1
113 434 1
113 474 1
113 484 1
113 501 1
113 502 1
113 503 1
113 518 1
113 521 1
113 536 1
113 537 1
113 538 1
113 563 1
113 596 1
113 626 1
113 633 1
113 673 1
113 686 1
113 693 1
113 731 1
113 732 1
113 742 1
113 744 1
113 746 1
113 750 1
113 762 1
113 772 1
113 777 1
113 793 1
113 802 1
113 805 1
113 807 1
113 846 1
113 853 1
113 856 1
113 861 1
113 862 1
113 883 1
113 895 1
113 896 1
113 904 1
113 957 1
113 969 1
113 971 1
113 977 1
113 1011 1
113 1033 1
113 1043 1
113 1073 1
113 1077 1
113 1078 1
113 1126 1
113 1144 1
113 1175 1
113 1197 1
113 1201 1
113 1205 1
113 1209 1
113 1224 1
113 1236 1
113 1239 1
113 1261 1
113 1305 1
113 1311 1
113 1333 1
113 1360 1
113 1372 1
113 1373 1
113 1378 1
113 1399 1
113 1407 1
113 1440 1
113 1441 1
113 1457 1
113 1465 1
113 1474 1
113 1489 1
113 1491 1
113 1492 1
113 1501 1
113 1524 1
113 1546 1
113 1565 1
113 1587 1
113 1592 1
113 1593 1
113 1599 1
113 1604 1
113 1631 1
113 1634 1
113 1644 1
113 1687 1
113 1705 1
113 1725 1
113 1755 1
113 1758 1
113 1774 1
113 1779 1
113 1782 1
113 1793 1
113 1799 1
113 1801 1
113 1819 1
113 1857 1
113 1878 1
113 1895 1
113 1922 1
113 1928 1
113 1951 1
113 1959 1
113 1963 1
113 1984 1
113 1987 1
113 1990 1
113 1994 1
113 2005 1
113 2031 1
113 2038 1
113 2040 1
114 1 1
114 8 1
114 10 1
114 16 1
114 24 1
114 49 1
114 54 1
114 91 1
114 93 1
114 108 1
114 121 1
114 141 1
114 145 1
114 195 1
114 219 1
114 229 1
114 261 1
114 283 1
114 294 1
114 306 1
114 314 1
114 317 1
114 323 1
114 344 1
114 411 1
114 436 1
114 439 1
114 446 1
114 463 1
114 468 1
114 506 1
114 532 1
114 590 1
114 606 1
114 619 1
114 642 1
114 669 1
114 672 1
114 723 1
114 735 1
114 739 1
114 741 1
114 748 1
114 824 1
114 825 1
114 859 1
114 877 1
114 888 1
114 908 1
114 928 1
114 930 1
114 948 1
114 988 1
114 1009 1
114 1037 1
114 1038 1
114 1087 1
114 1101 1
114 1121 1
114 1133 1
114 1151 1
114 1183 1
114 1216 1
114 1227 1
114 1314 1
114 1375 1
114 1421 1
114 1452 1
114 1461 1
114 1503 1
114 1542 1
114 1574 1
114 1637 1
114 1649 1
114 1651 1
114 1658 1
114 1690 1
114 1697 1
114 1722 1
114 1738 1
114 1765 1
114 1809 1
114 1833 1
114 1836 1
114 1881 1
114 1905 1
114 1912 1
114 1923 1
114 1958 1
114 1960 1
114 1985 1
114 2000 1
114 2030 1
114 2033 1
115 12 1
115 133 1
115 149 1
115 184 1
115 230 1
115 251 1
115 279 1
115 290 1
115 320 1
115 371 1
115 391 1
115 398 1
115 402 1
115 467 1
115 510 1
115 553 1
115 566 1
115 581 1
115 586 1
115 589 1
115 698 1
115 728 1
115 766 1
115 795 1
115 832 1
115 850 1
115 939 1
115 947 1
115 1018 1
115 1086 1
115 1090 1
115 1120 1
115 1145 1
115 1153 1
115 1179 1
115 1258 1
115 1308 1
115 1324 1
115 1362 1
115 1366 1
115 1433 1
115 1436 1
115 1497 1
115 1531 1
115 1541 1
115 1551 1
115 1560 1
115 1567 1
115 1628 1
115 1652 1
115 1712 1
115 1732 1
115 1743 1
115 1768 1
115 1770 1
115 1785 1
115 1872 1
115 1929 1
115 1953 1
115 1978 1
115 2018 1
116 153 1
116 175 1
116 204 1
116 272 1
116 438 1
116 459 1
116 471 1
116 495 1
116 666 1
116 697 1
116 708 1
116 840 1
116 967 1
116 1095 1
116 1198 1
116 1340 1
116 1345 1
116 1352 1
116 1371 1
116 1381 1
116 1450 1
116 1692 1
116 1703 1
116 1714 1
116 1728 1
116 1756 1
117 523 1
117 543 1
117 593 1
117 736 1
117 835 1
117 857 1
117 880 1
117 916 1
117 1068 1
117 1070 1
117 1128 1
117 1778 1
117 1847 1
117 1993 1
118 112 1
118 443 1
118 445 1
118 705 1
118 841 1
118 889 1
118 910 1
118 1162 1
118 1195 1
118 1214 1
118 1290 1
118 1482 1
118 1553 1
118 1566 1
118 1625 1
118 1627 1
118 1683 1
118 1855 1
118 1920 1
118 1927 1
118 1995 1
119 25 1
119 81 1
119 170 1
119 582 1
119 627 1
119 771 1
119 798 1
119 1318 1
119 1354 1
119 1608 1
119 1942 1
119 2015 1
119 2021 1
119 2023 1
120 213 1
120 464 1
120 1007 1
120 1103 1
120 1157 1
120 1225 1
120 1327 1
120 1588 1
120 1621 1
120 1654 1
120 1767 1
120 1817 1
120 1880 1
120 1916 1
121 6 1
121 14 1
121 16 1
121 21 1
121 37 1
121 244 1
121 944 1
121 1609 1
121 1781 1
121 1909 1
121 2001 1
122 9 1
122 310 1
122 909 1
122 998 1
122 1003 1
122 1067 1
122 1102 1
122 1538 1
122 1562 1
122 1739 1
122 1981 1
123 8 1
123 85 1
123 111 1
123 202 1
123 325 1
123 351 1
123 461 1
123 571 1
123 701 1
123 810 1
123 839 1
123 1193 1
123 1398 1
123 1458 1
123 1585 1
123 1831 1
123 1835 1
123 2025 1
124 69 1
124 94 1
124 232 1
124 248 1
124 315 1
124 332 1
124 379 1
124 383 1
124 385 1
124 410 1
124 418 1
124 475 1
124 533 1
124 545 1
124 624 1
124 661 1
124 710 1
124 737 1
124 780 1
124 785 1
124 843 1
124 917 1
124 1082 1
124 1088 1
124 1114 1
124 1123 1
124 1206 1
124 1221 1
124 1226 1
124 1230 1
124 1296 1
124 1338 1
124 1353 1
124 1432 1
124 1540 1
124 1632 1
124 1769 1
124 1840 1
124 1870 1
124 1940 1
124 1996 1
124 2048 1
125 35 1
125 76 1
125 122 1
125 182 1
125 194 1
125 205 1
125 210 1
125 223 1
125 237 1
125 321 1
125 361 1
125 450 1
125 454 1
125 470 1
125 497 1
125 500 1
125 515 1
125 540 1
125 541 1
125 570 1
125 576 1
125 583 1
125 635 1
125 720 1
125 733 1
125 768 1
125 770 1
125 803 1
125 847 1
125 874 1
125 886 1
125 921 1
125 927 1
125 945 1
125 958 1
125 968 1
125 985 1
125 1032 1
125 1035 1
125 1054 1
125 1058 1
125 1064 1
125 1136 1
125 1186 1
125 1215 1
125 1218 1
125 1235 1
125 1246 1
125 1281 1
125 1307 1
125 1325 1
125 1351 1
125 1357 1
125 1379 1
125 1386 1
125 1397 1
125 1462 1
125 1504 1
125 1508 1
125 1535 1
125 1548 1
125 1558 1
125 1594 1
125 1600 1
125 1611 1
125 1664 1
125 1727 1
125 1788 1
125 1812 1
125 1845 1
125 1867 1
125 1868 1
125 1875 1
125 1889 1
125 1977 1
125 1988 1
126 71 1
126 255 1
126 296 1
126 350 1
126 353 1
126 378 1
126 392 1
126 465 1
126 514 1
126 520 1
126 522 1
126 529 1
126 677 1
126 688 1
126 851 1
126 865 1
126 875 1
126 907 1
126 951 1
126 992 1
126 1006 1
126 1116 1
126 1237 1
126 1270 1
126 1312 1
126 1330 1
126 1349 1
126 1415 1
126 1423 1
126 1437 1
126 1471 1
126 1584 1
126 1655 1
126 1684 1
126 1720 1
126 1734 1
126 1815 1
126 1820 1
126 1919 1
126 2019 1
127 11 1
127 37 1
127 118 1
127 162 1
127 252 1
127 275 1
127 424 1
127 727 1
127 869 1
127 981 1
127 1104 1
127 1196 1
127 1337 1
127 1481 1
127 1575 1
128 2 1
128 3 1
128 6 1
128 19 1
128 41 1
128 507 1
128 556 1
128 929 1
128 1429 1
128 1859 1
129 39 1
129 1605 1
129 1861 1
130 11 1
130 16 1
130 551 1
132 6 1
133 312 1
134 15 1
134 35 1
137 24 1
138 20 1
139 12 1
140 2 1
140 23 1
144 2 1
145 17 1
146 28 1
148 18 1
150 32 1
156 1804 1
159 1297 1
160 60 1
160 647 1
160 1027 1
160 1573 1
161 405 1
161 1898 1
162 840 1
162 1445 1
163 178 1
163 1476 1
163 1674 1
165 1061 1
166 1380 1
166 1454 1
167 1062 1
167 1653 1
169 57 1
169 62 1
169 449 1
169 747 1
169 963 1
170 113 1
171 160 1
171 284 1
171 546 1
171 578 1
171 694 1
171 867 1
171 911 1
171 919 1
171 952 1
171 1149 1
171 1184 1
171 1663 1
171 1709 1
171 1998 1
171 2002 1
172 13 1
172 319 1
172 455 1
172 505 1
172 712 1
172 915 1
172 918 1
172 931 1
172 974 1
172 1231 1
172 1350 1
172 1495 1
172 1501 1
172 1550 1
172 1612 1
172 1682 1
172 1715 1
172 1741 1
172 1837 1
172 1862 1
172 1869 1
172 1907 1
173 22 1
173 84 1
173 152 1
173 158 1
173 187 1
173 281 1
173 333 1
173 397 1
173 400 1
173 469 1
173 487 1
173 492 1
173 498 1
173 525 1
173 542 1
173 613 1
173 621 1
173 729 1
173 738 1
173 799 1
173 806 1
173 843 1
173 876 1
173 966 1
173 999 1
173 1011 1
173 1022 1
173 1028 1
173 1069 1
173 1086 1
173 1158 1
173 1220 1
173 1238 1
173 1286 1
173 1376 1
173 1385 1
173 1416 1
173 1447 1
173 1518 1
173 1533 1
173 1582 1
173 1780 1
173 1810 1
173 1829 1
173 1936 1
173 2036 1
173 2041 1
174 74 1
174 87 1
174 101 1
174 114 1
174 124 1
174 131 1
174 143 1
174 192 1
174 204 1
174 207 1
174 221 1
174 239 1
174 247 1
174 304 1
174 388 1
174 412 1
174 442 1
174 579 1
174 599 1
174 625 1
174 689 1
174 690 1
174 724 1
174 783 1
174 813 1
174 885 1
174 979 1
174 1026 1
174 1036 1
174 1147 1
174 1229 1
174 1343 1
174 1424 1
174 1435 1
174 1466 1
174 1513 1
174 1523 1
174 1528 1
174 1542 1
174 1559 1
174 1576 1
174 1588 1
174 1691 1
174 1692 1
174 1742 1
174 1754 1
174 1842 1
174 1890 1
174 1945 1
174 1971 1
174 1980 1
175 50 1
175 100 1
175 125 1
175 155 1
175 176 1
175 256 1
175 261 1
175 365 1
175 389 1
175 447 1
175 632 1
175 725 1
175 749 1
175 953 1
175 984 1
175 1117 1
175 1125 1
175 1264 1
175 1275 1
175 1301 1
175 1309 1
175 1368 1
175 1390 1
175 1504 1
175 1677 1
175 1723 1
175 1743 1
175 1906 1
175 1947 1
175 2018 1
176 162 1
176 186 1
176 242 1
176 287 1
176 523 1
176 538 1
176 539 1
176 623 1
176 722 1
176 754 1
176 827 1
176 863 1
176 871 1
176 893 1
176 955 1
176 1008 1
176 1074 1
176 1085 1
176 1273 1
176 1285 1
176 1404 1
176 1434 1
176 1477 1
176 1505 1
176 1597 1
176 1613 1
176 1648 1
176 1649 1
176 1796 1
176 1909 1
176 1917 1
176 1960 1
176 1997 1
176 2029 1
177 42 1
177 167 1
177 225 1
177 301 1
177 314 1
177 359 1
177 363 1
177 634 1
177 742 1
177 781 1
177 866 1
177 1124 1
177 1156 1
177 1293 1
177 1848 1
178 119 1
178 629 1
178 787 1
178 1148 1
178 1342 1
178 1614 1
178 1771 1
178 1853 1
178 2012 1
179 372 1
179 384 1
179 456 1
179 662 1
179 764 1
179 841 1
179 914 1
179 1188 1
180 148 1
180 409 1
180 1177 1
180 1354 1
180 1506 1
180 1616 1
180 1966 1
181 1041 1
181 1092 1
181 1389 1
182 73 1
182 88 1
182 509 1
182 767 1
182 1456 1
182 1903 1
183 246 1
183 575 1
183 2007 1
184 259 1
184 1052 1
184 1377 1
184 1807 1
185 30 1
185 561 1
185 1019 1
185 1097 1
185 1510 1
185 1525 1
185 1586 1
186 107 1
186 116 1
186 159 1
186 165 1
186 228 1
186 358 1
186 370 1
186 427 1
186 444 1
186 560 1
186 622 1
186 776 1
186 815 1
186 818 1
186 920 1
186 1013 1
186 1040 1
186 1272 1
186 1295 1
186 1302 1
186 1346 1
186 1409 1
186 1543 1
186 1618 1
186 1623 1
186 1670 1
186 1776 1
186 1790 1
186 1877 1
186 1883 1
186 1952 1
187 45 1
187 61 1
187 72 1
187 77 1
187 78 1
187 115 1
187 117 1
187 139 1
187 151 1
187 161 1
187 173 1
187 214 1
187 216 1
187 274 1
187 285 1
187 291 1
187 364 1
187 413 1
187 435 1
187 448 1
187 481 1
187 488 1
187 493 1
187 550 1
187 567 1
187 615 1
187 628 1
187 636 1
187 667 1
187 676 1
187 699 1
187 700 1
187 804 1
187 829 1
187 878 1
187 884 1
187 899 1
187 936 1
187 949 1
187 959 1
187 994 1
187 1016 1
187 1031 1
187 1138 1
187 1172 1
187 1212 1
187 1213 1
187 1256 1
187 1266 1
187 1336 1
187 1344 1
187 1348 1
187 1369 1
187 1400 1
187 1418 1
187 1460 1
187 1496 1
187 1534 1
187 1556 1
187 1572 1
187 1583 1
187 1595 1
187 1626 1
187 1707 1
187 1745 1
187 1773 1
187 1803 1
187 1834 1
187 1851 1
187 1865 1
187 1866 1
187 1897 1
187 1911 1
187 1943 1
187 1970 1
187 1976 1
187 1979 1
187 2038 1
187 2047 1
188 43 1
188 46 1
188 64 1
188 67 1
188 82 1
188 95 1
188 96 1
188 123 1
188 127 1
188 128 1
188 134 1
188 137 1
188 140 1
188 147 1
188 172 1
188 177 1
188 188 1
188 241 1
188 264 1
188 267 1
188 269 1
188 276 1
188 280 1
188 303 1
188 318 1
188 331 1
188 348 1
188 417 1
188 426 1
188 428 1
188 441 1
188 451 1
188 452 1
188 482 1
188 483 1
188 511 1
188 512 1
188 594 1
188 600 1
188 604 1
188 641 1
188 655 1
188 658 1
188 669 1
188 675 1
188 682 1
188 710 1
188 714 1
188 715 1
188 719 1
188 740 1
188 753 1
188 820 1
188 828 1
188 844 1
188 887 1
188 898 1
188 912 1
188 913 1
188 972 1
188 986 1
188 1029 1
188 1047 1
188 1050 1
188 1057 1
188 1059 1
188 1079 1
188 1094 1
188 1106 1
188 1107 1
188 1115 1
188 1129 1
188 1140 1
188 1141 1
188 1143 1
188 1203 1
188 1208 1
188 1239 1
188 1242 1
188 1244 1
188 1249 1
188 1254 1
188 1274 1
188 1287 1
188 1294 1
188 1298 1
188 1332 1
188 1347 1
188 1355 1
188 1359 1
188 1382 1
188 1387 1
188 1394 1
188 1395 1
188 1446 1
188 1468 1
188 1472 1
188 1473 1
188 1484 1
188 1486 1
188 1517 1
188 1519 1
188 1520 1
188 1581 1
188 1607 1
188 1615 1
188 1666 1
188 1680 1
188 1696 1
188 1702 1
188 1711 1
188 1729 1
188 1731 1
188 1733 1
188 1735 1
188 1744 1
188 1759 1
188 1761 1
188 1762 1
188 1818 1
188 1821 1
188 1858 1
188 1860 1
188 1881 1
188 1896 1
188 1925 1
188 1926 1
188 1948 1
188 2006 1
188 2011 1
188 2026 1
189 47 1
189 49 1
189 53 1
189 54 1
189 70 1
189 135 1
189 145 1
189 146 1
189 193 1
189 197 1
189 222 1
189 277 1
189 338 1
189 376 1
189 399 1
189 433 1
189 439 1
189 458 1
189 479 1
189 503 1
189 508 1
189 513 1
189 519 1
189 574 1
189 598 1
189 602 1
189 616 1
189 617 1
189 626 1
189 649 1
189 654 1
189 660 1
189 673 1
189 680 1
189 703 1
189 711 1
189 713 1
189 755 1
189 765 1
189 791 1
189 793 1
189 819 1
189 837 1
189 902 1
189 925 1
189 950 1
189 962 1
189 973 1
189 980 1
189 988 1
189 996 1
189 1004 1
189 1030 1
189 1084 1
189 1099 1
189 1134 1
189 1160 1
189 1181 1
189 1185 1
189 1192 1
189 1205 1
189 1223 1
189 1252 1
189 1257 1
189 1271 1
189 1320 1
189 1365 1
189 1374 1
189 1413 1
189 1453 1
189 1470 1
189 1493 1
189 1494 1
189 1514 1
189 1549 1
189 1555 1
189 1578 1
189 1642 1
189 1643 1
189 1645 1
189 1651 1
189 1671 1
189 1672 1
189 1675 1
189 1678 1
189 1713 1
189 1718 1
189 1737 1
189 1747 1
189 1750 1
189 1772 1
189 1775 1
189 1792 1
189 1824 1
189 1825 1
189 1830 1
189 1836 1
189 1849 1
189 1863 1
189 1885 1
189 1899 1
189 1933 1
189 1962 1
189 1974 1
189 1992 1
189 2035 1
190 138 1
190 163 1
190 168 1
190 219 1
190 231 1
190 236 1
190 243 1
190 245 1
190 258 1
190 278 1
190 288 1
190 305 1
190 307 1
190 340 1
190 366 1
190 380 1
190 382 1
190 396 1
190 429 1
190 443 1
190 473 1
190 496 1
190 555 1
190 558 1
190 564 1
190 580 1
190 581 1
190 588 1
190 631 1
190 674 1
190 678 1
190 679 1
190 759 1
190 778 1
190 786 1
190 798 1
190 800 1
190 834 1
190 860 1
190 883 1
190 935 1
190 960 1
190 970 1
190 976 1
190 987 1
190 1023 1
190 1060 1
190 1093 1
190 1100 1
190 1119 1
190 1161 1
190 1167 1
190 1211 1
190 1265 1
190 1268 1
190 1319 1
190 1361 1
190 1403 1
190 1436 1
190 1443 1
190 1448 1
190 1485 1
190 1511 1
190 1512 1
190 1522 1
190 1560 1
190 1606 1
190 1636 1
190 1662 1
190 1757 1
190 1783 1
190 1795 1
190 1802 1
190 1872 1
190 1876 1
190 1915 1
190 1921 1
190 1931 1
190 1932 1
190 1938 1
190 1955 1
190 1982 1
190 2033 1
191 33 1
191 97 1
191 171 1
191 183 1
191 217 1
191 218 1
191 367 1
191 466 1
191 478 1
191 518 1
191 553 1
191 582 1
191 607 1
191 638 1
191 642 1
191 650 1
191 687 1
191 716 1
191 741 1
191 763 1
191 802 1
191 808 1
191 836 1
191 838 1
191 855 1
191 954 1
191 956 1
191 1025 1
191 1113 1
191 1130 1
191 1255 1
191 1391 1
191 1402 1
191 1475 1
191 1554 1
191 1596 1
191 1598 1
191 1602 1
191 1641 1
191 1659 1
191 1676 1
191 1685 1
191 1751 1
191 1763 1
191 1782 1
191 1798 1
191 1813 1
191 1844 1
191 1910 1
191 1999 1
191 2039 1
192 99 1
192 130 1
192 179 1
192 254 1
192 266 1
192 421 1
192 425 1
192 491 1
192 644 1
192 664 1
192 685 1
192 706 1
192 718 1
192 730 1
192 784 1
192 822 1
192 895 1
192 965 1
192 975 1
192 1091 1
192 1164 1
192 1193 1
192 1217 1
192 1224 1
192 1280 1
192 1314 1
192 1388 1
192 1412 1
192 1422 1
192 1425 1
192 1490 1
192 1568 1
192 1603 1
192 1631 1
192 1661 1
192 1686 1
192 1764 1
192 1800 1
192 1815 1
192 2005 1
192 2024 1
192 2027 1
193 51 1
193 102 1
193 226 1
193 480 1
193 486 1
193 535 1
193 630 1
193 651 1
193 736 1
193 881 1
193 923 1
193 1003 1
193 1063 1
193 1064 1
193 1137 1
193 1145 1
193 1162 1
193 1326 1
193 1384 1
193 1488 1
193 1563 1
193 1665 1
193 1749 1
193 1937 1
193 1975 1
194 79 1
194 283 1
194 557 1
194 734 1
194 772 1
194 941 1
194 961 1
194 978 1
194 1048 1
194 1173 1
194 1431 1
194 1564 1
194 1847 1
194 2010 1
195 65 1
195 142 1
195 244 1
195 295 1
195 671 1
195 1111 1
195 1565 1
195 1619 1
195 2008 1
196 531 1
196 1463 1
196 1949 1
197 270 1
197 324 1
197 387 1
197 489 1
197 1360 1
197 1393 1
197 1579 1
197 1904 1
198 344 1
198 595 1
198 839 1
198 1233 1
198 1284 1
198 1507 1
198 1695 1
198 1784 1
199 110 1
199 292 1
199 341 1
199 386 1
199 612 1
199 904 1
199 1053 1
199 1553 1
200 90 1
200 257 1
200 559 1
200 872 1
200 1146 1
200 1248 1
200 1620 1
200 1660 1
200 1918 1
200 1941 1
200 1969 1
201 26 1
201 44 1
201 83 1
201 191 1
201 209 1
201 234 1
201 263 1
201 289 1
201 293 1
201 306 1
201 326 1
201 357 1
201 369 1
201 377 1
201 494 1
201 552 1
201 569 1
201 611 1
201 637 1
201 639 1
201 640 1
201 686 1
201 788 1
201 812 1
201 817 1
201 830 1
201 833 1
201 854 1
201 897 1
201 901 1
201 1000 1
201 1056 1
201 1076 1
201 1132 1
201 1154 1
201 1163 1
201 1178 1
201 1182 1
201 1222 1
201 1253 1
201 1262 1
201 1263 1
201 1310 1
201 1313 1
201 1334 1
201 1335 1
201 1410 1
201 1529 1
201 1591 1
201 1610 1
201 1656 1
201 1688 1
201 1694 1
201 1699 1
201 1726 1
201 1748 1
201 1777 1
201 1826 1
201 1828 1
201 1843 1
201 1850 1
201 1882 1
201 1891 1
201 1894 1
201 1913 1
202 48 1
202 56 1
202 68 1
202 75 1
202 80 1
202 86 1
202 105 1
202 126 1
202 136 1
202 144 1
202 154 1
202 174 1
202 196 1
202 198 1
202 220 1
202 233 1
202 249 1
202 268 1
202 273 1
202 299 1
202 334 1
202 337 1
202 345 1
202 354 1
202 355 1
202 356 1
202 368 1
202 374 1
202 381 1
202 390 1
202 414 1
202 415 1
202 420 1
202 437 1
202 467 1
202 472 1
202 477 1
202 504 1
202 530 1
202 584 1
202 587 1
202 605 1
202 609 1
202 618 1
202 620 1
202 645 1
202 648 1
202 652 1
202 668 1
202 695 1
202 707 1
202 774 1
202 775 1
202 797 1
202 801 1
202 807 1
202 809 1
202 814 1
202 821 1
202 823 1
202 826 1
202 842 1
202 848 1
202 852 1
202 856 1
202 879 1
202 882 1
202 900 1
202 946 1
202 982 1
202 983 1
202 991 1
202 995 1
202 1015 1
202 1017 1
202 1024 1
202 1046 1
202 1096 1
202 1121 1
202 1142 1
202 1166 1
202 1168 1
202 1175 1
202 1198 1
202 1199 1
202 1210 1
202 1251 1
202 1260 1
202 1269 1
202 1277 1
202 1282 1
202 1306 1
202 1318 1
202 1331 1
202 1356 1
202 1411 1
202 1426 1
202 1428 1
202 1439 1
202 1444 1
202 1450 1
202 1455 1
202 1464 1
202 1469 1
202 1479 1
202 1480 1
202 1491 1
202 1498 1
202 1515 1
202 1557 1
202 1589 1
202 1630 1
202 1633 1
202 1635 1
202 1650 1
202 1673 1
202 1689 1
202 1693 1
202 1710 1
202 1717 1
202 1753 1
202 1785 1
202 1791 1
202 1793 1
202 1794 1
202 1799 1
202 1806 1
202 1816 1
202 1839 1
202 1871 1
202 1884 1
202 1902 1
202 1924 1
202 1930 1
202 1967 1
202 1989 1
202 1991 1
202 2004 1
202 2022 1
202 2023 1
202 2042 1
202 2045 1
203 38 1
203 59 1
203 66 1
203 89 1
203 91 1
203 98 1
203 120 1
203 129 1
203 132 1
203 133 1
203 164 1
203 180 1
203 189 1
203 199 1
203 201 1
203 240 1
203 250 1
203 253 1
203 271 1
203 282 1
203 300 1
203 309 1
203 313 1
203 317 1
203 322 1
203 335 1
203 347 1
203 375 1
203 379 1
203 391 1
203 393 1
203 394 1
203 403 1
203 406 1
203 408 1
203 411 1
203 416 1
203 430 1
203 431 1
203 432 1
203 440 1
203 485 1
203 501 1
203 502 1
203 524 1
203 527 1
203 532 1
203 544 1
203 547 1
203 549 1
203 585 1
203 590 1
203 591 1
203 597 1
203 603 1
203 606 1
203 633 1
203 653 1
203 657 1
203 663 1
203 665 1
203 670 1
203 684 1
203 692 1
203 696 1
203 702 1
203 704 1
203 709 1
203 717 1
203 731 1
203 743 1
203 752 1
203 756 1
203 761 1
203 770 1
203 789 1
203 790 1
203 796 1
203 831 1
203 846 1
203 850 1
203 858 1
203 864 1
203 869 1
203 870 1
203 890 1
203 892 1
203 924 1
203 928 1
203 933 1
203 942 1
203 964 1
203 971 1
203 977 1
203 989 1
203 993 1
203 1002 1
203 1012 1
203 1038 1
203 1042 1
203 1080 1
203 1105 1
203 1108 1
203 1109 1
203 1112 1
203 1118 1
203 1120 1
203 1123 1
203 1126 1
203 1165 1
203 1169 1
203 1171 1
203 1176 1
203 1191 1
203 1227 1
203 1240 1
203 1259 1
203 1261 1
203 1278 1
203 1279 1
203 1300 1
203 1304 1
203 1316 1
203 1321 1
203 1323 1
203 1328 1
203 1341 1
203 1362 1
203 1363 1
203 1364 1
203 1383 1
203 1396 1
203 1408 1
203 1438 1
203 1459 1
203 1465 1
203 1483 1
203 1487 1
203 1489 1
203 1499 1
203 1509 1
203 1516 1
203 1530 1
203 1539 1
203 1545 1
203 1547 1
203 1552 1
203 1561 1
203 1570 1
203 1574 1
203 1577 1
203 1580 1
203 1593 1
203 1640 1
203 1657 1
203 1681 1
203 1687 1
203 1698 1
203 1701 1
203 1712 1
203 1721 1
203 1738 1
203 1740 1
203 1755 1
203 1760 1
203 1765 1
203 1789 1
203 1797 1
203 1805 1
203 1823 1
203 1854 1
203 1856 1
203 1864 1
203 1873 1
203 1874 1
203 1879 1
203 1886 1
203 1888 1
203 1934 1
203 1935 1
203 1954 1
203 1965 1
203 1972 1
203 1973 1
203 1984 1
203 1994 1
203 1995 1
203 2014 1
203 2017 1
203 2043 1
204 63 1
204 85 1
204 92 1
204 108 1
204 109 1
204 122 1
204 181 1
204 200 1
204 215 1
204 223 1
204 224 1
204 229 1
204 235 1
204 238 1
204 265 1
204 298 1
204 308 1
204 321 1
204 330 1
204 336 1
204 346 1
204 395 1
204 398 1
204 407 1
204 434 1
204 463 1
204 510 1
204 516 1
204 517 1
204 533 1
204 554 1
204 563 1
204 565 1
204 566 1
204 568 1
204 576 1
204 596 1
204 601 1
204 610 1
204 643 1
204 672 1
204 701 1
204 728 1
204 732 1
204 735 1
204 739 1
204 757 1
204 758 1
204 779 1
204 792 1
204 811 1
204 825 1
204 862 1
204 873 1
204 905 1
204 910 1
204 922 1
204 926 1
204 932 1
204 934 1
204 943 1
204 948 1
204 957 1
204 969 1
204 990 1
204 1005 1
204 1020 1
204 1032 1
204 1039 1
204 1049 1
204 1065 1
204 1067 1
204 1071 1
204 1075 1
204 1089 1
204 1110 1
204 1122 1
204 1139 1
204 1155 1
204 1157 1
204 1170 1
204 1180 1
204 1187 1
204 1189 1
204 1190 1
204 1200 1
204 1204 1
204 1207 1
204 1232 1
204 1241 1
204 1245 1
204 1283 1
204 1288 1
204 1290 1
204 1308 1
204 1315 1
204 1333 1
204 1345 1
204 1371 1
204 1378 1
204 1401 1
204 1417 1
204 1442 1
204 1451 1
204 1452 1
204 1467 1
204 1500 1
204 1524 1
204 1526 1
204 1527 1
204 1531 1
204 1541 1
204 1558 1
204 1599 1
204 1624 1
204 1627 1
204 1628 1
204 1664 1
204 1668 1
204 1690 1
204 1703 1
204 1708 1
204 1719 1
204 1724 1
204 1736 1
204 1746 1
204 1756 1
204 1786 1
204 1787 1
204 1838 1
204 1840 1
204 1841 1
204 1878 1
204 1900 1
204 1905 1
204 1928 1
204 1939 1
204 1946 1
204 1950 1
204 1951 1
204 1957 1
204 1959 1
204 1983 1
204 1986 1
204 2009 1
204 2013 1
204 2030 1
204 2031 1
204 2040 1
204 2044 1
205 58 1
205 118 1
205 169 1
205 185 1
205 227 1
205 290 1
205 297 1
205 352 1
205 360 1
205 422 1
205 454 1
205 475 1
205 484 1
205 506 1
205 540 1
205 562 1
205 573 1
205 577 1
205 589 1
205 659 1
205 681 1
205 705 1
205 708 1
205 726 1
205 750 1
205 751 1
205 766 1
205 782 1
205 816 1
205 832 1
205 849 1
205 853 1
205 859 1
205 916 1
205 917 1
205 940 1
205 997 1
205 1009 1
205 1018 1
205 1037 1
205 1058 1
205 1072 1
205 1083 1
205 1216 1
205 1225 1
205 1230 1
205 1243 1
205 1281 1
205 1289 1
205 1292 1
205 1303 1
205 1305 1
205 1311 1
205 1317 1
205 1407 1
205 1419 1
205 1430 1
205 1457 1
205 1461 1
205 1492 1
205 1569 1
205 1571 1
205 1601 1
205 1637 1
205 1638 1
205 1644 1
205 1679 1
205 1714 1
205 1722 1
205 1725 1
205 1768 1
205 1811 1
205 1819 1
205 1832 1
205 1833 1
205 1852 1
205 1857 1
205 1892 1
205 1895 1
205 1912 1
205 1929 1
205 1990 1
205 1993 1
205 2016 1
205 2028 1
206 69 1
206 106 1
206 175 1
206 208 1
206 323 1
206 353 1
206 383 1
206 402 1
206 464 1
206 514 1
206 528 1
206 534 1
206 536 1
206 646 1
206 691 1
206 697 1
206 698 1
206 760 1
206 777 1
206 795 1
206 805 1
206 857 1
206 894 1
206 927 1
206 939 1
206 944 1
206 1010 1
206 1066 1
206 1090 1
206 1186 1
206 1234 1
206 1250 1
206 1307 1
206 1352 1
206 1414 1
206 1420 1
206 1474 1
206 1478 1
206 1482 1
206 1536 1
206 1544 1
206 1611 1
206 1617 1
206 1774 1
206 1808 1
206 1817 1
206 1920 1
206 1922 1
206 1953 1
206 1964 1
206 2000 1
206 2001 1
206 2020 1
207 166 1
207 230 1
207 286 1
207 343 1
207 453 1
207 471 1
207 515 1
207 537 1
207 556 1
207 586 1
207 721 1
207 785 1
207 868 1
207 1001 1
207 1021 1
207 1102 1
207 1135 1
207 1228 1
207 1322 1
207 1340 1
207 1358 1
207 1366 1
207 1367 1
207 1521 1
207 1567 1
207 1604 1
207 1647 1
207 1658 1
207 1700 1
207 1704 1
207 1727 1
207 1730 1
207 1752 1
207 1769 1
207 1827 1
207 1923 1
207 1942 1
207 1961 1
207 2021 1
207 2032 1
207 2034 1
208 203 1
208 316 1
208 371 1
208 474 1
208 490 1
208 592 1
208 608 1
208 745 1
208 773 1
208 1101 1
208 1152 1
208 1219 1
208 1236 1
208 1276 1
208 1548 1
208 1562 1
208 1590 1
208 1594 1
208 1652 1
208 1684 1
208 1758 1
208 1846 1
208 1859 1
208 1901 1
208 1908 1
208 2015 1
209 104 1
209 260 1
209 385 1
209 499 1
209 583 1
209 593 1
209 666 1
209 1034 1
209 1179 1
209 1372 1
209 1968 1
210 111 1
210 327 1
210 1081 1
210 1098 1
210 1194 1
210 1632 1
210 1809 1
211 329 1
211 1697 1
211 1958 1
212 262 1
212 419 1
212 423 1
212 436 1
212 803 1
212 1144 1
212 1202 1
212 1379 1
212 1433 1
212 1535 1
213 401 1
213 404 1
213 572 1
213 762 1
213 1127 1
213 1218 1
213 1247 1
213 1812 1
213 1893 1
214 325 1
214 693 1
214 794 1
214 1201 1
214 1339 1
214 1357 1
214 1622 1
214 1667 1
214 1732 1
214 1814 1
214 1870 1
214 1880 1
215 52 1
215 150 1
215 349 1
215 410 1
215 457 1
215 459 1
215 460 1
215 661 1
215 769 1
215 824 1
215 877 1
215 880 1
215 1014 1
215 1033 1
215 1051 1
215 1073 1
215 1078 1
215 1532 1
215 1625 1
215 1778 1
215 1887 1
215 2046 1
216 4 1
216 7 1
216 55 1
216 93 1
216 103 1
216 121 1
216 153 1
216 156 1
216 157 1
216 190 1
216 211 1
216 294 1
216 302 1
216 328 1
216 339 1
216 342 1
216 373 1
216 446 1
216 461 1
216 462 1
216 476 1
216 495 1
216 521 1
216 526 1
216 614 1
216 683 1
216 723 1
216 737 1
216 748 1
216 861 1
216 888 1
216 891 1
216 903 1
216 906 1
216 908 1
216 1006 1
216 1044 1
216 1045 1
216 1070 1
216 1087 1
216 1131 1
216 1159 1
216 1174 1
216 1183 1
216 1209 1
216 1214 1
216 1267 1
216 1291 1
216 1324 1
216 1370 1
216 1381 1
216 1392 1
216 1398 1
216 1399 1
216 1406 1
216 1427 1
216 1449 1
216 1503 1
216 1537 1
216 1584 1
216 1634 1
216 1646 1
216 1706 1
216 1716 1
216 1728 1
216 1767 1
216 1781 1
216 1801 1
216 1822 1
216 1835 1
216 1914 1
216 1916 1
216 1944 1
216 1978 1
216 2003 1
216 2025 1
216 2037 1
217 5 1
217 9 1
217 40 1
217 71 1
217 94 1
217 112 1
217 149 1
217 170 1
217 182 1
217 184 1
217 202 1
217 206 1
217 213 1
217 248 1
217 251 1
217 252 1
217 279 1
217 310 1
217 311 1
217 320 1
217 438 1
217 468 1
217 470 1
217 520 1
217 543 1
217 548 1
217 570 1
217 619 1
217 624 1
217 627 1
217 635 1
217 656 1
217 744 1
217 746 1
217 771 1
217 810 1
217 845 1
217 847 1
217 896 1
217 907 1
217 937 1
217 938 1
217 945 1
217 958 1
217 967 1
217 1043 1
217 1054 1
217 1077 1
217 1088 1
217 1150 1
217 1151 1
217 1195 1
217 1221 1
217 1226 1
217 1258 1
217 1299 1
217 1325 1
217 1327 1
217 1329 1
217 1338 1
217 1353 1
217 1375 1
217 1386 1
217 1405 1
217 1421 1
217 1423 1
217 1432 1
217 1440 1
217 1441 1
217 1497 1
217 1502 1
217 1546 1
217 1551 1
217 1587 1
217 1629 1
217 1639 1
217 1669 1
217 1683 1
217 1705 1
217 1739 1
217 1770 1
217 1779 1
217 1788 1
217 1831 1
217 1845 1
217 1855 1
217 1940 1
217 1956 1
217 1963 1
217 1977 1
217 1981 1
217 1985 1
217 1987 1
217 2048 1
218 10 1
218 141 1
218 194 1
218 195 1
218 210 1
218 212 1
218 232 1
218 255 1
218 272 1
218 296 1
218 312 1
218 350 1
218 351 1
218 361 1
218 362 1
218 378 1
218 418 1
218 424 1
218 445 1
218 450 1
218 507 1
218 545 1
218 571 1
218 720 1
218 733 1
218 780 1
218 835 1
218 865 1
218 875 1
218 889 1
218 909 1
218 921 1
218 930 1
218 947 1
218 951 1
218 968 1
218 981 1
218 985 1
218 1007 1
218 1035 1
218 1055 1
218 1068 1
218 1095 1
218 1114 1
218 1128 1
218 1133 1
218 1136 1
218 1197 1
218 1215 1
218 1246 1
218 1351 1
218 1373 1
218 1397 1
218 1415 1
218 1458 1
218 1566 1
218 1585 1
218 1605 1
218 1608 1
218 1621 1
218 1655 1
218 1766 1
218 1820 1
218 1875 1
218 1927 1
218 1988 1
218 2019 1
219 27 1
219 76 1
219 205 1
219 315 1
219 332 1
219 392 1
219 465 1
219 541 1
219 688 1
219 768 1
219 874 1
219 998 1
219 1082 1
219 1196 1
219 1206 1
219 1237 1
219 1312 1
219 1471 1
219 1508 1
219 1540 1
219 1575 1
219 1609 1
219 1720 1
219 1867 1
219 1868 1
219 1889 1
219 1996 1
220 81 1
220 500 1
220 677 1
220 851 1
220 886 1
220 1103 1
220 1270 1
220 1296 1
220 1437 1
220 1592 1
220 1600 1
221 497 1
221 1104 1
221 1337 1
221 1462 1
221 1538 1
221 1734 1
222 551 1
222 1153 1
223 529 1
223 992 1
223 1349 1
223 1481 1
224 275 1
224 1429 1
224 1654 1
225 1919 1
226 522 1
226 1235 1
228 1330 1
229 237 1
229 727 1
229 1116 1
229 1861 1
232 18 1
232 929 1
651 68 1
651 69 1
651 80 1
652 49 1
652 71 1
653 68 1
654 82 1
655 72 1
655 76 1
657 53 1
658 73 1
660 46 1
661 58 1
661 61 1
661 929 1
661 1045 1
661 1051 1
661 1063 1
661 1448 1
661 1501 1
661 1788 1
662 15 1
662 39 1
662 66 1
662 103 1
662 151 1
662 223 1
662 240 1
662 330 1
662 464 1
662 477 1
662 494 1
662 517 1
662 553 1
662 591 1
662 608 1
662 651 1
662 666 1
662 688 1
662 724 1
662 806 1
662 835 1
662 836 1
662 847 1
662 908 1
662 946 1
662 947 1
662 959 1
662 960 1
662 1014 1
662 1052 1
662 1081 1
662 1096 1
662 1101 1
662 1154 1
662 1155 1
662 1158 1
662 1192 1
662 1212 1
662 1226 1
662 1229 1
662 1249 1
662 1299 1
662 1346 1
662 1359 1
662 1370 1
662 1399 1
662 1454 1
662 1464 1
662 1502 1
662 1514 1
662 1582 1
662 1587 1
662 1612 1
662 1654 1
662 1670 1
662 1724 1
662 1740 1
662 1748 1
662 1763 1
662 1783 1
662 1822 1
662 1836 1
662 1855 1
662 1881 1
662 1887 1
662 1945 1
662 2028 1
662 2031 1
663 27 1
663 41 1
663 45 1
663 57 1
663 60 1
663 104 1
663 113 1
663 145 1
663 162 1
663 183 1
663 193 1
663 218 1
663 238 1
663 239 1
663 241 1
663 261 1
663 264 1
663 286 1
663 310 1
663 312 1
663 314 1
663 315 1
663 321 1
663 341 1
663 348 1
663 383 1
663 389 1
663 398 1
663 415 1
663 428 1
663 434 1
663 440 1
663 480 1
663 487 1
663 508 1
663 510 1
663 515 1
663 526 1
663 529 1
663 546 1
663 602 1
663 623 1
663 636 1
663 644 1
663 654 1
663 656 1
663 658 1
663 669 1
663 678 1
663 698 1
663 699 1
663 779 1
663 788 1
663 791 1
663 798 1
663 805 1
663 838 1
663 851 1
663 852 1
663 880 1
663 927 1
663 928 1
663 932 1
663 938 1
663 956 1
663 1036 1
663 1092 1
663 1105 1
663 1130 1
663 1131 1
663 1134 1
663 1147 1
663 1172 1
663 1176 1
663 1207 1
663 1215 1
663 1220 1
663 1224 1
663 1253 1
663 1258 1
663 1260 1
663 1266 1
663 1270 1
663 1273 1
663 1287 1
663 1304 1
663 1311 1
663 1336 1
663 1372 1
663 1405 1
663 1406 1
663 1419 1
663 1471 1
663 1477 1
663 1480 1
663 1485 1
663 1488 1
663 1496 1
663 1511 1
663 1517 1
663 1524 1
663 1548 1
663 1560 1
663 1565 1
663 1602 1
663 1611 1
663 1629 1
663 1647 1
663 1650 1
663 1651 1
663 1656 1
663 1659 1
663 1684 1
663 1687 1
663 1692 1
663 1694 1
663 1709 1
663 1710 1
663 1780 1
663 1790 1
663 1818 1
663 1833 1
663 1837 1
663 1842 1
663 1846 1
663 1871 1
663 1894 1
663 1906 1
663 1928 1
663 1950 1
663 1961 1
663 1963 1
663 1965 1
663 1972 1
663 1989 1
663 1992 1
663 1995 1
663 2015 1
663 2017 1
663 2030 1
663 2036 1
663 2042 1
664 10 1
664 26 1
664 42 1
664 49 1
664 51 1
664 59 1
664 115 1
664 126 1
664 138 1
664 161 1
664 194 1
664 202 1
664 209 1
664 211 1
664 225 1
664 257 1
664 268 1
664 269 1
664 275 1
664 304 1
664 329 1
664 332 1
664 354 1
664 373 1
664 382 1
664 409 1
664 453 1
664 462 1
664 511 1
664 519 1
664 524 1
664 533 1
664 536 1
664 640 1
664 662 1
664 676 1
664 703 1
664 741 1
664 749 1
664 753 1
664 783 1
664 793 1
664 833 1
664 844 1
664 853 1
664 858 1
664 872 1
664 873 1
664 879 1
664 902 1
664 936 1
664 941 1
664 971 1
664 995 1
664 1024 1
664 1029 1
664 1035 1
664 1042 1
664 1044 1
664 1076 1
664 1100 1
664 1112 1
664 1115 1
664 1161 1
664 1188 1
664 1205 1
664 1206 1
664 1213 1
664 1221 1
664 1230 1
664 1271 1
664 1301 1
664 1321 1
664 1337 1
664 1378 1
664 1437 1
664 1466 1
664 1481 1
664 1487 1
664 1491 1
664 1522 1
664 1552 1
664 1572 1
664 1579 1
664 1616 1
664 1623 1
664 1632 1
664 1636 1
664 1639 1
664 1679 1
664 1681 1
664 1726 1
664 1776 1
664 1850 1
664 1982 1
664 1986 1
664 2016 1
664 2022 1
664 2027 1
665 60 1
665 65 1
665 107 1
665 111 1
665 155 1
665 168 1
665 170 1
665 173 1
665 229 1
665 231 1
665 246 1
665 265 1
665 334 1
665 378 1
665 394 1
665 436 1
665 450 1
665 489 1
665 493 1
665 532 1
665 582 1
665 589 1
665 594 1
665 615 1
665 634 1
665 714 1
665 730 1
665 877 1
665 889 1
665 901 1
665 933 1
665 1011 1
665 1016 1
665 1018 1
665 1098 1
665 1108 1
665 1109 1
665 1125 1
665 1127 1
665 1133 1
665 1189 1
665 1214 1
665 1292 1
665 1295 1
665 1358 1
665 1367 1
665 1389 1
665 1390 1
665 1400 1
665 1425 1
665 1430 1
665 1435 1
665 1443 1
665 1463 1
665 1478 1
665 1528 1
665 1590 1
665 1605 1
665 1610 1
665 1613 1
665 1643 1
665 1674 1
665 1691 1
665 1731 1
665 1733 1
665 1739 1
665 1754 1
665 1762 1
665 1802 1
665 1808 1
665 1829 1
665 1854 1
665 1874 1
665 1893 1
665 1919 1
665 1926 1
665 1927 1
665 1939 1
665 1971 1
665 1973 1
665 1976 1
665 2010 1
665 2024 1
665 2041 1
666 44 1
666 74 1
666 120 1
666 190 1
666 195 1
666 281 1
666 288 1
666 311 1
666 385 1
666 598 1
666 641 1
666 789 1
666 790 1
666 823 1
666 923 1
666 991 1
666 1137 1
666 1148 1
666 1156 1
666 1175 1
666 1245 1
666 1274 1
666 1312 1
666 1333 1
666 1348 1
666 1436 1
666 1461 1
666 1570 1
666 1662 1
666 1693 1
666 1698 1
666 1795 1
666 1817 1
666 1848 1
666 1935 1
667 44 1
667 50 1
667 53 1
667 63 1
667 67 1
667 93 1
667 159 1
667 160 1
667 474 1
667 571 1
667 930 1
667 970 1
667 1533 1
667 1678 1
667 1732 1
667 1840 1
667 1915 1
668 44 1
668 468 1
668 824 1
668 1715 1
669 232 1
669 344 1
669 556 1
669 1658 1
669 1671 1
669 1774 1
670 5 1
670 54 1
670 58 1
670 75 1
670 82 1
670 136 1
670 309 1
670 848 1
670 1231 1
670 1257 1
670 1442 1
670 1649 1
670 1747 1
670 2029 1
671 124 1
671 401 1
671 764 1
671 1288 1
671 1539 1
671 1918 1
672 79 1
672 237 1
672 390 1
672 433 1
672 626 1
672 706 1
672 963 1
672 964 1
672 1124 1
672 1178 1
672 1334 1
672 1381 1
672 1757 1
672 1856 1
673 46 1
673 77 1
673 108 1
673 260 1
673 672 1
673 712 1
673 742 1
673 913 1
673 917 1
673 1020 1
673 1164 1
673 1418 1
673 1620 1
673 1750 1
673 1834 1
674 3 1
674 6 1
674 11 1
674 12 1
674 14 1
674 16 1
674 18 1
674 22 1
674 24 1
674 29 1
674 30 1
674 32 1
674 35 1
674 37 1
674 40 1
674 94 1
674 100 1
674 121 1
674 141 1
674 149 1
674 157 1
674 187 1
674 196 1
674 200 1
674 201 1
674 213 1
674 234 1
674 248 1
674 271 1
674 280 1
674 297 1
674 300 1
674 301 1
674 306 1
674 316 1
674 320 1
674 323 1
674 337 1
674 343 1
674 357 1
674 361 1
674 363 1
674 374 1
674 379 1
674 380 1
674 386 1
674 392 1
674 399 1
674 400 1
674 402 1
674 410 1
674 414 1
674 422 1
674 425 1
674 441 1
674 457 1
674 467 1
674 475 1
674 496 1
674 500 1
674 513 1
674 514 1
674 521 1
674 522 1
674 528 1
674 531 1
674 540 1
674 549 1
674 570 1
674 585 1
674 596 1
674 597 1
674 617 1
674 624 1
674 629 1
674 639 1
674 649 1
674 659 1
674 663 1
674 668 1
674 674 1
674 687 1
674 689 1
674 691 1
674 693 1
674 695 1
674 717 1
674 722 1
674 759 1
674 765 1
674 771 1
674 781 1
674 785 1
674 792 1
674 804 1
674 808 1
674 810 1
674 834 1
674 841 1
674 857 1
674 875 1
674 876 1
674 886 1
674 888 1
674 890 1
674 898 1
674 914 1
674 950 1
674 972 1
674 977 1
674 1013 1
674 1037 1
674 1041 1
674 1049 1
674 1050 1
674 1064 1
674 1067 1
674 1071 1
674 1077 1
674 1087 1
674 1094 1
674 1126 1
674 1128 1
674 1171 1
674 1199 1
674 1204 1
674 1244 1
674 1251 1
674 1259 1
674 1264 1
674 1278 1
674 1293 1
674 1316 1
674 1324 1
674 1369 1
674 1373 1
674 1386 1
674 1397 1
674 1410 1
674 1441 1
674 1444 1
674 1456 1
674 1459 1
674 1465 1
674 1468 1
674 1475 1
674 1489 1
674 1498 1
674 1499 1
674 1507 1
674 1509 1
674 1525 1
674 1557 1
674 1576 1
674 1585 1
674 1589 1
674 1594 1
674 1598 1
674 1600 1
674 1601 1
674 1615 1
674 1619 1
674 1661 1
674 1664 1
674 1697 1
674 1722 1
674 1749 1
674 1769 1
674 1771 1
674 1772 1
674 1786 1
674 1815 1
674 1816 1
674 1825 1
674 1843 1
674 1869 1
674 1929 1
674 1940 1
674 1957 1
674 1975 1
674 1996 1
674 2001 1
674 2009 1
674 2011 1
674 2019 1
674 2021 1
675 1 1
675 2 1
675 4 1
675 7 1
675 8 1
675 9 1
675 17 1
675 19 1
675 20 1
675 21 1
675 23 1
675 25 1
675 28 1
675 31 1
675 33 1
675 34 1
675 36 1
675 38 1
675 43 1
675 52 1
675 55 1
675 56 1
675 62 1
675 64 1
675 70 1
675 75 1
675 78 1
675 81 1
675 84 1
675 85 1
675 87 1
675 88 1
675 89 1
675 92 1
675 95 1
675 96 1
675 97 1
675 98 1
675 101 1
675 102 1
675 105 1
675 106 1
675 109 1
675 110 1
675 112 1
675 114 1
675 117 1
675 118 1
675 119 1
675 123 1
675 125 1
675 127 1
675 128 1
675 130 1
675 131 1
675 132 1
675 133 1
675 134 1
675 135 1
675 137 1
675 139 1
675 140 1
675 146 1
675 147 1
675 148 1
675 153 1
675 154 1
675 158 1
675 163 1
675 164 1
675 165 1
675 167 1
675 169 1
675 176 1
675 177 1
675 178 1
675 179 1
675 180 1
675 182 1
675 185 1
675 186 1
675 188 1
675 189 1
675 191 1
675 192 1
675 199 1
675 203 1
675 204 1
675 206 1
675 207 1
675 212 1
675 214 1
675 215 1
675 216 1
675 217 1
675 224 1
675 226 1
675 227 1
675 228 1
675 233 1
675 235 1
675 236 1
675 243 1
675 244 1
675 245 1
675 247 1
675 249 1
675 250 1
675 251 1
675 252 1
675 253 1
675 254 1
675 255 1
675 259 1
675 262 1
675 263 1
675 266 1
675 267 1
675 270 1
675 272 1
675 273 1
675 276 1
675 278 1
675 279 1
675 283 1
675 285 1
675 287 1
675 289 1
675 290 1
675 293 1
675 294 1
675 295 1
675 296 1
675 298 1
675 299 1
675 307 1
675 308 1
675 317 1
675 318 1
675 319 1
675 322 1
675 324 1
675 325 1
675 326 1
675 328 1
675 331 1
675 335 1
675 336 1
675 339 1
675 342 1
675 346 1
675 347 1
675 349 1
675 350 1
675 351 1
675 352 1
675 353 1
675 355 1
675 356 1
675 358 1
675 359 1
675 362 1
675 365 1
675 366 1
675 367 1
675 368 1
675 369 1
675 371 1
675 372 1
675 375 1
675 376 1
675 377 1
675 381 1
675 387 1
675 393 1
675 395 1
675 396 1
675 397 1
675 403 1
675 405 1
675 407 1
675 412 1
675 413 1
675 417 1
675 418 1
675 419 1
675 420 1
675 423 1
675 424 1
675 426 1
675 427 1
675 429 1
675 430 1
675 431 1
675 432 1
675 435 1
675 437 1
675 439 1
675 442 1
675 446 1
675 447 1
675 448 1
675 451 1
675 456 1
675 459 1
675 460 1
675 461 1
675 463 1
675 465 1
675 466 1
675 469 1
675 470 1
675 471 1
675 472 1
675 473 1
675 478 1
675 481 1
675 483 1
675 484 1
675 485 1
675 486 1
675 490 1
675 491 1
675 497 1
675 498 1
675 499 1
675 501 1
675 502 1
675 503 1
675 504 1
675 507 1
675 509 1
675 512 1
675 516 1
675 518 1
675 523 1
675 525 1
675 527 1
675 530 1
675 535 1
675 537 1
675 539 1
675 541 1
675 542 1
675 543 1
675 544 1
675 545 1
675 548 1
675 551 1
675 554 1
675 555 1
675 558 1
675 559 1
675 560 1
675 561 1
675 563 1
675 565 1
675 568 1
675 572 1
675 574 1
675 575 1
675 576 1
675 577 1
675 579 1
675 580 1
675 581 1
675 583 1
675 586 1
675 588 1
675 592 1
675 593 1
675 595 1
675 599 1
675 600 1
675 601 1
675 603 1
675 604 1
675 607 1
675 609 1
675 610 1
675 612 1
675 613 1
675 614 1
675 619 1
675 620 1
675 621 1
675 622 1
675 625 1
675 627 1
675 630 1
675 632 1
675 635 1
675 638 1
675 645 1
675 646 1
675 647 1
675 650 1
675 652 1
675 653 1
675 657 1
675 664 1
675 665 1
675 667 1
675 670 1
675 671 1
675 673 1
675 681 1
675 682 1
675 683 1
675 684 1
675 685 1
675 686 1
675 694 1
675 697 1
675 700 1
675 701 1
675 702 1
675 704 1
675 705 1
675 707 1
675 708 1
675 710 1
675 716 1
675 718 1
675 720 1
675 723 1
675 726 1
675 728 1
675 731 1
675 732 1
675 733 1
675 735 1
675 736 1
675 738 1
675 739 1
675 740 1
675 743 1
675 744 1
675 745 1
675 746 1
675 751 1
675 752 1
675 754 1
675 756 1
675 757 1
675 760 1
675 761 1
675 762 1
675 763 1
675 767 1
675 768 1
675 769 1
675 770 1
675 772 1
675 775 1
675 776 1
675 777 1
675 778 1
675 780 1
675 782 1
675 784 1
675 786 1
675 797 1
675 800 1
675 803 1
675 809 1
675 811 1
675 812 1
675 813 1
675 814 1
675 815 1
675 816 1
675 818 1
675 820 1
675 821 1
675 826 1
675 827 1
675 829 1
675 830 1
675 831 1
675 832 1
675 837 1
675 839 1
675 843 1
675 845 1
675 846 1
675 849 1
675 854 1
675 855 1
675 856 1
675 859 1
675 860 1
675 861 1
675 862 1
675 863 1
675 865 1
675 866 1
675 871 1
675 874 1
675 878 1
675 881 1
675 882 1
675 883 1
675 887 1
675 892 1
675 895 1
675 896 1
675 897 1
675 899 1
675 903 1
675 904 1
675 905 1
675 907 1
675 909 1
675 911 1
675 912 1
675 916 1
675 924 1
675 925 1
675 931 1
675 937 1
675 939 1
675 940 1
675 942 1
675 943 1
675 944 1
675 945 1
675 948 1
675 951 1
675 953 1
675 955 1
675 957 1
675 961 1
675 962 1
675 966 1
675 967 1
675 968 1
675 973 1
675 979 1
675 980 1
675 981 1
675 983 1
675 985 1
675 986 1
675 987 1
675 988 1
675 989 1
675 990 1
675 993 1
675 994 1
675 998 1
675 999 1
675 1002 1
675 1003 1
675 1005 1
675 1006 1
675 1007 1
675 1009 1
675 1010 1
675 1015 1
675 1017 1
675 1019 1
675 1021 1
675 1022 1
675 1026 1
675 1027 1
675 1028 1
675 1031 1
675 1032 1
675 1033 1
675 1038 1
675 1039 1
675 1040 1
675 1043 1
675 1046 1
675 1048 1
675 1053 1
675 1057 1
675 1058 1
675 1059 1
675 1060 1
675 1061 1
675 1062 1
675 1065 1
675 1066 1
675 1068 1
675 1069 1
675 1070 1
675 1072 1
675 1075 1
675 1078 1
675 1080 1
675 1082 1
675 1083 1
675 1084 1
675 1085 1
675 1086 1
675 1088 1
675 1090 1
675 1091 1
675 1093 1
675 1095 1
675 1097 1
675 1102 1
675 1103 1
675 1106 1
675 1107 1
675 1110 1
675 1113 1
675 1114 1
675 1118 1
675 1119 1
675 1120 1
675 1122 1
675 1123 1
675 1129 1
675 1136 1
675 1138 1
675 1139 1
675 1140 1
675 1142 1
675 1143 1
675 1145 1
675 1150 1
675 1151 1
675 1152 1
675 1157 1
675 1159 1
675 1162 1
675 1163 1
675 1165 1
675 1167 1
675 1168 1
675 1169 1
675 1170 1
675 1173 1
675 1174 1
675 1177 1
675 1179 1
675 1182 1
675 1183 1
675 1186 1
675 1187 1
675 1193 1
675 1194 1
675 1195 1
675 1196 1
675 1197 1
675 1198 1
675 1200 1
675 1201 1
675 1202 1
675 1203 1
675 1208 1
675 1216 1
675 1217 1
675 1218 1
675 1219 1
675 1222 1
675 1223 1
675 1227 1
675 1228 1
675 1232 1
675 1234 1
675 1235 1
675 1237 1
675 1238 1
675 1239 1
675 1240 1
675 1241 1
675 1242 1
675 1243 1
675 1246 1
675 1247 1
675 1250 1
675 1252 1
675 1254 1
675 1255 1
675 1256 1
675 1261 1
675 1263 1
675 1268 1
675 1272 1
675 1275 1
675 1276 1
675 1277 1
675 1279 1
675 1281 1
675 1282 1
675 1283 1
675 1284 1
675 1285 1
675 1286 1
675 1290 1
675 1291 1
675 1294 1
675 1296 1
675 1297 1
675 1298 1
675 1302 1
675 1303 1
675 1305 1
675 1306 1
675 1307 1
675 1308 1
675 1309 1
675 1310 1
675 1313 1
675 1314 1
675 1318 1
675 1319 1
675 1320 1
675 1322 1
675 1326 1
675 1327 1
675 1328 1
675 1331 1
675 1332 1
675 1338 1
675 1339 1
675 1340 1
675 1342 1
675 1343 1
675 1344 1
675 1345 1
675 1349 1
675 1351 1
675 1352 1
675 1353 1
675 1354 1
675 1355 1
675 1356 1
675 1357 1
675 1360 1
675 1363 1
675 1364 1
675 1365 1
675 1366 1
675 1368 1
675 1371 1
675 1375 1
675 1376 1
675 1379 1
675 1380 1
675 1382 1
675 1383 1
675 1384 1
675 1385 1
675 1391 1
675 1392 1
675 1394 1
675 1395 1
675 1396 1
675 1398 1
675 1401 1
675 1402 1
675 1403 1
675 1404 1
675 1408 1
675 1411 1
675 1413 1
675 1416 1
675 1417 1
675 1420 1
675 1421 1
675 1422 1
675 1423 1
675 1424 1
675 1426 1
675 1427 1
675 1428 1
675 1429 1
675 1431 1
675 1432 1
675 1433 1
675 1434 1
675 1438 1
675 1447 1
675 1449 1
675 1450 1
675 1455 1
675 1457 1
675 1458 1
675 1467 1
675 1469 1
675 1470 1
675 1473 1
675 1474 1
675 1483 1
675 1484 1
675 1492 1
675 1493 1
675 1494 1
675 1495 1
675 1500 1
675 1503 1
675 1506 1
675 1508 1
675 1513 1
675 1515 1
675 1516 1
675 1518 1
675 1519 1
675 1520 1
675 1521 1
675 1523 1
675 1527 1
675 1529 1
675 1530 1
675 1531 1
675 1532 1
675 1535 1
675 1536 1
675 1538 1
675 1540 1
675 1541 1
675 1542 1
675 1543 1
675 1544 1
675 1545 1
675 1547 1
675 1549 1
675 1551 1
675 1554 1
675 1555 1
675 1558 1
675 1561 1
675 1563 1
675 1566 1
675 1567 1
675 1568 1
675 1571 1
675 1574 1
675 1575 1
675 1577 1
675 1580 1
675 1581 1
675 1583 1
675 1586 1
675 1593 1
675 1595 1
675 1596 1
675 1597 1
675 1603 1
675 1607 1
675 1608 1
675 1609 1
675 1614 1
675 1617 1
675 1618 1
675 1621 1
675 1622 1
675 1624 1
675 1625 1
675 1628 1
675 1631 1
675 1634 1
675 1637 1
675 1638 1
675 1640 1
675 1644 1
675 1645 1
675 1648 1
675 1652 1
675 1655 1
675 1663 1
675 1665 1
675 1669 1
675 1672 1
675 1675 1
675 1676 1
675 1677 1
675 1680 1
675 1682 1
675 1683 1
675 1686 1
675 1688 1
675 1690 1
675 1695 1
675 1700 1
675 1702 1
675 1703 1
675 1704 1
675 1705 1
675 1706 1
675 1711 1
675 1714 1
675 1716 1
675 1718 1
675 1719 1
675 1721 1
675 1723 1
675 1725 1
675 1727 1
675 1728 1
675 1729 1
675 1730 1
675 1734 1
675 1735 1
675 1737 1
675 1742 1
675 1743 1
675 1751 1
675 1752 1
675 1753 1
675 1755 1
675 1756 1
675 1758 1
675 1759 1
675 1760 1
675 1761 1
675 1766 1
675 1767 1
675 1770 1
675 1775 1
675 1777 1
675 1778 1
675 1779 1
675 1781 1
675 1782 1
675 1784 1
675 1785 1
675 1789 1
675 1791 1
675 1792 1
675 1793 1
675 1794 1
675 1796 1
675 1797 1
675 1798 1
675 1799 1
675 1800 1
675 1801 1
675 1803 1
675 1805 1
675 1806 1
675 1807 1
675 1810 1
675 1812 1
675 1813 1
675 1814 1
675 1819 1
675 1821 1
675 1823 1
675 1824 1
675 1826 1
675 1827 1
675 1830 1
675 1835 1
675 1838 1
675 1839 1
675 1844 1
675 1845 1
675 1847 1
675 1849 1
675 1851 1
675 1852 1
675 1857 1
675 1858 1
675 1859 1
675 1860 1
675 1861 1
675 1862 1
675 1863 1
675 1865 1
675 1867 1
675 1870 1
675 1872 1
675 1875 1
675 1877 1
675 1878 1
675 1879 1
675 1880 1
675 1882 1
675 1883 1
675 1884 1
675 1885 1
675 1886 1
675 1888 1
675 1889 1
675 1896 1
675 1899 1
675 1900 1
675 1902 1
675 1903 1
675 1904 1
675 1905 1
675 1907 1
675 1908 1
675 1909 1
675 1910 1
675 1912 1
675 1913 1
675 1914 1
675 1916 1
675 1917 1
675 1921 1
675 1922 1
675 1923 1
675 1924 1
675 1925 1
675 1930 1
675 1932 1
675 1933 1
675 1934 1
675 1937 1
675 1938 1
675 1942 1
675 1943 1
675 1944 1
675 1947 1
675 1948 1
675 1949 1
675 1953 1
675 1954 1
675 1958 1
675 1959 1
675 1960 1
675 1962 1
675 1964 1
675 1966 1
675 1967 1
675 1974 1
675 1977 1
675 1981 1
675 1983 1
675 1984 1
675 1985 1
675 1988 1
675 1990 1
675 1993 1
675 1994 1
675 1997 1
675 1998 1
675 1999 1
675 2000 1
675 2002 1
675 2006 1
675 2007 1
675 2012 1
675 2013 1
675 2014 1
675 2018 1
675 2020 1
675 2023 1
675 2025 1
675 2026 1
675 2032 1
675 2037 1
675 2039 1
675 2040 1
675 2045 1
675 2048 1
676 13 1
676 47 1
676 60 1
676 83 1
676 86 1
676 99 1
676 122 1
676 129 1
676 142 1
676 143 1
676 144 1
676 150 1
676 156 1
676 166 1
676 171 1
676 172 1
676 174 1
676 181 1
676 184 1
676 197 1
676 198 1
676 208 1
676 210 1
676 219 1
676 220 1
676 221 1
676 230 1
676 242 1
676 256 1
676 258 1
676 274 1
676 277 1
676 282 1
676 284 1
676 291 1
676 292 1
676 302 1
676 303 1
676 305 1
676 313 1
676 327 1
676 345 1
676 360 1
676 364 1
676 370 1
676 384 1
676 388 1
676 404 1
676 406 1
676 408 1
676 411 1
676 416 1
676 421 1
676 438 1
676 443 1
676 444 1
676 445 1
676 449 1
676 454 1
676 455 1
676 476 1
676 482 1
676 492 1
676 495 1
676 505 1
676 506 1
676 520 1
676 534 1
676 538 1
676 547 1
676 550 1
676 552 1
676 557 1
676 562 1
676 564 1
676 566 1
676 567 1
676 569 1
676 573 1
676 578 1
676 584 1
676 590 1
676 605 1
676 606 1
676 611 1
676 616 1
676 618 1
676 628 1
676 631 1
676 633 1
676 637 1
676 643 1
676 648 1
676 655 1
676 660 1
676 661 1
676 675 1
676 677 1
676 679 1
676 680 1
676 690 1
676 692 1
676 709 1
676 711 1
676 713 1
676 715 1
676 719 1
676 721 1
676 725 1
676 727 1
676 729 1
676 737 1
676 748 1
676 750 1
676 755 1
676 758 1
676 766 1
676 773 1
676 774 1
676 787 1
676 794 1
676 795 1
676 796 1
676 799 1
676 801 1
676 802 1
676 807 1
676 819 1
676 822 1
676 825 1
676 840 1
676 842 1
676 850 1
676 864 1
676 867 1
676 868 1
676 869 1
676 870 1
676 884 1
676 885 1
676 891 1
676 893 1
676 894 1
676 900 1
676 906 1
676 910 1
676 915 1
676 918 1
676 919 1
676 920 1
676 921 1
676 922 1
676 926 1
676 934 1
676 935 1
676 949 1
676 952 1
676 954 1
676 958 1
676 969 1
676 974 1
676 975 1
676 976 1
676 978 1
676 982 1
676 984 1
676 992 1
676 997 1
676 1000 1
676 1001 1
676 1004 1
676 1008 1
676 1012 1
676 1023 1
676 1030 1
676 1034 1
676 1054 1
676 1055 1
676 1056 1
676 1073 1
676 1074 1
676 1079 1
676 1089 1
676 1099 1
676 1104 1
676 1111 1
676 1116 1
676 1117 1
676 1121 1
676 1132 1
676 1135 1
676 1141 1
676 1144 1
676 1153 1
676 1160 1
676 1166 1
676 1180 1
676 1181 1
676 1184 1
676 1190 1
676 1191 1
676 1209 1
676 1210 1
676 1211 1
676 1225 1
676 1233 1
676 1236 1
676 1248 1
676 1262 1
676 1265 1
676 1267 1
676 1269 1
676 1280 1
676 1289 1
676 1300 1
676 1315 1
676 1317 1
676 1325 1
676 1329 1
676 1330 1
676 1335 1
676 1341 1
676 1347 1
676 1350 1
676 1361 1
676 1362 1
676 1374 1
676 1377 1
676 1387 1
676 1388 1
676 1393 1
676 1407 1
676 1412 1
676 1414 1
676 1415 1
676 1440 1
676 1451 1
676 1452 1
676 1453 1
676 1460 1
676 1472 1
676 1479 1
676 1482 1
676 1486 1
676 1490 1
676 1497 1
676 1504 1
676 1505 1
676 1510 1
676 1512 1
676 1526 1
676 1537 1
676 1546 1
676 1550 1
676 1553 1
676 1559 1
676 1562 1
676 1564 1
676 1569 1
676 1573 1
676 1578 1
676 1584 1
676 1588 1
676 1591 1
676 1592 1
676 1599 1
676 1604 1
676 1606 1
676 1627 1
676 1630 1
676 1633 1
676 1635 1
676 1641 1
676 1642 1
676 1646 1
676 1653 1
676 1657 1
676 1660 1
676 1666 1
676 1668 1
676 1673 1
676 1685 1
676 1699 1
676 1701 1
676 1707 1
676 1708 1
676 1712 1
676 1713 1
676 1717 1
676 1720 1
676 1736 1
676 1738 1
676 1741 1
676 1744 1
676 1745 1
676 1746 1
676 1764 1
676 1768 1
676 1773 1
676 1804 1
676 1809 1
676 1811 1
676 1820 1
676 1828 1
676 1832 1
676 1841 1
676 1866 1
676 1868 1
676 1873 1
676 1876 1
676 1890 1
676 1891 1
676 1892 1
676 1895 1
676 1897 1
676 1898 1
676 1901 1
676 1931 1
676 1936 1
676 1941 1
676 1946 1
676 1952 1
676 1955 1
676 1956 1
676 1968 1
676 1969 1
676 1970 1
676 1978 1
676 1980 1
676 1987 1
676 1991 1
676 2003 1
676 2004 1
676 2005 1
676 2008 1
676 2033 1
676 2034 1
676 2038 1
676 2043 1
676 2046 1
676 2047 1
677 50 1
677 73 1
677 90 1
677 91 1
677 116 1
677 175 1
677 205 1
677 222 1
677 333 1
677 338 1
677 340 1
677 391 1
677 452 1
677 458 1
677 479 1
677 488 1
677 587 1
677 642 1
677 747 1
677 817 1
677 828 1
677 965 1
677 996 1
677 1025 1
677 1047 1
677 1146 1
677 1149 1
677 1185 1
677 1323 1
677 1409 1
677 1439 1
677 1445 1
677 1462 1
677 1476 1
677 1556 1
677 1626 1
677 1667 1
677 1689 1
677 1765 1
677 1831 1
677 1853 1
677 1864 1
677 1911 1
677 1920 1
677 1951 1
677 1979 1
677 2044 1
678 45 1
678 48 1
678 51 1
678 52 1
678 58 1
678 73 1
678 152 1
678 696 1
678 734 1
678 1446 1
678 1534 1
678 1696 1
678 1787 1
679 42 1
679 2035 1
680 64 1
681 66 1
684 68 1
685 48 1
685 62 1
685 80 1
686 52 1
690 53 1
690 58 1
690 65 1
691 44 1
691 82 1
692 47 1
692 51 1
693 70 1
693 73 1
693 82 1
694 52 1
695 52 1
696 79 1
696 80 1
697 73 1
698 46 1
698 59 1
698 60 1
699 65 1
700 44 1
700 72 1
703 53 1
703 59 1
704 63 1
704 66 1
704 72 1
705 43 1
707 42 1
707 80 1
708 70 1
708 81 1
710 81 1
711 76 1
712 74 1
712 75 1
713 63 1
714 77 1
714 82 1
716 53 1
716 58 1
716 64 1
717 50 1
717 80 1
718 57 1
719 46 1
719 59 1
719 329 1
720 75 1
721 44 1
722 61 1
722 82 1
723 59 1
723 69 1
725 5 1
727 53 1
727 55 1
727 1437 1
728 46 1
728 52 1
730 47 1
730 54 1
730 66 1
730 622 1
730 879 1
730 1724 1
730 1757 1
731 341 1
731 422 1
731 654 1
731 688 1
731 712 1
731 1249 1
731 1651 1
731 1747 1
731 1927 1
732 44 1
732 49 1
732 218 1
732 240 1
732 416 1
732 462 1
732 591 1
732 753 1
732 1081 1
732 1273 1
732 1587 1
733 221 1
733 357 1
733 487 1
733 535 1
733 605 1
733 625 1
733 872 1
733 873 1
733 995 1
733 1205 1
733 1611 1
733 1631 1
733 1649 1
733 1658 1
734 212 1
734 640 1
734 651 1
734 724 1
734 847 1
734 1226 1
734 1308 1
734 1358 1
734 1974 1
735 65 1
735 78 1
735 105 1
735 372 1
735 537 1
735 765 1
735 869 1
736 73 1
736 321 1
736 774 1
736 791 1
736 793 1
736 1007 1
736 1572 1
736 1650 1
736 1822 1
737 57 1
737 73 1
737 237 1
738 45 1
738 792 1
738 1022 1
738 1178 1
738 1400 1
739 45 1
739 59 1
740 72 1
740 74 1
740 310 1
741 44 1
742 48 1
742 1334 1
743 49 1
743 79 1
743 1151 1
743 1477 1
743 2016 1
744 53 1
744 58 1
744 429 1
744 959 1
744 1663 1
744 1687 1
745 6 1
745 7 1
745 275 1
745 409 1
745 510 1
745 650 1
745 695 1
745 876 1
745 1006 1
745 1138 1
745 1231 1
745 1289 1
745 1756 1
745 1790 1
745 2020 1
745 2022 1
746 26 1
746 65 1
746 79 1
746 109 1
746 169 1
746 199 1
746 326 1
746 339 1
746 412 1
746 517 1
746 519 1
746 567 1
746 699 1
746 836 1
746 933 1
746 960 1
746 1072 1
746 1077 1
746 1123 1
746 1324 1
746 1359 1
746 1427 1
746 1435 1
746 1511 1
746 1533 1
746 1556 1
746 1576 1
746 1615 1
746 1622 1
746 1684 1
746 1817 1
746 1836 1
746 1846 1
746 1856 1
746 1924 1
746 1971 1
747 12 1
747 27 1
747 29 1
747 35 1
747 75 1
747 110 1
747 181 1
747 211 1
747 331 1
747 398 1
747 436 1
747 472 1
747 496 1
747 498 1
747 499 1
747 501 1
747 507 1
747 562 1
747 596 1
747 638 1
747 653 1
747 770 1
747 772 1
747 803 1
747 833 1
747 838 1
747 851 1
747 887 1
747 899 1
747 901 1
747 929 1
747 953 1
747 962 1
747 963 1
747 1023 1
747 1175 1
747 1201 1
747 1240 1
747 1395 1
747 1398 1
747 1447 1
747 1466 1
747 1485 1
747 1530 1
747 1548 1
747 1606 1
747 1731 1
747 1786 1
747 1842 1
747 1848 1
747 1860 1
748 8 1
748 85 1
748 149 1
748 173 1
748 314 1
748 382 1
748 385 1
748 457 1
748 469 1
748 485 1
748 540 1
748 564 1
748 619 1
748 641 1
748 692 1
748 748 1
748 782 1
748 881 1
748 882 1
748 955 1
748 1003 1
748 1031 1
748 1046 1
748 1126 1
748 1202 1
748 1220 1
748 1224 1
748 1230 1
748 1386 1
748 1399 1
748 1443 1
748 1448 1
748 1452 1
748 1491 1
748 1492 1
748 1500 1
748 1502 1
748 1519 1
748 1577 1
748 1598 1
748 1661 1
748 1672 1
748 1679 1
748 1739 1
748 1748 1
748 1782 1
748 1826 1
748 1855 1
748 1915 1
748 1929 1
748 2002 1
749 32 1
749 48 1
749 52 1
749 101 1
749 157 1
749 281 1
749 304 1
749 305 1
749 318 1
749 390 1
749 399 1
749 493 1
749 597 1
749 610 1
749 620 1
749 687 1
749 693 1
749 700 1
749 820 1
749 832 1
749 849 1
749 865 1
749 1000 1
749 1128 1
749 1174 1
749 1208 1
749 1214 1
749 1227 1
749 1244 1
749 1258 1
749 1311 1
749 1348 1
749 1374 1
749 1432 1
749 1481 1
749 1674 1
749 1683 1
749 1700 1
749 1804 1
749 1825 1
749 1881 1
749 1885 1
749 1941 1
749 1973 1
749 1982 1
750 15 1
750 67 1
750 136 1
750 192 1
750 231 1
750 248 1
750 271 1
750 277 1
750 343 1
750 353 1
750 394 1
750 441 1
750 592 1
750 644 1
750 739 1
750 777 1
750 845 1
750 904 1
750 1071 1
750 1222 1
750 1371 1
750 1407 1
750 1497 1
750 1503 1
750 1522 1
750 1594 1
750 1741 1
750 1776 1
750 1940 1
750 2048 0
