1 1151 1
2 1142 1
2 1242 1
2 1351 1
2 2004 1
3 15 1
3 528 1
3 644 1
3 682 1
3 1478 1
3 1802 1
4 5 1
4 36 1
4 164 1
4 208 1
4 1194 1
4 1703 1
4 1759 1
5 14 1
5 35 1
5 222 1
5 826 1
5 1183 1
5 1367 1
5 1410 1
5 2040 1
6 1 1
6 381 1
6 882 1
6 1683 1
7 305 1
7 1207 1
7 1485 1
7 1743 1
8 24 1
8 25 1
8 439 1
8 1638 1
9 25 1
9 197 1
9 1266 1
9 1389 1
10 9 1
10 23 1
10 496 1
10 978 1
10 1522 1
11 13 1
11 25 1
11 1783 1
12 40 1
13 9 1
13 21 1
13 23 1
13 358 1
13 1035 1
14 810 1
14 1027 1
16 1 1
16 8 1
17 2 1
17 5 1
17 886 1
18 29 1
18 722 1
18 1274 1
19 39 1
19 40 1
19 262 1
20 476 1
20 1005 1
21 1 1
21 189 1
21 1025 1
21 1642 1
22 1 1
22 3 1
22 17 1
22 168 1
22 270 1
22 2026 1
23 18 1
23 30 1
23 97 1
23 864 1
23 963 1
23 1007 1
23 1259 1
23 1405 1
23 1925 1
23 1984 1
24 33 1
24 910 1
24 1662 1
24 1804 1
24 1815 1
24 1900 1
24 2018 1
25 22 1
25 28 1
25 789 1
25 988 1
25 1394 1
25 1428 1
26 21 1
26 272 1
26 473 1
26 911 1
26 1116 1
26 1645 1
26 1830 1
27 2 1
27 5 1
27 29 1
27 39 1
27 1492 1
28 1 1
28 1162 1
28 1849 1
28 1997 1
30 1 1
30 29 1
30 1766 1
30 1951 1
31 1 1
31 21 1
32 3 1
32 179 1
32 404 1
33 495 1
34 18 1
34 19 1
35 35 1
35 38 1
35 1176 1
36 2046 1
37 37 1
37 823 1
37 1341 1
37 2037 1
38 419 1
38 456 1
38 1062 1
38 1406 1
38 1751 1
38 1981 1
39 4 1
39 19 1
39 824 1
39 847 1
39 1774 1
39 1961 1
40 10 1
40 20 1
40 1101 1
40 1358 1
40 1474 1
40 1557 1
40 1700 1
41 19 1
41 309 1
41 559 1
41 677 1
41 690 1
41 909 1
41 935 1
41 1014 1
41 1475 1
41 1587 1
41 1819 1
41 1876 1
42 17 1
42 18 1
42 20 1
42 25 1
42 36 1
42 153 1
42 299 1
42 551 1
42 807 1
42 949 1
42 1152 1
42 1675 1
42 1681 1
42 1704 1
42 1831 1
43 22 1
43 32 1
43 37 1
43 391 1
43 1118 1
43 1558 1
43 1817 1
43 1826 1
43 1936 1
44 9 1
44 13 1
44 1445 1
44 1799 1
44 1813 1
45 186 1
46 138 1
46 1052 1
46 1366 1
47 2 1
47 167 1
47 313 1
47 374 1
47 590 1
47 1551 1
49 18 1
49 285 1
50 4 1
50 17 1
50 19 1
50 40 1
51 40 1
51 563 1
51 787 1
52 1 1
52 22 1
52 373 1
52 1968 1
53 38 1
54 18 1
54 423 1
54 1033 1
54 1867 1
55 36 1
55 368 1
55 670 1
56 98 1
56 1606 1
57 914 1
57 1079 1
57 1680 1
58 40 1
58 150 1
58 218 1
58 263 1
58 351 1
58 545 1
58 831 1
58 1172 1
58 1372 1
58 1541 1
58 1985 1
58 2048 1
59 3 1
59 13 1
59 37 1
59 38 1
59 39 1
59 184 1
59 1256 1
59 1487 1
59 1573 1
59 1713 1
59 1999 1
60 542 1
60 1010 1
61 7 1
61 35 1
61 415 1
61 953 1
61 1164 1
61 1293 1
61 1871 1
62 461 1
62 566 1
62 871 1
62 1778 1
63 24 1
63 31 1
63 37 1
63 829 1
63 1177 1
64 1852 1
64 1928 1
66 336 1
66 1775 1
66 1982 1
68 33 1
68 39 1
69 232 1
69 1217 1
69 1343 1
69 2002 1
70 1 1
70 34 1
70 129 1
70 1521 1
70 1630 1
71 29 1
71 147 1
72 941 1
72 982 1
72 1170 1
73 250 1
73 362 1
73 659 1
73 1076 1
73 1233 1
73 1462 1
73 1559 1
73 1861 1
74 1 1
74 716 1
74 1228 1
74 1591 1
75 420 1
75 741 1
76 25 1
76 188 1
76 255 1
76 278 1
76 925 1
76 1045 1
76 1807 1
77 207 1
77 750 1
78 29 1
78 894 1
78 1939 1
79 30 1
79 674 1
79 1097 1
79 1380 1
80 6 1
80 715 1
80 1092 1
81 32 1
82 9 1
82 41 1
82 539 1
82 1724 1
83 1544 1
84 1 1
84 158 1
84 588 1
84 1647 1
85 41 1
85 244 1
85 287 1
85 721 1
85 1640 1
85 1891 1
86 9 1
86 10 1
86 14 1
86 534 1
86 619 1
87 30 1
87 1600 1
88 8 1
88 9 1
88 33 1
88 392 1
88 479 1
88 608 1
88 919 1
88 1330 1
88 2041 1
89 469 1
89 1143 1
89 1167 1
89 1858 1
90 5 1
90 643 1
90 773 1
90 1209 1
91 15 1
91 20 1
91 35 1
91 354 1
91 573 1
91 1123 1
92 6 1
92 23 1
92 32 1
92 149 1
92 1099 1
92 1952 1
93 15 1
93 904 1
93 1156 1
93 1364 1
93 1890 1
95 526 1
95 1245 1
95 1289 1
95 1300 1
96 5 1
96 29 1
96 1601 1
96 1927 1
97 256 1
97 1061 1
97 1103 1
98 26 1
98 1063 1
98 1549 1
98 1674 1
99 28 1
99 34 1
99 39 1
99 1055 1
99 1288 1
99 1458 1
99 1556 1
99 1577 1
100 23 1
100 27 1
100 468 1
101 4 1
101 213 1
101 260 1
101 930 1
101 1108 1
101 1501 1
103 26 1
103 29 1
103 32 1
103 39 1
103 338 1
103 459 1
103 2039 1
104 41 1
104 903 1
105 364 1
105 784 1
105 938 1
105 1435 1
106 325 1
106 1334 1
106 1863 1
107 10 1
107 18 1
107 480 1
107 1685 1
107 1948 1
108 438 1
108 640 1
108 783 1
108 1842 1
109 17 1
109 192 1
109 755 1
109 1953 1
110 30 1
110 35 1
110 303 1
111 24 1
111 639 1
111 1749 1
111 1823 1
112 10 1
113 32 1
113 161 1
113 700 1
113 1254 1
113 1566 1
114 4 1
114 429 1
114 1392 1
115 16 1
115 389 1
116 17 1
116 27 1
116 2015 1
117 178 1
117 453 1
117 651 1
118 27 1
118 822 1
118 1505 1
119 7 1
119 782 1
119 814 1
119 1095 1
120 41 1
121 16 1
121 241 1
121 1737 1
122 2 1
122 9 1
122 21 1
123 9 1
123 30 1
123 663 1
123 1735 1
124 30 1
124 370 1
125 412 1
125 1153 1
126 33 1
126 1850 1
127 38 1
127 39 1
127 1859 1
127 1978 1
128 5 1
128 8 1
128 100 1
128 616 1
128 717 1
128 1002 1
128 1064 1
128 1641 1
129 916 1
129 1695 1
129 1912 1
130 10 1
130 37 1
130 990 1
130 1059 1
130 1488 1
130 1832 1
131 649 1
131 1415 1
132 24 1
132 634 1
132 673 1
133 2 1
133 39 1
133 1028 1
134 29 1
134 110 1
134 567 1
135 30 1
135 32 1
135 128 1
135 550 1
135 839 1
135 917 1
135 1058 1
135 1449 1
135 1883 1
135 2008 1
136 13 1
136 88 1
136 509 1
136 613 1
136 629 1
136 1204 1
136 1482 1
137 3 1
137 992 1
138 24 1
138 32 1
138 626 1
138 875 1
138 998 1
138 1402 1
138 1500 1
138 2012 1
141 23 1
141 600 1
141 1160 1
141 1338 1
141 1453 1
142 1175 1
142 1639 1
143 3 1
143 314 1
144 11 1
144 40 1
144 107 1
144 508 1
144 719 1
145 3 1
145 5 1
145 7 1
145 776 1
145 957 1
146 1994 1
147 28 1
147 1962 1
148 31 1
148 548 1
148 986 1
148 1208 1
149 21 1
149 855 1
149 1265 1
149 1676 1
149 1816 1
149 1820 1
149 1844 1
150 322 1
150 795 1
150 905 1
150 1110 1
150 1161 1
150 1301 1
150 1306 1
150 1592 1
151 176 1
151 205 1
151 518 1
151 1114 1
151 1597 1
151 1822 1
151 1865 1
152 380 1
152 408 1
152 1262 1
152 1613 1
153 280 1
153 645 1
153 752 1
153 1226 1
153 1368 1
153 1473 1
153 1489 1
154 749 1
154 868 1
154 2011 1
155 1272 1
155 1694 1
156 1954 1
157 889 1
157 1053 1
157 1371 1
157 1770 1
157 1839 1
159 185 1
159 553 1
159 578 1
159 1977 1
160 212 1
160 1560 1
161 981 1
163 142 1
163 1535 1
163 1712 1
163 1764 1
164 236 1
164 657 1
164 1107 1
164 1409 1
164 1661 1
164 1672 1
165 103 1
165 418 1
165 689 1
165 1090 1
165 1684 1
165 1932 1
166 294 1
166 342 1
166 731 1
166 736 1
166 899 1
166 983 1
166 996 1
166 1269 1
166 1381 1
166 1896 1
167 435 1
167 691 1
167 1008 1
167 1292 1
167 1297 1
167 1407 1
167 1461 1
167 1824 1
167 1987 1
168 885 1
168 1227 1
168 1244 1
168 1422 1
168 1424 1
168 1531 1
168 1686 1
169 297 1
169 532 1
169 779 1
169 874 1
169 924 1
169 1594 1
169 1698 1
170 108 1
170 306 1
170 1139 1
171 85 1
171 449 1
171 452 1
172 678 1
172 791 1
172 1728 1
172 1853 1
172 1904 1
173 571 1
174 70 1
174 206 1
175 318 1
176 121 1
176 683 1
176 817 1
176 1788 1
177 515 1
178 921 1
180 169 1
180 582 1
180 635 1
180 780 1
180 972 1
180 1036 1
180 1532 1
180 1567 1
180 1569 1
181 109 1
181 277 1
181 587 1
181 702 1
181 830 1
181 1285 1
181 1602 1
181 1913 1
182 402 1
182 837 1
182 1011 1
182 1287 1
182 1761 1
182 1886 1
182 1924 1
183 95 1
183 139 1
183 196 1
183 234 1
183 1671 1
183 1721 1
183 1943 1
184 506 1
184 586 1
184 704 1
184 838 1
184 948 1
184 1048 1
184 1290 1
184 1310 1
184 1349 1
184 1397 1
184 1412 1
184 1426 1
184 1503 1
184 1546 1
184 1986 1
184 2010 1
184 2032 1
185 775 1
185 785 1
185 927 1
185 1117 1
185 1627 1
185 1646 1
186 54 1
186 742 1
186 1069 1
186 1148 1
186 1225 1
186 1309 1
186 1384 1
186 1626 1
186 1763 1
187 1070 1
188 458 1
188 549 1
189 732 1
189 979 1
189 1267 1
190 1920 1
190 1923 1
192 1047 1
192 1344 1
194 1198 1
196 1168 1
196 1346 1
196 1450 1
197 122 1
197 332 1
197 697 1
197 859 1
197 1499 1
197 1966 1
198 614 1
198 1441 1
198 1463 1
198 1530 1
198 1702 1
199 284 1
199 572 1
199 711 1
199 723 1
199 906 1
199 1032 1
199 1200 1
199 1258 1
199 1439 1
199 1576 1
199 1748 1
199 1803 1
199 1892 1
200 328 1
200 331 1
200 560 1
200 835 1
200 873 1
200 1304 1
200 1313 1
200 1519 1
200 1526 1
200 1599 1
200 1616 1
200 1637 1
200 1710 1
201 426 1
201 786 1
201 865 1
201 1017 1
201 1081 1
201 1550 1
201 1666 1
201 1856 1
202 512 1
202 1012 1
202 1425 1
202 1555 1
202 1635 1
202 1664 1
202 1729 1
203 1018 1
203 1134 1
203 1427 1
203 1633 1
203 1959 1
204 481 1
204 1004 1
204 1787 1
204 1931 1
205 523 1
205 699 1
205 860 1
206 87 1
206 1271 1
207 604 1
207 1282 1
207 1851 1
208 1582 1
209 398 1
209 1056 1
209 1884 1
210 1251 1
211 1212 1
212 1793 1
213 246 1
213 713 1
213 777 1
214 355 1
214 1075 1
214 1138 1
214 1189 1
214 1231 1
214 1307 1
214 1470 1
214 1689 1
214 1768 1
214 1829 1
214 1916 1
214 1984 1
215 165 1
215 1250 1
215 1395 1
215 1542 1
215 1738 1
215 1798 1
215 1870 1
215 1895 1
216 833 1
216 852 1
216 877 1
216 928 1
216 1003 1
216 1016 1
216 1171 1
216 1280 1
216 2003 1
217 504 1
217 537 1
217 558 1
217 601 1
217 757 1
217 969 1
217 1039 1
217 1054 1
217 1193 1
217 1249 1
217 1719 1
217 1742 1
217 2017 1
218 112 1
218 175 1
218 253 1
218 595 1
218 876 1
218 1321 1
218 1862 1
219 641 1
219 799 1
219 1257 1
219 1655 1
219 1699 1
219 1760 1
219 1825 1
219 1857 1
219 1917 1
219 1976 1
220 327 1
220 1166 1
220 1286 1
220 1400 1
220 1483 1
220 1715 1
221 705 1
221 1383 1
221 1854 1
222 229 1
223 1104 1
223 1255 1
223 1821 1
224 301 1
224 1744 1
224 1773 1
224 1796 1
224 1915 1
224 2007 1
225 1325 1
226 759 1
226 929 1
228 1792 1
228 1909 1
230 466 1
231 827 1
231 1187 1
231 1696 1
232 701 1
233 217 1
233 462 1
233 499 1
233 922 1
233 1276 1
233 1539 1
233 1593 1
233 1745 1
234 771 1
234 1083 1
234 1393 1
234 1653 1
235 193 1
235 411 1
235 478 1
235 569 1
235 609 1
235 1013 1
235 1199 1
235 1298 1
235 1388 1
235 1494 1
235 1752 1
235 1866 1
236 240 1
236 688 1
236 880 1
236 1270 1
236 1377 1
236 1753 1
236 1818 1
237 492 1
237 781 1
237 931 1
237 989 1
237 1827 1
238 633 1
238 2034 1
239 137 1
239 274 1
239 291 1
239 464 1
239 1044 1
239 1151 1
239 1261 1
239 1468 1
240 119 1
240 1907 1
241 372 1
241 984 1
241 1121 1
243 171 1
243 1795 1
244 1157 1
248 762 1
248 1210 1
248 1213 1
248 1484 1
249 247 1
249 746 1
249 1772 1
250 574 1
250 944 1
250 1127 1
250 1252 1
250 1455 1
250 1464 1
250 1762 1
250 1841 1
250 1848 1
250 1995 1
251 89 1
251 333 1
251 470 1
251 593 1
251 918 1
251 1308 1
251 1843 1
251 2021 1
252 44 1
252 91 1
252 155 1
252 197 1
252 235 1
252 434 1
252 698 1
252 836 1
252 1122 1
252 1169 1
252 1184 1
252 1326 1
252 1477 1
252 1490 1
252 1495 1
252 1506 1
252 1614 1
252 1617 1
253 296 1
253 442 1
253 465 1
253 819 1
253 1314 1
253 1914 1
253 1919 1
253 2027 1
254 334 1
254 385 1
254 414 1
254 886 1
254 956 1
254 968 1
254 980 1
254 1015 1
254 1129 1
254 1163 1
254 1335 1
254 1722 1
254 2028 1
255 74 1
255 177 1
255 279 1
255 357 1
255 497 1
255 720 1
255 939 1
255 975 1
255 1085 1
255 1178 1
255 1529 1
255 2035 1
256 769 1
256 1969 1
257 1794 1
257 1974 1
259 933 1
259 1673 1
259 1707 1
260 1046 1
261 1430 1
262 743 1
264 739 1
265 223 1
265 233 1
265 340 1
266 199 1
266 307 1
266 1229 1
266 1628 1
266 1634 1
266 1739 1
267 83 1
267 584 1
267 650 1
267 1106 1
267 1365 1
267 1447 1
267 1538 1
267 1578 1
267 1603 1
267 1958 1
268 125 1
268 394 1
268 454 1
268 531 1
268 561 1
268 828 1
268 1029 1
268 1303 1
268 1537 1
268 1564 1
268 1741 1
268 1799 1
268 1808 1
268 1956 1
269 257 1
269 382 1
269 733 1
269 895 1
269 1179 1
269 1237 1
269 1355 1
269 1782 1
269 1790 1
269 1963 1
270 245 1
270 433 1
270 653 1
270 770 1
270 1188 1
270 1236 1
270 1600 1
270 2045 1
271 273 1
271 335 1
271 441 1
271 491 1
271 505 1
271 848 1
271 1714 1
271 1779 1
271 2022 1
272 324 1
272 592 1
272 844 1
272 1019 1
272 1465 1
272 1605 1
272 1786 1
273 1327 1
274 102 1
274 457 1
274 1144 1
274 1322 1
274 1665 1
275 65 1
275 1509 1
278 1065 1
281 1347 1
282 598 1
282 1041 1
282 1657 1
283 126 1
283 225 1
283 360 1
283 585 1
283 942 1
283 1727 1
284 190 1
284 405 1
284 581 1
284 661 1
284 747 1
284 892 1
284 1088 1
284 1274 1
284 1339 1
284 1457 1
284 1493 1
284 1517 1
284 1527 1
284 1654 1
284 1902 1
285 500 1
285 607 1
285 915 1
285 945 1
285 1604 1
285 1758 1
285 1781 1
285 1960 1
286 144 1
286 163 1
286 369 1
286 397 1
286 440 1
286 676 1
286 985 1
286 1030 1
286 1031 1
286 1037 1
286 1141 1
286 1845 1
286 1876 1
286 1983 1
287 517 1
287 1103 1
287 1173 1
287 1211 1
288 330 1
288 562 1
288 583 1
288 1281 1
288 1323 1
288 1631 1
288 1809 1
289 298 1
289 444 1
289 463 1
289 606 1
289 756 1
289 1864 1
290 610 1
291 973 1
292 1243 1
293 1651 1
295 666 1
297 1331 1
298 319 1
298 891 1
298 1082 1
298 1404 1
298 1918 1
299 263 1
299 486 1
299 1020 1
300 293 1
300 403 1
300 902 1
300 1086 1
300 1145 1
300 1315 1
300 1898 1
300 2042 1
301 92 1
301 230 1
301 439 1
301 488 1
301 857 1
301 867 1
301 869 1
301 881 1
301 958 1
301 1089 1
301 1201 1
301 1340 1
301 1434 1
301 1955 1
302 344 1
302 670 1
302 672 1
302 694 1
302 863 1
302 1023 1
302 1051 1
302 1149 1
302 1311 1
302 1317 1
302 1373 1
302 1561 1
302 1667 1
302 1767 1
302 1946 1
302 1964 1
302 2009 1
303 106 1
303 140 1
303 832 1
303 1403 1
303 1429 1
303 1711 1
303 1716 1
303 1769 1
303 1921 1
303 1939 1
303 2019 1
304 295 1
304 893 1
304 964 1
304 1026 1
304 1814 1
304 1835 1
304 1880 1
304 2047 1
305 988 1
305 1042 1
305 1062 1
305 1701 1
305 1801 1
305 1897 1
306 1124 1
306 1353 1
307 529 1
308 49 1
308 149 1
308 1034 1
309 612 1
310 484 1
310 1133 1
311 105 1
311 427 1
314 1318 1
315 211 1
315 286 1
315 1253 1
315 1947 1
316 86 1
316 390 1
316 679 1
316 1080 1
316 1279 1
316 1357 1
316 1543 1
316 1588 1
316 1736 1
317 127 1
317 487 1
317 790 1
317 798 1
317 870 1
317 960 1
317 1009 1
317 1071 1
317 1205 1
317 1885 1
317 2024 1
318 493 1
318 669 1
318 1348 1
318 1375 1
318 1533 1
318 1659 1
318 1944 1
319 174 1
319 655 1
319 685 1
319 696 1
319 1410 1
319 1874 1
320 300 1
320 866 1
320 1006 1
320 1130 1
320 1780 1
321 59 1
321 222 1
321 667 1
321 671 1
321 794 1
321 1234 1
321 1472 1
321 1575 1
324 1370 1
324 1708 1
325 511 1
326 321 1
326 599 1
326 1235 1
328 145 1
330 1105 1
330 1420 1
331 432 1
331 596 1
331 724 1
331 1965 1
331 2001 1
332 483 1
332 501 1
332 839 1
332 1552 1
332 1568 1
332 1629 1
333 117 1
333 152 1
333 264 1
333 605 1
333 625 1
333 1091 1
333 1240 1
333 1328 1
333 1888 1
334 136 1
334 249 1
334 656 1
334 727 1
334 962 1
334 991 1
334 1005 1
334 1570 1
334 1838 1
334 1996 1
335 132 1
335 540 1
335 637 1
335 748 1
335 825 1
335 1816 1
335 2005 1
336 276 1
336 371 1
336 536 1
336 693 1
336 706 1
336 1350 1
337 768 1
337 1706 1
338 93 1
338 935 1
338 1181 1
338 1754 1
339 1643 1
339 1777 1
340 1098 1
341 191 1
341 409 1
341 1950 1
342 576 1
344 631 1
346 133 1
346 552 1
346 646 1
347 170 1
347 630 1
347 850 1
347 1295 1
347 1558 1
347 1731 1
348 684 1
348 974 1
348 993 1
348 1580 1
348 1709 1
348 1810 1
348 1836 1
348 1930 1
348 1991 1
348 2040 1
349 202 1
349 227 1
349 602 1
349 627 1
349 778 1
349 961 1
349 996 1
349 1050 1
349 1571 1
349 1630 1
349 1662 1
349 1778 1
349 1791 1
349 1868 1
350 248 1
350 269 1
350 579 1
350 662 1
350 800 1
350 846 1
350 1040 1
350 1260 1
350 1660 1
350 1822 1
350 2011 1
351 341 1
351 352 1
351 528 1
351 575 1
351 1174 1
351 1230 1
351 1401 1
351 1688 1
351 1717 1
351 1817 1
352 130 1
352 421 1
352 446 1
352 568 1
352 577 1
352 897 1
352 900 1
352 1072 1
352 1142 1
352 1180 1
352 1579 1
352 1610 1
352 1658 1
353 1084 1
353 1114 1
353 1540 1
353 1679 1
353 1945 1
354 366 1
354 2031 1
355 160 1
355 203 1
355 445 1
355 544 1
355 1215 1
355 1263 1
355 1518 1
355 1920 1
356 888 1
356 1128 1
357 456 1
357 1294 1
357 1391 1
357 1789 1
358 88 1
358 1444 1
359 714 1
360 350 1
362 554 1
363 845 1
364 361 1
364 808 1
364 1305 1
364 1408 1
364 1957 1
365 719 1
365 1024 1
366 187 1
366 1183 1
366 1498 1
366 1581 1
366 1618 1
366 1837 1
366 2038 1
367 194 1
367 312 1
367 687 1
367 1807 1
368 337 1
368 410 1
368 923 1
368 1595 1
368 1940 1
369 543 1
369 1360 1
369 1399 1
369 2046 1
370 801 1
371 2044 1
372 315 1
372 1690 1
374 1119 1
374 1677 1
375 503 1
377 1324 1
379 407 1
380 94 1
380 98 1
380 751 1
380 966 1
380 1901 1
381 424 1
381 1032 1
381 1507 1
382 104 1
382 314 1
382 567 1
382 658 1
382 811 1
382 1663 1
382 1941 1
383 521 1
383 1431 1
383 1516 1
383 1520 1
383 1998 1
384 217 1
384 281 1
384 342 1
384 383 1
384 677 1
384 878 1
384 1074 1
384 1245 1
384 1342 1
384 1528 1
384 1598 1
384 1669 1
384 1844 1
384 1979 1
384 2041 1
385 172 1
385 436 1
385 952 1
385 1725 1
386 563 1
386 840 1
386 920 1
386 1118 1
386 1797 1
387 1014 1
387 1064 1
387 1191 1
387 1414 1
388 237 1
388 1418 1
389 84 1
389 113 1
389 226 1
390 265 1
390 1565 1
390 1642 1
390 1887 1
392 987 1
393 1223 1
394 1479 1
396 353 1
396 1682 1
397 520 1
397 1411 1
397 1971 1
398 329 1
398 431 1
398 589 1
398 784 1
398 911 1
398 1572 1
398 1988 1
398 2015 1
399 159 1
399 280 1
399 351 1
399 423 1
399 533 1
399 611 1
399 616 1
399 738 1
399 970 1
399 1001 1
399 1330 1
399 1396 1
399 1486 1
399 1627 1
399 1733 1
399 1740 1
399 2037 1
400 81 1
400 467 1
400 480 1
400 496 1
400 824 1
400 908 1
400 1140 1
400 1454 1
400 1497 1
400 1623 1
400 1774 1
401 101 1
401 123 1
401 477 1
401 546 1
401 755 1
401 814 1
401 873 1
401 875 1
401 981 1
401 999 1
401 1159 1
401 1372 1
401 1712 1
401 1861 1
401 1871 1
401 1873 1
401 1906 1
401 1938 1
402 195 1
402 302 1
402 313 1
402 367 1
402 425 1
402 745 1
402 1047 1
402 1096 1
402 1771 1
402 1916 1
403 246 1
403 358 1
403 1155 1
403 1380 1
403 1445 1
403 1589 1
403 1594 1
403 1624 1
403 1698 1
403 1967 1
403 2014 1
404 823 1
404 838 1
404 1496 1
404 1611 1
404 1625 1
405 485 1
405 494 1
405 722 1
405 1362 1
406 283 1
406 695 1
407 212 1
407 415 1
408 1949 1
410 1562 1
411 368 1
412 272 1
414 758 1
414 1268 1
414 1282 1
415 290 1
415 320 1
415 356 1
415 665 1
415 1094 1
415 1387 1
415 1622 1
415 1647 1
415 1692 1
415 1723 1
415 2020 1
416 48 1
416 535 1
416 547 1
416 753 1
416 851 1
416 1152 1
416 1218 1
416 1510 1
416 1536 1
416 1748 1
416 1905 1
417 116 1
417 793 1
417 1112 1
417 1241 1
417 1275 1
417 1398 1
417 1590 1
417 1608 1
417 1636 1
418 238 1
418 847 1
418 1467 1
418 1620 1
418 1795 1
419 97 1
419 139 1
419 143 1
419 783 1
419 792 1
419 810 1
419 1376 1
419 1824 1
420 648 1
420 766 1
420 834 1
420 1156 1
420 1833 1
420 1843 1
420 1846 1
420 1990 1
421 68 1
421 288 1
421 674 1
421 1146 1
421 1615 1
421 1909 1
422 141 1
423 416 1
423 1973 1
424 943 1
425 519 1
425 1815 1
427 728 1
430 1302 1
430 1333 1
431 220 1
432 718 1
432 740 1
432 955 1
433 99 1
433 932 1
433 971 1
433 1219 1
433 1437 1
433 1776 1
433 1859 1
433 2023 1
434 363 1
434 841 1
434 1220 1
434 1469 1
435 156 1
435 557 1
435 717 1
435 819 1
435 947 1
435 1402 1
435 1566 1
435 1933 1
436 471 1
436 1182 1
436 1239 1
436 1299 1
436 1746 1
437 207 1
437 469 1
437 826 1
437 1389 1
437 1485 1
437 1489 1
438 645 1
439 1359 1
439 1554 1
440 391 1
440 392 1
440 395 1
440 926 1
442 559 1
442 1525 1
443 1855 1
445 420 1
445 1473 1
447 1523 1
448 459 1
448 1131 1
448 1296 1
448 1877 1
449 51 1
449 95 1
449 219 1
449 1440 1
449 1446 1
449 1550 1
449 1635 1
450 181 1
450 259 1
450 393 1
450 675 1
450 686 1
450 726 1
450 737 1
450 1637 1
450 1875 1
450 1878 1
450 1911 1
451 47 1
451 164 1
451 346 1
451 374 1
451 652 1
451 708 1
451 1057 1
451 1368 1
451 1415 1
451 1436 1
451 1441 1
451 1459 1
451 1867 1
451 1907 1
451 2013 1
452 813 1
452 822 1
452 890 1
452 954 1
452 957 1
452 1165 1
452 1508 1
452 1547 1
452 1799 1
452 1839 1
452 1917 1
453 90 1
453 256 1
453 490 1
453 1055 1
453 1125 1
453 1150 1
453 1162 1
453 1535 1
453 1607 1
453 1770 1
454 67 1
454 323 1
454 525 1
454 1283 1
454 1538 1
454 1913 1
455 73 1
455 131 1
455 472 1
455 892 1
455 1081 1
455 1475 1
455 1606 1
455 1667 1
456 711 1
456 906 1
456 1935 1
457 253 1
457 636 1
457 1860 1
459 1352 1
460 539 1
460 1823 1
462 1881 1
464 703 1
465 327 1
465 348 1
466 833 1
466 1120 1
466 1650 1
466 1670 1
466 1934 1
467 171 1
467 654 1
467 805 1
467 843 1
467 982 1
467 1269 1
467 1300 1
467 1705 1
467 1719 1
467 2036 1
468 142 1
468 151 1
468 553 1
468 713 1
468 816 1
468 907 1
468 1033 1
468 1039 1
468 1056 1
468 1101 1
468 1206 1
468 1493 1
468 1721 1
468 1800 1
469 261 1
469 328 1
469 642 1
469 1194 1
469 1278 1
469 1316 1
469 1407 1
469 1766 1
469 1773 1
470 216 1
470 258 1
470 271 1
470 282 1
470 614 1
470 1455 1
470 2035 1
471 376 1
471 802 1
471 1249 1
471 1820 1
472 475 1
472 1433 1
472 1619 1
473 398 1
473 447 1
473 702 1
473 1257 1
474 144 1
474 772 1
474 1732 1
476 1321 1
479 468 1
479 887 1
479 1545 1
482 262 1
482 349 1
482 735 1
482 879 1
482 1082 1
482 1879 1
482 2043 1
483 228 1
483 295 1
483 506 1
483 1187 1
483 1394 1
483 1555 1
483 1741 1
483 1763 1
483 1980 1
484 598 1
484 626 1
484 754 1
484 963 1
484 1035 1
484 1053 1
484 1417 1
484 1702 1
484 1834 1
484 1835 1
484 2000 1
485 240 1
485 453 1
485 601 1
485 827 1
485 1286 1
485 1354 1
485 1784 1
485 2004 1
486 378 1
486 502 1
486 899 1
486 950 1
486 1242 1
486 1575 1
486 1604 1
486 1840 1
486 1870 1
486 1896 1
487 482 1
487 507 1
487 644 1
487 661 1
487 741 1
487 909 1
487 977 1
487 1144 1
487 1192 1
487 1796 1
488 58 1
488 199 1
488 1612 1
488 1968 1
489 995 1
489 1379 1
490 1596 1
490 1727 1
491 418 1
491 791 1
491 1471 1
492 56 1
492 796 1
493 1982 1
495 134 1
496 379 1
498 537 1
498 639 1
499 550 1
499 760 1
499 1139 1
499 1524 1
500 190 1
500 510 1
500 556 1
500 1291 1
500 1419 1
500 1805 1
500 1962 1
501 268 1
501 562 1
501 566 1
501 744 1
501 872 1
501 1163 1
501 1337 1
502 716 1
502 763 1
502 842 1
502 1058 1
502 1168 1
502 1179 1
502 1255 1
502 1365 1
502 1367 1
502 1484 1
503 66 1
503 186 1
503 1361 1
503 1779 1
504 308 1
504 381 1
504 761 1
504 867 1
504 978 1
504 1212 1
504 1983 1
505 1130 1
506 54 1
506 85 1
506 1048 1
507 1564 1
507 1977 1
508 618 1
508 980 1
509 1237 1
510 362 1
512 921 1
514 1898 1
515 1022 1
515 1480 1
515 1542 1
515 1808 1
515 1811 1
515 1978 1
516 154 1
516 712 1
516 854 1
516 1430 1
516 1993 1
516 2012 1
516 2025 1
517 105 1
517 289 1
517 343 1
517 544 1
517 1117 1
518 275 1
518 336 1
518 442 1
518 541 1
518 555 1
518 569 1
518 615 1
518 620 1
518 710 1
518 828 1
518 858 1
518 896 1
518 917 1
518 958 1
518 1109 1
518 1222 1
518 1856 1
519 110 1
519 871 1
519 1007 1
519 1406 1
519 1531 1
519 1895 1
520 165 1
520 224 1
520 629 1
520 705 1
520 862 1
520 1025 1
520 1042 1
520 1205 1
520 1664 1
521 1323 1
521 1385 1
521 1735 1
522 402 1
522 659 1
522 1019 1
523 77 1
523 542 1
523 586 1
523 1717 1
523 1932 1
524 869 1
524 1315 1
525 422 1
525 1066 1
528 466 1
528 1311 1
528 1634 1
529 671 1
530 1972 1
531 411 1
531 457 1
531 622 1
532 517 1
532 552 1
532 809 1
532 1051 1
532 1370 1
532 1904 1
532 1989 1
532 2003 1
533 198 1
533 401 1
533 1021 1
533 1273 1
533 1413 1
533 1442 1
533 1687 1
534 511 1
534 527 1
534 641 1
534 715 1
534 734 1
534 1111 1
534 1246 1
534 1331 1
534 1351 1
534 1487 1
534 1574 1
534 1695 1
534 1869 1
534 1992 1
535 120 1
535 270 1
535 558 1
535 1078 1
535 1090 1
535 1132 1
535 1209 1
535 1470 1
535 1927 1
536 64 1
536 1099 1
536 1129 1
536 1514 1
536 1865 1
536 1959 1
537 146 1
537 523 1
537 697 1
537 866 1
537 1490 1
538 61 1
538 1185 1
538 1626 1
538 1716 1
538 1757 1
539 997 1
539 1284 1
539 1378 1
540 460 1
540 1232 1
540 1384 1
540 1827 1
541 1325 1
543 59 1
543 830 1
543 1344 1
543 1720 1
543 1818 1
544 1054 1
546 1031 1
547 584 1
547 1067 1
548 311 1
548 757 1
548 1306 1
548 1643 1
549 597 1
549 777 1
549 1754 1
550 413 1
550 417 1
550 1024 1
550 1256 1
550 1942 1
551 516 1
551 1136 1
552 333 1
552 973 1
552 1850 1
553 1848 1
554 150 1
555 180 1
555 605 1
555 2027 1
556 685 1
556 1582 1
556 1652 1
557 1097 1
557 1186 1
558 1196 1
561 799 1
561 1375 1
562 96 1
562 1482 1
562 1762 1
563 243 1
563 317 1
563 375 1
563 1157 1
563 1899 1
564 492 1
564 524 1
564 603 1
564 1071 1
565 306 1
565 399 1
565 587 1
565 924 1
566 122 1
566 166 1
566 345 1
566 410 1
566 1204 1
566 1653 1
566 1847 1
566 1956 1
566 2033 1
567 638 1
567 929 1
567 1126 1
567 1288 1
567 1355 1
567 1734 1
567 1897 1
568 452 1
568 900 1
568 987 1
568 1714 1
568 1745 1
568 2037 1
569 266 1
569 294 1
569 960 1
569 1060 1
569 1105 1
569 1108 1
569 1122 1
569 1456 1
569 1975 1
570 115 1
570 1588 1
572 643 1
572 1065 1
572 1115 1
572 1642 1
572 1759 1
573 78 1
573 382 1
575 756 1
575 1177 1
575 1422 1
576 561 1
576 1520 1
579 504 1
579 968 1
579 1088 1
579 1336 1
579 1369 1
580 118 1
580 278 1
580 781 1
580 836 1
580 884 1
580 1279 1
580 1995 1
580 2005 1
581 609 1
581 1009 1
581 1080 1
581 1350 1
581 1396 1
581 1874 1
582 251 1
582 491 1
582 526 1
582 692 1
582 905 1
582 976 1
582 1069 1
582 1357 1
582 1412 1
583 340 1
583 353 1
583 405 1
583 498 1
583 531 1
583 606 1
583 676 1
583 1247 1
583 1461 1
583 1513 1
583 1813 1
584 203 1
584 408 1
584 465 1
584 798 1
584 939 1
584 1077 1
584 1540 1
584 1738 1
584 1964 1
585 299 1
585 302 1
585 461 1
585 515 1
585 564 1
585 572 1
585 591 1
585 1189 1
585 1210 1
585 1506 1
585 1699 1
585 1924 1
586 161 1
586 733 1
586 940 1
586 1158 1
586 1386 1
586 1700 1
586 1801 1
587 119 1
587 241 1
587 646 1
587 893 1
587 1116 1
587 1663 1
587 1742 1
587 1902 1
587 1981 1
588 1743 1
588 1845 1
588 1946 1
591 239 1
593 1152 1
594 1979 1
597 83 1
598 107 1
598 593 1
598 818 1
598 853 1
598 969 1
598 994 1
598 1149 1
598 1201 1
598 1548 1
598 1987 1
599 339 1
599 693 1
599 706 1
599 949 1
599 1305 1
599 1307 1
599 1488 1
599 1541 1
599 1614 1
600 267 1
600 474 1
600 581 1
600 632 1
600 912 1
600 1043 1
600 1491 1
600 1617 1
600 1910 1
601 252 1
601 625 1
601 927 1
601 946 1
601 1739 1
601 1955 1
602 237 1
602 633 1
602 1074 1
602 1103 1
602 1180 1
602 1680 1
602 1756 1
602 1965 1
603 624 1
603 790 1
603 1270 1
603 1360 1
603 2042 1
604 1704 1
604 1966 1
605 1062 1
605 1744 1
606 1314 1
606 1319 1
607 1502 1
608 430 1
609 489 1
612 530 1
612 767 1
612 903 1
613 98 1
613 1303 1
613 1728 1
613 1777 1
613 1889 1
614 260 1
614 1318 1
615 319 1
615 337 1
615 580 1
615 725 1
615 1002 1
615 1135 1
615 1174 1
615 1310 1
615 1435 1
616 74 1
616 444 1
616 458 1
616 478 1
616 543 1
616 621 1
616 816 1
616 845 1
616 894 1
616 1150 1
616 1338 1
616 1474 1
616 1577 1
616 1673 1
616 1771 1
616 2019 1
617 62 1
617 265 1
617 423 1
617 762 1
617 922 1
617 1373 1
618 189 1
618 244 1
618 649 1
618 1006 1
618 1083 1
618 1292 1
618 1447 1
618 1463 1
618 1595 1
618 1764 1
618 1793 1
618 1871 1
619 93 1
619 304 1
619 668 1
619 817 1
619 1085 1
619 1263 1
619 1444 1
619 1705 1
620 742 1
620 1253 1
620 2007 1
621 218 1
621 1423 1
622 1492 1
623 1322 1
623 1887 1
625 1658 1
626 902 1
627 366 1
628 283 1
629 145 1
629 1382 1
630 1015 1
630 1807 1
631 127 1
631 191 1
631 355 1
631 840 1
631 1027 1
631 1112 1
631 1170 1
631 1261 1
631 1781 1
631 1875 1
631 1930 1
631 1988 1
632 732 1
632 942 1
632 1113 1
632 1264 1
632 1268 1
632 1585 1
632 1651 1
632 1655 1
632 1731 1
632 1868 1
633 310 1
633 419 1
633 865 1
633 1075 1
633 1155 1
633 1164 1
633 1597 1
634 147 1
634 434 1
634 926 1
634 937 1
634 1235 1
634 1266 1
634 1425 1
634 1833 1
634 1851 1
635 99 1
635 568 1
635 1041 1
635 1497 1
635 1678 1
635 1958 1
635 2011 1
636 536 1
636 634 1
636 699 1
636 1427 1
637 75 1
637 933 1
637 1468 1
638 451 1
638 1616 1
641 1605 1
644 175 1
646 293 1
646 1000 1
646 1519 1
646 1557 1
647 274 1
647 361 1
647 390 1
647 497 1
647 612 1
647 730 1
647 1029 1
647 1049 1
647 1167 1
647 1173 1
647 1722 1
647 1853 1
648 384 1
648 463 1
648 505 1
648 570 1
648 610 1
648 707 1
648 966 1
648 1221 1
648 1434 1
648 1760 1
648 1821 1
649 297 1
649 835 1
649 1780 1
650 160 1
650 305 1
650 567 1
650 876 1
650 1312 1
650 1389 1
650 2009 1
651 221 1
651 808 1
651 1145 1
651 1166 1
651 1207 1
651 1694 1
651 1907 1
652 63 1
652 273 1
652 1216 1
652 2006 1
653 1812 1
654 1093 1
654 1581 1
655 1089 1
655 1143 1
655 1991 1
656 45 1
656 53 1
656 64 1
656 148 1
656 301 1
657 47 1
657 578 1
658 1622 1
658 1880 1
659 43 1
659 49 1
659 76 1
659 80 1
659 1016 1
660 53 1
660 60 1
660 81 1
660 549 1
661 73 1
662 247 1
662 920 1
663 407 1
663 592 1
664 658 1
665 1464 1
665 1467 1
666 726 1
666 1200 1
666 1747 1
666 1830 1
667 54 1
667 1226 1
667 1774 1
669 81 1
669 832 1
669 1525 1
669 1686 1
670 56 1
670 60 1
670 472 1
670 1814 1
671 50 1
671 55 1
672 68 1
672 79 1
672 226 1
672 427 1
673 68 1
673 1533 1
675 53 1
675 664 1
676 69 1
676 81 1
677 51 1
677 59 1
677 65 1
677 513 1
677 1797 1
678 72 1
678 1231 1
679 57 1
680 44 1
682 42 1
682 64 1
683 53 1
683 65 1
684 183 1
685 1424 1
685 1522 1
685 1936 1
685 1960 1
686 43 1
686 52 1
686 181 1
686 546 1
687 48 1
688 43 1
688 72 1
688 81 1
689 52 1
689 82 1
690 71 1
690 462 1
691 341 1
691 774 1
692 722 1
693 67 1
693 821 1
693 938 1
693 1274 1
693 1561 1
693 1649 1
694 330 1
695 79 1
695 329 1
695 959 1
696 52 1
696 75 1
697 712 1
698 560 1
698 859 1
699 1508 1
700 215 1
700 635 1
700 1579 1
700 1776 1
701 849 1
701 1137 1
701 1798 1
701 1926 1
702 50 1
702 78 1
702 101 1
702 789 1
702 1224 1
702 1684 1
703 63 1
703 691 1
703 1214 1
703 1654 1
703 1872 1
703 1898 1
704 43 1
704 71 1
704 81 1
704 1629 1
704 1631 1
704 1974 1
705 62 1
705 76 1
705 214 1
705 428 1
705 576 1
705 753 1
705 1786 1
706 1195 1
706 1199 1
706 1659 1
707 124 1
707 574 1
707 650 1
707 1353 1
708 52 1
708 82 1
708 440 1
708 860 1
708 1248 1
708 1976 1
709 72 1
709 78 1
709 275 1
709 602 1
709 1094 1
709 1750 1
709 1778 1
710 68 1
710 69 1
710 70 1
710 654 1
710 1061 1
710 1121 1
710 1570 1
711 1437 1
712 42 1
712 851 1
713 73 1
713 1206 1
713 1376 1
714 46 1
714 52 1
714 1035 1
715 75 1
715 79 1
716 230 1
717 70 1
717 80 1
718 231 1
718 1160 1
719 56 1
719 1894 1
720 1218 1
722 60 1
722 104 1
722 1283 1
722 1691 1
722 2022 1
723 73 1
723 80 1
723 764 1
724 300 1
724 788 1
724 944 1
725 48 1
725 608 1
725 1084 1
726 49 1
726 50 1
726 66 1
726 396 1
726 765 1
727 52 1
727 80 1
727 225 1
727 426 1
728 50 1
729 55 1
729 79 1
729 749 1
730 47 1
730 50 1
730 65 1
730 67 1
730 1448 1
731 50 1
731 75 1
731 2034 1
732 54 1
734 63 1
735 67 1
735 383 1
735 852 1
735 1553 1
736 45 1
736 54 1
736 56 1
736 67 1
736 69 1
737 56 1
738 46 1
738 64 1
739 58 1
740 42 1
740 50 1
740 62 1
740 71 1
740 962 1
741 73 1
741 74 1
741 128 1
741 169 1
741 376 1
741 630 1
741 778 1
742 70 1
742 73 1
742 79 1
744 680 1
744 1362 1
746 625 1
746 1311 1
746 1515 1
747 64 1
748 47 1
748 48 1
748 51 1
748 901 1
748 1294 1
748 1711 1
749 66 1
749 1477 1
750 74 1
750 2048 0
