2 3 1
4 1 1
6 37 1
7 10 1
8 4 1
9 6 1
9 15 1
10 7 1
11 7 1
11 28 1
11 33 1
12 10 1
12 35 1
12 40 1
12 1289 1
12 1330 1
13 1 1
13 273 1
13 362 1
13 845 1
13 1521 1
14 8 1
14 97 1
14 149 1
14 305 1
14 1292 1
14 1392 1
14 1662 1
14 1694 1
15 21 1
15 1235 1
15 1841 1
16 909 1
16 1475 1
16 1809 1
16 1830 1
16 2046 1
17 168 1
17 285 1
17 847 1
18 26 1
18 40 1
18 1804 1
18 1954 1
19 20 1
19 1097 1
19 1125 1
19 1329 1
19 1592 1
19 1600 1
20 781 1
20 1194 1
20 1341 1
20 1813 1
20 1876 1
20 2037 1
21 3 1
21 7 1
21 8 1
21 11 1
21 16 1
21 20 1
21 563 1
21 1245 1
21 1576 1
21 1932 1
21 2039 1
22 5 1
22 886 1
23 9 1
23 332 1
23 754 1
23 1288 1
24 41 1
24 368 1
24 1020 1
24 1101 1
24 1228 1
24 1566 1
24 1586 1
24 1675 1
25 21 1
25 815 1
25 1364 1
25 1366 1
26 4 1
26 39 1
26 660 1
26 982 1
27 30 1
27 889 1
27 1462 1
28 35 1
28 528 1
28 823 1
28 1445 1
28 1605 1
28 1628 1
29 14 1
29 1374 1
30 15 1
30 21 1
30 28 1
30 505 1
30 690 1
31 4 1
31 384 1
31 947 1
31 1176 1
31 1527 1
31 1549 1
31 1981 1
31 2029 1
32 1099 1
33 25 1
33 645 1
33 1571 1
34 1 1
34 12 1
34 24 1
34 187 1
34 1090 1
34 1620 1
35 476 1
36 3 1
36 20 1
36 26 1
36 31 1
36 1261 1
36 1962 1
37 14 1
37 27 1
37 32 1
37 249 1
37 673 1
37 1111 1
37 1606 1
37 1961 1
38 19 1
38 30 1
38 31 1
38 681 1
38 1503 1
38 1724 1
39 38 1
39 118 1
39 459 1
39 629 1
39 1914 1
40 7 1
40 508 1
40 1602 1
41 1749 1
42 8 1
42 29 1
42 33 1
42 561 1
42 1672 1
42 1900 1
43 1018 1
43 1753 1
44 6 1
45 8 1
45 10 1
45 14 1
45 26 1
46 13 1
46 128 1
47 21 1
47 1154 1
47 2027 1
48 33 1
48 773 1
49 412 1
49 1505 1
50 475 1
50 1751 1
51 301 1
51 1022 1
52 36 1
52 184 1
52 644 1
52 689 1
53 6 1
53 456 1
53 703 1
53 1775 1
53 1782 1
53 1844 1
54 13 1
54 22 1
54 328 1
54 1063 1
55 364 1
55 600 1
55 1310 1
55 1331 1
55 1999 1
56 3 1
56 19 1
56 354 1
56 587 1
56 719 1
56 796 1
56 963 1
56 972 1
56 1167 1
56 1344 1
56 1476 1
56 1970 1
57 41 1
57 192 1
57 438 1
57 473 1
57 580 1
57 1619 1
58 18 1
58 26 1
58 632 1
58 903 1
58 914 1
58 1053 1
58 1074 1
58 1410 1
59 578 1
60 27 1
60 31 1
60 152 1
60 591 1
60 1646 1
60 1811 1
61 1313 1
61 1587 1
62 7 1
62 17 1
62 493 1
62 986 1
62 1108 1
62 1532 1
63 930 1
63 1143 1
64 590 1
64 1165 1
65 6 1
65 7 1
65 40 1
65 345 1
65 639 1
65 853 1
66 12 1
69 9 1
69 34 1
69 1710 1
69 1952 1
70 6 1
70 178 1
70 683 1
70 2045 1
71 941 1
72 37 1
72 41 1
72 750 1
73 179 1
73 608 1
73 789 1
74 405 1
74 448 1
74 663 1
75 5 1
75 34 1
75 1871 1
76 30 1
76 1250 1
77 20 1
77 24 1
77 1095 1
78 9 1
78 24 1
78 33 1
78 304 1
78 468 1
78 538 1
78 1005 1
78 1413 1
78 1936 1
79 12 1
79 25 1
79 234 1
79 1449 1
80 28 1
80 190 1
80 213 1
80 1731 1
81 1453 1
81 1903 1
82 16 1
82 766 1
82 820 1
82 1025 1
83 12 1
83 24 1
83 1203 1
84 5 1
84 35 1
84 224 1
84 1151 1
84 1780 1
85 9 1
85 15 1
85 953 1
86 481 1
86 1723 1
86 1858 1
87 26 1
87 207 1
87 1420 1
87 1546 1
88 88 1
88 302 1
88 1349 1
88 1405 1
89 1213 1
89 1254 1
90 38 1
90 1570 1
90 1615 1
91 564 1
91 1458 1
91 1482 1
91 1884 1
91 1976 1
91 1979 1
92 17 1
92 114 1
92 1083 1
92 1849 1
93 3 1
93 91 1
93 871 1
93 1460 1
93 2038 1
94 26 1
94 32 1
94 336 1
94 2041 1
95 7 1
96 146 1
96 640 1
96 1432 1
96 1653 1
96 1698 1
97 495 1
97 741 1
97 1284 1
97 1883 1
97 1925 1
98 417 1
98 755 1
98 1272 1
98 1358 1
99 441 1
100 17 1
100 22 1
100 30 1
101 7 1
101 1050 1
101 2012 1
102 3 1
102 20 1
103 2 1
103 141 1
105 31 1
106 32 1
107 557 1
108 14 1
109 39 1
109 1237 1
110 19 1
110 34 1
111 9 1
113 436 1
113 1296 1
114 905 1
114 996 1
114 2035 1
115 1543 1
115 1559 1
116 1 1
116 27 1
116 313 1
116 548 1
116 1233 1
116 1411 1
117 2 1
117 15 1
117 21 1
117 24 1
117 26 1
117 351 1
117 747 1
117 1838 1
117 1943 1
118 159 1
118 161 1
118 239 1
118 904 1
118 1455 1
119 87 1
119 380 1
119 424 1
119 983 1
119 1010 1
119 1525 1
120 1 1
120 38 1
120 98 1
120 1027 1
120 1062 1
120 1638 1
120 1766 1
121 7 1
123 691 1
123 1712 1
124 19 1
124 39 1
124 421 1
125 558 1
125 1853 1
126 8 1
127 1068 1
128 12 1
128 23 1
128 582 1
129 37 1
129 1076 1
129 1302 1
131 40 1
131 1613 1
132 2 1
132 37 1
132 349 1
132 1125 1
132 1504 1
132 2008 1
133 373 1
133 709 1
133 856 1
133 977 1
133 1908 1
133 1978 1
134 2 1
134 15 1
134 413 1
134 551 1
134 1118 1
134 1704 1
134 1770 1
135 41 1
135 1820 1
136 32 1
136 525 1
136 994 1
137 4 1
137 1474 1
138 116 1
138 829 1
138 985 1
139 23 1
139 24 1
141 611 1
142 19 1
142 33 1
143 10 1
143 19 1
143 530 1
143 1204 1
144 17 1
144 23 1
144 733 1
144 1164 1
145 26 1
145 36 1
145 40 1
145 209 1
145 855 1
145 1412 1
145 1640 1
145 1928 1
145 1998 1
146 4 1
146 22 1
146 794 1
146 919 1
146 1591 1
147 8 1
147 84 1
147 509 1
147 1262 1
147 1531 1
147 1597 1
147 1645 1
147 1651 1
148 404 1
149 1 1
149 16 1
149 675 1
149 775 1
149 1589 1
150 147 1
150 1058 1
150 1501 1
151 1737 1
152 1079 1
153 731 1
153 1951 1
154 173 1
155 717 1
155 752 1
155 831 1
155 1971 1
156 368 1
156 806 1
156 1259 1
156 1424 1
157 725 1
157 1402 1
157 1642 1
157 1670 1
159 1641 1
159 2002 1
160 322 1
160 480 1
160 917 1
160 1176 1
160 1885 1
161 1110 1
161 1147 1
161 1329 1
161 1675 1
162 316 1
162 475 1
162 1380 1
162 1981 1
162 2048 1
163 1832 1
164 927 1
164 1235 1
164 1571 1
165 197 1
165 681 1
165 1630 1
165 1842 1
166 1363 1
166 1816 1
169 1209 1
174 849 1
180 962 1
193 934 1
194 416 1
194 811 1
194 1396 1
195 956 1
196 1608 1
203 739 1
208 238 1
208 745 1
208 997 1
209 1421 1
212 1395 1
213 520 1
224 248 1
224 707 1
226 348 1
228 536 1
239 1975 1
241 944 1
253 289 1
253 477 1
253 692 1
253 1733 1
253 2044 1
254 144 1
254 989 1
256 1987 1
258 1145 1
269 672 1
276 622 1
283 729 1
283 1846 1
287 1031 1
287 1300 1
290 1351 1
293 1578 1
297 579 1
306 763 1
320 1131 1
322 375 1
322 541 1
322 1595 1
335 537 1
335 1275 1
341 410 1
349 1904 1
356 546 1
356 1565 1
361 331 1
362 255 1
367 1768 1
369 483 1
369 894 1
370 1193 1
371 153 1
372 455 1
375 2006 1
382 324 1
383 1752 1
397 210 1
410 342 1
410 1384 1
412 478 1
414 1290 1
416 873 1
428 1740 1
429 688 1
431 164 1
431 2031 1
434 833 1
444 247 1
445 1234 1
450 1523 1
453 1226 1
461 359 1
462 1742 1
466 463 1
469 516 1
469 1555 1
481 968 1
484 900 1
485 877 1
485 1170 1
485 2007 1
496 1722 1
498 666 1
499 261 1
499 1827 1
500 662 1
501 1430 1
503 814 1
515 1759 1
516 1105 1
518 470 1
523 1340 1
525 584 1
530 251 1
530 366 1
530 859 1
534 874 1
538 272 1
541 2001 1
554 819 1
555 957 1
567 943 1
567 1201 1
567 1320 1
568 163 1
568 382 1
568 1197 1
568 1881 1
569 598 1
569 836 1
569 1530 1
570 676 1
571 320 1
572 1032 1
585 1799 1
598 1088 1
599 1163 1
602 1553 1
611 1627 1
612 22 1
612 1091 1
612 1368 1
612 1416 1
613 1227 1
614 745 1
614 1578 1
614 1819 1
615 802 1
615 1161 1
616 445 1
618 1596 1
619 21 1
619 232 1
628 1649 1
631 302 1
631 797 1
631 1018 1
631 1587 1
632 675 1
632 1405 1
633 159 1
633 591 1
633 600 1
633 697 1
633 761 1
633 886 1
633 1154 1
633 1505 1
633 1672 1
633 1749 1
633 1838 1
633 1900 1
633 1914 1
633 2005 1
634 509 1
634 947 1
634 1099 1
634 1244 1
634 1532 1
634 1724 1
635 279 1
635 807 1
635 1353 1
635 1411 1
635 1628 1
636 495 1
636 551 1
636 994 1
636 1010 1
636 1090 1
636 1704 1
637 2027 1
638 128 1
647 1511 1
647 2038 1
649 377 1
649 473 1
649 1053 1
649 1301 1
650 1332 1
653 368 1
654 50 1
654 51 1
655 55 1
655 77 1
658 79 1
661 66 1
661 67 1
661 70 1
662 63 1
663 57 1
664 45 1
665 44 1
666 70 1
667 51 1
667 54 1
667 1757 1
667 1974 1
668 42 1
668 649 1
668 1294 1
669 76 1
670 52 1
670 55 1
670 67 1
670 893 1
670 959 1
670 1248 1
671 78 1
671 788 1
671 1418 1
671 1681 1
674 45 1
674 76 1
675 47 1
675 52 1
676 42 1
676 54 1
676 625 1
677 1273 1
678 54 1
678 57 1
678 81 1
678 426 1
678 1691 1
679 54 1
679 57 1
679 62 1
680 42 1
680 47 1
680 50 1
680 1448 1
680 1508 1
681 48 1
681 60 1
681 2022 1
682 50 1
682 68 1
682 78 1
682 80 1
683 70 1
683 1915 1
684 77 1
685 47 1
685 59 1
685 78 1
686 47 1
686 58 1
687 1311 1
688 50 1
689 45 1
689 68 1
689 71 1
690 55 1
690 59 1
691 46 1
691 64 1
691 76 1
691 341 1
692 64 1
692 630 1
693 61 1
694 51 1
694 70 1
694 75 1
694 724 1
694 753 1
694 1000 1
694 1221 1
694 1231 1
694 1497 1
695 498 1
695 1522 1
697 45 1
697 49 1
697 51 1
697 58 1
698 47 1
698 75 1
699 1019 1
700 42 1
700 69 1
700 218 1
700 1205 1
701 51 1
701 68 1
701 1481 1
702 1894 1
704 49 1
704 765 1
705 53 1
705 1214 1
706 42 1
707 46 1
707 49 1
707 1926 1
708 51 1
708 1875 1
708 1973 1
710 50 1
710 570 1
711 43 1
711 55 1
711 56 1
711 57 1
711 66 1
712 407 1
712 852 1
712 1533 1
713 60 1
713 70 1
713 80 1
715 54 1
715 77 1
717 64 1
718 67 1
718 71 1
720 42 1
720 77 1
720 78 1
721 49 1
723 77 1
724 61 1
724 307 1
725 60 1
725 69 1
725 70 1
725 79 1
725 329 1
727 42 1
728 57 1
728 124 1
729 69 1
730 50 1
730 62 1
731 61 1
731 67 1
733 51 1
734 62 1
734 78 1
736 69 1
736 76 1
736 78 1
736 722 1
737 48 1
737 75 1
739 58 1
740 68 1
742 82 1
742 1747 1
744 510 1
745 70 1
747 69 1
747 300 1
748 63 1
748 75 1
748 462 1
748 1519 1
750 42 1
750 2048 0
