1 26 1
2 890 1
4 1 1
4 27 1
6 18 1
6 36 1
7 6 1
7 1068 1
8 13 1
8 27 1
8 33 1
8 718 1
9 6 1
9 31 1
10 22 1
10 1574 1
10 1588 1
11 1171 1
12 1612 1
13 40 1
13 333 1
13 739 1
13 1555 1
14 7 1
14 36 1
14 663 1
14 1250 1
15 39 1
15 1475 1
16 12 1
16 1810 1
17 3 1
17 13 1
17 22 1
17 533 1
17 578 1
18 14 1
18 29 1
18 477 1
18 608 1
18 615 1
18 773 1
18 1662 1
19 620 1
19 1169 1
19 1189 1
19 1675 1
19 1734 1
20 32 1
20 112 1
20 149 1
20 328 1
20 380 1
20 405 1
20 473 1
20 1586 1
20 1680 1
21 1097 1
21 1630 1
22 639 1
22 1349 1
22 1637 1
23 7 1
23 22 1
23 364 1
23 441 1
23 932 1
23 1254 1
23 1605 1
23 2045 1
24 823 1
24 1303 1
25 1101 1
25 1118 1
25 1645 1
26 33 1
26 903 1
26 909 1
26 910 1
27 6 1
27 38 1
27 953 1
27 1310 1
28 37 1
28 528 1
28 1202 1
28 1241 1
28 1450 1
29 6 1
29 14 1
29 439 1
29 1022 1
30 1107 1
30 1332 1
30 1455 1
30 1559 1
30 1613 1
30 2032 1
30 2039 1
31 17 1
31 23 1
31 98 1
31 171 1
31 244 1
31 749 1
31 795 1
31 1388 1
32 8 1
32 37 1
32 141 1
32 161 1
32 205 1
32 354 1
32 602 1
32 674 1
32 951 1
32 1491 1
32 1496 1
32 1844 1
32 1961 1
33 19 1
33 26 1
33 386 1
33 443 1
33 493 1
33 796 1
33 1598 1
33 1992 1
34 21 1
34 408 1
34 419 1
34 552 1
34 1005 1
34 1021 1
34 1123 1
34 1167 1
34 1306 1
34 1448 1
34 1648 1
34 1993 1
35 313 1
35 534 1
35 645 1
35 690 1
35 872 1
35 945 1
35 1155 1
35 1165 1
35 1209 1
35 1295 1
35 1449 1
35 1471 1
35 1515 1
35 1934 1
35 1956 1
36 15 1
36 131 1
36 496 1
36 633 1
36 1032 1
36 1338 1
36 1949 1
37 2 1
37 190 1
37 548 1
37 648 1
37 888 1
38 781 1
38 1405 1
38 1663 1
38 1716 1
38 1905 1
39 9 1
39 11 1
39 41 1
39 658 1
39 882 1
39 1659 1
39 1892 1
40 39 1
40 308 1
40 685 1
40 1580 1
40 1997 1
41 34 1
41 551 1
41 756 1
41 950 1
41 1082 1
41 1826 1
41 1897 1
41 1903 1
42 15 1
42 19 1
42 303 1
42 919 1
42 1010 1
42 1511 1
43 2 1
43 170 1
43 539 1
43 1366 1
44 37 1
44 543 1
44 704 1
45 7 1
45 1080 1
45 2003 1
46 24 1
46 345 1
46 949 1
46 1780 1
47 2 1
47 8 1
47 21 1
47 26 1
47 665 1
47 937 1
47 1263 1
47 1354 1
47 1583 1
47 1674 1
47 1873 1
47 1930 1
47 1946 1
48 34 1
48 37 1
48 117 1
48 576 1
48 898 1
48 1237 1
48 1308 1
48 1594 1
48 1664 1
48 1712 1
48 1731 1
48 1850 1
48 1895 1
49 30 1
49 184 1
49 457 1
49 1076 1
49 1124 1
49 1352 1
49 1390 1
49 1397 1
49 1914 1
49 1922 1
50 4 1
50 196 1
50 231 1
50 448 1
50 557 1
50 691 1
50 1006 1
50 1387 1
50 1698 1
50 1947 1
51 8 1
51 144 1
51 263 1
51 351 1
51 378 1
51 384 1
51 404 1
51 797 1
51 892 1
51 894 1
51 896 1
51 1302 1
51 1361 1
51 1376 1
51 1679 1
51 1713 1
51 1906 1
51 1962 1
51 1988 1
51 2041 1
52 23 1
52 95 1
52 115 1
52 417 1
52 509 1
52 1020 1
52 1045 1
52 1096 1
52 1223 1
52 1249 1
52 1504 1
52 1592 1
52 1968 1
52 1996 1
53 48 1
53 218 1
53 935 1
53 1057 1
53 1288 1
53 1508 1
53 1526 1
53 1538 1
53 1686 1
54 4 1
54 12 1
54 72 1
54 277 1
54 325 1
54 985 1
54 1827 1
54 1883 1
54 2008 1
55 714 1
55 1180 1
55 1259 1
55 1837 1
56 683 1
56 870 1
57 1813 1
58 194 1
58 722 1
58 1204 1
60 7 1
60 24 1
60 27 1
60 670 1
60 1351 1
60 1856 1
61 677 1
61 1823 1
62 8 1
62 22 1
62 605 1
62 1292 1
62 1729 1
63 242 1
63 455 1
63 517 1
63 530 1
63 653 1
63 904 1
63 906 1
63 1287 1
63 1670 1
63 1818 1
63 1985 1
64 178 1
64 249 1
64 316 1
64 450 1
64 484 1
64 542 1
64 629 1
64 868 1
64 994 1
64 1128 1
64 1215 1
64 1327 1
64 1350 1
64 1446 1
64 1667 1
64 1786 1
64 1806 1
65 8 1
65 30 1
65 37 1
65 61 1
65 246 1
65 330 1
65 385 1
65 469 1
65 571 1
65 702 1
65 724 1
65 727 1
65 794 1
65 803 1
65 869 1
65 944 1
65 972 1
65 1196 1
65 1233 1
65 1567 1
65 1616 1
65 1668 1
65 2033 1
65 2037 1
66 51 1
66 80 1
66 228 1
66 274 1
66 334 1
66 344 1
66 422 1
66 481 1
66 514 1
66 532 1
66 565 1
66 600 1
66 845 1
66 854 1
66 1018 1
66 1050 1
66 1210 1
66 1218 1
66 1240 1
66 1244 1
66 1323 1
66 1329 1
66 1342 1
66 1364 1
66 1460 1
66 1468 1
66 1487 1
66 1597 1
66 1620 1
66 1639 1
66 1792 1
66 1941 1
67 214 1
67 215 1
67 836 1
67 1043 1
67 1085 1
67 1090 1
67 1106 1
67 1136 1
67 1164 1
67 1232 1
67 1331 1
67 1424 1
67 1634 1
67 1955 1
68 33 1
68 35 1
68 310 1
68 341 1
68 432 1
68 445 1
68 456 1
68 510 1
68 546 1
68 643 1
68 835 1
68 840 1
68 859 1
68 1116 1
68 1211 1
68 1246 1
68 1301 1
68 1473 1
68 1617 1
68 1763 1
68 1769 1
68 1794 1
68 1807 1
68 1859 1
68 1881 1
68 1973 1
68 1982 1
68 2016 1
69 5 1
69 157 1
69 186 1
69 266 1
69 508 1
69 611 1
69 809 1
69 1109 1
69 1115 1
69 1267 1
69 1871 1
69 2048 1
70 19 1
70 135 1
70 433 1
70 820 1
70 923 1
70 1024 1
70 1192 1
70 1247 1
70 1284 1
70 1432 1
70 1602 1
70 1629 1
70 1860 1
70 1884 1
70 1928 1
71 10 1
71 21 1
71 329 1
71 348 1
71 360 1
71 580 1
71 686 1
71 1355 1
72 10 1
72 39 1
72 1621 1
72 1779 1
73 537 1
73 680 1
73 855 1
73 880 1
74 5 1
74 17 1
74 174 1
74 427 1
74 636 1
74 1635 1
75 590 1
75 877 1
75 1036 1
75 1603 1
76 41 1
76 63 1
76 1697 1
78 7 1
78 31 1
78 1666 1
78 1932 1
79 25 1
79 31 1
79 188 1
79 609 1
79 969 1
79 1967 1
80 270 1
80 307 1
80 358 1
80 502 1
80 640 1
80 659 1
80 684 1
80 698 1
80 1001 1
80 1408 1
80 1435 1
80 1717 1
80 1817 1
80 1917 1
81 31 1
81 152 1
81 269 1
81 305 1
81 321 1
81 434 1
81 545 1
81 559 1
81 594 1
81 668 1
81 692 1
81 825 1
81 834 1
81 861 1
81 864 1
81 1042 1
81 1087 1
81 1186 1
81 1239 1
81 1294 1
81 1341 1
81 1426 1
81 1558 1
81 1590 1
81 1642 1
81 1676 1
81 1681 1
81 1741 1
81 1866 1
81 1915 1
81 1981 1
82 79 1
82 113 1
82 124 1
82 143 1
82 175 1
82 180 1
82 193 1
82 202 1
82 362 1
82 418 1
82 464 1
82 554 1
82 575 1
82 614 1
82 666 1
82 729 1
82 770 1
82 832 1
82 857 1
82 878 1
82 922 1
82 930 1
82 974 1
82 1000 1
82 1111 1
82 1159 1
82 1193 1
82 1203 1
82 1245 1
82 1319 1
82 1371 1
82 1418 1
82 1576 1
82 1627 1
82 1665 1
82 1793 1
82 1802 1
82 1825 1
82 1858 1
82 1940 1
82 1974 1
82 2026 1
83 2 1
83 104 1
83 106 1
83 298 1
83 312 1
83 368 1
83 428 1
83 489 1
83 499 1
83 501 1
83 516 1
83 630 1
83 824 1
83 885 1
83 889 1
83 1113 1
83 1143 1
83 1166 1
83 1208 1
83 1401 1
83 1636 1
83 1899 1
83 1913 1
83 2027 1
84 23 1
84 33 1
84 120 1
84 248 1
84 279 1
84 424 1
84 461 1
84 596 1
84 738 1
84 752 1
84 866 1
84 941 1
84 1102 1
84 1229 1
84 1368 1
84 1454 1
84 1507 1
84 1587 1
84 1673 1
84 1689 1
84 1703 1
84 1721 1
84 1885 1
84 1948 1
84 2018 1
85 9 1
85 33 1
85 84 1
85 148 1
85 289 1
85 297 1
85 370 1
85 447 1
85 570 1
85 588 1
85 655 1
85 697 1
85 768 1
85 812 1
85 839 1
85 955 1
85 1027 1
85 1138 1
85 1145 1
85 1148 1
85 1273 1
85 1311 1
85 1374 1
85 1411 1
85 1420 1
85 1436 1
85 1478 1
85 1494 1
85 1530 1
85 1544 1
85 1651 1
86 225 1
86 326 1
86 504 1
86 707 1
86 716 1
86 942 1
86 1037 1
86 1649 1
86 1921 1
86 1933 1
86 1939 1
87 97 1
87 276 1
87 1060 1
87 1079 1
87 1152 1
87 1153 1
87 1336 1
87 1488 1
87 1702 1
87 1787 1
87 1834 1
88 10 1
88 73 1
88 476 1
88 505 1
88 518 1
88 593 1
88 958 1
88 979 1
88 1256 1
88 1562 1
88 1640 1
88 1701 1
88 1756 1
88 1889 1
88 1894 1
88 1898 1
89 12 1
89 70 1
89 672 1
89 939 1
89 970 1
89 1002 1
90 15 1
90 32 1
90 34 1
90 564 1
90 914 1
90 1509 1
90 1522 1
90 1628 1
91 26 1
91 261 1
91 438 1
91 762 1
91 1252 1
91 1277 1
92 16 1
92 38 1
92 198 1
92 1466 1
92 2034 1
93 30 1
93 490 1
93 846 1
93 940 1
94 784 1
94 1220 1
94 1380 1
94 1415 1
95 66 1
95 85 1
95 88 1
95 252 1
95 357 1
95 628 1
95 731 1
95 1146 1
95 1324 1
95 1444 1
95 2021 1
96 78 1
96 136 1
96 137 1
96 482 1
96 850 1
96 973 1
96 1181 1
96 1566 1
96 1646 1
96 1847 1
96 1916 1
97 76 1
97 359 1
97 429 1
97 569 1
97 647 1
97 694 1
97 720 1
97 730 1
97 751 1
97 777 1
97 810 1
97 886 1
97 1039 1
97 1073 1
97 1525 1
97 1543 1
97 1556 1
97 1615 1
97 1705 1
97 1718 1
97 1848 1
97 1879 1
98 13 1
98 177 1
98 187 1
98 382 1
98 426 1
98 540 1
98 758 1
98 964 1
98 989 1
98 996 1
98 1053 1
98 1108 1
98 1119 1
98 1140 1
98 1147 1
98 1185 1
98 1261 1
98 1394 1
98 1492 1
98 1532 1
98 1550 1
98 1607 1
98 1743 1
98 1750 1
98 1771 1
98 1887 1
98 1931 1
98 1935 1
98 1943 1
98 2011 1
99 24 1
99 223 1
99 293 1
99 339 1
99 367 1
99 377 1
99 406 1
99 409 1
99 531 1
99 585 1
99 625 1
99 660 1
99 746 1
99 843 1
99 1054 1
99 1172 1
99 1201 1
99 1265 1
99 1279 1
99 1317 1
99 1389 1
99 1406 1
99 1458 1
99 1467 1
99 1482 1
99 1685 1
99 1737 1
100 3 1
100 139 1
100 151 1
100 179 1
100 229 1
100 431 1
100 478 1
100 549 1
100 664 1
100 669 1
100 753 1
100 811 1
100 831 1
100 1055 1
100 1098 1
100 1304 1
100 1396 1
100 1423 1
100 1433 1
100 1461 1
100 1638 1
100 1652 1
100 1669 1
100 1742 1
100 1751 1
100 1752 1
100 1761 1
100 1893 1
100 1963 1
100 1971 1
101 121 1
101 123 1
101 134 1
101 336 1
101 390 1
101 415 1
101 468 1
101 474 1
101 555 1
101 709 1
101 726 1
101 852 1
101 853 1
101 856 1
101 1064 1
101 1074 1
101 1095 1
101 1122 1
101 1149 1
101 1173 1
101 1231 1
101 1282 1
101 1384 1
101 1403 1
101 1480 1
101 1519 1
101 1661 1
101 2029 1
102 20 1
102 23 1
102 116 1
102 349 1
102 822 1
102 1339 1
102 1421 1
102 1510 1
102 1644 1
102 1774 1
102 1820 1
102 1904 1
102 1944 1
102 1975 1
102 2015 1
102 2031 1
103 201 1
103 211 1
103 304 1
103 421 1
103 466 1
103 712 1
103 719 1
103 725 1
103 844 1
103 887 1
103 916 1
103 1125 1
103 1176 1
103 1309 1
103 1570 1
103 1626 1
103 1767 1
103 1857 1
103 1869 1
103 1980 1
103 2044 1
104 4 1
104 6 1
104 560 1
104 988 1
104 1072 1
104 1409 1
104 1428 1
104 1700 1
104 1829 1
105 26 1
105 169 1
105 318 1
105 498 1
105 748 1
105 821 1
105 1280 1
105 1500 1
105 1991 1
105 2012 1
106 26 1
106 36 1
106 192 1
106 649 1
106 740 1
106 862 1
106 1453 1
106 1531 1
107 37 1
107 96 1
107 1322 1
107 1814 1
107 2017 1
108 185 1
108 323 1
108 338 1
108 497 1
108 1222 1
108 1430 1
108 1874 1
109 6 1
109 376 1
109 1269 1
109 1367 1
109 1382 1
109 1723 1
109 1784 1
109 1833 1
110 6 1
110 38 1
110 64 1
110 734 1
110 759 1
110 1696 1
111 723 1
111 1047 1
111 1177 1
111 1927 1
111 2006 1
112 3 1
112 71 1
112 235 1
112 728 1
112 733 1
112 830 1
112 963 1
112 1298 1
112 1660 1
112 1714 1
112 1804 1
112 1912 1
113 41 1
113 130 1
113 285 1
113 286 1
113 394 1
113 485 1
113 657 1
113 711 1
113 792 1
113 1139 1
113 1402 1
113 1413 1
113 1925 1
114 213 1
114 227 1
114 264 1
114 805 1
114 838 1
114 847 1
114 931 1
114 954 1
114 1103 1
114 1134 1
114 1194 1
114 1219 1
114 1281 1
114 1441 1
114 1470 1
114 1540 1
114 1682 1
114 2036 1
115 74 1
115 280 1
115 311 1
115 365 1
115 801 1
115 1127 1
115 1133 1
115 1142 1
115 1216 1
115 1236 1
115 1347 1
115 1581 1
115 1747 1
115 1788 1
115 1822 1
115 1830 1
115 1909 1
115 1959 1
115 1964 1
115 1976 1
115 1994 1
116 21 1
116 24 1
116 54 1
116 60 1
116 109 1
116 230 1
116 247 1
116 255 1
116 322 1
116 562 1
116 693 1
116 785 1
116 798 1
116 858 1
116 1089 1
116 1217 1
116 1404 1
116 1439 1
116 1485 1
116 1573 1
116 1654 1
116 1758 1
116 1795 1
116 1851 1
116 1953 1
116 1995 1
116 2005 1
117 7 1
117 107 1
117 132 1
117 411 1
117 436 1
117 479 1
117 513 1
117 634 1
117 732 1
117 791 1
117 900 1
117 929 1
117 1012 1
117 1040 1
117 1067 1
117 1091 1
117 1099 1
117 1358 1
117 1549 1
117 1599 1
117 1641 1
117 1693 1
117 1759 1
117 1781 1
117 1791 1
117 1809 1
117 1835 1
117 2010 1
117 2028 1
118 232 1
118 262 1
118 342 1
118 446 1
118 495 1
118 538 1
118 558 1
118 587 1
118 656 1
118 706 1
118 816 1
118 828 1
118 1015 1
118 1046 1
118 1144 1
118 1213 1
118 1248 1
118 1291 1
118 1321 1
118 1462 1
118 1483 1
118 1575 1
118 1672 1
118 1684 1
118 1798 1
118 1920 1
118 1945 1
118 2046 1
119 22 1
119 100 1
119 162 1
119 166 1
119 204 1
119 239 1
119 283 1
119 292 1
119 487 1
119 529 1
119 541 1
119 779 1
119 814 1
119 829 1
119 928 1
119 965 1
119 1276 1
119 1447 1
119 1481 1
119 1568 1
119 1773 1
119 1845 1
119 1979 1
120 33 1
120 83 1
120 207 1
120 220 1
120 257 1
120 300 1
120 506 1
120 572 1
120 582 1
120 705 1
120 865 1
120 895 1
120 901 1
120 925 1
120 1383 1
120 1479 1
120 1547 1
120 1609 1
120 1624 1
120 1677 1
120 1746 1
120 1954 1
121 5 1
121 7 1
121 22 1
121 133 1
121 145 1
121 226 1
121 251 1
121 491 1
121 766 1
121 948 1
121 1121 1
121 1161 1
121 1457 1
121 1732 1
121 1865 1
121 1989 1
122 13 1
122 89 1
122 250 1
122 302 1
122 1013 1
122 1061 1
122 1735 1
122 1853 1
123 41 1
123 209 1
123 271 1
123 442 1
123 523 1
123 678 1
123 774 1
123 943 1
124 2 1
124 31 1
124 1258 1
124 1377 1
124 1521 1
124 1578 1
124 1724 1
124 1816 1
125 12 1
125 33 1
125 265 1
125 1312 1
125 1498 1
125 1770 1
125 2002 1
126 18 1
126 43 1
126 156 1
126 430 1
126 437 1
126 610 1
126 1286 1
126 1501 1
126 1811 1
126 1868 1
127 454 1
127 761 1
127 1030 1
127 1268 1
127 1687 1
127 1738 1
128 10 1
128 35 1
128 146 1
128 425 1
128 977 1
128 1126 1
128 1130 1
128 1191 1
128 1375 1
129 11 1
129 32 1
129 37 1
129 81 1
129 500 1
129 1618 1
129 1777 1
129 1819 1
130 86 1
130 294 1
130 315 1
130 388 1
130 412 1
130 458 1
130 755 1
130 1086 1
130 1619 1
130 1754 1
131 42 1
131 127 1
131 147 1
131 290 1
131 324 1
131 373 1
131 374 1
131 381 1
131 472 1
131 601 1
131 621 1
131 638 1
131 646 1
131 788 1
131 817 1
131 873 1
131 1066 1
131 1227 1
131 1330 1
131 1643 1
131 1683 1
131 1778 1
132 69 1
132 150 1
132 233 1
132 444 1
132 807 1
132 833 1
132 999 1
132 1023 1
132 1033 1
132 1052 1
132 1112 1
132 1160 1
132 1199 1
132 1264 1
132 1340 1
132 1395 1
132 1399 1
132 1414 1
132 1474 1
132 1528 1
132 1596 1
132 1782 1
132 1872 1
132 2014 1
132 2035 1
132 2038 1
133 11 1
133 25 1
133 163 1
133 173 1
133 273 1
133 278 1
133 494 1
133 612 1
133 688 1
133 708 1
133 757 1
133 802 1
133 920 1
133 1009 1
133 1026 1
133 1028 1
133 1071 1
133 1100 1
133 1117 1
133 1163 1
133 1234 1
133 1238 1
133 1285 1
133 1407 1
133 1582 1
133 1854 1
133 1918 1
133 1926 1
134 189 1
134 507 1
134 577 1
134 619 1
134 673 1
134 743 1
134 991 1
134 1078 1
134 1320 1
134 1328 1
134 1356 1
134 1422 1
134 1434 1
134 1452 1
134 1486 1
134 1545 1
134 1560 1
134 1589 1
134 1841 1
134 2030 1
135 24 1
135 87 1
135 182 1
135 199 1
135 327 1
135 561 1
135 574 1
135 701 1
135 771 1
135 905 1
135 926 1
135 1019 1
135 1156 1
135 1170 1
135 1289 1
135 1346 1
135 1688 1
135 1720 1
135 1842 1
135 1875 1
135 1937 1
135 2025 1
135 2047 1
136 5 1
136 34 1
136 46 1
136 65 1
136 101 1
136 138 1
136 142 1
136 197 1
136 237 1
136 363 1
136 396 1
136 520 1
136 662 1
136 780 1
136 818 1
136 1038 1
136 1051 1
136 1546 1
136 1561 1
136 1601 1
136 1726 1
136 1775 1
137 32 1
137 35 1
137 36 1
137 108 1
137 168 1
137 332 1
137 369 1
137 568 1
137 622 1
137 827 1
137 911 1
137 917 1
137 987 1
137 1056 1
137 1357 1
137 1477 1
137 1554 1
137 1585 1
137 1896 1
138 492 1
138 521 1
138 536 1
138 849 1
138 1129 1
138 1187 1
138 1489 1
138 1529 1
138 1536 1
138 1604 1
138 1614 1
138 1748 1
138 2023 1
138 2042 1
139 371 1
139 400 1
139 403 1
139 764 1
139 775 1
139 947 1
139 1069 1
139 1314 1
139 1565 1
139 1757 1
140 4 1
140 25 1
140 391 1
140 1137 1
141 675 1
141 1221 1
141 1707 1
141 1715 1
141 1919 1
141 1952 1
142 35 1
142 216 1
142 299 1
142 635 1
142 1131 1
142 1623 1
142 1631 1
142 1656 1
143 33 1
143 573 1
143 1370 1
143 1386 1
143 1497 1
143 1704 1
144 19 1
144 24 1
144 1362 1
144 1429 1
144 1495 1
145 17 1
145 258 1
145 306 1
145 459 1
145 735 1
145 1345 1
145 1503 1
146 111 1
146 267 1
146 783 1
146 912 1
146 938 1
146 1465 1
146 1502 1
146 1805 1
147 56 1
147 224 1
147 467 1
147 737 1
147 789 1
147 934 1
147 971 1
147 1184 1
147 1334 1
147 1335 1
147 1348 1
147 1365 1
147 1391 1
147 1966 1
148 4 1
148 10 1
148 93 1
148 94 1
148 884 1
148 1225 1
148 1392 1
148 1425 1
148 1523 1
148 1591 1
148 1606 1
148 1657 1
148 1709 1
148 1849 1
148 1950 1
148 1965 1
148 1978 1
148 1984 1
148 2004 1
148 2007 1
148 2024 1
149 22 1
149 31 1
149 57 1
149 92 1
149 243 1
149 288 1
149 423 1
149 451 1
149 553 1
149 750 1
149 808 1
149 978 1
149 1008 1
149 1093 1
149 1372 1
149 1379 1
149 1535 1
149 1600 1
149 1650 1
149 1653 1
149 1768 1
149 1923 1
149 1951 1
150 103 1
150 105 1
150 140 1
150 164 1
150 236 1
150 272 1
150 331 1
150 407 1
150 592 1
150 616 1
150 699 1
150 713 1
150 813 1
150 842 1
150 860 1
150 921 1
150 1158 1
150 1168 1
150 1440 1
150 1512 1
150 1516 1
150 1518 1
150 1625 1
150 1808 1
150 1938 1
151 59 1
151 82 1
151 203 1
151 234 1
151 241 1
151 463 1
151 470 1
151 776 1
151 980 1
151 992 1
151 1014 1
151 1070 1
151 1088 1
151 1326 1
151 1359 1
151 1393 1
151 1517 1
151 1533 1
151 1572 1
151 1579 1
151 1610 1
151 1695 1
151 1736 1
151 1772 1
151 1861 1
151 1900 1
151 1972 1
151 1986 1
151 2001 1
152 183 1
152 268 1
152 356 1
152 375 1
152 393 1
152 395 1
152 503 1
152 631 1
152 650 1
152 876 1
152 976 1
152 1114 1
152 1333 1
152 1398 1
152 1438 1
152 1442 1
152 1451 1
152 1490 1
152 1708 1
152 1803 1
152 1870 1
152 1890 1
153 221 1
153 361 1
153 527 1
153 603 1
153 618 1
153 744 1
153 772 1
153 790 1
153 815 1
153 1004 1
153 1017 1
153 1132 1
153 1190 1
153 1278 1
153 1463 1
153 1797 1
153 1902 1
154 240 1
154 256 1
154 462 1
154 871 1
154 915 1
154 1182 1
154 1431 1
154 1464 1
154 1632 1
155 45 1
155 281 1
155 387 1
155 717 1
155 997 1
155 1081 1
155 1824 1
155 1839 1
156 62 1
156 208 1
156 291 1
156 337 1
156 486 1
156 567 1
156 598 1
156 1476 1
156 1690 1
156 1739 1
156 1855 1
156 1960 1
156 1990 1
157 440 1
157 1179 1
157 1198 1
157 1369 1
157 1484 1
157 1863 1
157 1977 1
158 913 1
158 1313 1
159 483 1
159 544 1
159 754 1
160 465 1
160 1417 1
161 595 1
161 1083 1
162 200 1
162 253 1
162 589 1
162 597 1
162 632 1
162 968 1
162 1150 1
162 1162 1
162 1907 1
163 53 1
163 75 1
163 480 1
163 642 1
163 687 1
163 769 1
163 893 1
163 1105 1
163 1120 1
163 1175 1
163 1800 1
163 1821 1
163 1852 1
163 2020 1
164 68 1
164 160 1
164 282 1
164 366 1
164 475 1
164 511 1
164 607 1
164 626 1
164 644 1
164 654 1
164 819 1
164 959 1
164 981 1
164 982 1
164 998 1
164 1110 1
164 1316 1
164 1499 1
164 1577 1
164 1671 1
164 1725 1
164 1744 1
164 1815 1
164 1957 1
165 91 1
165 191 1
165 212 1
165 314 1
165 320 1
165 460 1
165 522 1
165 525 1
165 547 1
165 584 1
165 696 1
165 741 1
165 782 1
165 787 1
165 863 1
165 867 1
165 897 1
165 899 1
165 1104 1
165 1195 1
165 1300 1
165 1443 1
165 1608 1
165 1711 1
165 1880 1
165 1886 1
165 1969 1
166 52 1
166 122 1
166 346 1
166 416 1
166 435 1
166 581 1
166 652 1
166 695 1
166 891 1
166 907 1
166 918 1
166 927 1
166 990 1
166 1058 1
166 1059 1
166 1075 1
166 1151 1
166 1235 1
166 1318 1
166 1353 1
166 1363 1
166 1445 1
166 1537 1
166 1563 1
166 1655 1
166 1658 1
166 1692 1
166 1755 1
166 1838 1
166 1929 1
166 1983 1
166 2019 1
167 125 1
167 126 1
167 128 1
167 158 1
167 372 1
167 379 1
167 613 1
167 624 1
167 826 1
167 984 1
167 1025 1
167 1141 1
167 1299 1
167 1506 1
167 1542 1
167 1727 1
167 1728 1
167 1911 1
167 2040 1
168 383 1
168 449 1
168 804 1
168 966 1
168 1003 1
168 1035 1
168 1212 1
168 1224 1
168 1255 1
168 1283 1
168 1295 1
168 1378 1
168 1381 1
168 1513 1
168 1612 1
168 1733 1
168 1790 1
168 1888 1
169 47 1
169 119 1
169 317 1
169 397 1
169 512 1
169 995 1
169 1044 1
169 1174 1
169 1197 1
169 1924 1
170 44 1
170 77 1
170 453 1
170 637 1
170 703 1
170 1207 1
170 1242 1
170 1419 1
170 1776 1
170 1840 1
170 2022 1
171 172 1
171 219 1
171 399 1
171 641 1
171 679 1
171 883 1
171 1228 1
171 1315 1
171 1437 1
171 1551 1
171 1622 1
171 1691 1
171 1828 1
171 1878 1
172 155 1
172 340 1
172 952 1
172 1305 1
172 1553 1
172 1647 1
172 2013 1
173 129 1
173 1092 1
174 181 1
174 760 1
174 956 1
174 957 1
174 1801 1
175 118 1
175 441 1
175 1400 1
175 1882 1
175 1998 1
176 102 1
176 410 1
176 786 1
176 874 1
176 1846 1
177 975 1
177 1200 1
177 1427 1
177 1753 1
177 1901 1
178 591 1
178 848 1
178 961 1
178 1041 1
178 1469 1
178 1730 1
178 1796 1
178 1999 1
179 110 1
179 222 1
179 420 1
179 519 1
179 535 1
179 623 1
179 661 1
179 795 1
179 1290 1
179 1410 1
179 1505 1
179 1766 1
179 1864 1
179 1970 1
180 49 1
180 50 1
180 259 1
180 295 1
180 392 1
180 413 1
180 526 1
180 550 1
180 556 1
180 586 1
180 606 1
180 608 1
180 627 1
180 745 1
180 962 1
180 1007 1
180 1029 1
180 1205 1
180 1343 1
180 1593 1
180 1710 1
180 1745 1
180 1762 1
180 1867 1
180 1958 1
180 2009 1
181 159 1
181 352 1
181 488 1
181 681 1
181 682 1
181 739 1
181 793 1
181 800 1
181 936 1
181 1049 1
181 1094 1
181 1206 1
181 1257 1
181 1274 1
181 1373 1
181 1385 1
181 1493 1
181 1534 1
181 1569 1
181 1760 1
181 1785 1
181 1836 1
182 67 1
182 167 1
182 238 1
182 343 1
182 353 1
182 389 1
182 398 1
182 667 1
182 671 1
182 765 1
182 924 1
182 1251 1
182 1270 1
182 1293 1
182 1297 1
182 1527 1
182 1706 1
182 1719 1
182 1783 1
182 1905 1
182 1942 1
183 165 1
183 217 1
183 651 1
183 1048 1
183 1084 1
183 1157 1
183 1272 1
183 1337 1
183 1459 1
183 1552 1
183 1598 1
183 1799 1
183 1843 1
183 1936 1
184 29 1
184 99 1
184 153 1
184 195 1
184 254 1
184 405 1
184 452 1
184 806 1
184 851 1
184 1011 1
184 1539 1
184 1548 1
184 1633 1
184 1740 1
184 1765 1
184 1877 1
184 1934 1
184 1956 1
185 28 1
185 206 1
185 287 1
185 579 1
185 676 1
185 1063 1
185 1789 1
185 1812 1
185 2000 1
186 260 1
186 710 1
186 933 1
187 841 1
187 1296 1
187 1832 1
188 432 1
188 960 1
188 993 1
188 1077 1
188 1188 1
188 1360 1
188 1876 1
189 747 1
190 563 1
190 599 1
190 1135 1
191 1005 1
192 347 1
192 350 1
193 296 1
193 879 1
193 1154 1
194 245 1
194 275 1
194 335 1
194 1183 1
194 1307 1
194 1456 1
194 1541 1
195 114 1
195 414 1
195 471 1
195 493 1
195 639 1
195 715 1
195 796 1
195 908 1
195 1016 1
195 1260 1
195 1262 1
195 1263 1
195 1271 1
195 1678 1
195 1749 1
195 1844 1
196 1 1
196 517 1
196 721 1
196 799 1
196 837 1
196 983 1
196 1031 1
196 1045 1
196 1254 1
196 1325 1
196 1344 1
196 1412 1
196 1961 1
197 58 1
197 149 1
197 154 1
197 205 1
197 401 1
197 566 1
197 763 1
197 902 1
197 967 1
197 1145 1
197 1209 1
197 1214 1
197 1230 1
197 1259 1
197 1366 1
197 1376 1
197 1520 1
197 1595 1
197 1663 1
197 1891 1
198 319 1
198 402 1
198 604 1
198 700 1
198 945 1
198 1557 1
198 1659 1
198 1713 1
199 210 1
199 309 1
199 355 1
199 1178 1
199 1670 1
200 184 1
200 1189 1
200 1405 1
200 1630 1
201 98 1
201 112 1
201 1171 1
201 1571 1
201 1910 1
202 1397 1
203 14 1
203 515 1
203 658 1
203 1303 1
203 1831 1
204 1087 1
204 1694 1
204 1996 1
204 2043 1
205 284 1
205 778 1
205 1275 1
205 1472 1
205 1620 1
206 176 1
206 946 1
206 1450 1
207 1508 1
208 1662 1
209 303 1
209 313 1
209 823 1
209 910 1
209 923 1
209 951 1
209 1143 1
209 1504 1
209 1564 1
209 1583 1
209 1645 1
209 1908 1
210 422 1
210 665 1
210 683 1
210 689 1
210 932 1
210 1034 1
210 1169 1
210 1342 1
210 1468 1
210 1471 1
210 1611 1
210 1722 1
210 1729 1
210 1818 1
210 1946 1
211 117 1
211 225 1
211 360 1
211 443 1
211 469 1
211 524 1
211 670 1
211 718 1
211 1559 1
211 1584 1
211 1680 1
211 1734 1
211 1897 1
212 161 1
212 170 1
212 551 1
212 781 1
212 1202 1
212 1240 1
212 1332 1
212 1352 1
212 1448 1
212 1570 1
212 1780 1
212 1850 1
212 1982 1
213 180 1
213 277 1
213 548 1
213 640 1
213 1080 1
213 1361 1
213 1667 1
213 1786 1
214 90 1
214 231 1
214 339 1
214 439 1
214 600 1
214 690 1
214 1065 1
214 1341 1
214 1416 1
214 1586 1
214 1648 1
214 1679 1
214 1686 1
214 1823 1
214 1906 1
214 2003 1
215 316 1
215 321 1
215 334 1
215 351 1
215 736 1
215 756 1
215 953 1
215 1866 1
216 308 1
216 325 1
216 537 1
216 835 1
216 869 1
216 894 1
216 1574 1
216 1592 1
216 1637 1
216 1892 1
216 1968 1
217 528 1
217 773 1
217 1526 1
218 404 1
218 704 1
218 749 1
218 1881 1
219 386 1
219 892 1
219 1218 1
219 1338 1
219 1814 1
220 95 1
220 274 1
220 1247 1
220 1253 1
220 1922 1
221 362 1
221 546 1
221 1196 1
221 1401 1
222 903 1
222 940 1
222 1239 1
223 1138 1
223 1883 1
224 301 1
224 450 1
224 534 1
224 941 1
224 1675 1
224 1992 1
225 51 1
225 63 1
225 70 1
225 341 1
225 464 1
225 663 1
225 677 1
225 896 1
225 949 1
225 1085 1
225 1223 1
225 1308 1
225 1349 1
225 1364 1
225 1826 1
225 2048 1
226 48 1
226 97 1
226 457 1
226 473 1
226 554 1
226 594 1
226 724 1
226 809 1
226 1050 1
226 1068 1
226 1107 1
226 1426 1
226 1514 1
226 1794 1
226 1930 1
226 1988 1
226 2041 1
227 40 1
227 496 1
227 571 1
227 585 1
227 797 1
227 881 1
227 898 1
227 970 1
227 1102 1
227 1128 1
227 1237 1
227 1244 1
227 1435 1
227 1509 1
227 1639 1
227 1947 1
228 246 1
228 455 1
228 514 1
228 565 1
228 569 1
228 583 1
228 628 1
228 629 1
228 636 1
228 811 1
228 854 1
228 856 1
228 864 1
228 888 1
228 904 1
228 939 1
228 1118 1
228 1123 1
228 1164 1
228 1210 1
228 1226 1
228 1287 1
228 1475 1
228 1616 1
228 1873 1
228 1931 1
228 2016 1
228 2018 1
228 2032 1
228 2034 1
229 84 1
229 186 1
229 188 1
229 345 1
229 630 1
229 645 1
229 714 1
229 770 1
229 845 1
229 870 1
229 1000 1
229 1037 1
229 1101 1
229 1108 1
229 1266 1
229 1384 1
229 1455 1
229 1488 1
229 1511 1
229 1603 1
229 1764 1
229 1806 1
229 1898 1
230 171 1
230 310 1
230 380 1
230 445 1
230 484 1
230 489 1
230 533 1
230 590 1
230 691 1
230 727 1
230 812 1
230 840 1
230 1115 1
230 1167 1
230 1280 1
230 1371 1
230 1428 1
230 1496 1
230 1817 1
230 1903 1
230 1941 1
231 61 1
231 115 1
231 201 1
231 539 1
231 617 1
231 666 1
231 1246 1
231 1277 1
231 1862 1
232 269 1
232 289 1
232 305 1
232 417 1
232 570 1
232 655 1
232 777 1
232 1062 1
232 1388 1
232 1420 1
232 1460 1
232 1597 1
232 1674 1
232 1827 1
233 729 1
233 944 1
233 955 1
233 1006 1
233 1096 1
233 1590 1
234 192 1
234 252 1
234 509 1
234 684 1
234 1327 1
234 1634 1
234 1769 1
235 297 1
235 1249 1
236 266 1
236 1204 1
236 1837 1
237 447 1
237 937 1
237 1415 1
237 1668 1
238 358 1
238 364 1
238 510 1
238 868 1
238 1807 1
239 148 1
239 972 1
239 2039 1
240 1079 1
240 1329 1
240 1355 1
240 1985 1
241 55 1
241 80 1
241 131 1
241 502 1
241 625 1
241 668 1
241 742 1
241 832 1
241 890 1
241 1106 1
241 1292 1
241 1588 1
241 1955 1
242 124 1
242 194 1
242 198 1
242 448 1
242 543 1
242 615 1
242 767 1
242 861 1
242 875 1
242 906 1
242 930 1
242 1043 1
242 1165 1
242 1186 1
242 1243 1
242 1374 1
242 1387 1
242 1403 1
242 1699 1
242 1895 1
242 1963 1
242 1973 1
242 1997 1
243 104 1
243 141 1
243 279 1
243 344 1
243 348 1
243 357 1
243 368 1
243 476 1
243 711 1
243 722 1
243 803 1
243 1039 1
243 1097 1
243 1098 1
243 1136 1
243 1140 1
243 1232 1
243 1284 1
243 1301 1
243 1350 1
243 1556 1
243 1894 1
243 1914 1
243 1917 1
243 1928 1
243 1949 1
243 2045 1
244 72 1
244 73 1
244 144 1
244 178 1
244 218 1
244 359 1
244 419 1
244 501 1
244 508 1
244 564 1
244 576 1
244 702 1
244 752 1
244 768 1
244 820 1
244 831 1
244 931 1
244 935 1
244 974 1
244 985 1
244 1076 1
244 1111 1
244 1155 1
244 1288 1
244 1487 1
244 1576 1
244 1636 1
244 1644 1
244 1666 1
244 1771 1
244 1792 1
244 1871 1
244 1913 1
244 1921 1
244 1974 1
245 152 1
245 175 1
245 242 1
245 311 1
245 323 1
245 477 1
245 530 1
245 531 1
245 643 1
245 872 1
245 958 1
245 988 1
245 1015 1
245 1027 1
245 1040 1
245 1312 1
245 1446 1
245 1473 1
245 1558 1
245 1621 1
246 130 1
246 270 1
246 326 1
246 549 1
246 605 1
246 1018 1
246 1116 1
246 1148 1
246 1317 1
246 1354 1
246 1436 1
246 1507 1
246 1712 1
246 1816 1
246 1915 1
246 1943 1
247 39 1
247 143 1
247 223 1
247 304 1
247 433 1
247 706 1
247 1231 1
247 1265 1
247 1380 1
247 1406 1
247 1581 1
247 1654 1
247 1696 1
247 1698 1
247 1904 1
247 2036 1
248 139 1
248 426 1
248 738 1
248 1026 1
248 1095 1
248 1311 1
248 1408 1
248 1580 1
248 1649 1
248 2008 1
249 887 1
249 925 1
249 1302 1
249 1449 1
249 1933 1
250 261 1
250 877 1
250 878 1
250 909 1
250 1103 1
250 1629 1
250 1750 1
250 1767 1
251 1319 1
251 1566 1
251 1975 1
252 157 1
252 318 1
252 411 1
252 1273 1
252 1732 1
253 1042 1
253 1217 1
253 1279 1
253 1491 1
253 1640 1
254 424 1
254 1233 1
254 1250 1
254 1515 1
255 135 1
255 674 1
255 794 1
255 964 1
255 1161 1
255 1752 1
256 1351 1
256 1530 1
256 1615 1
256 1716 1
256 1717 1
256 1940 1
257 113 1
257 328 1
257 552 1
257 660 1
257 885 1
257 1022 1
257 1082 1
257 1180 1
257 1336 1
257 1424 1
257 1480 1
257 1607 1
257 1661 1
257 1810 1
258 78 1
258 151 1
258 169 1
258 333 1
258 378 1
258 384 1
258 421 1
258 532 1
258 558 1
258 740 1
258 758 1
258 759 1
258 810 1
258 895 1
258 1032 1
258 1053 1
258 1072 1
258 1152 1
258 1203 1
258 1430 1
258 1562 1
258 1665 1
258 1945 1
258 1948 1
258 1962 1
258 2011 1
258 2028 1
259 190 1
259 324 1
259 466 1
259 541 1
259 611 1
259 730 1
259 732 1
259 751 1
259 791 1
259 830 1
259 852 1
259 919 1
259 969 1
259 1021 1
259 1215 1
259 1281 1
259 1304 1
259 1596 1
259 1731 1
259 1754 1
259 1802 1
259 1822 1
259 1825 1
259 1987 1
259 2017 1
259 2031 1
259 2033 1
260 101 1
260 429 1
260 438 1
260 504 1
260 609 1
260 784 1
260 973 1
260 1074 1
260 1241 1
260 1256 1
260 1339 1
260 1368 1
260 1423 1
260 1462 1
260 1594 1
260 1617 1
260 1857 1
260 1991 1
260 2027 1
261 83 1
261 106 1
261 214 1
261 354 1
261 382 1
261 409 1
261 481 1
261 559 1
261 620 1
261 633 1
261 647 1
261 798 1
261 818 1
261 846 1
261 901 1
261 979 1
261 989 1
261 1057 1
261 1159 1
261 1306 1
261 1310 1
261 1390 1
261 1418 1
261 1501 1
261 1555 1
261 1652 1
261 1682 1
261 1700 1
261 1899 1
261 1967 1
262 174 1
262 307 1
262 498 1
262 593 1
262 1146 1
262 1291 1
262 1323 1
262 1466 1
262 1538 1
262 1550 1
262 1676 1
262 1697 1
262 1723 1
262 1779 1
262 2029 1
262 2044 1
263 116 1
263 385 1
263 415 1
263 491 1
263 555 1
263 596 1
263 686 1
263 986 1
263 1036 1
263 1245 1
263 1411 1
263 1439 1
263 1453 1
263 1718 1
263 1964 1
264 578 1
264 716 1
264 839 1
264 844 1
264 942 1
264 1010 1
264 1023 1
264 1067 1
264 1642 1
265 136 1
265 244 1
265 461 1
265 487 1
265 499 1
265 685 1
265 815 1
265 1122 1
265 1980 1
266 66 1
266 560 1
266 1267 1
266 1813 1
266 1885 1
267 785 1
267 1181 1
268 249 1
268 280 1
268 377 1
268 656 1
268 882 1
268 1298 1
268 1543 1
268 1743 1
268 1887 1
269 79 1
269 381 1
269 388 1
269 1020 1
271 748 1
271 1001 1
272 228 1
272 428 1
272 805 1
272 836 1
272 1177 1
272 2037 1
273 54 1
273 408 1
273 669 1
273 709 1
273 1394 1
273 1432 1
273 1859 1
274 298 1
274 635 1
274 697 1
274 788 1
274 825 1
274 866 1
274 1166 1
274 1192 1
274 1201 1
274 1236 1
274 1485 1
274 1587 1
274 1687 1
274 1756 1
274 1773 1
274 1778 1
274 1847 1
274 1874 1
274 1884 1
274 1993 1
275 196 1
275 478 1
275 482 1
275 720 1
275 733 1
275 762 1
275 914 1
275 1054 1
275 1294 1
275 1474 1
275 1628 1
275 1703 1
275 1705 1
275 1787 1
275 1820 1
275 1889 1
275 1912 1
275 1920 1
275 1939 1
275 1944 1
276 18 1
276 137 1
276 177 1
276 255 1
276 263 1
276 285 1
276 434 1
276 728 1
276 948 1
276 950 1
276 994 1
276 1030 1
276 1090 1
276 1124 1
276 1172 1
276 1478 1
276 1481 1
276 1483 1
276 1524 1
276 1573 1
276 1601 1
276 1605 1
276 1627 1
276 1742 1
276 1829 1
276 1959 1
276 2026 1
277 27 1
277 59 1
277 85 1
277 162 1
277 187 1
277 202 1
277 213 1
277 235 1
277 338 1
277 394 1
277 540 1
277 542 1
277 557 1
277 610 1
277 653 1
277 712 1
277 817 1
277 855 1
277 862 1
277 1052 1
277 1193 1
277 1211 1
277 1219 1
277 1229 1
277 1421 1
277 1467 1
277 1523 1
277 1599 1
277 1609 1
277 1738 1
277 1819 1
277 1834 1
277 1849 1
277 1971 1
277 2005 1
278 74 1
278 76 1
278 227 1
278 672 1
278 774 1
278 916 1
278 1024 1
278 1130 1
278 1185 1
278 1221 1
278 1331 1
278 1492 1
278 1567 1
278 1759 1
278 1879 1
279 142 1
279 468 1
279 513 1
279 694 1
279 731 1
279 766 1
279 850 1
279 1142 1
279 1208 1
279 1413 1
279 1447 1
279 1625 1
279 1689 1
279 1851 1
279 1954 1
280 406 1
280 889 1
280 987 1
280 1060 1
280 1070 1
280 1125 1
280 1261 1
280 1382 1
280 1407 1
280 1409 1
280 1602 1
280 1782 1
280 1865 1
280 1979 1
281 132 1
281 211 1
281 376 1
281 726 1
281 1269 1
281 1276 1
281 1673 1
281 1758 1
281 1791 1
281 1953 1
282 365 1
282 886 1
282 1113 1
282 1216 1
282 1624 1
282 1835 1
282 1981 1
282 2006 1
283 220 1
283 575 1
283 761 1
283 917 1
283 1149 1
283 1220 1
283 1925 1
284 300 1
284 485 1
284 1735 1
285 64 1
285 342 1
285 1522 1
286 1389 1
286 1869 1
287 134 1
287 197 1
287 322 1
287 1444 1
287 1793 1
287 1848 1
288 71 1
288 109 1
288 500 1
288 1510 1
288 1809 1
288 1932 1
289 431 1
289 657 1
289 822 1
289 865 1
289 1086 1
289 1109 1
289 1367 1
289 1500 1
289 1833 1
290 495 1
290 659 1
290 692 1
290 834 1
290 1227 1
290 1402 1
290 1519 1
290 1684 1
290 1781 1
290 1868 1
290 1875 1
291 81 1
291 250 1
291 336 1
291 418 1
291 494 1
291 523 1
291 602 1
291 612 1
291 678 1
291 680 1
291 708 1
291 838 1
291 929 1
291 996 1
291 1056 1
291 1133 1
291 1147 1
291 1153 1
291 1264 1
291 1282 1
291 1433 1
291 1454 1
291 1494 1
291 1532 1
291 1664 1
291 1916 1
291 1935 1
292 86 1
292 123 1
292 207 1
292 248 1
292 456 1
292 474 1
292 490 1
292 614 1
292 638 1
292 648 1
292 757 1
292 764 1
292 792 1
292 1004 1
292 1012 1
292 1173 1
292 1248 1
292 1404 1
292 1575 1
292 1635 1
292 1746 1
292 1795 1
292 1951 1
292 2042 1
293 93 1
293 107 1
293 120 1
293 215 1
293 427 1
293 436 1
293 444 1
293 516 1
293 518 1
293 673 1
293 688 1
293 723 1
293 725 1
293 755 1
293 772 1
293 802 1
293 858 1
293 859 1
293 1091 1
293 1117 1
293 1139 1
293 1144 1
293 1225 1
293 1321 1
293 1328 1
293 1386 1
293 1434 1
293 1498 1
293 1724 1
293 1763 1
293 1856 1
293 1927 1
293 2047 1
294 221 1
294 247 1
294 267 1
294 330 1
294 396 1
294 425 1
294 454 1
294 545 1
294 646 1
294 713 1
294 734 1
294 753 1
294 847 1
294 1100 1
294 1160 1
294 1184 1
294 1340 1
294 1497 1
294 1521 1
294 1565 1
294 1757 1
295 299 1
295 587 1
295 876 1
295 1200 1
295 1458 1
295 1518 1
295 1721 1
295 1751 1
295 1770 1
295 1989 1
295 2002 1
295 2025 1
296 89 1
296 258 1
296 984 1
296 1322 1
296 1613 1
296 1853 1
296 2010 1
297 88 1
297 165 1
297 693 1
297 1604 1
297 1836 1
298 302 1
298 577 1
298 828 1
298 843 1
298 857 1
298 1258 1
298 1632 1
299 370 1
299 664 1
299 743 1
299 779 1
299 1019 1
299 1489 1
299 1984 1
300 103 1
300 185 1
300 880 1
300 1141 1
300 1457 1
301 100 1
301 911 1
302 1708 1
303 17 1
303 96 1
303 1222 1
303 1314 1
304 290 1
304 1358 1
304 1704 1
304 2015 1
305 60 1
305 675 1
305 922 1
305 954 1
305 1134 1
305 1187 1
305 1461 1
305 1546 1
305 1560 1
305 1669 1
306 121 1
306 140 1
306 182 1
306 232 1
306 264 1
306 312 1
306 437 1
306 458 1
306 572 1
306 705 1
306 746 1
306 816 1
306 971 1
306 999 1
306 1009 1
306 1285 1
306 1377 1
306 1525 1
306 1623 1
306 1672 1
306 1702 1
306 1784 1
306 1877 1
307 69 1
307 111 1
307 138 1
307 146 1
307 173 1
307 191 1
307 257 1
307 373 1
307 390 1
307 400 1
307 521 1
307 873 1
307 928 1
307 1017 1
307 1119 1
307 1170 1
307 1176 1
307 1234 1
307 1268 1
307 1359 1
307 1362 1
307 1398 1
307 1516 1
307 1531 1
307 1536 1
307 1547 1
307 1582 1
307 1646 1
307 1651 1
307 1685 1
307 1714 1
307 1768 1
307 1777 1
307 1830 1
307 1918 1
308 16 1
308 57 1
308 193 1
308 492 1
308 520 1
308 568 1
308 582 1
308 737 1
308 824 1
308 1064 1
308 1093 1
308 1126 1
308 1324 1
308 1347 1
308 1356 1
308 1400 1
308 1470 1
308 1482 1
308 1561 1
308 1656 1
308 1720 1
308 1762 1
308 1893 1
309 13 1
309 47 1
309 199 1
309 230 1
309 239 1
309 240 1
309 306 1
309 379 1
309 573 1
309 735 1
309 775 1
309 833 1
309 938 1
309 965 1
309 1346 1
309 1477 1
309 1683 1
309 1845 1
309 1872 1
309 1995 1
309 2001 1
310 118 1
310 241 1
310 283 1
310 293 1
310 403 1
310 442 1
310 535 1
310 719 1
310 765 1
310 769 1
310 1002 1
310 1046 1
310 1198 1
310 1452 1
310 1484 1
310 1568 1
310 1709 1
310 1775 1
310 1870 1
310 1880 1
311 15 1
311 67 1
311 160 1
311 320 1
311 412 1
311 634 1
311 707 1
311 860 1
311 1099 1
311 1212 1
311 1252 1
311 1647 1
311 1657 1
311 1677 1
311 1701 1
311 1748 1
311 1867 1
311 1960 1
312 38 1
312 45 1
312 94 1
312 259 1
312 329 1
312 776 1
312 1348 1
312 1396 1
312 1841 1
312 1890 1
312 1994 1
313 133 1
313 262 1
313 506 1
313 804 1
313 814 1
313 1061 1
313 1399 1
313 1660 1
314 580 1
314 957 1
314 1577 1
314 1715 1
314 1860 1
315 631 1
315 926 1
315 1071 1
315 1129 1
315 1375 1
315 1414 1
315 1438 1
315 1727 1
316 1334 1
316 2035 1
317 361 1
317 826 1
317 1038 1
317 1156 1
317 1579 1
317 1909 1
318 470 1
318 915 1
319 229 1
319 538 1
319 588 1
319 842 1
319 1238 1
319 1395 1
320 821 1
320 848 1
320 1047 1
320 1459 1
320 1606 1
320 1854 1
321 164 1
321 237 1
321 251 1
321 374 1
321 387 1
321 698 1
321 790 1
321 947 1
321 991 1
321 1278 1
321 1451 1
321 1858 1
322 203 1
322 281 1
322 332 1
322 363 1
322 393 1
322 479 1
322 661 1
322 662 1
322 849 1
322 1370 1
322 1589 1
322 1626 1
322 1638 1
322 1737 1
322 1744 1
322 1798 1
322 1811 1
323 236 1
323 416 1
323 621 1
323 897 1
323 920 1
323 921 1
323 1174 1
323 1182 1
323 1191 1
323 1194 1
323 1372 1
323 1391 1
323 1442 1
323 1619 1
323 1681 1
323 1804 1
323 1842 1
323 1896 1
323 1966 1
323 2012 1
324 105 1
324 127 1
324 147 1
324 204 1
324 430 1
324 440 1
324 567 1
324 595 1
324 618 1
324 652 1
324 801 1
324 924 1
324 982 1
324 1008 1
324 1059 1
324 1073 1
324 1195 1
324 1270 1
324 1309 1
324 1383 1
324 1465 1
324 1533 1
324 1641 1
324 1755 1
324 1761 1
324 1919 1
324 2007 1
325 68 1
325 122 1
325 317 1
325 397 1
325 465 1
325 472 1
325 497 1
325 586 1
325 597 1
325 603 1
325 760 1
325 883 1
325 1013 1
325 1014 1
325 1069 1
325 1179 1
325 1300 1
325 1343 1
325 1365 1
325 1479 1
325 1490 1
325 1671 1
325 1690 1
325 1788 1
325 1839 1
325 1977 1
325 2046 1
326 208 1
326 291 1
326 294 1
326 467 1
326 505 1
326 553 1
326 616 1
326 626 1
326 717 1
326 829 1
326 912 1
326 934 1
326 1150 1
326 1337 1
326 1369 1
326 1441 1
326 1545 1
326 1610 1
326 1620 1
326 1688 1
326 1728 1
326 1801 1
326 1852 1
326 1923 1
327 43 1
327 172 1
327 260 1
327 268 1
327 273 1
327 462 1
327 813 1
327 1330 1
327 1335 1
327 1363 1
327 1630 1
327 1805 1
327 1886 1
327 1972 1
328 46 1
328 475 1
328 601 1
328 808 1
328 1162 1
328 1431 1
328 1542 1
328 1774 1
328 2040 1
329 853 1
329 959 1
329 1028 1
329 1066 1
329 1251 1
329 1544 1
329 1741 1
329 1965 1
330 687 1
330 1083 1
330 1088 1
330 1114 1
330 1199 1
330 1440 1
330 1739 1
330 1803 1
331 9 1
331 286 1
331 349 1
331 963 1
331 1633 1
331 1838 1
332 522 1
332 536 1
332 1188 1
332 2013 1
333 209 1
333 1190 1
333 1333 1
335 179 1
335 369 1
336 271 1
336 276 1
336 562 1
336 899 1
336 1033 1
336 1535 1
337 145 1
337 407 1
337 529 1
337 927 1
337 1044 1
337 1105 1
337 1499 1
337 1618 1
337 1650 1
337 2014 1
338 65 1
338 253 1
338 343 1
338 346 1
338 392 1
338 410 1
338 650 1
338 741 1
338 754 1
338 1007 1
338 1035 1
338 1055 1
338 1078 1
338 1316 1
338 1320 1
338 1502 1
338 1553 1
338 1725 1
338 1824 1
338 2020 1
338 2038 1
339 150 1
339 217 1
339 226 1
339 272 1
339 398 1
339 451 1
339 463 1
339 480 1
339 488 1
339 503 1
339 511 1
339 591 1
339 608 1
339 619 1
339 622 1
339 863 1
339 907 1
339 1029 1
339 1051 1
339 1120 1
339 1121 1
339 1168 1
339 1242 1
339 1318 1
339 1422 1
339 1437 1
339 1548 1
339 1591 1
339 1612 1
339 1658 1
339 1861 1
339 1911 1
340 44 1
340 119 1
340 256 1
340 292 1
340 303 1
340 375 1
340 459 1
340 574 1
340 701 1
340 744 1
340 827 1
340 900 1
340 905 1
340 992 1
340 1058 1
340 1094 1
340 1585 1
340 1600 1
340 1631 1
340 1643 1
340 1942 1
341 62 1
341 224 1
341 449 1
341 471 1
341 561 1
341 604 1
341 651 1
341 679 1
341 782 1
341 789 1
341 799 1
341 871 1
341 891 1
341 1045 1
341 1089 1
341 1158 1
341 1228 1
341 1332 1
341 1445 1
341 1952 1
342 366 1
342 435 1
342 512 1
342 527 1
342 556 1
342 696 1
342 786 1
342 819 1
342 1025 1
342 1235 1
342 1255 1
342 1313 1
342 1326 1
342 1427 1
342 1513 1
342 1693 1
342 1706 1
342 1765 1
342 1789 1
342 1821 1
342 1934 1
343 112 1
343 156 1
343 166 1
343 183 1
343 371 1
343 399 1
343 547 1
343 997 1
343 1137 1
343 1224 1
343 1495 1
343 1540 1
343 1549 1
343 1783 1
343 1863 1
343 1876 1
343 1907 1
344 2 1
344 34 1
344 75 1
344 486 1
344 550 1
344 918 1
344 981 1
344 1131 1
344 1929 1
345 212 1
345 265 1
345 327 1
345 507 1
345 745 1
345 806 1
345 2043 1
346 216 1
346 599 1
346 943 1
347 483 1
347 867 1
347 1178 1
347 1506 1
347 1529 1
348 1357 1
348 1486 1
348 1572 1
348 1614 1
349 783 1
349 851 1
349 1206 1
349 1213 1
349 1662 1
349 1772 1
350 372 1
350 807 1
351 200 1
351 1846 1
351 1978 1
352 233 1
352 243 1
352 314 1
352 995 1
352 1163 1
352 1275 1
352 1469 1
352 1799 1
353 128 1
353 168 1
353 544 1
353 579 1
353 624 1
353 976 1
353 990 1
353 1041 1
353 1112 1
353 1197 1
353 1443 1
353 1512 1
353 1554 1
353 1766 1
354 125 1
354 189 1
354 219 1
354 288 1
354 335 1
354 347 1
354 356 1
354 391 1
354 592 1
354 699 1
354 893 1
354 998 1
354 1132 1
354 1151 1
354 1272 1
354 1410 1
354 1429 1
354 1692 1
354 1808 1
354 1902 1
354 1957 1
354 2030 1
355 20 1
355 50 1
355 58 1
355 108 1
355 315 1
355 337 1
355 642 1
355 654 1
355 780 1
355 1145 1
355 1254 1
355 1297 1
355 1325 1
355 1505 1
355 1608 1
355 1622 1
355 1653 1
355 1691 1
355 1797 1
355 2003 1
356 28 1
356 30 1
356 92 1
356 102 1
356 129 1
356 167 1
356 360 1
356 446 1
356 525 1
356 665 1
356 710 1
356 874 1
356 975 1
356 1031 1
356 1075 1
356 1104 1
356 1183 1
356 1283 1
356 1405 1
356 1417 1
356 1425 1
356 1551 1
356 1679 1
356 1695 1
356 1707 1
356 1733 1
356 1736 1
356 1790 1
356 1888 1
356 1905 1
356 1983 1
357 10 1
357 14 1
357 163 1
357 181 1
357 331 1
357 367 1
357 432 1
357 526 1
357 598 1
357 637 1
357 787 1
357 913 1
357 961 1
357 968 1
357 977 1
357 980 1
357 1084 1
357 1123 1
357 1376 1
357 1412 1
357 1468 1
357 1537 1
357 1539 1
357 1670 1
357 1840 1
357 1998 1
357 1999 1
358 274 1
358 282 1
358 469 1
358 951 1
358 1127 1
358 1135 1
358 1157 1
358 1293 1
358 1349 1
358 1393 1
358 1456 1
358 1726 1
358 1753 1
358 1776 1
358 1785 1
358 1906 1
358 1938 1
359 6 1
359 206 1
359 340 1
359 389 1
359 581 1
359 1463 1
359 1527 1
359 1655 1
359 1855 1
359 1986 1
359 2023 1
360 56 1
360 353 1
360 1092 1
360 1747 1
361 87 1
361 234 1
361 689 1
361 1003 1
361 1416 1
361 1603 1
361 1956 1
362 117 1
362 649 1
362 793 1
362 1063 1
362 1274 1
362 1541 1
363 1730 1
365 8 1
365 110 1
365 1571 1
366 1832 1
367 1360 1
368 77 1
368 278 1
368 566 1
368 960 1
368 1262 1
368 1345 1
368 1419 1
368 1711 1
368 1796 1
368 1926 1
368 1976 1
368 2004 1
368 2021 1
369 91 1
369 154 1
369 205 1
369 441 1
369 589 1
369 606 1
369 644 1
369 671 1
369 884 1
369 903 1
369 908 1
369 978 1
369 993 1
369 1169 1
369 1286 1
369 1381 1
369 1476 1
369 1503 1
369 1563 1
369 1593 1
369 1734 1
369 1749 1
369 1815 1
369 1882 1
369 1901 1
369 1996 1
370 159 1
370 600 1
370 778 1
370 795 1
370 800 1
370 835 1
370 879 1
370 902 1
370 1048 1
370 1167 1
370 1289 1
370 1295 1
370 1303 1
370 1315 1
370 1392 1
370 1517 1
370 1520 1
370 1534 1
370 1578 1
370 1729 1
370 1800 1
370 1924 1
370 1970 1
370 1990 1
370 2022 1
371 49 1
371 52 1
371 114 1
371 245 1
371 383 1
371 395 1
371 420 1
371 718 1
371 936 1
371 939 1
371 946 1
371 956 1
371 1011 1
371 1081 1
371 1209 1
371 1249 1
371 1305 1
371 1388 1
371 1420 1
371 1436 1
371 1760 1
371 1864 1
371 1898 1
371 1910 1
371 1958 1
371 2009 1
372 99 1
372 195 1
372 295 1
372 352 1
372 607 1
372 627 1
372 932 1
372 966 1
372 1037 1
372 1397 1
372 1823 1
372 1866 1
372 1937 1
372 2019 1
373 29 1
373 51 1
373 126 1
373 153 1
373 231 1
373 316 1
373 413 1
373 443 1
373 464 1
373 537 1
373 563 1
373 747 1
373 1189 1
373 1299 1
373 1475 1
373 1488 1
373 1508 1
373 1559 1
373 1826 1
373 1928 1
373 2000 1
374 548 1
374 584 1
374 739 1
374 854 1
374 1353 1
374 1364 1
374 1426 1
375 161 1
375 519 1
375 749 1
375 1569 1
376 962 1
376 983 1
376 1016 1
376 1271 1
376 1583 1
377 97 1
377 222 1
377 254 1
377 313 1
377 952 1
377 1290 1
377 1552 1
377 1710 1
378 325 1
378 864 1
378 1344 1
379 569 1
379 695 1
380 155 1
380 296 1
380 655 1
380 940 1
381 238 1
381 493 1
381 667 1
381 1263 1
382 23 1
382 460 1
382 533 1
382 796 1
383 53 1
383 1378 1
383 1450 1
383 1897 1
383 1900 1
383 1936 1
383 1946 1
384 26 1
384 350 1
384 515 1
384 628 1
384 640 1
384 676 1
384 736 1
384 910 1
384 945 1
384 949 1
384 1207 1
384 1214 1
384 1230 1
384 1385 1
384 1464 1
384 1611 1
384 1844 1
384 1961 1
385 1 1
385 3 1
385 40 1
385 82 1
385 158 1
385 176 1
385 284 1
385 517 1
385 551 1
385 639 1
385 856 1
385 869 1
385 892 1
385 1110 1
385 1154 1
385 1366 1
385 1373 1
385 1504 1
385 1678 1
385 1680 1
385 1843 1
386 98 1
386 321 1
386 339 1
386 423 1
386 593 1
386 700 1
386 750 1
386 763 1
386 841 1
386 925 1
386 933 1
386 1087 1
386 1143 1
386 1171 1
386 1175 1
386 1202 1
386 1247 1
386 1384 1
386 1455 1
386 1637 1
386 1663 1
386 1828 1
386 1950 1
387 12 1
387 63 1
387 149 1
387 225 1
387 594 1
387 777 1
387 837 1
387 870 1
387 958 1
387 1005 1
387 1296 1
387 1352 1
387 1379 1
387 1481 1
387 1493 1
387 1908 1
387 1982 1
387 2016 1
388 148 1
388 301 1
388 345 1
388 457 1
388 623 1
388 681 1
388 715 1
388 771 1
388 1165 1
388 1371 1
388 1558 1
388 1645 1
388 1649 1
388 1686 1
388 1722 1
388 1812 1
388 1873 1
388 1992 1
389 42 1
389 453 1
389 738 1
389 1260 1
389 1312 1
389 1491 1
389 1831 1
389 1975 1
390 344 1
390 502 1
390 740 1
390 1265 1
390 1341 1
390 1401 1
390 1448 1
390 1528 1
390 1922 1
390 2008 1
391 894 1
391 1786 1
392 7 1
392 184 1
392 1032 1
392 1471 1
392 1719 1
393 724 1
393 1077 1
393 1712 1
393 1718 1
394 1243 1
395 439 1
395 930 1
395 1218 1
396 351 1
396 546 1
396 1164 1
396 1745 1
397 452 1
397 632 1
397 1509 1
398 311 1
398 1015 1
398 1049 1
398 1096 1
398 1196 1
398 1921 1
398 2024 1
399 287 1
399 341 1
399 402 1
399 528 1
399 541 1
399 576 1
399 641 1
399 670 1
399 773 1
399 781 1
399 1043 1
399 1204 1
399 1350 1
399 1566 1
399 1659 1
399 1780 1
399 1818 1
399 2034 1
400 190 1
400 304 1
400 362 1
400 422 1
400 571 1
400 625 1
400 683 1
400 690 1
400 702 1
400 823 1
400 845 1
400 967 1
400 1128 1
400 1329 1
400 1435 1
400 1511 1
400 1595 1
400 1636 1
400 1675 1
400 1699 1
400 1848 1
400 1969 1
400 2033 1
401 115 1
401 131 1
401 192 1
401 404 1
401 411 1
401 414 1
401 570 1
401 585 1
401 663 1
401 941 1
401 1021 1
401 1108 1
401 1161 1
401 1210 1
401 1226 1
401 1239 1
401 1292 1
401 1361 1
401 1406 1
401 1530 1
401 1570 1
401 1648 1
401 1764 1
401 1891 1
401 1903 1
401 1964 1
401 2039 1
402 11 1
402 70 1
402 269 1
402 455 1
402 565 1
402 756 1
402 1018 1
402 1040 1
402 1079 1
402 1241 1
402 1446 1
402 1462 1
402 1668 1
402 1837 1
402 1930 1
402 1993 1
402 2048 1
403 4 1
403 21 1
403 24 1
403 48 1
403 305 1
403 357 1
403 447 1
403 543 1
403 770 1
403 881 1
403 904 1
403 1010 1
403 1039 1
403 1240 1
403 1557 1
403 1850 1
403 1881 1
403 1939 1
403 1963 1
404 31 1
404 35 1
404 78 1
404 210 1
404 277 1
404 409 1
404 955 1
404 1113 1
404 1308 1
404 1514 1
404 1526 1
404 1564 1
404 1567 1
404 1639 1
404 1732 1
404 1892 1
404 1968 1
404 2017 1
405 19 1
405 223 1
405 382 1
405 450 1
405 831 1
405 1067 1
405 1223 1
405 1246 1
405 1453 1
406 270 1
406 706 1
406 721 1
406 730 1
406 1288 1
406 1408 1
406 1411 1
406 1807 1
407 25 1
407 37 1
407 139 1
407 703 1
407 1130 1
407 1232 1
407 1615 1
407 1625 1
407 1947 1
407 2045 1
409 1587 1
409 1694 1
409 1817 1
410 888 1
410 896 1
410 909 1
410 1584 1
410 1878 1
411 489 1
412 73 1
412 1253 1
412 1682 1
413 401 1
413 985 1
414 358 1
414 419 1
414 445 1
414 476 1
414 742 1
414 812 1
414 1597 1
414 1740 1
414 1806 1
414 1883 1
415 285 1
415 297 1
415 309 1
415 355 1
415 508 1
415 514 1
415 645 1
415 691 1
415 752 1
415 923 1
415 1098 1
415 1107 1
415 1244 1
415 1342 1
415 1507 1
415 1628 1
415 1859 1
415 1945 1
416 116 1
416 175 1
416 232 1
416 279 1
416 322 1
416 334 1
416 636 1
416 658 1
416 818 1
416 875 1
416 877 1
416 935 1
416 1026 1
416 1034 1
416 1085 1
416 1097 1
416 1152 1
416 1205 1
416 1257 1
416 1267 1
416 1281 1
416 1336 1
416 1403 1
416 1640 1
416 1750 1
416 1857 1
416 1885 1
416 1895 1
417 22 1
417 36 1
417 54 1
417 61 1
417 76 1
417 104 1
417 134 1
417 180 1
417 188 1
417 242 1
417 368 1
417 540 1
417 549 1
417 609 1
417 613 1
417 617 1
417 684 1
417 805 1
417 809 1
417 970 1
417 1072 1
417 1080 1
417 1082 1
417 1102 1
417 1106 1
417 1116 1
417 1327 1
417 1492 1
417 1586 1
417 1598 1
417 1616 1
417 1717 1
417 1752 1
417 1792 1
417 1827 1
417 1899 1
417 1913 1
417 2028 1
417 2029 1
418 135 1
418 211 1
418 473 1
418 491 1
418 643 1
418 677 1
418 846 1
418 1050 1
418 1215 1
418 1478 1
418 1480 1
418 1556 1
418 1574 1
418 1581 1
418 1607 1
418 1716 1
418 1742 1
418 1813 1
418 1862 1
418 1912 1
418 1949 1
418 1974 1
418 2036 1
418 2041 1
419 32 1
419 302 1
419 477 1
419 509 1
419 726 1
419 811 1
419 986 1
419 1000 1
419 1115 1
419 1186 1
419 1233 1
419 1256 1
419 1273 1
419 1449 1
419 1629 1
419 1666 1
419 1979 1
419 2037 1
419 2044 1
420 27 1
420 90 1
420 201 1
420 275 1
420 280 1
420 714 1
420 767 1
420 898 1
420 919 1
420 1076 1
420 1180 1
420 1237 1
420 1280 1
420 1418 1
420 1432 1
420 1510 1
420 1634 1
420 1822 1
420 1944 1
420 1948 1
421 84 1
421 218 1
421 364 1
421 365 1
421 433 1
421 759 1
421 794 1
421 836 1
421 885 1
421 1095 1
421 1351 1
421 1521 1
421 1576 1
421 1738 1
422 41 1
422 498 1
422 1284 1
422 1931 1
423 531 1
423 615 1
423 711 1
423 1138 1
423 1596 1
423 1642 1
424 406 1
424 499 1
424 1782 1
424 1967 1
425 384 1
425 521 1
425 674 1
425 748 1
425 1674 1
426 171 1
426 1311 1
427 178 1
427 1472 1
427 1698 1
428 1042 1
428 1415 1
429 289 1
429 697 1
429 797 1
429 948 1
429 1338 1
429 1697 1
429 1941 1
429 1973 1
430 80 1
430 198 1
430 308 1
430 326 1
430 417 1
430 524 1
430 534 1
430 554 1
430 583 1
430 630 1
430 668 1
430 682 1
430 832 1
430 839 1
430 953 1
430 1022 1
430 1053 1
430 1140 1
430 1259 1
430 1291 1
430 1387 1
430 1424 1
430 1665 1
430 1700 1
430 1794 1
430 1915 1
431 124 1
431 186 1
431 405 1
431 424 1
431 438 1
431 485 1
431 559 1
431 660 1
431 704 1
431 751 1
431 844 1
431 895 1
431 979 1
431 1027 1
431 1068 1
431 1103 1
431 1166 1
431 1201 1
431 1279 1
431 1307 1
431 1374 1
431 1380 1
431 1382 1
431 1413 1
431 1562 1
431 1580 1
431 1588 1
431 1661 1
431 1814 1
431 1825 1
431 1851 1
431 2031 1
432 55 1
432 142 1
432 143 1
432 152 1
432 323 1
432 348 1
432 359 1
432 388 1
432 629 1
432 732 1
432 733 1
432 784 1
432 803 1
432 820 1
432 931 1
432 988 1
432 1136 1
432 1147 1
432 1155 1
432 1217 1
432 1219 1
432 1236 1
432 1339 1
432 1340 1
432 1423 1
432 1466 1
432 1713 1
433 109 1
433 220 1
433 252 1
433 318 1
433 342 1
433 354 1
433 468 1
433 478 1
433 496 1
433 504 1
433 605 1
433 610 1
433 620 1
433 709 1
433 768 1
433 890 1
433 944 1
433 987 1
433 996 1
433 1074 1
433 1118 1
433 1148 1
433 1266 1
433 1439 1
433 1487 1
433 1617 1
433 1627 1
433 1644 1
433 1731 1
433 1758 1
433 1802 1
433 1914 1
433 1917 1
433 1940 1
433 1954 1
433 1987 1
434 5 1
434 66 1
434 72 1
434 194 1
434 221 1
434 246 1
434 380 1
434 757 1
434 761 1
434 822 1
434 830 1
434 969 1
434 1133 1
434 1134 1
434 1139 1
434 1269 1
434 1277 1
434 1306 1
434 1355 1
434 1407 1
434 1447 1
434 1621 1
434 1696 1
434 1743 1
434 1767 1
434 1793 1
434 1875 1
434 1997 1
435 71 1
435 141 1
435 249 1
435 328 1
435 466 1
435 481 1
435 575 1
435 720 1
435 731 1
435 815 1
435 889 1
435 914 1
435 1070 1
435 1111 1
435 1159 1
435 1231 1
435 1319 1
435 1367 1
435 1394 1
435 2027 1
436 39 1
436 74 1
436 95 1
436 113 1
436 169 1
436 484 1
436 866 1
436 887 1
436 917 1
436 1287 1
436 1482 1
436 1522 1
436 1624 1
436 1724 1
436 1847 1
437 386 1
437 482 1
437 555 1
437 852 1
437 1298 1
437 1317 1
437 1496 1
438 310 1
438 539 1
438 552 1
438 1181 1
438 1654 1
438 1664 1
438 1879 1
438 1951 1
439 18 1
439 101 1
439 144 1
439 1227 1
439 1605 1
439 1816 1
439 2026 1
440 319 1
440 377 1
440 775 1
440 1301 1
440 1865 1
440 1887 1
441 298 1
441 429 1
441 734 1
442 1302 1
442 1601 1
442 1735 1
443 151 1
443 255 1
443 1198 1
443 1404 1
443 1430 1
444 130 1
444 385 1
444 1208 1
444 1474 1
445 137 1
445 408 1
445 530 1
445 532 1
445 638 1
445 656 1
445 686 1
445 825 1
445 1229 1
445 1501 1
445 1754 1
445 1916 1
446 83 1
446 421 1
446 487 1
446 558 1
446 669 1
446 810 1
446 868 1
446 878 1
446 994 1
446 1054 1
446 1101 1
446 1144 1
446 1245 1
446 1421 1
446 1498 1
446 1550 1
446 1590 1
446 1809 1
446 1943 1
446 2011 1
447 86 1
447 197 1
447 244 1
447 261 1
447 324 1
447 376 1
447 426 1
447 520 1
447 557 1
447 666 1
447 743 1
447 758 1
447 762 1
447 798 1
447 817 1
447 834 1
447 937 1
447 964 1
447 965 1
447 991 1
447 1020 1
447 1024 1
447 1203 1
447 1354 1
447 1389 1
447 1536 1
447 1592 1
447 1771 1
447 1874 1
447 2002 1
448 93 1
448 136 1
448 177 1
448 448 1
448 510 1
448 596 1
448 635 1
448 708 1
448 722 1
448 728 1
448 737 1
448 916 1
448 973 1
448 1062 1
448 1065 1
448 1212 1
448 1434 1
448 1467 1
448 1594 1
448 1667 1
448 1778 1
448 1820 1
448 1871 1
448 1920 1
448 1955 1
448 2032 1
449 157 1
449 266 1
449 300 1
449 428 1
449 454 1
449 495 1
449 564 1
449 646 1
449 779 1
449 861 1
449 882 1
449 1023 1
449 1192 1
449 1310 1
449 1515 1
449 1773 1
449 1781 1
449 1810 1
449 1819 1
449 1829 1
449 1894 1
449 1988 1
449 2005 1
450 121 1
450 227 1
450 264 1
450 267 1
450 370 1
450 394 1
450 415 1
450 444 1
450 647 1
450 785 1
450 1086 1
450 1149 1
450 1200 1
450 1250 1
450 1323 1
450 1613 1
450 1687 1
450 1904 1
450 2042 1
451 89 1
451 500 1
451 602 1
451 840 1
451 872 1
451 1036 1
451 1060 1
451 1683 1
451 1702 1
451 1889 1
451 1890 1
451 1960 1
451 2025 1
452 193 1
452 920 1
452 1172 1
452 1485 1
452 1573 1
453 133 1
453 336 1
453 338 1
453 694 1
453 792 1
453 1395 1
453 1684 1
453 1689 1
453 1759 1
453 1791 1
453 1933 1
454 85 1
454 202 1
454 693 1
454 928 1
454 1304 1
454 1575 1
454 1723 1
455 13 1
455 363 1
455 1109 1
455 1454 1
456 542 1
457 582 1
457 1565 1
457 1962 1
458 333 1
458 378 1
458 578 1
458 716 1
458 764 1
458 1019 1
458 1030 1
458 1884 1
458 1959 1
458 2007 1
459 659 1
460 106 1
460 729 1
460 974 1
460 1117 1
460 1193 1
460 1268 1
460 1935 1
461 577 1
461 727 1
461 1390 1
461 1402 1
461 1770 1
461 1927 1
462 79 1
462 122 1
462 146 1
462 187 1
462 196 1
462 572 1
462 685 1
462 788 1
462 802 1
462 849 1
462 886 1
462 954 1
462 1056 1
462 1090 1
462 1348 1
462 1460 1
462 1494 1
462 1532 1
462 1555 1
462 1704 1
462 1755 1
462 1833 1
462 1869 1
462 1991 1
462 2006 1
463 33 1
463 81 1
463 138 1
463 247 1
463 381 1
463 456 1
463 501 1
463 590 1
463 664 1
463 833 1
463 865 1
463 915 1
463 1004 1
463 1006 1
463 1238 1
463 1248 1
463 1294 1
463 1452 1
463 1602 1
463 1703 1
463 1925 1
464 59 1
464 69 1
464 165 1
464 191 1
464 523 1
464 678 1
464 735 1
464 755 1
464 791 1
464 843 1
464 1252 1
464 1322 1
464 1346 1
464 1386 1
464 1458 1
464 1484 1
464 1531 1
464 1546 1
464 1589 1
464 1769 1
464 1870 1
465 88 1
465 174 1
465 463 1
465 490 1
465 568 1
465 705 1
465 774 1
465 1071 1
465 1216 1
465 1368 1
465 1375 1
465 1518 1
465 1886 1
465 1953 1
465 1981 1
466 100 1
466 170 1
466 387 1
466 435 1
466 492 1
466 560 1
466 618 1
466 1261 1
466 1414 1
466 1497 1
466 1524 1
466 1652 1
466 1676 1
466 1705 1
466 1849 1
466 1868 1
466 2010 1
467 431 1
467 553 1
467 857 1
467 1331 1
467 1372 1
467 1377 1
467 1763 1
468 123 1
468 290 1
468 425 1
468 662 1
468 753 1
468 824 1
468 938 1
468 1009 1
468 1428 1
468 1896 1
469 228 1
469 436 1
469 1473 1
469 1489 1
470 390 1
470 434 1
470 1834 1
471 162 1
471 215 1
471 654 1
471 713 1
472 112 1
472 286 1
472 1768 1
473 1853 1
474 838 1
475 723 1
475 765 1
475 906 1
476 45 1
476 427 1
476 633 1
476 790 1
476 1185 1
476 1362 1
476 1444 1
476 1523 1
476 1599 1
476 1632 1
477 67 1
477 185 1
477 203 1
477 240 1
477 248 1
477 573 1
477 588 1
477 828 1
477 1211 1
477 1258 1
477 1519 1
477 1525 1
477 1795 1
477 1801 1
477 1830 1
477 1872 1
477 1918 1
478 103 1
478 256 1
478 307 1
478 442 1
478 511 1
478 672 1
478 712 1
478 850 1
478 929 1
478 999 1
478 1122 1
478 1270 1
478 1282 1
478 1324 1
478 1646 1
478 1673 1
478 1911 1
478 1980 1
478 1986 1
478 1989 1
478 2018 1
479 15 1
479 230 1
479 257 1
479 461 1
479 465 1
479 474 1
479 626 1
479 688 1
479 760 1
479 766 1
479 769 1
479 905 1
479 1052 1
479 1057 1
479 1153 1
479 1179 1
479 1264 1
479 1314 1
479 1328 1
479 1383 1
479 1398 1
479 1409 1
479 1477 1
479 1538 1
479 1609 1
479 1647 1
479 1714 1
479 1861 1
479 1984 1
480 111 1
480 239 1
480 259 1
480 263 1
480 418 1
480 470 1
480 545 1
480 653 1
480 814 1
480 826 1
480 1012 1
480 1124 1
480 1125 1
480 1146 1
480 1177 1
480 1187 1
480 1438 1
480 1451 1
480 1483 1
480 1542 1
480 1579 1
480 1746 1
480 1762 1
480 1787 1
480 1994 1
480 2001 1
481 68 1
481 105 1
481 400 1
481 595 1
481 614 1
481 698 1
481 912 1
481 947 1
481 984 1
481 1051 1
481 1142 1
481 1543 1
481 1604 1
481 1656 1
481 1677 1
481 1685 1
481 2040 1
481 2047 1
482 58 1
482 118 1
482 332 1
482 503 1
482 587 1
482 612 1
482 657 1
482 707 1
482 911 1
482 959 1
482 989 1
482 1535 1
482 1672 1
482 1995 1
483 172 1
483 312 1
483 330 1
483 616 1
483 680 1
483 783 1
483 801 1
483 1173 1
483 1618 1
483 2014 1
484 403 1
484 567 1
484 1150 1
484 1170 1
484 1461 1
484 1547 1
484 1619 1
484 1748 1
485 235 1
485 631 1
485 922 1
485 1064 1
485 1121 1
485 1798 1
485 1835 1
485 1880 1
486 717 1
486 1100 1
486 1391 1
487 299 1
487 1178 1
489 494 1
489 1093 1
489 1838 1
490 536 1
490 901 1
491 47 1
491 968 1
491 1751 1
492 397 1
492 430 1
492 972 1
492 1129 1
492 1141 1
492 1160 1
492 1356 1
492 1623 1
492 1635 1
492 1784 1
493 213 1
493 214 1
493 236 1
493 250 1
493 725 1
493 862 1
493 992 1
493 1001 1
493 1029 1
493 1038 1
493 1251 1
493 1359 1
493 1459 1
493 1709 1
493 1856 1
493 1985 1
493 2035 1
494 132 1
494 164 1
494 200 1
494 237 1
494 258 1
494 317 1
494 471 1
494 516 1
494 671 1
494 675 1
494 804 1
494 816 1
494 819 1
494 847 1
494 876 1
494 1195 1
494 1220 1
494 1234 1
494 1316 1
494 1370 1
494 1399 1
494 1442 1
494 1600 1
494 1620 1
494 1658 1
494 1690 1
494 1701 1
494 1775 1
494 1854 1
494 2015 1
494 2030 1
495 44 1
495 120 1
495 374 1
495 392 1
495 412 1
495 505 1
495 519 1
495 652 1
495 741 1
495 776 1
495 835 1
495 851 1
495 858 1
495 859 1
495 880 1
495 927 1
495 950 1
495 1190 1
495 1309 1
495 1427 1
495 1516 1
495 1548 1
495 1553 1
495 1568 1
495 1591 1
495 1610 1
495 1650 1
495 1721 1
495 1788 1
495 1836 1
495 1971 1
495 1977 1
495 2020 1
496 160 1
496 207 1
496 253 1
496 283 1
496 443 1
496 479 1
496 651 1
496 687 1
496 821 1
496 921 1
496 1066 1
496 1156 1
496 1222 1
496 1337 1
496 1560 1
496 1563 1
496 1572 1
496 1779 1
496 1841 1
496 1965 1
497 46 1
497 65 1
497 229 1
497 234 1
497 393 1
497 410 1
497 574 1
497 860 1
497 934 1
497 1007 1
497 1025 1
497 1061 1
497 1078 1
497 1213 1
497 1276 1
497 1490 1
497 1582 1
497 1805 1
497 1923 1
498 398 1
498 535 1
498 548 1
498 621 1
498 807 1
498 873 1
498 926 1
498 1046 1
498 1119 1
498 1363 1
498 1651 1
498 1720 1
498 1728 1
498 1736 1
498 1910 1
499 217 1
499 272 1
499 373 1
499 642 1
499 782 1
499 1199 1
499 1422 1
499 1431 1
499 1606 1
499 1670 1
499 1757 1
499 1824 1
499 1826 1
499 1867 1
499 1893 1
500 637 1
500 942 1
500 1235 1
500 1275 1
500 1285 1
500 1437 1
500 1669 1
500 1932 1
500 2046 1
501 17 1
501 64 1
501 107 1
501 1330 1
501 1707 1
501 1999 1
502 1845 1
502 1888 1
503 1017 1
503 1333 1
504 361 1
504 1255 1
505 293 1
505 603 1
505 808 1
505 1221 1
505 1433 1
506 6 1
506 971 1
506 1131 1
506 1224 1
506 1396 1
507 512 1
507 1002 1
507 1300 1
508 127 1
508 472 1
508 604 1
508 1044 1
508 1120 1
508 1197 1
508 1283 1
508 1365 1
508 1756 1
508 1803 1
509 57 1
509 343 1
509 440 1
509 538 1
509 772 1
509 863 1
509 924 1
509 961 1
509 1041 1
509 1045 1
509 1194 1
509 1334 1
509 1643 1
509 1688 1
509 1727 1
509 1777 1
510 94 1
510 356 1
510 462 1
510 529 1
510 1091 1
510 1174 1
510 1357 1
510 1369 1
510 1708 1
510 1966 1
511 56 1
511 96 1
511 128 1
511 199 1
511 209 1
511 268 1
511 416 1
511 634 1
511 883 1
511 990 1
511 1059 1
511 1126 1
511 1278 1
511 1295 1
511 1320 1
511 1445 1
511 1469 1
511 1499 1
511 1608 1
511 1630 1
511 1633 1
511 1653 1
511 1715 1
512 62 1
512 219 1
512 241 1
512 265 1
512 327 1
512 349 1
512 372 1
512 399 1
512 497 1
512 650 1
512 899 1
512 1047 1
512 1069 1
512 1081 1
512 1099 1
512 1313 1
512 1416 1
512 1657 1
512 1821 1
512 1860 1
512 1929 1
512 1972 1
513 10 1
513 38 1
513 140 1
513 145 1
513 216 1
513 291 1
513 303 1
513 451 1
513 475 1
513 527 1
513 1058 1
513 1089 1
513 1135 1
513 1151 1
513 1293 1
513 1335 1
513 1517 1
513 1858 1
513 1938 1
514 150 1
514 314 1
514 320 1
514 331 1
514 591 1
514 624 1
514 848 1
514 1188 1
514 1711 1
514 1863 1
515 156 1
515 273 1
515 1035 1
515 1392 1
515 1429 1
515 1533 1
515 1952 1
516 119 1
516 271 1
516 315 1
516 1088 1
516 1318 1
516 1662 1
516 1990 1
517 204 1
517 243 1
517 513 1
517 957 1
517 1479 1
517 1638 1
517 1671 1
518 488 1
518 518 1
518 907 1
518 1206 1
518 1332 1
519 1343 1
519 1486 1
519 1909 1
520 296 1
520 389 1
520 1084 1
520 1622 1
520 1660 1
521 673 1
521 689 1
521 1693 1
522 288 1
522 395 1
522 813 1
522 1105 1
522 1631 1
522 2012 1
523 226 1
523 396 1
523 407 1
523 458 1
523 699 1
523 744 1
523 746 1
523 842 1
524 696 1
524 806 1
524 982 1
524 1014 1
524 1083 1
524 1358 1
524 1864 1
524 1902 1
525 50 1
525 159 1
525 173 1
525 189 1
525 262 1
525 464 1
525 787 1
525 1013 1
525 1094 1
525 1345 1
525 1440 1
525 1502 1
525 1614 1
525 1681 1
525 1725 1
525 1739 1
525 1744 1
525 1766 1
525 1811 1
525 2022 1
526 29 1
526 154 1
526 295 1
526 366 1
526 467 1
526 480 1
526 581 1
526 586 1
526 601 1
526 608 1
526 622 1
526 644 1
526 648 1
526 655 1
526 679 1
526 795 1
526 827 1
526 897 1
526 903 1
526 908 1
526 1158 1
526 1182 1
526 1242 1
526 1297 1
526 1425 1
526 1465 1
526 1506 1
526 1545 1
526 1789 1
526 1901 1
526 2038 1
526 2043 1
527 9 1
527 278 1
527 346 1
527 522 1
527 556 1
527 562 1
527 710 1
527 745 1
527 754 1
527 867 1
527 891 1
527 900 1
527 902 1
527 952 1
527 1055 1
527 1145 1
527 1410 1
527 1443 1
527 1512 1
527 1571 1
527 1749 1
527 1808 1
527 1898 1
527 1942 1
527 1947 1
528 8 1
528 26 1
528 49 1
528 117 1
528 260 1
528 306 1
528 459 1
528 483 1
528 526 1
528 546 1
528 561 1
528 580 1
528 701 1
528 951 1
528 1037 1
528 1112 1
528 1137 1
528 1470 1
528 1561 1
528 1612 1
528 1772 1
528 1797 1
528 1839 1
529 404 1
529 661 1
529 749 1
529 786 1
529 946 1
529 1028 1
529 1263 1
529 1520 1
529 1549 1
529 1776 1
529 1842 1
529 2003 1
530 34 1
530 99 1
530 206 1
530 353 1
530 507 1
530 980 1
530 1163 1
530 1169 1
530 1397 1
530 1419 1
530 1488 1
530 1691 1
530 1799 1
531 20 1
531 60 1
531 87 1
531 281 1
531 544 1
531 569 1
531 855 1
531 1075 1
531 1299 1
531 1385 1
531 1541 1
531 1626 1
531 1785 1
532 276 1
532 579 1
532 1564 1
532 1765 1
532 2019 1
533 375 1
533 525 1
533 943 1
533 1350 1
533 1400 1
533 1855 1
533 1950 1
534 1249 1
534 1347 1
534 1741 1
535 441 1
535 1168 1
535 1500 1
535 1578 1
536 665 1
536 884 1
536 1189 1
536 1513 1
536 1726 1
537 110 1
537 168 1
538 1551 1
538 1907 1
539 599 1
539 918 1
539 1176 1
539 1381 1
539 1539 1
539 1730 1
539 1804 1
540 97 1
540 182 1
540 208 1
540 379 1
540 533 1
540 1184 1
540 1262 1
540 1321 1
540 1405 1
540 1554 1
540 1577 1
540 1692 1
540 1695 1
540 1852 1
540 1876 1
540 1934 1
541 329 1
541 360 1
541 391 1
541 486 1
541 506 1
541 611 1
541 619 1
541 623 1
541 718 1
541 780 1
541 789 1
541 960 1
541 977 1
541 993 1
541 1011 1
541 1063 1
541 1143 1
541 1376 1
541 1417 1
541 1593 1
541 1675 1
541 1737 1
541 1832 1
541 1866 1
541 2021 1
542 2 1
542 82 1
542 108 1
542 129 1
542 195 1
542 294 1
542 316 1
542 432 1
542 437 1
542 700 1
542 799 1
542 800 1
542 939 1
542 949 1
542 1157 1
542 1202 1
542 1230 1
542 1254 1
542 1378 1
542 1495 1
542 1753 1
542 1882 1
542 1922 1
542 2013 1
542 2045 1
543 23 1
543 179 1
543 225 1
543 269 1
543 344 1
543 547 1
543 692 1
543 747 1
543 854 1
543 879 1
543 998 1
543 1031 1
543 1033 1
543 1114 1
543 1225 1
543 1456 1
543 1481 1
543 1527 1
543 1733 1
543 1783 1
543 1905 1
543 1937 1
544 277 1
544 304 1
544 335 1
544 347 1
544 452 1
544 469 1
544 670 1
544 829 1
544 962 1
544 1271 1
544 1290 1
544 1305 1
544 1342 1
544 1441 1
544 1503 1
544 1505 1
544 1540 1
544 1815 1
544 2009 1
545 51 1
545 176 1
545 212 1
545 231 1
545 449 1
545 715 1
545 763 1
545 892 1
545 904 1
545 1003 1
545 1457 1
545 1642 1
545 1800 1
546 183 1
546 254 1
546 340 1
546 352 1
546 367 1
546 517 1
546 913 1
546 1165 1
546 1214 1
546 1292 1
546 1303 1
546 1508 1
546 1566 1
546 1786 1
546 2004 1
547 439 1
547 565 1
547 592 1
547 681 1
547 940 1
547 1529 1
547 1694 1
547 1761 1
547 1790 1
547 1840 1
547 1873 1
548 224 1
548 284 1
548 453 1
548 550 1
548 1005 1
548 1016 1
548 1272 1
548 1583 1
548 1764 1
548 1975 1
549 75 1
549 233 1
549 607 1
549 1828 1
550 297 1
550 515 1
550 1747 1
551 251 1
551 956 1
551 1559 1
552 369 1
552 371 1
552 945 1
552 1039 1
553 125 1
553 1897 1
554 910 1
554 1325 1
554 1603 1
554 1611 1
554 1645 1
555 1048 1
555 1877 1
556 282 1
556 537 1
556 963 1
556 981 1
556 1008 1
556 1087 1
556 1289 1
556 1315 1
556 1326 1
556 1352 1
556 1558 1
556 1678 1
556 1679 1
556 1706 1
556 1906 1
556 1996 1
557 16 1
557 161 1
557 184 1
557 190 1
557 420 1
557 589 1
557 597 1
557 600 1
557 724 1
557 796 1
557 975 1
557 983 1
557 1288 1
557 1388 1
557 1393 1
557 1468 1
557 1567 1
557 1734 1
557 1774 1
557 1844 1
557 1919 1
557 1970 1
558 14 1
558 114 1
558 139 1
558 166 1
558 223 1
558 245 1
558 292 1
558 368 1
558 870 1
558 1171 1
558 1191 1
558 1239 1
558 1274 1
558 1296 1
558 1349 1
558 1360 1
558 1544 1
558 1585 1
558 1846 1
558 1921 1
558 1964 1
559 91 1
559 115 1
559 163 1
559 325 1
559 345 1
559 566 1
559 576 1
559 690 1
559 871 1
559 995 1
559 1104 1
559 1110 1
559 1154 1
559 1204 1
559 1209 1
559 1259 1
559 1344 1
559 1371 1
559 1379 1
559 1446 1
559 1511 1
559 1534 1
559 1831 1
559 1851 1
559 1983 1
559 1998 1
560 78 1
560 270 1
560 341 1
560 362 1
560 455 1
560 489 1
560 593 1
560 740 1
560 750 1
560 841 1
560 936 1
560 958 1
560 967 1
560 1092 1
560 1132 1
560 1463 1
560 1537 1
560 1639 1
560 1655 1
560 1812 1
560 1900 1
560 1936 1
560 1978 1
560 2023 1
560 2033 1
561 192 1
561 695 1
561 702 1
561 932 1
561 955 1
561 997 1
561 1010 1
561 1123 1
561 1162 1
561 1164 1
561 1228 1
561 1243 1
561 1436 1
561 1471 1
561 1740 1
561 1924 1
561 1957 1
561 2024 1
562 4 1
562 411 1
562 598 1
562 617 1
562 709 1
562 941 1
562 1167 1
562 1491 1
562 1926 1
562 1933 1
562 2000 1
563 739 1
563 1236 1
563 1286 1
563 1353 1
563 1745 1
563 1850 1
564 773 1
564 923 1
564 1050 1
564 1796 1
564 1843 1
564 1939 1
565 571 1
565 736 1
565 976 1
565 1026 1
565 1040 1
565 1175 1
565 1265 1
565 1420 1
565 1661 1
566 383 1
566 1183 1
567 102 1
567 167 1
567 205 1
567 585 1
567 778 1
567 1509 1
567 1956 1
568 413 1
568 476 1
568 919 1
568 1196 1
569 180 1
569 457 1
569 706 1
570 43 1
570 242 1
570 676 1
570 893 1
571 350 1
571 856 1
571 1080 1
571 1096 1
571 1928 1
572 153 1
572 339 1
572 351 1
572 551 1
572 594 1
572 667 1
572 719 1
572 1247 1
572 1412 1
572 1629 1
572 1738 1
572 1750 1
573 3 1
573 7 1
573 52 1
573 61 1
573 98 1
573 116 1
573 334 1
573 357 1
573 460 1
573 514 1
573 584 1
573 628 1
573 645 1
573 730 1
573 793 1
573 853 1
573 1072 1
573 1207 1
573 1260 1
573 1569 1
573 1576 1
573 1712 1
573 1945 1
573 1958 1
573 1976 1
574 63 1
574 104 1
574 126 1
574 155 1
574 493 1
574 738 1
574 752 1
574 869 1
574 1401 1
574 1403 1
574 1504 1
574 1625 1
574 1663 1
574 1682 1
574 1760 1
574 1818 1
574 1823 1
574 1878 1
574 1881 1
574 1946 1
574 1961 1
574 1992 1
575 25 1
575 53 1
575 158 1
575 201 1
575 308 1
575 337 1
575 414 1
575 606 1
575 620 1
575 721 1
575 770 1
575 805 1
575 1308 1
575 1413 1
575 1476 1
575 1493 1
575 1528 1
575 1570 1
575 1641 1
575 1659 1
575 1780 1
575 1822 1
575 1931 1
575 2048 1
576 70 1
576 77 1
576 181 1
576 322 1
576 570 1
576 636 1
576 640 1
576 649 1
576 818 1
576 836 1
576 874 1
576 881 1
576 925 1
576 1000 1
576 1015 1
576 1053 1
576 1085 1
576 1373 1
576 1426 1
576 1514 1
576 1640 1
576 1717 1
576 1857 1
576 1883 1
576 1948 1
576 1969 1
576 2002 1
577 24 1
577 48 1
577 280 1
577 632 1
577 930 1
577 1127 1
577 1241 1
577 1406 1
577 1411 1
577 1432 1
577 1507 1
577 1526 1
577 1913 1
577 2044 1
578 92 1
578 134 1
578 563 1
578 609 1
578 668 1
578 785 1
578 1043 1
578 1067 1
578 1240 1
578 1366 1
578 1820 1
578 1837 1
579 252 1
579 289 1
579 377 1
579 691 1
579 751 1
579 781 1
579 978 1
579 1205 1
579 1246 1
579 1382 1
579 2028 1
579 2039 1
580 175 1
580 287 1
580 423 1
580 888 1
580 1076 1
580 1210 1
580 1226 1
580 1341 1
580 1450 1
580 1464 1
580 1904 1
581 358 1
581 429 1
581 583 1
581 1128 1
581 1319 1
582 198 1
582 491 1
582 887 1
582 1364 1
582 1993 1
583 76 1
583 274 1
584 338 1
584 1510 1
584 1718 1
584 2029 1
585 864 1
586 42 1
586 1475 1
586 1586 1
587 40 1
587 148 1
587 417 1
587 541 1
587 1351 1
587 1732 1
588 12 1
588 37 1
588 311 1
588 446 1
588 450 1
588 485 1
588 639 1
588 697 1
588 756 1
588 812 1
588 935 1
588 1021 1
588 1073 1
588 1152 1
588 1686 1
588 1963 1
588 1997 1
589 28 1
589 301 1
589 355 1
589 473 1
589 660 1
589 683 1
589 684 1
589 794 1
589 823 1
589 831 1
589 970 1
589 1018 1
589 1074 1
589 1079 1
589 1140 1
589 1201 1
589 1233 1
589 1649 1
589 1816 1
589 1915 1
589 1930 1
589 2017 1
590 194 1
590 218 1
590 376 1
590 401 1
590 402 1
590 422 1
590 445 1
590 509 1
590 837 1
590 846 1
590 948 1
590 988 1
590 1418 1
590 1462 1
590 1466 1
590 1552 1
590 1595 1
590 1596 1
590 1648 1
590 1654 1
590 1710 1
590 2034 1
591 66 1
591 143 1
591 147 1
591 285 1
591 305 1
591 323 1
591 370 1
591 419 1
591 502 1
591 678 1
591 830 1
591 1098 1
591 1106 1
591 1192 1
591 1218 1
591 1298 1
591 1415 1
591 1521 1
591 1587 1
591 1588 1
591 1597 1
591 1616 1
591 1636 1
591 1644 1
591 1767 1
591 1912 1
591 1920 1
592 11 1
592 135 1
592 188 1
592 279 1
592 431 1
592 438 1
592 682 1
592 722 1
592 759 1
592 1068 1
592 1186 1
592 1244 1
592 1312 1
592 1331 1
592 1336 1
592 1580 1
592 1699 1
592 1817 1
592 1874 1
592 1949 1
592 1982 1
592 2037 1
593 32 1
593 222 1
593 359 1
593 466 1
593 498 1
593 524 1
593 613 1
593 720 1
593 742 1
593 784 1
593 987 1
593 1148 1
593 1267 1
593 1281 1
593 1355 1
593 1386 1
593 1498 1
593 1584 1
593 1696 1
593 1809 1
593 1899 1
594 220 1
594 313 1
594 484 1
594 663 1
594 896 1
594 966 1
594 1027 1
594 1042 1
594 1115 1
594 1273 1
594 1367 1
594 1435 1
594 1478 1
594 1530 1
594 1667 1
594 1698 1
594 1875 1
595 531 1
595 596 1
595 845 1
595 875 1
595 1217 1
595 1327 1
595 1615 1
595 1668 1
595 1743 1
595 1794 1
595 1879 1
595 1903 1
596 54 1
596 73 1
596 157 1
596 1095 1
596 1307 1
596 1329 1
596 1474 1
596 1758 1
596 1908 1
596 1987 1
597 113 1
597 817 1
597 1049 1
597 1198 1
597 1203 1
597 1258 1
597 1665 1
598 232 1
598 478 1
598 1735 1
599 1455 1
599 1827 1
600 444 1
600 641 1
600 889 1
600 1032 1
600 1338 1
600 1848 1
601 5 1
601 1280 1
601 1310 1
602 238 1
602 973 1
602 1277 1
602 1617 1
602 1724 1
602 2016 1
603 382 1
603 674 1
603 711 1
603 878 1
603 1020 1
603 1408 1
603 1487 1
603 1729 1
603 1806 1
604 19 1
604 27 1
604 36 1
604 178 1
604 298 1
604 365 1
604 428 1
604 629 1
604 1034 1
604 1107 1
604 1108 1
604 1394 1
604 1449 1
604 1467 1
605 31 1
605 55 1
605 186 1
605 534 1
605 543 1
605 559 1
605 815 1
605 885 1
605 909 1
605 944 1
605 1054 1
605 1384 1
605 1423 1
605 1485 1
605 1492 1
605 1621 1
605 1680 1
605 1719 1
605 1752 1
605 1814 1
605 1859 1
605 1890 1
606 80 1
606 221 1
606 249 1
606 326 1
606 409 1
606 424 1
606 554 1
606 615 1
606 771 1
606 797 1
606 825 1
606 838 1
606 1166 1
606 1380 1
606 1407 1
606 1421 1
606 1439 1
606 1472 1
606 1482 1
606 1550 1
606 1973 1
606 2027 1
607 95 1
607 141 1
607 152 1
607 202 1
607 319 1
607 363 1
607 405 1
607 408 1
607 448 1
607 500 1
607 610 1
607 630 1
607 656 1
607 669 1
607 694 1
607 743 1
607 791 1
607 792 1
607 839 1
607 916 1
607 986 1
607 1139 1
607 1181 1
607 1232 1
607 1424 1
607 1454 1
607 1700 1
607 1771 1
607 2005 1
607 2026 1
608 84 1
608 85 1
608 88 1
608 112 1
608 264 1
608 290 1
608 302 1
608 496 1
608 542 1
608 625 1
608 733 1
608 737 1
608 753 1
608 832 1
608 866 1
608 917 1
608 920 1
608 954 1
608 1231 1
608 1279 1
608 1589 1
608 1731 1
608 1819 1
609 122 1
609 130 1
609 142 1
609 415 1
609 421 1
609 499 1
609 530 1
609 685 1
609 708 1
609 1019 1
609 1077 1
609 1133 1
609 1155 1
609 1291 1
609 1306 1
609 1311 1
609 1374 1
609 1628 1
609 1634 1
609 1705 1
609 1813 1
609 1944 1
609 1960 1
609 2008 1
610 83 1
610 136 1
610 336 1
610 481 1
610 540 1
610 761 1
610 774 1
610 802 1
610 811 1
610 931 1
610 1004 1
610 1062 1
610 1093 1
610 1180 1
610 1287 1
610 1428 1
610 1532 1
610 1664 1
610 1829 1
610 1935 1
610 2011 1
611 328 1
611 762 1
611 964 1
611 1136 1
611 1697 1
611 1703 1
611 1894 1
612 131 1
612 575 1
612 587 1
612 755 1
612 798 1
612 1030 1
612 2025 1
613 106 1
613 187 1
613 390 1
613 1118 1
613 1889 1
613 1892 1
613 1968 1
614 30 1
614 979 1
614 1782 1
615 937 1
615 1565 1
615 1927 1
616 35 1
616 364 1
617 354 1
617 1574 1
617 1778 1
618 197 1
618 211 1
618 261 1
618 857 1
618 1442 1
618 1891 1
619 861 1
619 894 1
619 1023 1
619 1113 1
619 1138 1
619 1144 1
619 1161 1
619 1223 1
619 1395 1
619 1536 1
620 309 1
620 487 1
620 627 1
620 677 1
620 703 1
620 731 1
620 914 1
620 933 1
620 994 1
620 1229 1
620 1480 1
620 1810 1
620 2036 1
621 74 1
621 177 1
621 193 1
621 426 1
621 495 1
621 558 1
621 578 1
621 728 1
621 803 1
621 834 1
621 1024 1
621 1103 1
621 1116 1
621 1147 1
621 1216 1
621 1237 1
621 1404 1
621 1489 1
621 1556 1
621 1865 1
621 1868 1
621 1940 1
622 1 1
622 13 1
622 137 1
622 321 1
622 463 1
622 490 1
622 564 1
622 568 1
622 713 1
622 820 1
622 868 1
622 1009 1
622 1056 1
622 1100 1
622 1117 1
622 1149 1
622 1208 1
622 1219 1
622 1227 1
622 1362 1
622 1434 1
622 1575 1
622 1581 1
622 1594 1
622 1759 1
622 1967 1
623 21 1
623 90 1
623 111 1
623 133 1
623 246 1
623 508 1
623 523 1
623 539 1
623 553 1
623 557 1
623 582 1
623 635 1
623 666 1
623 767 1
623 895 1
623 953 1
623 991 1
623 1022 1
623 1102 1
623 1109 1
623 1193 1
623 1354 1
623 1453 1
623 1458 1
623 1519 1
623 1613 1
623 1627 1
623 1683 1
623 1689 1
623 1714 1
623 1722 1
623 1862 1
623 1979 1
624 149 1
624 165 1
624 255 1
624 385 1
624 510 1
624 528 1
624 768 1
624 965 1
624 985 1
624 1396 1
624 1414 1
624 1531 1
624 1624 1
624 1674 1
624 1847 1
624 1863 1
624 1895 1
624 1954 1
625 109 1
625 124 1
625 210 1
625 342 1
625 520 1
625 521 1
625 555 1
625 638 1
625 732 1
625 886 1
625 890 1
625 1153 1
625 1257 1
625 1301 1
625 1598 1
625 1605 1
625 1704 1
625 1727 1
625 1769 1
626 81 1
626 93 1
626 144 1
626 658 1
626 1111 1
626 1134 1
626 1266 1
626 1484 1
626 1557 1
626 1807 1
626 1886 1
626 1887 1
627 86 1
627 230 1
627 757 1
627 969 1
627 999 1
627 1051 1
627 1129 1
627 1269 1
627 1348 1
627 1372 1
627 1402 1
627 1637 1
628 235 1
628 333 1
628 418 1
628 477 1
628 758 1
628 1060 1
628 1142 1
628 1562 1
628 1666 1
628 1988 1
629 100 1
629 810 1
629 1086 1
629 1452 1
629 1483 1
629 1713 1
629 1991 1
629 2007 1
630 646 1
630 824 1
630 915 1
630 1702 1
630 1773 1
631 1253 1
632 602 1
632 1375 1
633 748 1
633 1190 1
633 1346 1
633 1870 1
634 865 1
634 872 1
634 1768 1
635 138 1
635 185 1
635 1716 1
636 71 1
636 151 1
636 244 1
636 388 1
636 482 1
636 735 1
636 777 1
636 1122 1
636 1130 1
636 1339 1
636 1340 1
636 1497 1
636 1742 1
636 1941 1
637 89 1
637 121 1
637 299 1
637 310 1
637 454 1
637 618 1
637 729 1
637 734 1
637 833 1
637 850 1
637 1070 1
637 1317 1
637 1448 1
637 1518 1
637 1792 1
637 1853 1
637 1869 1
637 1986 1
637 2047 1
638 41 1
638 105 1
638 215 1
638 266 1
638 386 1
638 425 1
638 436 1
638 577 1
638 631 1
638 654 1
638 775 1
638 790 1
638 849 1
638 877 1
638 928 1
638 1065 1
638 1097 1
638 1473 1
638 1684 1
638 1723 1
638 1754 1
638 1762 1
638 1770 1
638 1833 1
638 1914 1
638 2032 1
638 2042 1
639 67 1
639 72 1
639 248 1
639 381 1
639 465 1
639 470 1
639 549 1
639 633 1
639 760 1
639 843 1
639 858 1
639 898 1
639 1159 1
639 1200 1
639 1215 1
639 1248 1
639 1268 1
639 1590 1
639 1951 1
639 2030 1
640 33 1
640 69 1
640 240 1
640 317 1
640 400 1
640 406 1
640 433 1
640 727 1
640 809 1
640 859 1
640 1052 1
640 1090 1
640 1141 1
640 1170 1
640 1390 1
640 1459 1
640 1553 1
640 1623 1
640 1677 1
640 1793 1
640 2001 1
641 203 1
641 239 1
641 247 1
641 256 1
641 318 1
641 387 1
641 705 1
641 801 1
641 821 1
641 968 1
641 1025 1
641 1212 1
641 1304 1
641 1377 1
641 1398 1
641 1781 1
641 1787 1
641 1825 1
641 1834 1
641 1838 1
641 1854 1
641 1953 1
641 1989 1
641 2006 1
642 511 1
642 605 1
642 726 1
642 852 1
642 1477 1
642 1494 1
642 1802 1
642 1917 1
643 96 1
643 300 1
643 380 1
643 427 1
643 590 1
643 766 1
643 974 1
643 1101 1
643 1179 1
643 1282 1
643 1755 1
643 1791 1
643 2031 1
644 1522 1
644 1646 1
645 146 1
645 171 1
645 267 1
645 783 1
645 828 1
645 1211 1
645 1284 1
645 1872 1
646 324 1
646 378 1
646 492 1
646 572 1
646 1499 1
647 228 1
647 348 1
647 535 1
647 704 1
647 725 1
647 1238 1
647 1918 1
648 140 1
648 1546 1
649 687 1
649 1057 1
650 191 1
650 1017 1
651 643 1
651 788 1
651 1496 1
651 1845 1
652 15 1
652 18 1
652 66 1
652 70 1
652 172 1
652 312 1
652 494 1
652 504 1
652 714 1
652 901 1
652 1323 1
652 1430 1
652 1451 1
652 1943 1
653 45 1
653 214 1
653 394 1
653 399 1
653 410 1
653 435 1
653 545 1
653 716 1
653 840 1
653 947 1
653 1001 1
653 1361 1
653 1501 1
653 1515 1
653 1604 1
653 1618 1
653 1798 1
653 1830 1
653 1880 1
653 2014 1
653 2041 1
654 59 1
654 103 1
654 196 1
654 257 1
654 291 1
654 330 1
654 459 1
654 471 1
654 819 1
654 847 1
654 929 1
654 1007 1
654 1029 1
654 1131 1
654 1156 1
654 1178 1
654 1256 1
654 1270 1
654 1328 1
654 1359 1
654 1363 1
654 1619 1
654 1709 1
654 1720 1
654 1784 1
654 1861 1
654 1885 1
654 1916 1
654 1962 1
654 2010 1
655 58 1
655 127 1
655 199 1
655 207 1
655 258 1
655 374 1
655 462 1
655 532 1
655 573 1
655 675 1
655 717 1
655 808 1
655 882 1
655 912 1
655 921 1
655 984 1
655 990 1
655 1324 1
655 1387 1
655 1389 1
655 1391 1
655 1422 1
655 1427 1
655 1460 1
655 1461 1
655 1524 1
655 1582 1
655 1888 1
655 1955 1
656 77 1
656 398 1
656 588 1
656 664 1
656 686 1
656 688 1
656 804 1
656 1045 1
656 1047 1
656 1078 1
656 1194 1
656 1252 1
656 1399 1
656 1687 1
656 1858 1
656 1884 1
656 1995 1
657 54 1
657 461 1
657 595 1
657 614 1
657 651 1
657 671 1
657 741 1
657 826 1
657 996 1
657 1195 1
657 1199 1
657 1234 1
657 1631 1
657 1673 1
657 1898 1
657 1925 1
657 1985 1
658 22 1
658 46 1
658 47 1
658 71 1
658 170 1
658 384 1
658 483 1
658 626 1
658 698 1
658 707 1
658 776 1
658 822 1
658 891 1
658 922 1
658 942 1
658 1444 1
658 1535 1
658 1547 1
658 1607 1
658 1633 1
658 1658 1
658 1711 1
658 1763 1
658 1871 1
658 2040 1
659 60 1
659 101 1
659 160 1
659 456 1
659 552 1
659 779 1
659 959 1
659 1173 1
659 1632 1
659 1808 1
660 46 1
660 48 1
660 59 1
660 80 1
660 132 1
660 275 1
660 505 1
660 672 1
660 723 1
660 816 1
660 1046 1
660 1849 1
661 66 1
661 129 1
661 844 1
661 1701 1
662 662 1
662 1172 1
662 1187 1
662 1835 1
663 66 1
663 82 1
663 120 1
663 169 1
663 303 1
663 1538 1
664 43 1
664 216 1
664 1174 1
664 1368 1
665 81 1
665 307 1
665 512 1
665 782 1
665 1826 1
666 80 1
666 81 1
666 807 1
666 938 1
667 71 1
667 234 1
667 1302 1
667 1563 1
667 1651 1
667 1990 1
668 952 1
668 1038 1
668 1309 1
668 1893 1
669 50 1
669 81 1
669 373 1
669 442 1
669 693 1
669 764 1
669 765 1
669 1250 1
669 1370 1
669 1409 1
669 1437 1
669 1523 1
669 1525 1
669 1994 1
670 42 1
670 67 1
670 79 1
670 118 1
670 227 1
670 229 1
670 236 1
670 315 1
670 372 1
670 430 1
670 835 1
670 926 1
670 971 1
670 1006 1
670 1036 1
670 1119 1
670 1146 1
670 1601 1
670 1610 1
670 1728 1
670 1974 1
670 2022 1
671 77 1
671 162 1
671 250 1
671 331 1
671 332 1
671 346 1
671 434 1
671 536 1
671 1044 1
671 1064 1
671 1069 1
671 1158 1
671 1438 1
671 1542 1
671 1647 1
671 1652 1
671 1670 1
671 1672 1
671 1867 1
671 1972 1
671 1981 1
671 2018 1
672 42 1
672 44 1
672 51 1
672 253 1
672 468 1
672 621 1
672 637 1
672 647 1
672 746 1
672 848 1
672 876 1
672 1061 1
672 1220 1
672 1283 1
672 1295 1
672 1300 1
672 1447 1
672 1650 1
672 1789 1
672 1836 1
672 1896 1
672 1959 1
673 52 1
673 56 1
673 412 1
673 451 1
673 474 1
673 560 1
673 957 1
673 989 1
673 1150 1
673 1185 1
673 1221 1
673 1245 1
673 1249 1
673 1419 1
673 1708 1
673 1736 1
673 1756 1
674 26 1
674 57 1
674 73 1
674 272 1
674 689 1
674 972 1
674 993 1
674 1081 1
674 1365 1
674 1548 1
674 1643 1
674 1656 1
674 1938 1
674 1965 1
675 48 1
675 49 1
675 123 1
675 341 1
675 480 1
675 548 1
675 712 1
675 1151 1
675 1322 1
675 1555 1
676 58 1
676 67 1
676 293 1
676 1369 1
676 1573 1
676 1788 1
676 1952 1
677 55 1
677 200 1
677 397 1
677 634 1
677 642 1
677 1126 1
677 1669 1
678 58 1
678 392 1
678 851 1
678 1251 1
678 1383 1
679 82 1
679 652 1
679 800 1
679 961 1
680 69 1
680 75 1
680 173 1
680 488 1
680 900 1
681 61 1
681 288 1
682 65 1
682 71 1
682 1197 1
682 1470 1
682 1606 1
682 1795 1
683 375 1
684 46 1
684 68 1
684 71 1
684 519 1
684 562 1
684 1121 1
684 1433 1
684 1479 1
685 352 1
685 447 1
685 899 1
685 992 1
685 1071 1
685 1120 1
685 1177 1
685 1539 1
685 1860 1
686 43 1
686 62 1
686 71 1
686 174 1
686 353 1
686 403 1
686 497 1
686 529 1
686 907 1
686 1035 1
686 1124 1
686 1188 1
686 1275 1
686 1803 1
687 164 1
687 217 1
687 366 1
687 472 1
687 867 1
687 1013 1
687 1041 1
687 1089 1
687 1145 1
687 1182 1
687 1214 1
687 1600 1
687 1630 1
687 1864 1
687 2035 1
688 39 1
688 48 1
688 107 1
688 349 1
688 464 1
688 574 1
688 659 1
688 927 1
688 934 1
688 1012 1
688 1431 1
688 1602 1
688 1766 1
688 1999 1
688 2038 1
689 117 1
689 213 1
689 259 1
689 295 1
689 538 1
689 883 1
689 950 1
689 1169 1
689 1206 1
689 1264 1
689 1276 1
689 1500 1
689 1527 1
689 1534 1
689 1638 1
689 1797 1
689 2015 1
690 314 1
690 347 1
690 604 1
690 1094 1
690 1222 1
690 1653 1
690 1685 1
691 59 1
691 69 1
691 128 1
691 204 1
691 586 1
691 744 1
691 879 1
691 906 1
692 51 1
692 243 1
692 479 1
692 516 1
692 533 1
692 946 1
692 1082 1
692 1579 1
692 1706 1
693 42 1
693 45 1
693 53 1
693 68 1
693 76 1
693 263 1
693 320 1
693 503 1
693 860 1
693 1088 1
693 1125 1
694 897 1
694 1779 1
694 1823 1
695 67 1
695 82 1
695 1512 1
696 283 1
696 340 1
696 389 1
696 1533 1
696 1612 1
696 1926 1
697 924 1
697 1568 1
697 1775 1
698 67 1
698 680 1
698 842 1
698 1397 1
698 1572 1
699 49 1
699 443 1
699 975 1
699 1345 1
700 44 1
700 416 1
700 1224 1
700 1271 1
700 1294 1
700 1429 1
700 1545 1
700 1679 1
700 1691 1
700 1751 1
701 393 1
701 908 1
701 1305 1
701 1316 1
701 1486 1
701 1609 1
701 1715 1
701 1739 1
701 1910 1
701 1942 1
701 1966 1
702 59 1
702 64 1
702 977 1
702 1314 1
702 1465 1
702 1740 1
702 1909 1
702 1975 1
703 56 1
703 219 1
703 517 1
703 608 1
703 624 1
703 827 1
703 1520 1
703 1549 1
703 1748 1
703 1911 1
704 6 1
704 46 1
704 237 1
704 260 1
704 296 1
704 329 1
704 526 1
704 657 1
704 745 1
704 903 1
704 1105 1
704 1400 1
704 1560 1
704 1591 1
704 1657 1
704 1707 1
704 1757 1
705 46 1
705 73 1
705 212 1
705 226 1
705 404 1
705 440 1
705 623 1
705 854 1
705 911 1
705 1005 1
705 1242 1
705 1292 1
705 1356 1
705 1592 1
705 1620 1
705 1856 1
705 1946 1
706 34 1
706 45 1
706 49 1
706 73 1
706 77 1
706 166 1
706 522 1
706 612 1
706 616 1
706 619 1
706 679 1
706 754 1
706 873 1
706 1165 1
706 1263 1
706 1321 1
706 1481 1
706 1543 1
706 1614 1
706 1745 1
706 1923 1
707 8 1
707 1059 1
707 1110 1
707 1163 1
707 1457 1
707 1517 1
708 64 1
708 182 1
708 960 1
708 1137 1
708 1213 1
708 1320 1
708 1681 1
709 661 1
709 1091 1
709 1255 1
709 1334 1
709 1558 1
709 1578 1
710 78 1
710 356 1
710 1747 1
711 56 1
711 64 1
711 1037 1
711 1688 1
711 1772 1
711 1818 1
712 47 1
712 56 1
712 316 1
713 48 1
713 1566 1
713 1721 1
713 1929 1
714 344 1
714 648 1
715 94 1
715 168 1
715 441 1
715 1278 1
715 1765 1
716 70 1
716 271 1
716 718 1
716 1502 1
717 233 1
717 327 1
717 452 1
717 699 1
717 1112 1
717 1176 1
717 1846 1
718 159 1
718 343 1
718 475 1
718 644 1
718 955 1
718 1290 1
718 1342 1
718 1622 1
718 1905 1
719 67 1
719 82 1
719 432 1
719 485 1
719 665 1
719 814 1
719 913 1
719 1204 1
719 1541 1
719 1676 1
719 1832 1
719 1855 1
720 110 1
720 277 1
720 486 1
720 570 1
720 863 1
720 923 1
720 939 1
720 1123 1
720 1143 1
720 1167 1
720 1235 1
720 1350 1
720 1353 1
720 1508 1
720 1603 1
720 1690 1
720 1712 1
720 1741 1
720 1786 1
720 1828 1
720 1903 1
720 1957 1
721 56 1
721 63 1
721 145 1
721 223 1
721 501 1
721 513 1
721 617 1
721 632 1
721 660 1
721 791 1
721 793 1
721 845 1
721 1075 1
721 1259 1
721 1315 1
721 1660 1
721 1663 1
721 1726 1
721 1932 1
721 1984 1
722 69 1
722 262 1
722 515 1
722 525 1
722 696 1
722 1099 1
722 1675 1
722 1725 1
722 1939 1
723 125 1
723 278 1
723 420 1
723 458 1
723 493 1
723 592 1
723 653 1
723 1335 1
723 1469 1
723 1734 1
723 1749 1
723 1824 1
723 1978 1
724 45 1
724 360 1
724 362 1
724 506 1
724 682 1
724 692 1
724 772 1
724 806 1
724 962 1
724 998 1
724 1066 1
724 1376 1
724 1491 1
724 1790 1
724 1897 1
725 17 1
725 53 1
725 268 1
725 437 1
725 455 1
725 951 1
725 980 1
725 1947 1
725 1950 1
725 2013 1
725 2045 1
726 62 1
726 69 1
726 91 1
726 276 1
726 622 1
726 945 1
726 956 1
726 1157 1
726 1313 1
727 78 1
727 180 1
727 1135 1
728 50 1
728 66 1
728 195 1
728 709 1
729 43 1
729 54 1
729 63 1
729 65 1
729 581 1
729 600 1
729 936 1
729 1764 1
729 1844 1
730 1063 1
730 1274 1
730 1767 1
731 76 1
731 108 1
731 156 1
731 799 1
732 69 1
732 102 1
732 724 1
732 2004 1
733 507 1
733 567 1
733 949 1
733 1058 1
733 1261 1
733 1337 1
733 1540 1
733 1577 1
733 1983 1
734 9 1
734 59 1
734 63 1
734 76 1
734 77 1
734 99 1
734 335 1
734 932 1
734 995 1
734 1010 1
734 1254 1
734 1385 1
734 1516 1
734 1528 1
734 1694 1
734 1729 1
734 1883 1
734 1934 1
734 2012 1
735 294 1
735 457 1
735 655 1
735 670 1
735 738 1
735 805 1
735 958 1
735 1084 1
735 1293 1
735 1344 1
735 1436 1
735 1571 1
735 1599 1
735 1626 1
735 1776 1
735 1783 1
735 1928 1
735 1964 1
736 183 1
736 241 1
736 269 1
736 308 1
736 446 1
736 700 1
736 710 1
736 888 1
736 902 1
736 1048 1
736 1108 1
736 1154 1
736 1196 1
736 1272 1
736 1285 1
736 1635 1
736 1931 1
736 1977 1
736 1993 1
737 58 1
737 551 1
737 585 1
737 730 1
737 778 1
737 925 1
737 1016 1
737 1033 1
737 1083 1
737 1096 1
737 1160 1
737 1239 1
737 1332 1
737 1445 1
737 1503 1
737 1567 1
737 1636 1
737 1639 1
737 1692 1
737 1882 1
737 1907 1
737 1980 1
737 2020 1
738 38 1
738 57 1
738 97 1
738 209 1
738 338 1
738 584 1
738 603 1
738 706 1
738 773 1
738 976 1
738 981 1
738 1107 1
738 1308 1
738 1381 1
738 1392 1
738 1608 1
738 1671 1
738 1678 1
738 1815 1
739 14 1
739 29 1
739 119 1
739 155 1
739 544 1
739 561 1
739 607 1
739 1168 1
739 1225 1
739 1289 1
739 1319 1
739 1420 1
739 1440 1
739 1800 1
740 42 1
740 44 1
740 198 1
740 576 1
740 695 1
740 881 1
740 1042 1
740 1128 1
740 1202 1
740 1303 1
740 1794 1
740 1839 1
740 1881 1
740 1900 1
740 1921 1
740 2028 1
741 61 1
741 910 1
741 1205 1
741 1495 1
741 1785 1
742 73 1
742 189 1
742 598 1
742 763 1
742 948 1
742 1011 1
742 1330 1
742 1333 1
742 1371 1
743 53 1
743 65 1
743 154 1
743 487 1
743 591 1
743 673 1
743 736 1
743 918 1
743 1087 1
743 1360 1
743 1559 1
743 1752 1
744 51 1
744 79 1
744 795 1
744 1230 1
744 1441 1
744 1645 1
744 1662 1
744 1717 1
744 2046 1
745 44 1
745 66 1
745 407 1
745 1471 1
746 48 1
746 92 1
746 323 1
746 1587 1
747 67 1
747 190 1
747 369 1
747 546 1
747 997 1
747 1405 1
748 49 1
748 1068 1
748 1443 1
748 1904 1
749 65 1
749 358 1
749 1382 1
749 1958 1
750 23 1
750 231 1
750 361 1
750 449 1
750 484 1
750 589 1
750 749 1
750 796 1
750 1617 1
750 1801 1
750 1817 1
750 1866 1
750 2048 0
