1 4 1
1 31 1
1 275 1
1 352 1
1 576 1
1 1699 1
1 2015 1
2 2 1
2 47 1
2 144 1
2 163 1
2 252 1
2 361 1
2 650 1
2 797 1
2 1303 1
2 1569 1
2 1918 1
2 2001 1
3 12 1
3 212 1
3 648 1
3 717 1
3 1645 1
3 1728 1
3 1845 1
3 2018 1
4 20 1
4 299 1
4 1141 1
4 1317 1
4 1732 1
5 17 1
5 29 1
5 125 1
5 345 1
5 355 1
5 884 1
5 1008 1
5 1031 1
5 1319 1
5 1371 1
5 1392 1
5 1433 1
5 1449 1
5 1633 1
5 1736 1
6 14 1
6 57 1
6 74 1
6 78 1
6 80 1
6 86 1
6 89 1
6 106 1
6 124 1
6 159 1
6 183 1
6 218 1
6 304 1
6 405 1
6 575 1
6 611 1
6 625 1
6 692 1
6 749 1
6 771 1
6 777 1
6 781 1
6 896 1
6 919 1
6 945 1
6 952 1
6 970 1
6 1003 1
6 1038 1
6 1176 1
6 1211 1
6 1231 1
6 1249 1
6 1285 1
6 1376 1
6 1662 1
6 1808 1
6 1829 1
6 1854 1
6 1893 1
6 1990 1
6 2002 1
6 2032 1
6 2036 1
7 7 1
7 10 1
7 39 1
7 58 1
7 62 1
7 65 1
7 83 1
7 93 1
7 118 1
7 127 1
7 131 1
7 133 1
7 140 1
7 143 1
7 187 1
7 220 1
7 232 1
7 236 1
7 258 1
7 290 1
7 296 1
7 317 1
7 319 1
7 334 1
7 379 1
7 392 1
7 406 1
7 421 1
7 423 1
7 424 1
7 433 1
7 448 1
7 463 1
7 465 1
7 478 1
7 480 1
7 506 1
7 508 1
7 516 1
7 521 1
7 537 1
7 538 1
7 551 1
7 555 1
7 559 1
7 584 1
7 604 1
7 605 1
7 641 1
7 668 1
7 669 1
7 676 1
7 686 1
7 710 1
7 712 1
7 719 1
7 729 1
7 748 1
7 774 1
7 782 1
7 801 1
7 808 1
7 809 1
7 829 1
7 836 1
7 850 1
7 865 1
7 887 1
7 920 1
7 946 1
7 966 1
7 967 1
7 982 1
7 1015 1
7 1035 1
7 1040 1
7 1046 1
7 1053 1
7 1076 1
7 1081 1
7 1093 1
7 1097 1
7 1120 1
7 1121 1
7 1127 1
7 1128 1
7 1149 1
7 1168 1
7 1187 1
7 1209 1
7 1235 1
7 1240 1
7 1247 1
7 1278 1
7 1289 1
7 1306 1
7 1307 1
7 1329 1
7 1347 1
7 1358 1
7 1365 1
7 1369 1
7 1431 1
7 1446 1
7 1448 1
7 1454 1
7 1457 1
7 1461 1
7 1474 1
7 1476 1
7 1481 1
7 1483 1
7 1490 1
7 1519 1
7 1526 1
7 1531 1
7 1546 1
7 1552 1
7 1570 1
7 1606 1
7 1631 1
7 1634 1
7 1648 1
7 1697 1
7 1700 1
7 1720 1
7 1738 1
7 1747 1
7 1755 1
7 1764 1
7 1788 1
7 1814 1
7 1816 1
7 1820 1
7 1830 1
7 1833 1
7 1853 1
7 1874 1
7 1875 1
7 1904 1
7 1926 1
7 1935 1
7 1959 1
7 1961 1
7 1973 1
7 1974 1
7 1987 1
7 1994 1
7 1998 1
7 2006 1
8 11 1
8 53 1
8 79 1
8 82 1
8 107 1
8 112 1
8 136 1
8 148 1
8 175 1
8 178 1
8 195 1
8 197 1
8 213 1
8 226 1
8 230 1
8 253 1
8 282 1
8 284 1
8 315 1
8 330 1
8 360 1
8 366 1
8 391 1
8 393 1
8 401 1
8 408 1
8 411 1
8 414 1
8 419 1
8 420 1
8 439 1
8 449 1
8 457 1
8 467 1
8 473 1
8 482 1
8 507 1
8 510 1
8 530 1
8 532 1
8 533 1
8 534 1
8 535 1
8 541 1
8 548 1
8 552 1
8 563 1
8 567 1
8 571 1
8 574 1
8 580 1
8 586 1
8 590 1
8 591 1
8 593 1
8 632 1
8 635 1
8 639 1
8 659 1
8 661 1
8 664 1
8 670 1
8 671 1
8 702 1
8 708 1
8 715 1
8 727 1
8 747 1
8 750 1
8 765 1
8 769 1
8 792 1
8 820 1
8 834 1
8 838 1
8 851 1
8 855 1
8 862 1
8 876 1
8 878 1
8 886 1
8 888 1
8 897 1
8 904 1
8 912 1
8 933 1
8 936 1
8 955 1
8 960 1
8 961 1
8 965 1
8 985 1
8 995 1
8 1018 1
8 1023 1
8 1034 1
8 1039 1
8 1049 1
8 1058 1
8 1063 1
8 1070 1
8 1073 1
8 1077 1
8 1079 1
8 1088 1
8 1091 1
8 1106 1
8 1119 1
8 1122 1
8 1131 1
8 1156 1
8 1165 1
8 1173 1
8 1190 1
8 1200 1
8 1208 1
8 1234 1
8 1250 1
8 1290 1
8 1296 1
8 1324 1
8 1325 1
8 1327 1
8 1336 1
8 1345 1
8 1350 1
8 1357 1
8 1362 1
8 1402 1
8 1418 1
8 1423 1
8 1459 1
8 1478 1
8 1484 1
8 1489 1
8 1493 1
8 1495 1
8 1508 1
8 1520 1
8 1533 1
8 1599 1
8 1600 1
8 1603 1
8 1612 1
8 1622 1
8 1627 1
8 1628 1
8 1636 1
8 1644 1
8 1650 1
8 1652 1
8 1668 1
8 1670 1
8 1672 1
8 1698 1
8 1710 1
8 1729 1
8 1735 1
8 1737 1
8 1740 1
8 1743 1
8 1744 1
8 1746 1
8 1758 1
8 1762 1
8 1766 1
8 1787 1
8 1795 1
8 1799 1
8 1815 1
8 1822 1
8 1824 1
8 1835 1
8 1837 1
8 1859 1
8 1864 1
8 1865 1
8 1876 1
8 1881 1
8 1885 1
8 1886 1
8 1887 1
8 1896 1
8 1903 1
8 1905 1
8 1910 1
8 1951 1
8 1958 1
8 1968 1
8 1999 1
8 2005 1
8 2016 1
8 2025 1
8 2029 1
8 2031 1
8 2041 1
9 59 1
9 61 1
9 96 1
9 104 1
9 123 1
9 129 1
9 137 1
9 142 1
9 147 1
9 150 1
9 174 1
9 182 1
9 189 1
9 190 1
9 200 1
9 201 1
9 225 1
9 249 1
9 256 1
9 277 1
9 286 1
9 292 1
9 307 1
9 309 1
9 321 1
9 324 1
9 327 1
9 329 1
9 336 1
9 337 1
9 377 1
9 378 1
9 388 1
9 407 1
9 429 1
9 430 1
9 440 1
9 445 1
9 459 1
9 474 1
9 481 1
9 483 1
9 485 1
9 491 1
9 493 1
9 498 1
9 500 1
9 545 1
9 560 1
9 566 1
9 573 1
9 579 1
9 600 1
9 601 1
9 616 1
9 646 1
9 656 1
9 666 1
9 687 1
9 693 1
9 713 1
9 736 1
9 746 1
9 752 1
9 759 1
9 764 1
9 780 1
9 803 1
9 815 1
9 818 1
9 824 1
9 833 1
9 839 1
9 869 1
9 873 1
9 885 1
9 895 1
9 909 1
9 911 1
9 934 1
9 954 1
9 958 1
9 991 1
9 997 1
9 1012 1
9 1014 1
9 1016 1
9 1036 1
9 1045 1
9 1047 1
9 1057 1
9 1059 1
9 1087 1
9 1089 1
9 1090 1
9 1103 1
9 1108 1
9 1114 1
9 1126 1
9 1137 1
9 1138 1
9 1143 1
9 1154 1
9 1161 1
9 1172 1
9 1196 1
9 1215 1
9 1217 1
9 1252 1
9 1253 1
9 1257 1
9 1263 1
9 1291 1
9 1316 1
9 1343 1
9 1354 1
9 1366 1
9 1367 1
9 1377 1
9 1378 1
9 1380 1
9 1385 1
9 1408 1
9 1410 1
9 1411 1
9 1416 1
9 1417 1
9 1426 1
9 1430 1
9 1438 1
9 1439 1
9 1442 1
9 1455 1
9 1458 1
9 1482 1
9 1486 1
9 1498 1
9 1501 1
9 1517 1
9 1540 1
9 1541 1
9 1544 1
9 1551 1
9 1553 1
9 1558 1
9 1564 1
9 1573 1
9 1602 1
9 1607 1
9 1635 1
9 1642 1
9 1649 1
9 1682 1
9 1683 1
9 1689 1
9 1693 1
9 1705 1
9 1708 1
9 1712 1
9 1715 1
9 1721 1
9 1723 1
9 1734 1
9 1742 1
9 1757 1
9 1760 1
9 1769 1
9 1792 1
9 1801 1
9 1810 1
9 1812 1
9 1813 1
9 1823 1
9 1826 1
9 1839 1
9 1840 1
9 1841 1
9 1843 1
9 1846 1
9 1847 1
9 1848 1
9 1849 1
9 1868 1
9 1878 1
9 1889 1
9 1892 1
9 1908 1
9 1916 1
9 1923 1
9 1927 1
9 1931 1
9 1937 1
9 1946 1
9 1964 1
9 1992 1
9 1993 1
9 1997 1
9 2004 1
9 2012 1
9 2013 1
9 2039 1
9 2046 1
10 28 1
10 43 1
10 51 1
10 54 1
10 101 1
10 111 1
10 134 1
10 171 1
10 179 1
10 235 1
10 241 1
10 254 1
10 260 1
10 270 1
10 279 1
10 294 1
10 297 1
10 320 1
10 338 1
10 374 1
10 390 1
10 442 1
10 450 1
10 452 1
10 468 1
10 490 1
10 515 1
10 550 1
10 588 1
10 603 1
10 634 1
10 652 1
10 662 1
10 665 1
10 680 1
10 682 1
10 685 1
10 701 1
10 725 1
10 726 1
10 751 1
10 768 1
10 786 1
10 807 1
10 826 1
10 831 1
10 849 1
10 859 1
10 868 1
10 882 1
10 890 1
10 907 1
10 915 1
10 917 1
10 927 1
10 929 1
10 932 1
10 948 1
10 968 1
10 994 1
10 1007 1
10 1010 1
10 1017 1
10 1020 1
10 1026 1
10 1037 1
10 1048 1
10 1054 1
10 1069 1
10 1072 1
10 1112 1
10 1116 1
10 1146 1
10 1158 1
10 1167 1
10 1174 1
10 1182 1
10 1183 1
10 1193 1
10 1194 1
10 1197 1
10 1201 1
10 1210 1
10 1221 1
10 1229 1
10 1259 1
10 1268 1
10 1281 1
10 1286 1
10 1300 1
10 1305 1
10 1308 1
10 1311 1
10 1313 1
10 1314 1
10 1338 1
10 1352 1
10 1359 1
10 1361 1
10 1391 1
10 1395 1
10 1396 1
10 1415 1
10 1440 1
10 1524 1
10 1538 1
10 1547 1
10 1591 1
10 1654 1
10 1658 1
10 1663 1
10 1681 1
10 1688 1
10 1702 1
10 1717 1
10 1724 1
10 1725 1
10 1759 1
10 1771 1
10 1772 1
10 1776 1
10 1780 1
10 1791 1
10 1800 1
10 1884 1
10 1900 1
10 1949 1
10 1972 1
10 1988 1
10 1991 1
10 2022 1
10 2047 1
11 56 1
11 122 1
11 135 1
11 139 1
11 167 1
11 172 1
11 215 1
11 216 1
11 302 1
11 396 1
11 415 1
11 425 1
11 437 1
11 517 1
11 519 1
11 529 1
11 592 1
11 619 1
11 642 1
11 649 1
11 691 1
11 703 1
11 732 1
11 741 1
11 754 1
11 804 1
11 817 1
11 863 1
11 924 1
11 931 1
11 1052 1
11 1094 1
11 1136 1
11 1219 1
11 1232 1
11 1243 1
11 1264 1
11 1284 1
11 1323 1
11 1328 1
11 1330 1
11 1334 1
11 1353 1
11 1436 1
11 1462 1
11 1464 1
11 1470 1
11 1488 1
11 1494 1
11 1502 1
11 1512 1
11 1548 1
11 1580 1
11 1587 1
11 1592 1
11 1620 1
11 1624 1
11 1626 1
11 1716 1
11 1726 1
11 1741 1
11 1773 1
11 1784 1
11 1834 1
11 1891 1
11 1965 1
11 1969 1
11 1975 1
11 2043 1
12 64 1
12 157 1
12 300 1
12 339 1
12 341 1
12 370 1
12 382 1
12 386 1
12 434 1
12 496 1
12 511 1
12 602 1
12 614 1
12 624 1
12 681 1
12 718 1
12 755 1
12 763 1
12 816 1
12 827 1
12 916 1
12 937 1
12 939 1
12 984 1
12 1075 1
12 1123 1
12 1133 1
12 1159 1
12 1185 1
12 1188 1
12 1222 1
12 1224 1
12 1351 1
12 1360 1
12 1394 1
12 1427 1
12 1447 1
12 1453 1
12 1532 1
12 1655 1
12 1704 1
12 1768 1
12 1777 1
12 1797 1
12 1807 1
12 1818 1
12 1819 1
12 1899 1
12 1941 1
12 2003 1
12 2007 1
12 2028 1
13 92 1
13 316 1
13 368 1
13 371 1
13 412 1
13 454 1
13 494 1
13 582 1
13 594 1
13 598 1
13 636 1
13 721 1
13 723 1
13 731 1
13 821 1
13 889 1
13 983 1
13 1266 1
13 1341 1
13 1468 1
13 1485 1
13 1516 1
13 1518 1
13 1574 1
13 1582 1
13 1596 1
13 1609 1
13 1623 1
13 1719 1
13 1838 1
13 1871 1
13 1897 1
13 1996 1
14 4 1
14 790 1
14 902 1
14 1140 1
14 1246 1
14 1273 1
14 1277 1
14 1543 1
14 1625 1
14 1690 1
15 186 1
15 240 1
15 674 1
15 734 1
15 758 1
15 962 1
15 1029 1
15 1110 1
15 1364 1
15 1434 1
15 1473 1
15 1507 1
15 1562 1
15 1610 1
15 1653 1
15 1696 1
15 1911 1
15 1980 1
15 2044 1
16 16 1
16 239 1
16 471 1
16 546 1
16 577 1
16 644 1
16 938 1
16 989 1
16 1022 1
16 1145 1
16 1186 1
16 1223 1
16 1279 1
16 1304 1
16 1579 1
16 1616 1
16 1752 1
16 1811 1
16 1922 1
17 202 1
17 206 1
17 599 1
17 678 1
17 793 1
17 795 1
17 1002 1
17 1107 1
17 1255 1
17 1401 1
17 1421 1
17 1556 1
18 32 1
18 69 1
18 209 1
18 383 1
18 658 1
18 828 1
18 1370 1
18 1399 1
18 1514 1
18 1581 1
19 1 1
19 30 1
19 375 1
19 432 1
19 469 1
19 783 1
19 1086 1
19 1157 1
19 1342 1
19 1646 1
19 1860 1
19 2045 1
20 207 1
20 287 1
20 350 1
20 354 1
20 743 1
20 900 1
20 901 1
20 957 1
20 1071 1
20 1293 1
20 1333 1
20 1346 1
20 1348 1
20 1379 1
20 1403 1
20 1414 1
20 1510 1
20 1567 1
20 1611 1
20 1667 1
20 1676 1
20 1919 1
20 1954 1
20 2000 1
20 2035 1
21 34 1
21 67 1
21 75 1
21 81 1
21 90 1
21 98 1
21 115 1
21 145 1
21 146 1
21 156 1
21 160 1
21 176 1
21 188 1
21 237 1
21 251 1
21 255 1
21 295 1
21 340 1
21 346 1
21 351 1
21 356 1
21 365 1
21 409 1
21 438 1
21 443 1
21 458 1
21 476 1
21 499 1
21 558 1
21 572 1
21 610 1
21 633 1
21 637 1
21 638 1
21 688 1
21 737 1
21 753 1
21 773 1
21 800 1
21 853 1
21 872 1
21 875 1
21 894 1
21 913 1
21 940 1
21 947 1
21 950 1
21 971 1
21 1083 1
21 1179 1
21 1180 1
21 1184 1
21 1203 1
21 1206 1
21 1216 1
21 1233 1
21 1236 1
21 1254 1
21 1275 1
21 1282 1
21 1283 1
21 1301 1
21 1318 1
21 1344 1
21 1382 1
21 1390 1
21 1393 1
21 1432 1
21 1437 1
21 1444 1
21 1542 1
21 1561 1
21 1568 1
21 1575 1
21 1601 1
21 1605 1
21 1615 1
21 1641 1
21 1656 1
21 1660 1
21 1673 1
21 1687 1
21 1730 1
21 1877 1
21 1895 1
21 1920 1
21 1928 1
21 1944 1
21 1955 1
21 1976 1
21 2034 1
22 63 1
22 68 1
22 100 1
22 103 1
22 117 1
22 120 1
22 154 1
22 169 1
22 173 1
22 191 1
22 192 1
22 194 1
22 210 1
22 214 1
22 223 1
22 248 1
22 261 1
22 262 1
22 271 1
22 288 1
22 293 1
22 357 1
22 372 1
22 384 1
22 410 1
22 446 1
22 502 1
22 503 1
22 526 1
22 527 1
22 536 1
22 562 1
22 569 1
22 606 1
22 608 1
22 622 1
22 631 1
22 647 1
22 657 1
22 667 1
22 696 1
22 724 1
22 757 1
22 760 1
22 772 1
22 784 1
22 796 1
22 802 1
22 822 1
22 844 1
22 856 1
22 881 1
22 905 1
22 906 1
22 908 1
22 914 1
22 921 1
22 925 1
22 953 1
22 959 1
22 978 1
22 980 1
22 992 1
22 998 1
22 1021 1
22 1025 1
22 1030 1
22 1042 1
22 1064 1
22 1067 1
22 1085 1
22 1100 1
22 1115 1
22 1135 1
22 1151 1
22 1152 1
22 1155 1
22 1163 1
22 1202 1
22 1205 1
22 1245 1
22 1260 1
22 1265 1
22 1294 1
22 1322 1
22 1335 1
22 1372 1
22 1375 1
22 1407 1
22 1419 1
22 1435 1
22 1466 1
22 1479 1
22 1491 1
22 1497 1
22 1504 1
22 1513 1
22 1534 1
22 1565 1
22 1572 1
22 1577 1
22 1639 1
22 1640 1
22 1680 1
22 1692 1
22 1711 1
22 1753 1
22 1754 1
22 1828 1
22 1842 1
22 1851 1
22 1862 1
22 1906 1
22 1907 1
22 1917 1
22 1925 1
22 1934 1
22 1938 1
22 1939 1
22 1948 1
22 1952 1
22 1957 1
22 1962 1
22 1966 1
22 1979 1
22 1984 1
22 1995 1
22 2038 1
23 5 1
23 8 1
23 14 1
23 95 1
23 116 1
23 132 1
23 152 1
23 203 1
23 219 1
23 259 1
23 267 1
23 274 1
23 303 1
23 389 1
23 394 1
23 403 1
23 417 1
23 426 1
23 453 1
23 460 1
23 501 1
23 542 1
23 554 1
23 613 1
23 615 1
23 618 1
23 630 1
23 706 1
23 711 1
23 739 1
23 819 1
23 843 1
23 918 1
23 974 1
23 975 1
23 1055 1
23 1148 1
23 1220 1
23 1292 1
23 1295 1
23 1298 1
23 1312 1
23 1321 1
23 1456 1
23 1496 1
23 1499 1
23 1530 1
23 1536 1
23 1560 1
23 1566 1
23 1629 1
23 1661 1
23 1665 1
23 1679 1
23 1718 1
23 1879 1
24 12 1
24 18 1
24 799 1
24 854 1
24 1134 1
24 1477 1
24 1487 1
24 2027 1
25 41 1
25 595 1
25 1783 1
26 24 1
26 40 1
27 6 1
27 12 1
27 20 1
28 2 1
28 10 1
28 1930 1
29 22 1
29 25 1
30 1503 1
31 735 1
32 19 1
32 26 1
32 36 1
33 18 1
33 26 1
33 27 1
33 1001 1
34 27 1
34 31 1
34 540 1
36 33 1
37 4 1
37 22 1
37 32 1
38 24 1
38 456 1
38 1608 1
39 22 1
42 18 1
42 32 1
43 5 1
43 705 1
44 6 1
44 35 1
46 14 1
46 15 1
47 9 1
50 2 1
50 17 1
50 36 1
51 17 1
51 18 1
52 13 1
54 6 1
54 40 1
55 32 1
55 1445 1
56 2 1
56 16 1
59 18 1
59 23 1
60 15 1
60 34 1
61 8 1
61 1804 1
62 12 1
62 910 1
63 128 1
63 325 1
64 37 1
64 655 1
64 756 1
64 928 1
64 951 1
64 1225 1
64 1525 1
64 1597 1
65 5 1
65 24 1
65 264 1
65 436 1
65 565 1
65 597 1
65 1936 1
66 52 1
66 158 1
66 1588 1
67 840 1
67 1147 1
67 1207 1
67 1528 1
68 578 1
68 640 1
68 1213 1
68 1500 1
69 1062 1
69 1097 1
69 1559 1
69 1898 1
70 313 1
70 387 1
70 405 1
70 468 1
70 722 1
70 1441 1
71 105 1
71 487 1
72 243 1
72 675 1
72 1710 1
73 33 1
73 45 1
73 57 1
73 364 1
73 617 1
73 627 1
73 694 1
73 1060 1
73 1737 1
74 23 1
74 27 1
74 1061 1
75 8 1
75 9 1
75 205 1
75 291 1
75 891 1
75 898 1
75 963 1
75 986 1
75 1374 1
75 1953 1
76 18 1
76 39 1
76 162 1
76 280 1
76 564 1
76 1400 1
76 1412 1
76 1555 1
76 1706 1
76 1846 1
77 29 1
77 36 1
77 72 1
77 104 1
77 181 1
77 184 1
77 673 1
77 775 1
77 787 1
77 1084 1
77 1269 1
77 1272 1
77 1356 1
77 1376 1
77 1424 1
77 1678 1
77 1978 1
77 1998 1
78 84 1
78 586 1
78 677 1
78 689 1
78 719 1
78 729 1
78 730 1
78 1262 1
78 1492 1
78 1592 1
78 1595 1
78 1647 1
78 1820 1
78 2008 1
79 4 1
79 16 1
79 66 1
79 110 1
79 138 1
79 164 1
79 224 1
79 234 1
79 596 1
79 616 1
79 823 1
79 1051 1
79 1196 1
79 1368 1
79 1584 1
79 1848 1
80 97 1
80 185 1
80 196 1
80 308 1
80 567 1
80 623 1
80 660 1
80 749 1
80 776 1
80 890 1
80 1011 1
80 1033 1
80 1043 1
80 1160 1
80 1256 1
80 1258 1
80 1302 1
80 1606 1
80 1763 1
80 1912 1
81 3 1
81 11 1
81 113 1
81 257 1
81 347 1
81 376 1
81 632 1
81 944 1
81 1114 1
81 1177 1
81 1227 1
81 1241 1
81 1417 1
81 1469 1
81 1578 1
81 1638 1
81 1675 1
81 1685 1
81 1713 1
81 1739 1
81 1890 1
81 2017 1
82 16 1
82 48 1
82 329 1
82 608 1
82 1218 1
83 12 1
83 25 1
83 126 1
83 514 1
83 560 1
83 977 1
83 1327 1
83 1353 1
83 1392 1
83 1659 1
84 10 1
84 349 1
84 428 1
84 612 1
84 930 1
84 1144 1
84 1164 1
84 1418 1
84 1808 1
85 10 1
85 38 1
85 395 1
85 685 1
85 766 1
85 1095 1
85 1502 1
85 1540 1
85 1576 1
85 1642 1
85 1971 1
86 520 1
86 781 1
86 1129 1
86 1156 1
86 2030 1
87 36 1
87 107 1
87 429 1
87 455 1
87 875 1
87 942 1
87 1080 1
87 1405 1
87 1437 1
87 1557 1
87 1722 1
87 1967 1
87 2011 1
87 2024 1
88 166 1
88 477 1
88 830 1
88 1422 1
88 1498 1
89 23 1
89 835 1
89 870 1
89 981 1
89 1000 1
89 1630 1
89 1924 1
89 2014 1
90 3 1
90 281 1
90 285 1
90 289 1
90 306 1
90 643 1
90 849 1
90 874 1
90 877 1
90 1381 1
90 1406 1
90 1593 1
90 1793 1
90 1985 1
91 13 1
91 21 1
91 211 1
91 245 1
91 276 1
91 431 1
91 679 1
91 720 1
91 791 1
91 990 1
91 996 1
91 1132 1
91 1178 1
91 1465 1
91 1512 1
91 1522 1
91 1552 1
91 1583 1
91 1853 1
91 1951 1
91 1994 1
92 44 1
92 143 1
92 192 1
92 544 1
92 604 1
92 645 1
92 744 1
92 814 1
92 926 1
92 933 1
92 972 1
92 1050 1
92 1105 1
92 1109 1
92 1162 1
92 1198 1
92 1387 1
92 1460 1
92 1468 1
92 1571 1
92 1637 1
92 1694 1
92 1744 1
92 1855 1
92 2018 1
93 10 1
93 172 1
93 174 1
93 198 1
93 228 1
93 231 1
93 232 1
93 266 1
93 268 1
93 273 1
93 318 1
93 331 1
93 333 1
93 419 1
93 440 1
93 470 1
93 556 1
93 585 1
93 653 1
93 725 1
93 893 1
93 922 1
93 935 1
93 1015 1
93 1139 1
93 1171 1
93 1199 1
93 1226 1
93 1251 1
93 1355 1
93 1373 1
93 1428 1
93 1616 1
93 1662 1
93 1674 1
93 1805 1
93 1832 1
93 1852 1
93 1857 1
93 1863 1
93 1873 1
94 38 1
94 62 1
94 197 1
94 204 1
94 225 1
94 233 1
94 278 1
94 311 1
94 397 1
94 451 1
94 475 1
94 492 1
94 522 1
94 583 1
94 698 1
94 779 1
94 821 1
94 861 1
94 867 1
94 987 1
94 1013 1
94 1111 1
94 1166 1
94 1230 1
94 1239 1
94 1244 1
94 1315 1
94 1317 1
94 1397 1
94 1420 1
94 1475 1
94 1532 1
94 1626 1
94 1652 1
94 1670 1
94 1686 1
94 1714 1
94 1865 1
94 1887 1
94 1896 1
94 2023 1
94 2048 1
95 2 1
95 20 1
95 76 1
95 124 1
95 229 1
95 304 1
95 374 1
95 461 1
95 478 1
95 493 1
95 504 1
95 518 1
95 524 1
95 534 1
95 587 1
95 651 1
95 731 1
95 797 1
95 811 1
95 956 1
95 966 1
95 979 1
95 998 1
95 1027 1
95 1031 1
95 1046 1
95 1093 1
95 1101 1
95 1153 1
95 1270 1
95 1454 1
95 1472 1
95 1613 1
95 1627 1
95 1749 1
95 1956 1
95 2026 1
96 3 1
96 80 1
96 85 1
96 190 1
96 212 1
96 314 1
96 328 1
96 408 1
96 417 1
96 418 1
96 427 1
96 434 1
96 462 1
96 566 1
96 568 1
96 589 1
96 613 1
96 621 1
96 629 1
96 652 1
96 683 1
96 741 1
96 742 1
96 765 1
96 805 1
96 932 1
96 1107 1
96 1124 1
96 1296 1
96 1331 1
96 1332 1
96 1463 1
96 1651 1
96 1666 1
96 1767 1
96 1883 1
96 1945 1
96 2041 1
97 74 1
97 93 1
97 170 1
97 279 1
97 322 1
97 396 1
97 411 1
97 495 1
97 747 1
97 782 1
97 1045 1
97 1142 1
97 1235 1
97 1276 1
97 1366 1
97 1410 1
97 1549 1
97 1587 1
97 1643 1
97 1695 1
97 1915 1
97 1932 1
97 2037 1
98 42 1
98 77 1
98 151 1
98 178 1
98 227 1
98 300 1
98 380 1
98 519 1
98 537 1
98 571 1
98 602 1
98 609 1
98 663 1
98 789 1
98 845 1
98 896 1
98 999 1
98 1110 1
98 1208 1
98 1277 1
98 1299 1
98 1300 1
98 1698 1
98 1750 1
98 1921 1
98 1987 1
99 7 1
99 21 1
99 28 1
99 71 1
99 221 1
99 296 1
99 326 1
99 512 1
99 941 1
99 1259 1
99 1515 1
99 1526 1
99 1680 1
99 1682 1
99 1818 1
99 1827 1
99 1942 1
99 1950 1
100 55 1
100 137 1
100 538 1
100 847 1
100 993 1
100 1120 1
100 1204 1
100 1443 1
100 1467 1
100 1841 1
100 2009 1
101 24 1
101 391 1
101 710 1
101 1653 1
101 1874 1
101 2032 1
102 10 1
102 36 1
102 201 1
102 373 1
102 1192 1
102 1508 1
102 1614 1
102 1645 1
102 1703 1
102 1815 1
102 1842 1
103 17 1
103 18 1
103 33 1
103 109 1
103 165 1
103 180 1
103 283 1
103 786 1
103 911 1
103 1070 1
103 1458 1
103 1476 1
103 1770 1
103 1872 1
103 1885 1
103 1900 1
104 99 1
104 769 1
104 1170 1
104 1309 1
104 1345 1
104 1386 1
104 1548 1
104 1631 1
104 1747 1
104 1880 1
104 1893 1
104 1963 1
105 222 1
105 263 1
105 344 1
105 804 1
105 1044 1
105 1247 1
105 1490 1
105 1558 1
105 1607 1
105 1723 1
105 1736 1
105 1904 1
106 7 1
106 73 1
106 161 1
106 168 1
106 175 1
106 200 1
106 261 1
106 301 1
106 342 1
106 345 1
106 404 1
106 553 1
106 592 1
106 704 1
106 851 1
106 855 1
106 1065 1
106 1098 1
106 1371 1
106 1586 1
106 1691 1
106 1878 1
106 1993 1
106 2010 1
107 24 1
107 50 1
107 88 1
107 112 1
107 130 1
107 179 1
107 319 1
107 358 1
107 484 1
107 505 1
107 639 1
107 668 1
107 695 1
107 785 1
107 825 1
107 883 1
107 884 1
107 1004 1
107 1024 1
107 1035 1
107 1039 1
107 1082 1
107 1125 1
107 1126 1
107 1143 1
107 1203 1
107 1274 1
107 1287 1
107 1383 1
107 1520 1
107 1546 1
107 1589 1
107 1602 1
107 1740 1
107 1748 1
107 1764 1
107 1786 1
107 1787 1
107 1802 1
107 1807 1
107 1816 1
107 1901 1
107 1940 1
107 1977 1
108 46 1
108 47 1
108 70 1
108 75 1
108 82 1
108 87 1
108 106 1
108 121 1
108 125 1
108 129 1
108 144 1
108 199 1
108 244 1
108 252 1
108 270 1
108 272 1
108 275 1
108 277 1
108 302 1
108 385 1
108 392 1
108 416 1
108 421 1
108 430 1
108 448 1
108 454 1
108 480 1
108 489 1
108 528 1
108 570 1
108 591 1
108 603 1
108 709 1
108 717 1
108 718 1
108 728 1
108 746 1
108 759 1
108 812 1
108 859 1
108 862 1
108 871 1
108 909 1
108 948 1
108 949 1
108 962 1
108 965 1
108 1003 1
108 1038 1
108 1090 1
108 1099 1
108 1128 1
108 1141 1
108 1158 1
108 1214 1
108 1297 1
108 1330 1
108 1362 1
108 1380 1
108 1398 1
108 1450 1
108 1451 1
108 1501 1
108 1519 1
108 1617 1
108 1633 1
108 1689 1
108 1745 1
108 1758 1
108 1766 1
108 1794 1
108 1817 1
108 1822 1
108 1824 1
108 1825 1
108 1860 1
108 1866 1
108 1905 1
108 1913 1
108 1914 1
108 1929 1
108 1992 1
108 2002 1
109 30 1
109 60 1
109 102 1
109 127 1
109 133 1
109 134 1
109 186 1
109 206 1
109 207 1
109 217 1
109 238 1
109 239 1
109 241 1
109 249 1
109 251 1
109 265 1
109 343 1
109 359 1
109 401 1
109 407 1
109 413 1
109 424 1
109 444 1
109 449 1
109 452 1
109 463 1
109 464 1
109 483 1
109 507 1
109 550 1
109 581 1
109 584 1
109 590 1
109 606 1
109 607 1
109 626 1
109 628 1
109 659 1
109 670 1
109 672 1
109 682 1
109 701 1
109 713 1
109 714 1
109 727 1
109 736 1
109 738 1
109 745 1
109 767 1
109 780 1
109 801 1
109 806 1
109 813 1
109 844 1
109 858 1
109 866 1
109 873 1
109 880 1
109 892 1
109 907 1
109 919 1
109 924 1
109 969 1
109 970 1
109 973 1
109 1017 1
109 1028 1
109 1056 1
109 1078 1
109 1088 1
109 1112 1
109 1127 1
109 1167 1
109 1173 1
109 1191 1
109 1228 1
109 1231 1
109 1250 1
109 1261 1
109 1281 1
109 1310 1
109 1311 1
109 1328 1
109 1334 1
109 1423 1
109 1425 1
109 1426 1
109 1431 1
109 1446 1
109 1461 1
109 1483 1
109 1521 1
109 1550 1
109 1620 1
109 1625 1
109 1628 1
109 1634 1
109 1699 1
109 1700 1
109 1724 1
109 1729 1
109 1733 1
109 1765 1
109 1776 1
109 1790 1
109 1792 1
109 1806 1
109 1836 1
109 1844 1
109 1850 1
109 1858 1
109 1870 1
109 1881 1
109 1884 1
109 1894 1
109 1920 1
109 1943 1
109 1997 1
109 2005 1
109 2020 1
110 35 1
110 108 1
110 149 1
110 157 1
110 163 1
110 177 1
110 183 1
110 226 1
110 236 1
110 316 1
110 323 1
110 332 1
110 334 1
110 348 1
110 352 1
110 399 1
110 400 1
110 432 1
110 435 1
110 458 1
110 509 1
110 516 1
110 535 1
110 546 1
110 548 1
110 549 1
110 555 1
110 563 1
110 580 1
110 666 1
110 669 1
110 671 1
110 690 1
110 702 1
110 707 1
110 708 1
110 712 1
110 774 1
110 817 1
110 837 1
110 842 1
110 863 1
110 869 1
110 899 1
110 904 1
110 906 1
110 920 1
110 938 1
110 955 1
110 1014 1
110 1019 1
110 1020 1
110 1047 1
110 1071 1
110 1074 1
110 1118 1
110 1121 1
110 1175 1
110 1181 1
110 1195 1
110 1242 1
110 1278 1
110 1326 1
110 1365 1
110 1367 1
110 1388 1
110 1389 1
110 1394 1
110 1429 1
110 1433 1
110 1509 1
110 1537 1
110 1564 1
110 1599 1
110 1600 1
110 1621 1
110 1622 1
110 1644 1
110 1669 1
110 1727 1
110 1759 1
110 1761 1
110 1779 1
110 1784 1
110 1823 1
110 1849 1
110 1909 1
110 1935 1
110 1983 1
110 2019 1
110 2033 1
111 65 1
111 78 1
111 131 1
111 154 1
111 258 1
111 298 1
111 307 1
111 309 1
111 353 1
111 379 1
111 386 1
111 390 1
111 398 1
111 441 1
111 488 1
111 497 1
111 510 1
111 557 1
111 601 1
111 611 1
111 622 1
111 638 1
111 664 1
111 680 1
111 748 1
111 762 1
111 771 1
111 777 1
111 795 1
111 798 1
111 815 1
111 824 1
111 865 1
111 889 1
111 976 1
111 985 1
111 1008 1
111 1041 1
111 1054 1
111 1058 1
111 1076 1
111 1102 1
111 1137 1
111 1212 1
111 1222 1
111 1252 1
111 1285 1
111 1292 1
111 1324 1
111 1329 1
111 1337 1
111 1399 1
111 1402 1
111 1415 1
111 1448 1
111 1481 1
111 1486 1
111 1524 1
111 1529 1
111 1538 1
111 1615 1
111 1672 1
111 1707 1
111 1833 1
111 1889 1
111 1931 1
111 1960 1
111 1973 1
111 1988 1
111 2013 1
111 2039 1
112 16 1
112 37 1
112 40 1
112 54 1
112 103 1
112 355 1
112 368 1
112 381 1
112 442 1
112 525 1
112 650 1
112 691 1
112 715 1
112 832 1
112 834 1
112 1069 1
112 1174 1
112 1223 1
112 1232 1
112 1240 1
112 1248 1
112 1257 1
112 1280 1
112 1284 1
112 1288 1
112 1306 1
112 1336 1
112 1350 1
112 1452 1
112 1493 1
112 1506 1
112 1511 1
112 1590 1
112 1623 1
112 1639 1
112 1650 1
112 1684 1
112 1777 1
112 1800 1
112 1829 1
112 1847 1
112 1888 1
112 1899 1
112 1937 1
112 1959 1
112 2036 1
112 2043 1
113 2 1
113 23 1
113 36 1
113 61 1
113 118 1
113 148 1
113 159 1
113 193 1
113 246 1
113 284 1
113 321 1
113 356 1
113 459 1
113 559 1
113 575 1
113 634 1
113 761 1
113 937 1
113 989 1
113 1006 1
113 1032 1
113 1122 1
113 1176 1
113 1264 1
113 1363 1
113 1395 1
113 1421 1
113 1473 1
113 1604 1
113 1755 1
113 1775 1
113 1788 1
113 1799 1
113 1821 1
113 1854 1
113 1869 1
113 1902 1
114 23 1
114 40 1
114 59 1
114 89 1
114 114 1
114 147 1
114 153 1
114 218 1
114 324 1
114 414 1
114 439 1
114 648 1
114 846 1
114 886 1
114 927 1
114 991 1
114 1016 1
114 1068 1
114 1151 1
114 1189 1
114 1217 1
114 1263 1
114 1308 1
114 1517 1
114 1535 1
114 1701 1
114 1738 1
114 1778 1
114 1795 1
114 1845 1
114 1861 1
114 1964 1
114 1970 1
114 2021 1
114 2046 1
115 86 1
115 327 1
115 415 1
115 447 1
115 620 1
115 665 1
115 721 1
115 820 1
115 878 1
115 901 1
115 929 1
115 964 1
115 1026 1
115 1059 1
115 1063 1
115 1681 1
115 1721 1
115 1756 1
115 1798 1
115 1882 1
115 1948 1
115 1965 1
115 2035 1
116 5 1
116 117 1
116 141 1
116 230 1
116 335 1
116 467 1
116 473 1
116 945 1
116 982 1
116 1081 1
116 1086 1
116 1354 1
116 1419 1
116 1482 1
116 1553 1
116 1619 1
116 1657 1
116 1697 1
116 1728 1
116 1839 1
116 1976 1
116 1982 1
116 1986 1
117 242 1
117 363 1
117 539 1
117 700 1
117 754 1
117 792 1
117 872 1
117 1083 1
117 1116 1
117 1268 1
117 1340 1
117 1545 1
117 1573 1
117 1708 1
117 1916 1
117 1927 1
118 17 1
118 22 1
118 25 1
118 56 1
118 336 1
118 361 1
118 644 1
118 913 1
118 1215 1
118 1379 1
118 1618 1
118 1781 1
119 282 1
119 1193 1
119 1200 1
119 1338 1
119 1453 1
119 1533 1
119 1541 1
119 1673 1
119 1774 1
119 1981 1
120 69 1
120 247 1
120 453 1
120 472 1
120 895 1
120 916 1
120 917 1
120 1165 1
120 1390 1
120 1999 1
121 33 1
121 367 1
121 530 1
121 654 1
121 1009 1
121 1146 1
121 1201 1
121 1303 1
121 1688 1
121 1910 1
121 1923 1
121 1947 1
122 7 1
122 14 1
122 26 1
122 28 1
122 35 1
122 36 1
122 79 1
122 150 1
122 187 1
122 310 1
122 315 1
122 360 1
122 378 1
122 406 1
122 422 1
122 433 1
122 438 1
122 486 1
122 500 1
122 515 1
122 529 1
122 531 1
122 552 1
122 574 1
122 594 1
122 641 1
122 656 1
122 661 1
122 697 1
122 726 1
122 733 1
122 770 1
122 810 1
122 818 1
122 838 1
122 841 1
122 864 1
122 931 1
122 939 1
122 967 1
122 988 1
122 1002 1
122 1029 1
122 1104 1
122 1149 1
122 1221 1
122 1237 1
122 1267 1
122 1289 1
122 1293 1
122 1305 1
122 1314 1
122 1325 1
122 1343 1
122 1378 1
122 1393 1
122 1414 1
122 1470 1
122 1471 1
122 1527 1
122 1531 1
122 1567 1
122 1569 1
122 1585 1
122 1594 1
122 1632 1
122 1664 1
122 1751 1
122 1789 1
122 1809 1
122 1810 1
122 1813 1
122 1814 1
122 1835 1
122 1856 1
122 1875 1
122 1954 1
122 1972 1
122 2006 1
122 2025 1
123 1 1
123 58 1
123 83 1
123 100 1
123 111 1
123 115 1
123 155 1
123 189 1
123 219 1
123 220 1
123 250 1
123 253 1
123 294 1
123 295 1
123 305 1
123 312 1
123 317 1
123 330 1
123 338 1
123 366 1
123 369 1
123 377 1
123 383 1
123 412 1
123 423 1
123 443 1
123 465 1
123 466 1
123 471 1
123 479 1
123 481 1
123 482 1
123 498 1
123 506 1
123 513 1
123 521 1
123 523 1
123 532 1
123 545 1
123 547 1
123 551 1
123 561 1
123 576 1
123 577 1
123 625 1
123 631 1
123 658 1
123 662 1
123 676 1
123 684 1
123 699 1
123 750 1
123 778 1
123 788 1
123 794 1
123 808 1
123 829 1
123 848 1
123 857 1
123 860 1
123 879 1
123 885 1
123 912 1
123 946 1
123 952 1
123 953 1
123 960 1
123 997 1
123 1007 1
123 1023 1
123 1066 1
123 1073 1
123 1075 1
123 1079 1
123 1089 1
123 1091 1
123 1092 1
123 1094 1
123 1115 1
123 1117 1
123 1123 1
123 1131 1
123 1133 1
123 1161 1
123 1168 1
123 1169 1
123 1182 1
123 1188 1
123 1209 1
123 1211 1
123 1271 1
123 1290 1
123 1291 1
123 1320 1
123 1333 1
123 1349 1
123 1369 1
123 1384 1
123 1407 1
123 1411 1
123 1413 1
123 1416 1
123 1432 1
123 1449 1
123 1474 1
123 1480 1
123 1484 1
123 1491 1
123 1495 1
123 1505 1
123 1556 1
123 1570 1
123 1596 1
123 1603 1
123 1609 1
123 1612 1
123 1649 1
123 1660 1
123 1663 1
123 1668 1
123 1671 1
123 1693 1
123 1709 1
123 1720 1
123 1732 1
123 1735 1
123 1773 1
123 1782 1
123 1796 1
123 1811 1
123 1826 1
123 1830 1
123 1831 1
123 1843 1
123 1867 1
123 1919 1
123 1958 1
123 1975 1
123 2001 1
123 2004 1
123 2015 1
123 2016 1
123 2029 1
123 2042 1
124 49 1
124 53 1
124 81 1
124 90 1
124 92 1
124 122 1
124 145 1
124 160 1
124 167 1
124 169 1
124 171 1
124 194 1
124 235 1
124 248 1
124 286 1
124 287 1
124 288 1
124 292 1
124 297 1
124 299 1
124 320 1
124 350 1
124 362 1
124 384 1
124 402 1
124 409 1
124 420 1
124 425 1
124 426 1
124 485 1
124 533 1
124 541 1
124 593 1
124 605 1
124 633 1
124 635 1
124 649 1
124 667 1
124 686 1
124 692 1
124 693 1
124 703 1
124 723 1
124 740 1
124 743 1
124 752 1
124 755 1
124 772 1
124 790 1
124 803 1
124 831 1
124 852 1
124 876 1
124 887 1
124 903 1
124 934 1
124 936 1
124 943 1
124 950 1
124 983 1
124 1010 1
124 1018 1
124 1025 1
124 1036 1
124 1053 1
124 1072 1
124 1096 1
124 1113 1
124 1130 1
124 1136 1
124 1140 1
124 1145 1
124 1150 1
124 1152 1
124 1159 1
124 1172 1
124 1184 1
124 1185 1
124 1190 1
124 1197 1
124 1216 1
124 1234 1
124 1238 1
124 1245 1
124 1249 1
124 1253 1
124 1273 1
124 1286 1
124 1307 1
124 1316 1
124 1318 1
124 1319 1
124 1321 1
124 1323 1
124 1339 1
124 1346 1
124 1348 1
124 1357 1
124 1372 1
124 1385 1
124 1396 1
124 1403 1
124 1404 1
124 1427 1
124 1430 1
124 1438 1
124 1442 1
124 1459 1
124 1478 1
124 1497 1
124 1510 1
124 1536 1
124 1539 1
124 1542 1
124 1562 1
124 1581 1
124 1582 1
124 1635 1
124 1648 1
124 1654 1
124 1655 1
124 1658 1
124 1683 1
124 1704 1
124 1726 1
124 1731 1
124 1741 1
124 1760 1
124 1762 1
124 1771 1
124 1780 1
124 1785 1
124 1791 1
124 1803 1
124 1819 1
124 1837 1
124 1851 1
124 1903 1
124 1917 1
124 1918 1
124 1922 1
124 1926 1
124 1949 1
124 1961 1
124 1969 1
124 1974 1
124 1989 1
124 2003 1
124 2007 1
124 2012 1
124 2022 1
124 2028 1
124 2045 1
125 29 1
125 41 1
125 51 1
125 64 1
125 68 1
125 96 1
125 119 1
125 123 1
125 136 1
125 139 1
125 195 1
125 208 1
125 213 1
125 214 1
125 216 1
125 240 1
125 255 1
125 260 1
125 269 1
125 290 1
125 337 1
125 341 1
125 346 1
125 370 1
125 394 1
125 446 1
125 450 1
125 457 1
125 469 1
125 476 1
125 494 1
125 501 1
125 526 1
125 536 1
125 619 1
125 642 1
125 646 1
125 687 1
125 716 1
125 739 1
125 764 1
125 768 1
125 839 1
125 850 1
125 853 1
125 868 1
125 882 1
125 888 1
125 897 1
125 905 1
125 914 1
125 958 1
125 968 1
125 994 1
125 995 1
125 1001 1
125 1022 1
125 1034 1
125 1049 1
125 1064 1
125 1067 1
125 1077 1
125 1087 1
125 1103 1
125 1154 1
125 1155 1
125 1163 1
125 1187 1
125 1194 1
125 1202 1
125 1224 1
125 1229 1
125 1236 1
125 1254 1
125 1294 1
125 1313 1
125 1351 1
125 1352 1
125 1370 1
125 1409 1
125 1439 1
125 1485 1
125 1489 1
125 1507 1
125 1513 1
125 1543 1
125 1551 1
125 1565 1
125 1574 1
125 1580 1
125 1601 1
125 1611 1
125 1687 1
125 1702 1
125 1712 1
125 1743 1
125 1801 1
125 1828 1
125 1859 1
125 1876 1
125 1886 1
125 1895 1
125 1906 1
125 1925 1
125 1928 1
125 1952 1
125 1955 1
125 1968 1
125 1980 1
125 1990 1
125 1996 1
125 2034 1
125 2044 1
125 2047 1
126 94 1
126 101 1
126 140 1
126 146 1
126 156 1
126 173 1
126 202 1
126 210 1
126 215 1
126 223 1
126 237 1
126 271 1
126 351 1
126 354 1
126 372 1
126 410 1
126 496 1
126 502 1
126 508 1
126 511 1
126 542 1
126 543 1
126 558 1
126 569 1
126 572 1
126 588 1
126 600 1
126 614 1
126 637 1
126 758 1
126 773 1
126 783 1
126 800 1
126 807 1
126 809 1
126 819 1
126 833 1
126 843 1
126 881 1
126 900 1
126 908 1
126 915 1
126 921 1
126 925 1
126 947 1
126 954 1
126 974 1
126 1005 1
126 1021 1
126 1037 1
126 1040 1
126 1057 1
126 1108 1
126 1119 1
126 1138 1
126 1210 1
126 1233 1
126 1243 1
126 1246 1
126 1255 1
126 1260 1
126 1283 1
126 1322 1
126 1335 1
126 1358 1
126 1361 1
126 1375 1
126 1391 1
126 1408 1
126 1457 1
126 1479 1
126 1518 1
126 1534 1
126 1547 1
126 1561 1
126 1563 1
126 1568 1
126 1575 1
126 1610 1
126 1656 1
126 1676 1
126 1677 1
126 1690 1
126 1696 1
126 1705 1
126 1715 1
126 1717 1
126 1730 1
126 1734 1
126 1757 1
126 1768 1
126 1769 1
126 1838 1
126 1862 1
126 1868 1
126 1891 1
126 1897 1
126 1911 1
126 1930 1
126 1941 1
126 1962 1
126 1966 1
126 2000 1
127 91 1
127 98 1
127 132 1
127 142 1
127 182 1
127 191 1
127 209 1
127 256 1
127 259 1
127 267 1
127 293 1
127 339 1
127 340 1
127 371 1
127 437 1
127 491 1
127 499 1
127 527 1
127 630 1
127 674 1
127 678 1
127 688 1
127 763 1
127 826 1
127 923 1
127 961 1
127 992 1
127 1055 1
127 1085 1
127 1282 1
127 1298 1
127 1312 1
127 1347 1
127 1377 1
127 1435 1
127 1436 1
127 1455 1
127 1466 1
127 1523 1
127 1544 1
127 1577 1
127 1605 1
127 1640 1
127 1665 1
127 1667 1
127 1716 1
127 1719 1
127 1725 1
127 1864 1
127 1892 1
127 1946 1
127 1984 1
127 2031 1
127 2038 1
128 8 1
128 152 1
128 176 1
128 262 1
128 303 1
128 365 1
128 388 1
128 445 1
128 579 1
128 696 1
128 751 1
128 753 1
128 836 1
128 856 1
128 940 1
128 1042 1
128 1360 1
128 1494 1
128 1641 1
128 1661 1
128 1711 1
128 1742 1
128 1797 1
128 1908 1
129 28 1
129 188 1
129 393 1
129 490 1
129 599 1
129 822 1
129 918 1
129 1052 1
129 1183 1
129 1304 1
129 1342 1
129 1359 1
129 1364 1
129 1487 1
129 1516 1
129 1624 1
129 1692 1
129 1834 1
129 1877 1
130 517 1
130 647 1
130 706 1
130 957 1
130 1106 1
130 1180 1
130 1206 1
130 1219 1
130 1462 1
130 1496 1
130 1514 1
130 1554 1
130 2040 1
131 19 1
131 35 1
131 43 1
131 732 1
131 1030 1
131 1530 1
131 1679 1
132 41 1
132 793 1
132 1205 1
132 1444 1
133 7 1
133 19 1
133 274 1
133 615 1
133 1186 1
133 1382 1
133 1572 1
134 799 1
134 1100 1
134 1157 1
134 1440 1
134 1598 1
134 1933 1
134 1938 1
134 1939 1
135 19 1
135 375 1
135 503 1
135 978 1
135 1477 1
135 1504 1
135 1752 1
135 1812 1
135 1979 1
136 120 1
136 460 1
136 474 1
136 562 1
136 573 1
136 582 1
136 624 1
136 734 1
136 737 1
136 760 1
136 827 1
136 894 1
136 902 1
136 984 1
136 1048 1
136 1295 1
136 1341 1
136 1447 1
136 1591 1
136 1636 1
136 1646 1
136 1746 1
136 1995 1
137 18 1
137 19 1
137 29 1
137 63 1
137 67 1
137 116 1
137 135 1
137 203 1
137 254 1
137 357 1
137 382 1
137 403 1
137 554 1
137 598 1
137 610 1
137 618 1
137 636 1
137 657 1
137 681 1
137 711 1
137 724 1
137 735 1
137 784 1
137 796 1
137 816 1
137 828 1
137 854 1
137 959 1
137 971 1
137 980 1
137 1012 1
137 1179 1
137 1220 1
137 1265 1
137 1266 1
137 1275 1
137 1279 1
137 1301 1
137 1344 1
137 1401 1
137 1434 1
137 1464 1
137 1488 1
137 1499 1
137 1579 1
137 1718 1
137 1753 1
137 1754 1
137 1772 1
137 1840 1
137 1871 1
137 1907 1
137 1934 1
137 1944 1
137 1957 1
137 1991 1
138 16 1
138 95 1
138 389 1
138 595 1
138 705 1
138 757 1
138 802 1
138 975 1
138 1134 1
138 1135 1
138 1456 1
138 1503 1
138 1560 1
138 1566 1
138 1629 1
139 540 1
139 1148 1
139 1783 1
139 1879 1
139 2027 1
140 29 1
140 41 1
141 28 1
141 456 1
142 1608 1
143 12 1
143 31 1
144 21 1
144 30 1
145 8 1
146 4 1
146 14 1
146 36 1
149 3 1
149 34 1
651 74 1
652 58 1
653 45 1
653 72 1
653 79 1
653 81 1
656 59 1
657 46 1
657 48 1
658 48 1
659 76 1
660 68 1
661 43 1
661 62 1
662 53 1
662 107 1
662 231 1
662 347 1
662 407 1
662 625 1
662 641 1
662 700 1
662 770 1
662 913 1
662 1019 1
662 1179 1
662 1185 1
662 1461 1
662 1492 1
662 1812 1
662 1940 1
663 3 1
663 9 1
663 18 1
663 44 1
663 64 1
663 72 1
663 92 1
663 102 1
663 105 1
663 111 1
663 126 1
663 135 1
663 137 1
663 166 1
663 235 1
663 265 1
663 275 1
663 276 1
663 297 1
663 298 1
663 300 1
663 351 1
663 357 1
663 358 1
663 394 1
663 414 1
663 459 1
663 491 1
663 493 1
663 531 1
663 548 1
663 564 1
663 568 1
663 633 1
663 651 1
663 682 1
663 683 1
663 705 1
663 709 1
663 722 1
663 771 1
663 781 1
663 796 1
663 802 1
663 821 1
663 878 1
663 881 1
663 897 1
663 901 1
663 978 1
663 1003 1
663 1030 1
663 1148 1
663 1170 1
663 1171 1
663 1184 1
663 1195 1
663 1218 1
663 1229 1
663 1281 1
663 1295 1
663 1395 1
663 1417 1
663 1463 1
663 1512 1
663 1536 1
663 1553 1
663 1570 1
663 1575 1
663 1586 1
663 1590 1
663 1600 1
663 1628 1
663 1655 1
663 1677 1
663 1681 1
663 1693 1
663 1789 1
663 1856 1
663 1890 1
663 1894 1
663 1924 1
663 1960 1
663 2006 1
663 2012 1
664 5 1
664 38 1
664 61 1
664 80 1
664 109 1
664 110 1
664 185 1
664 196 1
664 225 1
664 227 1
664 255 1
664 274 1
664 329 1
664 359 1
664 401 1
664 418 1
664 427 1
664 437 1
664 455 1
664 468 1
664 485 1
664 495 1
664 563 1
664 570 1
664 587 1
664 588 1
664 598 1
664 670 1
664 689 1
664 698 1
664 706 1
664 758 1
664 795 1
664 807 1
664 832 1
664 849 1
664 860 1
664 930 1
664 936 1
664 939 1
664 959 1
664 1050 1
664 1075 1
664 1090 1
664 1112 1
664 1150 1
664 1156 1
664 1213 1
664 1214 1
664 1228 1
664 1257 1
664 1258 1
664 1274 1
664 1363 1
664 1394 1
664 1406 1
664 1430 1
664 1444 1
664 1460 1
664 1475 1
664 1543 1
664 1579 1
664 1607 1
664 1679 1
664 1724 1
664 1732 1
664 1748 1
664 1815 1
664 1830 1
664 1834 1
664 1849 1
664 1850 1
664 1853 1
664 1857 1
664 1870 1
664 1881 1
664 1918 1
664 1926 1
664 1927 1
664 1929 1
664 1944 1
664 1981 1
664 1998 1
664 2027 1
664 2039 1
664 2041 1
665 8 1
665 15 1
665 25 1
665 64 1
665 75 1
665 79 1
665 96 1
665 101 1
665 243 1
665 277 1
665 278 1
665 310 1
665 316 1
665 381 1
665 388 1
665 393 1
665 416 1
665 457 1
665 505 1
665 532 1
665 544 1
665 567 1
665 576 1
665 580 1
665 590 1
665 680 1
665 772 1
665 815 1
665 823 1
665 824 1
665 834 1
665 879 1
665 910 1
665 951 1
665 1010 1
665 1087 1
665 1098 1
665 1106 1
665 1109 1
665 1122 1
665 1137 1
665 1181 1
665 1217 1
665 1268 1
665 1291 1
665 1342 1
665 1369 1
665 1503 1
665 1516 1
665 1519 1
665 1522 1
665 1547 1
665 1619 1
665 1630 1
665 1678 1
665 1690 1
665 1694 1
665 1698 1
665 1832 1
665 1842 1
665 1917 1
665 1925 1
665 1935 1
665 1952 1
665 1991 1
666 80 1
666 240 1
666 375 1
666 422 1
666 441 1
666 487 1
666 501 1
666 593 1
666 608 1
666 637 1
666 643 1
666 688 1
666 712 1
666 932 1
666 933 1
666 1000 1
666 1129 1
666 1178 1
666 1249 1
666 1259 1
666 1289 1
666 1320 1
666 1321 1
666 1375 1
666 1400 1
666 1439 1
666 1470 1
666 1502 1
666 1531 1
666 1532 1
666 1535 1
666 1659 1
666 1702 1
666 1769 1
666 1840 1
666 1854 1
666 1859 1
666 1874 1
666 1988 1
666 1994 1
667 23 1
667 51 1
667 69 1
667 71 1
667 123 1
667 177 1
667 190 1
667 210 1
667 214 1
667 226 1
667 236 1
667 258 1
667 271 1
667 337 1
667 343 1
667 353 1
667 372 1
667 384 1
667 412 1
667 432 1
667 436 1
667 536 1
667 571 1
667 577 1
667 579 1
667 699 1
667 768 1
667 794 1
667 853 1
667 867 1
667 872 1
667 903 1
667 912 1
667 914 1
667 922 1
667 937 1
667 960 1
667 989 1
667 995 1
667 1024 1
667 1045 1
667 1101 1
667 1104 1
667 1110 1
667 1149 1
667 1175 1
667 1205 1
667 1216 1
667 1244 1
667 1254 1
667 1358 1
667 1370 1
667 1376 1
667 1408 1
667 1465 1
667 1497 1
667 1523 1
667 1563 1
667 1595 1
667 1674 1
667 1739 1
667 1790 1
667 1803 1
667 1872 1
667 1992 1
668 95 1
668 232 1
668 318 1
668 319 1
668 419 1
668 462 1
668 498 1
668 506 1
668 600 1
668 606 1
668 826 1
668 1099 1
668 1115 1
668 1187 1
668 1264 1
668 1292 1
668 1312 1
668 1402 1
668 1431 1
668 1476 1
668 1508 1
668 1584 1
668 1643 1
668 1673 1
668 1734 1
668 1747 1
668 1879 1
668 1904 1
668 1977 1
668 1982 1
668 2042 1
669 55 1
669 79 1
669 259 1
669 270 1
669 423 1
669 478 1
669 503 1
669 732 1
669 734 1
669 820 1
669 953 1
669 1049 1
669 1103 1
669 1165 1
669 1300 1
669 1364 1
669 1453 1
669 1546 1
669 1572 1
669 1650 1
669 1666 1
669 1773 1
669 1794 1
669 1860 1
669 1875 1
669 1876 1
669 1963 1
670 56 1
670 218 1
670 445 1
670 497 1
670 586 1
670 791 1
670 926 1
670 1060 1
670 1253 1
670 1319 1
670 1343 1
670 1539 1
671 42 1
671 99 1
671 317 1
671 434 1
671 817 1
671 1018 1
671 1162 1
671 1725 1
671 1903 1
672 113 1
672 131 1
672 144 1
672 341 1
672 346 1
672 481 1
672 509 1
672 714 1
672 749 1
672 996 1
672 1740 1
673 43 1
673 172 1
673 233 1
673 538 1
673 675 1
673 909 1
673 990 1
673 1345 1
673 1480 1
673 1897 1
673 1901 1
673 1972 1
674 43 1
674 47 1
674 74 1
674 537 1
674 943 1
674 972 1
674 1080 1
674 1353 1
674 1379 1
674 1703 1
674 1712 1
674 1974 1
675 6 1
675 11 1
675 24 1
675 31 1
675 33 1
675 36 1
675 41 1
675 57 1
675 80 1
675 116 1
675 154 1
675 176 1
675 261 1
675 290 1
675 433 1
675 443 1
675 456 1
675 474 1
675 553 1
675 765 1
675 785 1
675 793 1
675 830 1
675 859 1
675 993 1
675 998 1
675 1035 1
675 1108 1
675 1121 1
675 1163 1
675 1220 1
675 1240 1
675 1243 1
675 1248 1
675 1251 1
675 1307 1
675 1339 1
675 1381 1
675 1482 1
675 1822 1
675 1844 1
675 1893 1
675 1928 1
675 2016 1
675 2032 1
676 2 1
676 4 1
676 7 1
676 10 1
676 12 1
676 14 1
676 16 1
676 19 1
676 20 1
676 21 1
676 26 1
676 27 1
676 28 1
676 29 1
676 32 1
676 35 1
676 39 1
676 40 1
676 49 1
676 54 1
676 60 1
676 63 1
676 65 1
676 70 1
676 73 1
676 78 1
676 89 1
676 93 1
676 94 1
676 103 1
676 108 1
676 125 1
676 129 1
676 134 1
676 142 1
676 152 1
676 153 1
676 156 1
676 159 1
676 161 1
676 175 1
676 179 1
676 180 1
676 181 1
676 192 1
676 194 1
676 197 1
676 203 1
676 219 1
676 220 1
676 230 1
676 248 1
676 249 1
676 267 1
676 268 1
676 272 1
676 282 1
676 287 1
676 289 1
676 292 1
676 294 1
676 299 1
676 314 1
676 315 1
676 320 1
676 325 1
676 328 1
676 330 1
676 334 1
676 339 1
676 360 1
676 361 1
676 362 1
676 363 1
676 374 1
676 376 1
676 377 1
676 380 1
676 386 1
676 392 1
676 395 1
676 397 1
676 398 1
676 405 1
676 413 1
676 420 1
676 424 1
676 429 1
676 446 1
676 458 1
676 460 1
676 463 1
676 464 1
676 469 1
676 471 1
676 480 1
676 507 1
676 510 1
676 511 1
676 512 1
676 514 1
676 516 1
676 527 1
676 529 1
676 540 1
676 546 1
676 549 1
676 556 1
676 561 1
676 566 1
676 582 1
676 589 1
676 592 1
676 594 1
676 597 1
676 604 1
676 605 1
676 616 1
676 622 1
676 628 1
676 632 1
676 638 1
676 649 1
676 650 1
676 652 1
676 654 1
676 655 1
676 662 1
676 664 1
676 665 1
676 671 1
676 674 1
676 694 1
676 701 1
676 710 1
676 719 1
676 723 1
676 726 1
676 730 1
676 738 1
676 752 1
676 753 1
676 760 1
676 764 1
676 769 1
676 777 1
676 779 1
676 783 1
676 784 1
676 786 1
676 789 1
676 797 1
676 800 1
676 804 1
676 806 1
676 808 1
676 809 1
676 811 1
676 819 1
676 827 1
676 829 1
676 831 1
676 836 1
676 837 1
676 838 1
676 843 1
676 845 1
676 847 1
676 848 1
676 851 1
676 856 1
676 861 1
676 865 1
676 873 1
676 877 1
676 880 1
676 882 1
676 887 1
676 888 1
676 889 1
676 895 1
676 899 1
676 904 1
676 905 1
676 908 1
676 916 1
676 917 1
676 918 1
676 929 1
676 955 1
676 1012 1
676 1013 1
676 1014 1
676 1020 1
676 1022 1
676 1034 1
676 1036 1
676 1037 1
676 1040 1
676 1052 1
676 1058 1
676 1061 1
676 1084 1
676 1085 1
676 1086 1
676 1094 1
676 1096 1
676 1116 1
676 1117 1
676 1123 1
676 1125 1
676 1131 1
676 1134 1
676 1135 1
676 1136 1
676 1142 1
676 1144 1
676 1154 1
676 1155 1
676 1158 1
676 1159 1
676 1160 1
676 1161 1
676 1164 1
676 1167 1
676 1173 1
676 1174 1
676 1182 1
676 1183 1
676 1193 1
676 1199 1
676 1200 1
676 1201 1
676 1210 1
676 1221 1
676 1222 1
676 1230 1
676 1231 1
676 1245 1
676 1255 1
676 1261 1
676 1263 1
676 1267 1
676 1273 1
676 1284 1
676 1301 1
676 1303 1
676 1308 1
676 1309 1
676 1314 1
676 1315 1
676 1318 1
676 1327 1
676 1329 1
676 1333 1
676 1334 1
676 1341 1
676 1344 1
676 1348 1
676 1351 1
676 1352 1
676 1357 1
676 1374 1
676 1380 1
676 1389 1
676 1392 1
676 1393 1
676 1399 1
676 1403 1
676 1407 1
676 1413 1
676 1419 1
676 1432 1
676 1433 1
676 1434 1
676 1436 1
676 1448 1
676 1449 1
676 1454 1
676 1457 1
676 1464 1
676 1466 1
676 1473 1
676 1477 1
676 1486 1
676 1489 1
676 1495 1
676 1504 1
676 1510 1
676 1514 1
676 1544 1
676 1548 1
676 1549 1
676 1556 1
676 1560 1
676 1562 1
676 1569 1
676 1577 1
676 1587 1
676 1589 1
676 1592 1
676 1594 1
676 1598 1
676 1601 1
676 1602 1
676 1604 1
676 1609 1
676 1610 1
676 1614 1
676 1617 1
676 1622 1
676 1626 1
676 1629 1
676 1637 1
676 1641 1
676 1644 1
676 1646 1
676 1651 1
676 1656 1
676 1657 1
676 1662 1
676 1663 1
676 1665 1
676 1684 1
676 1686 1
676 1687 1
676 1689 1
676 1692 1
676 1695 1
676 1696 1
676 1700 1
676 1707 1
676 1711 1
676 1718 1
676 1723 1
676 1729 1
676 1736 1
676 1741 1
676 1744 1
676 1746 1
676 1752 1
676 1753 1
676 1754 1
676 1757 1
676 1774 1
676 1780 1
676 1784 1
676 1785 1
676 1786 1
676 1788 1
676 1792 1
676 1801 1
676 1806 1
676 1808 1
676 1809 1
676 1816 1
676 1819 1
676 1829 1
676 1835 1
676 1837 1
676 1838 1
676 1839 1
676 1864 1
676 1868 1
676 1869 1
676 1871 1
676 1888 1
676 1892 1
676 1896 1
676 1898 1
676 1907 1
676 1911 1
676 1913 1
676 1931 1
676 1939 1
676 1942 1
676 1946 1
676 1951 1
676 1956 1
676 1958 1
676 1965 1
676 1969 1
676 1971 1
676 1980 1
676 1983 1
676 1987 1
676 2003 1
676 2014 1
676 2018 1
676 2026 1
676 2028 1
676 2043 1
676 2046 1
677 13 1
677 17 1
677 30 1
677 34 1
677 37 1
677 50 1
677 52 1
677 66 1
677 77 1
677 82 1
677 84 1
677 86 1
677 88 1
677 90 1
677 97 1
677 98 1
677 100 1
677 104 1
677 112 1
677 115 1
677 117 1
677 118 1
677 121 1
677 122 1
677 124 1
677 127 1
677 128 1
677 130 1
677 136 1
677 143 1
677 145 1
677 148 1
677 150 1
677 155 1
677 157 1
677 160 1
677 162 1
677 163 1
677 165 1
677 167 1
677 168 1
677 169 1
677 170 1
677 173 1
677 178 1
677 182 1
677 183 1
677 188 1
677 189 1
677 193 1
677 198 1
677 199 1
677 200 1
677 202 1
677 204 1
677 207 1
677 211 1
677 213 1
677 217 1
677 221 1
677 222 1
677 223 1
677 224 1
677 228 1
677 237 1
677 238 1
677 241 1
677 247 1
677 250 1
677 251 1
677 253 1
677 257 1
677 260 1
677 262 1
677 263 1
677 264 1
677 266 1
677 273 1
677 280 1
677 281 1
677 283 1
677 284 1
677 285 1
677 291 1
677 293 1
677 295 1
677 301 1
677 303 1
677 305 1
677 306 1
677 308 1
677 311 1
677 321 1
677 326 1
677 331 1
677 336 1
677 338 1
677 342 1
677 344 1
677 350 1
677 352 1
677 354 1
677 355 1
677 356 1
677 365 1
677 366 1
677 369 1
677 371 1
677 373 1
677 378 1
677 382 1
677 383 1
677 390 1
677 391 1
677 396 1
677 402 1
677 404 1
677 406 1
677 408 1
677 409 1
677 410 1
677 411 1
677 425 1
677 426 1
677 428 1
677 435 1
677 439 1
677 442 1
677 444 1
677 447 1
677 450 1
677 452 1
677 454 1
677 461 1
677 465 1
677 466 1
677 467 1
677 470 1
677 479 1
677 482 1
677 483 1
677 488 1
677 489 1
677 492 1
677 494 1
677 496 1
677 499 1
677 500 1
677 502 1
677 508 1
677 513 1
677 515 1
677 518 1
677 523 1
677 524 1
677 525 1
677 526 1
677 530 1
677 535 1
677 539 1
677 542 1
677 547 1
677 552 1
677 554 1
677 557 1
677 558 1
677 559 1
677 560 1
677 565 1
677 569 1
677 572 1
677 573 1
677 574 1
677 583 1
677 585 1
677 596 1
677 599 1
677 601 1
677 603 1
677 607 1
677 609 1
677 610 1
677 611 1
677 612 1
677 613 1
677 614 1
677 615 1
677 623 1
677 624 1
677 627 1
677 630 1
677 631 1
677 635 1
677 636 1
677 639 1
677 644 1
677 647 1
677 648 1
677 657 1
677 659 1
677 660 1
677 661 1
677 663 1
677 666 1
677 667 1
677 668 1
677 669 1
677 672 1
677 673 1
677 676 1
677 677 1
677 678 1
677 679 1
677 681 1
677 685 1
677 686 1
677 687 1
677 690 1
677 692 1
677 693 1
677 695 1
677 696 1
677 697 1
677 702 1
677 707 1
677 713 1
677 715 1
677 720 1
677 721 1
677 724 1
677 727 1
677 729 1
677 731 1
677 733 1
677 736 1
677 737 1
677 739 1
677 741 1
677 745 1
677 746 1
677 747 1
677 748 1
677 751 1
677 756 1
677 759 1
677 763 1
677 773 1
677 774 1
677 776 1
677 790 1
677 792 1
677 799 1
677 801 1
677 803 1
677 814 1
677 816 1
677 828 1
677 835 1
677 844 1
677 850 1
677 852 1
677 855 1
677 858 1
677 862 1
677 863 1
677 864 1
677 866 1
677 868 1
677 869 1
677 875 1
677 876 1
677 885 1
677 886 1
677 890 1
677 892 1
677 893 1
677 894 1
677 896 1
677 898 1
677 900 1
677 902 1
677 906 1
677 907 1
677 915 1
677 919 1
677 920 1
677 923 1
677 924 1
677 928 1
677 934 1
677 940 1
677 944 1
677 945 1
677 946 1
677 947 1
677 949 1
677 950 1
677 954 1
677 956 1
677 958 1
677 961 1
677 963 1
677 964 1
677 965 1
677 967 1
677 969 1
677 970 1
677 973 1
677 974 1
677 975 1
677 976 1
677 979 1
677 982 1
677 983 1
677 985 1
677 986 1
677 987 1
677 988 1
677 992 1
677 997 1
677 999 1
677 1001 1
677 1002 1
677 1004 1
677 1005 1
677 1006 1
677 1007 1
677 1008 1
677 1009 1
677 1015 1
677 1016 1
677 1017 1
677 1025 1
677 1026 1
677 1028 1
677 1033 1
677 1038 1
677 1039 1
677 1042 1
677 1044 1
677 1047 1
677 1051 1
677 1053 1
677 1055 1
677 1057 1
677 1059 1
677 1063 1
677 1065 1
677 1067 1
677 1068 1
677 1069 1
677 1070 1
677 1074 1
677 1076 1
677 1078 1
677 1079 1
677 1082 1
677 1097 1
677 1100 1
677 1107 1
677 1111 1
677 1113 1
677 1114 1
677 1118 1
677 1124 1
677 1127 1
677 1128 1
677 1130 1
677 1133 1
677 1141 1
677 1143 1
677 1146 1
677 1151 1
677 1152 1
677 1157 1
677 1166 1
677 1168 1
677 1169 1
677 1172 1
677 1176 1
677 1180 1
677 1188 1
677 1191 1
677 1192 1
677 1198 1
677 1202 1
677 1203 1
677 1204 1
677 1206 1
677 1208 1
677 1211 1
677 1212 1
677 1215 1
677 1219 1
677 1223 1
677 1224 1
677 1225 1
677 1226 1
677 1232 1
677 1233 1
677 1234 1
677 1235 1
677 1237 1
677 1238 1
677 1246 1
677 1247 1
677 1256 1
677 1260 1
677 1265 1
677 1269 1
677 1271 1
677 1275 1
677 1277 1
677 1279 1
677 1283 1
677 1286 1
677 1287 1
677 1288 1
677 1293 1
677 1298 1
677 1304 1
677 1310 1
677 1311 1
677 1313 1
677 1322 1
677 1324 1
677 1325 1
677 1326 1
677 1330 1
677 1331 1
677 1332 1
677 1340 1
677 1349 1
677 1354 1
677 1359 1
677 1360 1
677 1361 1
677 1365 1
677 1366 1
677 1367 1
677 1368 1
677 1371 1
677 1373 1
677 1377 1
677 1378 1
677 1383 1
677 1385 1
677 1386 1
677 1387 1
677 1396 1
677 1397 1
677 1401 1
677 1409 1
677 1414 1
677 1420 1
677 1421 1
677 1422 1
677 1423 1
677 1426 1
677 1427 1
677 1435 1
677 1437 1
677 1438 1
677 1440 1
677 1441 1
677 1443 1
677 1445 1
677 1446 1
677 1447 1
677 1450 1
677 1456 1
677 1458 1
677 1459 1
677 1468 1
677 1474 1
677 1478 1
677 1479 1
677 1483 1
677 1484 1
677 1485 1
677 1490 1
677 1493 1
677 1496 1
677 1498 1
677 1499 1
677 1507 1
677 1511 1
677 1513 1
677 1515 1
677 1518 1
677 1520 1
677 1521 1
677 1524 1
677 1526 1
677 1527 1
677 1528 1
677 1530 1
677 1533 1
677 1534 1
677 1537 1
677 1538 1
677 1541 1
677 1542 1
677 1545 1
677 1551 1
677 1552 1
677 1554 1
677 1555 1
677 1557 1
677 1558 1
677 1559 1
677 1564 1
677 1568 1
677 1574 1
677 1576 1
677 1583 1
677 1585 1
677 1588 1
677 1603 1
677 1605 1
677 1606 1
677 1608 1
677 1612 1
677 1613 1
677 1616 1
677 1631 1
677 1632 1
677 1633 1
677 1634 1
677 1640 1
677 1642 1
677 1645 1
677 1647 1
677 1654 1
677 1658 1
677 1664 1
677 1667 1
677 1668 1
677 1669 1
677 1670 1
677 1671 1
677 1676 1
677 1682 1
677 1683 1
677 1685 1
677 1691 1
677 1699 1
677 1701 1
677 1709 1
677 1710 1
677 1716 1
677 1720 1
677 1722 1
677 1727 1
677 1728 1
677 1730 1
677 1731 1
677 1737 1
677 1743 1
677 1745 1
677 1751 1
677 1755 1
677 1756 1
677 1760 1
677 1762 1
677 1764 1
677 1767 1
677 1768 1
677 1771 1
677 1772 1
677 1775 1
677 1776 1
677 1777 1
677 1778 1
677 1781 1
677 1787 1
677 1791 1
677 1793 1
677 1795 1
677 1797 1
677 1798 1
677 1799 1
677 1802 1
677 1805 1
677 1807 1
677 1811 1
677 1818 1
677 1820 1
677 1821 1
677 1824 1
677 1825 1
677 1826 1
677 1827 1
677 1828 1
677 1836 1
677 1841 1
677 1843 1
677 1845 1
677 1846 1
677 1847 1
677 1861 1
677 1863 1
677 1865 1
677 1866 1
677 1878 1
677 1882 1
677 1884 1
677 1885 1
677 1887 1
677 1889 1
677 1895 1
677 1900 1
677 1906 1
677 1915 1
677 1919 1
677 1921 1
677 1923 1
677 1934 1
677 1941 1
677 1945 1
677 1953 1
677 1955 1
677 1959 1
677 1962 1
677 1967 1
677 1968 1
677 1970 1
677 1973 1
677 1975 1
677 1978 1
677 1984 1
677 1985 1
677 1990 1
677 1993 1
677 1995 1
677 1996 1
677 2002 1
677 2004 1
677 2005 1
677 2007 1
677 2009 1
677 2010 1
677 2013 1
677 2015 1
677 2020 1
677 2023 1
677 2025 1
677 2030 1
677 2031 1
677 2033 1
677 2034 1
677 2037 1
677 2038 1
677 2044 1
677 2048 1
678 1 1
678 22 1
678 80 1
678 83 1
678 85 1
678 91 1
678 106 1
678 120 1
678 132 1
678 140 1
678 141 1
678 147 1
678 149 1
678 151 1
678 158 1
678 164 1
678 174 1
678 186 1
678 191 1
678 205 1
678 208 1
678 209 1
678 212 1
678 215 1
678 229 1
678 234 1
678 242 1
678 246 1
678 254 1
678 256 1
678 286 1
678 288 1
678 296 1
678 302 1
678 304 1
678 307 1
678 309 1
678 312 1
678 313 1
678 323 1
678 324 1
678 332 1
678 340 1
678 348 1
678 349 1
678 367 1
678 368 1
678 379 1
678 385 1
678 387 1
678 389 1
678 399 1
678 400 1
678 403 1
678 415 1
678 417 1
678 448 1
678 449 1
678 451 1
678 472 1
678 473 1
678 475 1
678 476 1
678 484 1
678 486 1
678 490 1
678 517 1
678 519 1
678 520 1
678 528 1
678 534 1
678 545 1
678 550 1
678 562 1
678 578 1
678 581 1
678 584 1
678 591 1
678 595 1
678 617 1
678 618 1
678 620 1
678 634 1
678 645 1
678 656 1
678 658 1
678 684 1
678 691 1
678 708 1
678 711 1
678 717 1
678 718 1
678 725 1
678 728 1
678 735 1
678 742 1
678 743 1
678 744 1
678 750 1
678 754 1
678 755 1
678 761 1
678 762 1
678 767 1
678 775 1
678 780 1
678 798 1
678 805 1
678 812 1
678 813 1
678 818 1
678 839 1
678 840 1
678 841 1
678 842 1
678 846 1
678 854 1
678 857 1
678 871 1
678 874 1
678 883 1
678 891 1
678 911 1
678 921 1
678 925 1
678 927 1
678 931 1
678 935 1
678 938 1
678 942 1
678 948 1
678 952 1
678 962 1
678 966 1
678 968 1
678 971 1
678 977 1
678 981 1
678 1011 1
678 1021 1
678 1023 1
678 1029 1
678 1031 1
678 1032 1
678 1041 1
678 1046 1
678 1048 1
678 1054 1
678 1062 1
678 1064 1
678 1066 1
678 1071 1
678 1073 1
678 1077 1
678 1081 1
678 1083 1
678 1088 1
678 1089 1
678 1102 1
678 1105 1
678 1119 1
678 1120 1
678 1138 1
678 1145 1
678 1147 1
678 1153 1
678 1177 1
678 1186 1
678 1189 1
678 1190 1
678 1194 1
678 1196 1
678 1197 1
678 1209 1
678 1227 1
678 1236 1
678 1239 1
678 1266 1
678 1272 1
678 1278 1
678 1285 1
678 1297 1
678 1299 1
678 1302 1
678 1306 1
678 1316 1
678 1317 1
678 1323 1
678 1335 1
678 1336 1
678 1346 1
678 1350 1
678 1356 1
678 1362 1
678 1388 1
678 1391 1
678 1398 1
678 1404 1
678 1405 1
678 1410 1
678 1411 1
678 1415 1
678 1416 1
678 1418 1
678 1425 1
678 1428 1
678 1429 1
678 1442 1
678 1451 1
678 1452 1
678 1462 1
678 1467 1
678 1471 1
678 1472 1
678 1481 1
678 1487 1
678 1488 1
678 1491 1
678 1500 1
678 1501 1
678 1505 1
678 1506 1
678 1509 1
678 1517 1
678 1525 1
678 1540 1
678 1550 1
678 1561 1
678 1565 1
678 1566 1
678 1567 1
678 1578 1
678 1580 1
678 1581 1
678 1582 1
678 1591 1
678 1593 1
678 1596 1
678 1597 1
678 1599 1
678 1611 1
678 1615 1
678 1618 1
678 1620 1
678 1623 1
678 1624 1
678 1627 1
678 1636 1
678 1638 1
678 1649 1
678 1652 1
678 1660 1
678 1661 1
678 1672 1
678 1675 1
678 1680 1
678 1688 1
678 1706 1
678 1717 1
678 1733 1
678 1735 1
678 1738 1
678 1742 1
678 1749 1
678 1758 1
678 1763 1
678 1770 1
678 1779 1
678 1800 1
678 1804 1
678 1810 1
678 1814 1
678 1823 1
678 1833 1
678 1852 1
678 1855 1
678 1867 1
678 1880 1
678 1883 1
678 1899 1
678 1902 1
678 1905 1
678 1908 1
678 1909 1
678 1910 1
678 1920 1
678 1930 1
678 1932 1
678 1937 1
678 1948 1
678 1949 1
678 1950 1
678 1954 1
678 1961 1
678 1964 1
678 1966 1
678 1976 1
678 1986 1
678 1989 1
678 2000 1
678 2001 1
678 2008 1
678 2011 1
678 2017 1
678 2019 1
678 2021 1
678 2022 1
678 2024 1
678 2029 1
678 2035 1
678 2036 1
678 2040 1
678 2045 1
678 2047 1
679 67 1
679 82 1
679 87 1
679 114 1
679 119 1
679 139 1
679 146 1
679 187 1
679 195 1
679 245 1
679 252 1
679 269 1
679 322 1
679 335 1
679 421 1
679 431 1
679 438 1
679 504 1
679 522 1
679 533 1
679 543 1
679 551 1
679 575 1
679 619 1
679 621 1
679 629 1
679 640 1
679 646 1
679 703 1
679 704 1
679 740 1
679 766 1
679 778 1
679 788 1
679 810 1
679 822 1
679 833 1
679 870 1
679 991 1
679 1027 1
679 1056 1
679 1072 1
679 1091 1
679 1095 1
679 1139 1
679 1140 1
679 1250 1
679 1252 1
679 1262 1
679 1276 1
679 1290 1
679 1294 1
679 1305 1
679 1328 1
679 1338 1
679 1347 1
679 1372 1
679 1384 1
679 1390 1
679 1412 1
679 1469 1
679 1494 1
679 1571 1
679 1625 1
679 1635 1
679 1648 1
679 1653 1
679 1697 1
679 1705 1
679 1708 1
679 1713 1
679 1715 1
679 1761 1
679 1765 1
679 1783 1
679 1813 1
679 1831 1
679 1858 1
679 1873 1
679 1877 1
679 1886 1
679 1891 1
679 1912 1
679 1914 1
679 1916 1
679 1922 1
679 1933 1
679 1938 1
679 1943 1
679 1947 1
679 1997 1
679 1999 1
680 70 1
680 138 1
680 184 1
680 201 1
680 239 1
680 279 1
680 327 1
680 333 1
680 370 1
680 430 1
680 440 1
680 453 1
680 541 1
680 555 1
680 653 1
680 757 1
680 782 1
680 787 1
680 825 1
680 941 1
680 957 1
680 980 1
680 984 1
680 994 1
680 1043 1
680 1092 1
680 1126 1
680 1207 1
680 1280 1
680 1282 1
680 1296 1
680 1337 1
680 1382 1
680 1424 1
680 1621 1
680 1639 1
680 1704 1
680 1726 1
680 1750 1
680 1759 1
680 1766 1
680 1817 1
680 1848 1
680 1851 1
680 1862 1
681 216 1
681 345 1
681 626 1
681 642 1
681 716 1
681 884 1
681 1093 1
681 1241 1
681 1242 1
681 1782 1
682 206 1
682 244 1
682 477 1
682 521 1
682 1355 1
682 1957 1
682 1979 1
683 64 1
683 82 1
683 171 1
683 1796 1
684 602 1
684 1714 1
684 1719 1
684 1936 1
685 1529 1
686 73 1
686 364 1
686 1573 1
687 133 1
687 1270 1
687 1455 1
688 1132 1
688 1721 1
690 69 1
691 53 1
692 42 1
693 45 1
693 67 1
695 77 1
695 82 1
697 43 1
697 45 1
697 65 1
698 61 1
698 73 1
698 74 1
699 45 1
699 74 1
700 62 1
700 67 1
702 73 1
704 49 1
704 81 1
705 77 1
706 42 1
707 55 1
707 67 1
710 59 1
710 63 1
712 68 1
713 47 1
714 59 1
716 75 1
718 61 1
720 44 1
721 58 1
722 47 1
722 57 1
723 80 1
724 651 1
725 60 1
725 218 1
726 833 1
726 1497 1
727 51 1
727 69 1
728 536 1
729 1205 1
729 1430 1
730 75 1
731 64 1
731 72 1
732 45 1
732 47 1
733 79 1
733 1289 1
733 1448 1
733 1650 1
735 44 1
735 64 1
735 110 1
735 221 1
735 314 1
735 832 1
735 1170 1
735 1866 1
736 56 1
736 57 1
736 622 1
736 712 1
736 738 1
736 1019 1
737 68 1
737 192 1
737 1077 1
737 1295 1
737 1611 1
737 1687 1
738 300 1
738 517 1
738 959 1
739 341 1
739 649 1
740 46 1
740 51 1
740 76 1
740 469 1
740 1216 1
740 1518 1
740 1560 1
740 1561 1
741 69 1
741 1477 1
741 1830 1
742 46 1
742 53 1
742 55 1
742 73 1
742 76 1
742 1495 1
742 1565 1
743 293 1
743 753 1
743 860 1
744 52 1
744 54 1
744 57 1
744 62 1
744 493 1
744 1688 1
744 1856 1
745 67 1
745 68 1
745 79 1
745 407 1
745 459 1
745 630 1
745 1824 1
745 1973 1
746 38 1
746 71 1
746 81 1
746 593 1
746 913 1
746 1148 1
746 1258 1
747 56 1
747 68 1
747 166 1
747 821 1
747 847 1
747 901 1
747 1098 1
747 1327 1
747 1369 1
747 1386 1
747 1475 1
747 1659 1
747 1785 1
747 1832 1
747 1853 1
748 412 1
748 462 1
748 923 1
748 998 1
749 42 1
749 48 1
749 76 1
749 487 1
749 505 1
749 693 1
749 946 1
749 1121 1
749 1150 1
749 1311 1
749 1504 1
749 1661 1
749 1929 1
750 1365 1
750 1400 1
750 1421 1
750 1679 1
750 1904 1
750 2048 0
