1 17 1
1 26 1
1 32 1
1 130 1
1 1266 1
1 1345 1
2 442 1
2 801 1
2 813 1
2 964 1
2 1143 1
2 1248 1
2 1464 1
2 1597 1
2 1856 1
2 1877 1
3 17 1
3 28 1
3 1144 1
3 1652 1
3 2030 1
4 37 1
4 118 1
4 1012 1
4 1391 1
4 1471 1
4 1886 1
5 4 1
5 6 1
5 23 1
5 816 1
5 880 1
5 1182 1
5 1321 1
5 1514 1
5 1703 1
6 106 1
6 807 1
6 1285 1
6 1878 1
7 1 1
7 17 1
7 292 1
7 391 1
7 403 1
7 648 1
7 742 1
7 860 1
7 955 1
7 1100 1
7 1120 1
7 1475 1
8 17 1
8 21 1
8 27 1
8 727 1
8 1115 1
8 1241 1
8 1327 1
9 899 1
9 992 1
9 1526 1
9 1729 1
10 24 1
10 284 1
10 395 1
10 446 1
10 941 1
10 1997 1
11 15 1
11 27 1
11 321 1
11 394 1
11 622 1
11 1447 1
11 1628 1
11 1815 1
12 50 1
12 51 1
12 402 1
12 879 1
12 1633 1
13 272 1
13 465 1
13 539 1
13 906 1
13 1516 1
13 1876 1
14 343 1
14 521 1
14 597 1
14 1061 1
14 1390 1
14 1582 1
15 1103 1
15 1176 1
15 1311 1
15 1487 1
15 1536 1
16 8 1
16 9 1
16 128 1
16 192 1
16 329 1
16 517 1
16 649 1
16 928 1
16 1090 1
16 1099 1
16 1196 1
16 1541 1
16 1692 1
16 1699 1
17 4 1
17 13 1
17 31 1
17 39 1
17 133 1
17 298 1
17 332 1
17 393 1
17 513 1
17 550 1
17 599 1
17 882 1
17 1122 1
17 1330 1
17 1363 1
17 1412 1
17 1627 1
17 1710 1
17 1955 1
17 1968 1
18 52 1
18 71 1
18 100 1
18 104 1
18 108 1
18 139 1
18 378 1
18 506 1
18 567 1
18 616 1
18 701 1
18 833 1
18 915 1
18 1002 1
18 1194 1
18 1244 1
18 1309 1
18 1318 1
18 1566 1
18 1589 1
18 1641 1
18 1884 1
18 1954 1
18 1993 1
19 32 1
19 160 1
19 185 1
19 252 1
19 370 1
19 457 1
19 535 1
19 593 1
19 619 1
19 655 1
19 763 1
19 944 1
19 1042 1
19 1097 1
19 1135 1
19 1323 1
19 1494 1
19 1521 1
19 1588 1
19 1605 1
19 1784 1
19 1885 1
19 1992 1
19 2027 1
20 45 1
20 62 1
20 338 1
20 538 1
20 561 1
20 598 1
20 623 1
20 626 1
20 635 1
20 654 1
20 704 1
20 721 1
20 733 1
20 884 1
20 1052 1
20 1096 1
20 1294 1
20 1643 1
20 1681 1
20 1708 1
20 1844 1
20 1950 1
20 2043 1
21 4 1
21 24 1
21 126 1
21 176 1
21 236 1
21 246 1
21 251 1
21 344 1
21 577 1
21 611 1
21 823 1
21 889 1
21 946 1
21 963 1
21 1057 1
21 1126 1
21 1158 1
21 1267 1
21 1344 1
21 1436 1
21 1674 1
21 1883 1
21 1921 1
21 2021 1
22 34 1
22 193 1
22 283 1
22 290 1
22 356 1
22 605 1
22 754 1
22 774 1
22 777 1
22 831 1
22 910 1
22 953 1
22 954 1
22 1047 1
22 1279 1
22 1402 1
22 1473 1
22 1482 1
22 1680 1
22 1733 1
22 1826 1
23 23 1
23 188 1
23 318 1
23 460 1
23 608 1
23 643 1
23 738 1
23 866 1
23 945 1
23 990 1
23 1186 1
23 1210 1
23 1277 1
23 1385 1
23 1525 1
23 1534 1
23 1578 1
23 1677 1
23 1829 1
23 1867 1
23 1936 1
24 1 1
24 3 1
24 291 1
24 703 1
24 967 1
24 1291 1
24 1455 1
24 1712 1
24 1817 1
24 1852 1
24 1859 1
25 5 1
25 17 1
25 32 1
25 1075 1
25 1116 1
25 1565 1
25 1585 1
25 1816 1
25 1969 1
25 1999 1
26 149 1
26 419 1
26 429 1
26 765 1
26 1008 1
26 1218 1
26 1870 1
26 2046 1
27 2 1
27 11 1
27 364 1
27 514 1
27 618 1
27 645 1
27 717 1
27 780 1
27 1256 1
27 1454 1
27 1529 1
27 1662 1
28 493 1
28 575 1
28 600 1
28 1343 1
28 1374 1
28 1383 1
28 1976 1
29 4 1
29 28 1
29 194 1
29 218 1
29 468 1
29 689 1
29 1395 1
29 1576 1
29 1623 1
29 1637 1
29 1933 1
29 2044 1
30 34 1
30 182 1
30 582 1
30 750 1
30 847 1
30 881 1
30 1089 1
30 1237 1
30 1322 1
30 1545 1
30 1864 1
30 1888 1
30 2033 1
31 2 1
31 78 1
31 219 1
31 448 1
31 490 1
31 510 1
31 693 1
31 771 1
31 1137 1
31 1399 1
31 1404 1
31 1564 1
31 1607 1
31 2020 1
32 14 1
32 72 1
32 152 1
32 275 1
32 355 1
32 518 1
32 568 1
32 641 1
32 751 1
32 770 1
32 781 1
32 868 1
32 937 1
32 1018 1
32 1045 1
32 1076 1
32 1169 1
32 1188 1
32 1333 1
32 1547 1
32 1551 1
32 1669 1
32 1670 1
32 1758 1
32 1895 1
32 1945 1
32 1946 1
32 1958 1
32 1987 1
32 2037 1
33 7 1
33 8 1
33 121 1
33 324 1
33 354 1
33 603 1
33 606 1
33 795 1
33 814 1
33 842 1
33 843 1
33 865 1
33 976 1
33 1015 1
33 1254 1
33 1275 1
33 1306 1
33 1362 1
33 1366 1
33 1414 1
33 1465 1
33 1523 1
33 1554 1
33 1559 1
33 1603 1
33 1653 1
33 1825 1
33 1889 1
33 2038 1
34 18 1
34 66 1
34 82 1
34 146 1
34 150 1
34 174 1
34 199 1
34 222 1
34 232 1
34 250 1
34 260 1
34 316 1
34 368 1
34 385 1
34 387 1
34 485 1
34 495 1
34 508 1
34 520 1
34 590 1
34 681 1
34 694 1
34 890 1
34 927 1
34 935 1
34 940 1
34 957 1
34 996 1
34 1050 1
34 1058 1
34 1077 1
34 1082 1
34 1165 1
34 1178 1
34 1274 1
34 1340 1
34 1369 1
34 1380 1
34 1405 1
34 1480 1
34 1507 1
34 1596 1
34 1648 1
34 1675 1
34 1685 1
34 1727 1
34 1770 1
34 1848 1
34 1879 1
34 1912 1
34 1913 1
34 1978 1
34 1981 1
34 1982 1
34 2036 1
35 16 1
35 60 1
35 65 1
35 105 1
35 140 1
35 143 1
35 184 1
35 208 1
35 238 1
35 376 1
35 462 1
35 505 1
35 525 1
35 558 1
35 559 1
35 580 1
35 630 1
35 676 1
35 700 1
35 808 1
35 857 1
35 858 1
35 875 1
35 883 1
35 891 1
35 903 1
35 916 1
35 931 1
35 950 1
35 958 1
35 973 1
35 1005 1
35 1022 1
35 1023 1
35 1031 1
35 1032 1
35 1046 1
35 1064 1
35 1091 1
35 1161 1
35 1180 1
35 1272 1
35 1297 1
35 1355 1
35 1357 1
35 1428 1
35 1462 1
35 1506 1
35 1515 1
35 1590 1
35 1600 1
35 1617 1
35 1704 1
35 1723 1
35 1736 1
35 1828 1
35 1842 1
35 1854 1
35 1874 1
35 1894 1
35 1947 1
35 1948 1
35 1990 1
35 2013 1
36 21 1
36 142 1
36 167 1
36 319 1
36 357 1
36 375 1
36 380 1
36 396 1
36 421 1
36 471 1
36 504 1
36 531 1
36 548 1
36 576 1
36 632 1
36 810 1
36 852 1
36 853 1
36 898 1
36 900 1
36 908 1
36 1026 1
36 1072 1
36 1168 1
36 1170 1
36 1183 1
36 1222 1
36 1258 1
36 1263 1
36 1292 1
36 1354 1
36 1358 1
36 1368 1
36 1443 1
36 1456 1
36 1476 1
36 1519 1
36 1560 1
36 1561 1
36 1591 1
36 1631 1
36 1640 1
36 1661 1
36 1672 1
36 1688 1
36 1701 1
36 1737 1
36 1739 1
36 1789 1
36 1797 1
36 1810 1
36 1834 1
36 1847 1
36 1866 1
36 1897 1
36 1963 1
36 1971 1
36 1985 1
37 7 1
37 43 1
37 89 1
37 114 1
37 117 1
37 135 1
37 148 1
37 201 1
37 209 1
37 280 1
37 281 1
37 450 1
37 564 1
37 566 1
37 647 1
37 677 1
37 708 1
37 762 1
37 789 1
37 904 1
37 911 1
37 924 1
37 985 1
37 993 1
37 1021 1
37 1071 1
37 1132 1
37 1145 1
37 1149 1
37 1191 1
37 1223 1
37 1240 1
37 1247 1
37 1259 1
37 1300 1
37 1324 1
37 1331 1
37 1396 1
37 1400 1
37 1424 1
37 1458 1
37 1684 1
37 1741 1
37 1748 1
37 1798 1
37 1807 1
37 1929 1
37 1952 1
37 2022 1
37 2035 1
38 53 1
38 57 1
38 83 1
38 96 1
38 102 1
38 131 1
38 144 1
38 156 1
38 237 1
38 270 1
38 303 1
38 309 1
38 435 1
38 459 1
38 494 1
38 507 1
38 543 1
38 546 1
38 552 1
38 581 1
38 849 1
38 851 1
38 1029 1
38 1074 1
38 1092 1
38 1141 1
38 1181 1
38 1378 1
38 1442 1
38 1466 1
38 1546 1
38 1728 1
38 1806 1
38 1853 1
38 1925 1
38 1942 1
38 2040 1
39 48 1
39 81 1
39 163 1
39 327 1
39 339 1
39 351 1
39 440 1
39 486 1
39 698 1
39 702 1
39 746 1
39 830 1
39 896 1
39 998 1
39 1024 1
39 1119 1
39 1153 1
39 1310 1
39 1440 1
39 1491 1
39 1676 1
39 1719 1
39 1751 1
40 4 1
40 18 1
40 37 1
40 69 1
40 337 1
40 367 1
40 383 1
40 416 1
40 551 1
40 604 1
40 690 1
40 691 1
40 794 1
40 995 1
40 1073 1
40 1085 1
40 1121 1
40 1250 1
40 1257 1
40 1349 1
40 1619 1
40 1635 1
40 1665 1
40 1768 1
40 1769 1
40 1915 1
41 12 1
41 46 1
41 263 1
41 498 1
41 515 1
41 650 1
41 673 1
41 675 1
41 854 1
41 897 1
41 951 1
41 986 1
41 1033 1
41 1262 1
41 1371 1
41 1501 1
41 1757 1
41 1896 1
41 1959 1
42 433 1
42 578 1
42 602 1
42 1067 1
42 1438 1
42 1638 1
42 1935 1
42 2025 1
43 1 1
43 9 1
43 249 1
43 276 1
43 680 1
43 1041 1
43 1125 1
43 1416 1
43 1468 1
43 1594 1
43 1776 1
43 1802 1
43 1804 1
43 1850 1
43 1917 1
43 1975 1
43 2012 1
44 54 1
44 164 1
44 183 1
44 732 1
44 1134 1
44 1163 1
44 1203 1
44 1207 1
44 1373 1
44 1418 1
44 1570 1
44 1750 1
45 93 1
45 640 1
45 917 1
45 983 1
45 1079 1
45 1167 1
45 1314 1
45 1410 1
45 1735 1
45 1908 1
45 2008 1
46 190 1
46 572 1
46 716 1
46 987 1
46 1004 1
46 1080 1
46 1346 1
46 1569 1
46 1944 1
47 6 1
47 18 1
47 27 1
47 42 1
47 125 1
47 161 1
47 198 1
47 348 1
47 472 1
47 633 1
47 706 1
47 1065 1
47 1133 1
47 1860 1
47 2009 1
47 2016 1
47 2019 1
48 10 1
48 20 1
48 64 1
48 68 1
48 129 1
48 169 1
48 257 1
48 323 1
48 438 1
48 499 1
48 541 1
48 563 1
48 594 1
48 644 1
48 709 1
48 766 1
48 775 1
48 1006 1
48 1381 1
48 1642 1
48 1824 1
48 1846 1
48 2017 1
48 2018 1
49 8 1
49 20 1
49 29 1
49 31 1
49 37 1
49 74 1
49 79 1
49 92 1
49 109 1
49 113 1
49 123 1
49 145 1
49 173 1
49 206 1
49 212 1
49 216 1
49 225 1
49 230 1
49 302 1
49 305 1
49 317 1
49 328 1
49 404 1
49 469 1
49 476 1
49 488 1
49 585 1
49 662 1
49 678 1
49 718 1
49 752 1
49 756 1
49 758 1
49 790 1
49 820 1
49 836 1
49 923 1
49 948 1
49 989 1
49 997 1
49 1014 1
49 1040 1
49 1128 1
49 1139 1
49 1164 1
49 1173 1
49 1189 1
49 1202 1
49 1206 1
49 1212 1
49 1230 1
49 1233 1
49 1312 1
49 1313 1
49 1319 1
49 1329 1
49 1372 1
49 1419 1
49 1460 1
49 1495 1
49 1497 1
49 1502 1
49 1513 1
49 1520 1
49 1577 1
49 1611 1
49 1654 1
49 1713 1
49 1730 1
49 1731 1
49 1761 1
49 1774 1
49 1782 1
49 1801 1
49 1837 1
49 1838 1
49 1857 1
49 1863 1
49 1869 1
49 1898 1
49 1961 1
49 1970 1
49 2003 1
49 2007 1
50 49 1
50 56 1
50 103 1
50 115 1
50 226 1
50 234 1
50 255 1
50 285 1
50 320 1
50 325 1
50 341 1
50 358 1
50 371 1
50 407 1
50 424 1
50 480 1
50 483 1
50 509 1
50 511 1
50 528 1
50 554 1
50 562 1
50 574 1
50 636 1
50 661 1
50 707 1
50 784 1
50 797 1
50 800 1
50 803 1
50 805 1
50 826 1
50 894 1
50 907 1
50 922 1
50 938 1
50 972 1
50 979 1
50 982 1
50 1001 1
50 1027 1
50 1036 1
50 1053 1
50 1095 1
50 1107 1
50 1123 1
50 1131 1
50 1155 1
50 1156 1
50 1184 1
50 1195 1
50 1217 1
50 1219 1
50 1220 1
50 1226 1
50 1231 1
50 1253 1
50 1270 1
50 1278 1
50 1289 1
50 1304 1
50 1328 1
50 1352 1
50 1361 1
50 1434 1
50 1490 1
50 1493 1
50 1511 1
50 1512 1
50 1527 1
50 1533 1
50 1567 1
50 1568 1
50 1572 1
50 1598 1
50 1610 1
50 1630 1
50 1663 1
50 1667 1
50 1695 1
50 1717 1
50 1734 1
50 1738 1
50 1743 1
50 1773 1
50 1777 1
50 1780 1
50 1818 1
50 1835 1
50 1887 1
50 1892 1
50 1903 1
50 1906 1
50 1927 1
50 1934 1
50 1951 1
50 1956 1
51 4 1
51 33 1
51 44 1
51 58 1
51 59 1
51 76 1
51 85 1
51 87 1
51 88 1
51 97 1
51 101 1
51 124 1
51 147 1
51 158 1
51 175 1
51 233 1
51 243 1
51 259 1
51 265 1
51 266 1
51 271 1
51 289 1
51 310 1
51 331 1
51 359 1
51 397 1
51 411 1
51 443 1
51 449 1
51 456 1
51 474 1
51 503 1
51 530 1
51 532 1
51 555 1
51 569 1
51 587 1
51 607 1
51 628 1
51 646 1
51 651 1
51 653 1
51 682 1
51 684 1
51 705 1
51 724 1
51 728 1
51 737 1
51 741 1
51 744 1
51 778 1
51 792 1
51 811 1
51 817 1
51 818 1
51 821 1
51 829 1
51 840 1
51 856 1
51 920 1
51 961 1
51 970 1
51 994 1
51 1009 1
51 1043 1
51 1054 1
51 1055 1
51 1142 1
51 1157 1
51 1171 1
51 1198 1
51 1216 1
51 1225 1
51 1235 1
51 1273 1
51 1284 1
51 1287 1
51 1290 1
51 1301 1
51 1317 1
51 1341 1
51 1364 1
51 1388 1
51 1398 1
51 1429 1
51 1474 1
51 1477 1
51 1483 1
51 1484 1
51 1504 1
51 1539 1
51 1542 1
51 1544 1
51 1553 1
51 1580 1
51 1592 1
51 1683 1
51 1716 1
51 1718 1
51 1764 1
51 1808 1
51 1809 1
51 1841 1
51 1991 1
51 1998 1
52 31 1
52 34 1
52 47 1
52 61 1
52 120 1
52 134 1
52 172 1
52 204 1
52 253 1
52 278 1
52 294 1
52 296 1
52 340 1
52 405 1
52 406 1
52 431 1
52 439 1
52 444 1
52 487 1
52 491 1
52 533 1
52 537 1
52 544 1
52 545 1
52 549 1
52 639 1
52 672 1
52 713 1
52 734 1
52 748 1
52 791 1
52 848 1
52 869 1
52 893 1
52 912 1
52 942 1
52 984 1
52 1044 1
52 1084 1
52 1086 1
52 1101 1
52 1118 1
52 1166 1
52 1172 1
52 1185 1
52 1187 1
52 1192 1
52 1224 1
52 1239 1
52 1281 1
52 1298 1
52 1325 1
52 1335 1
52 1393 1
52 1394 1
52 1421 1
52 1448 1
52 1453 1
52 1481 1
52 1503 1
52 1510 1
52 1555 1
52 1556 1
52 1583 1
52 1660 1
52 1671 1
52 1691 1
52 1702 1
52 1707 1
52 1721 1
52 1722 1
52 1747 1
52 1775 1
52 1819 1
52 1872 1
52 1902 1
52 1907 1
52 1930 1
52 1940 1
52 1949 1
52 1965 1
52 1996 1
53 17 1
53 36 1
53 77 1
53 180 1
53 202 1
53 261 1
53 286 1
53 304 1
53 312 1
53 352 1
53 384 1
53 388 1
53 420 1
53 464 1
53 466 1
53 573 1
53 617 1
53 625 1
53 767 1
53 787 1
53 832 1
53 873 1
53 886 1
53 902 1
53 914 1
53 936 1
53 1013 1
53 1051 1
53 1062 1
53 1104 1
53 1140 1
53 1146 1
53 1201 1
53 1211 1
53 1221 1
53 1238 1
53 1242 1
53 1283 1
53 1347 1
53 1350 1
53 1382 1
53 1413 1
53 1441 1
53 1457 1
53 1485 1
53 1509 1
53 1550 1
53 1656 1
53 1658 1
53 1740 1
53 1755 1
53 1791 1
53 1795 1
53 1799 1
53 1845 1
53 1909 1
53 1986 1
53 2000 1
53 2002 1
54 11 1
54 28 1
54 34 1
54 35 1
54 138 1
54 151 1
54 203 1
54 245 1
54 313 1
54 414 1
54 445 1
54 481 1
54 500 1
54 668 1
54 699 1
54 735 1
54 740 1
54 768 1
54 785 1
54 824 1
54 827 1
54 828 1
54 838 1
54 871 1
54 1114 1
54 1150 1
54 1159 1
54 1252 1
54 1268 1
54 1280 1
54 1288 1
54 1339 1
54 1348 1
54 1386 1
54 1439 1
54 1522 1
54 1668 1
54 1700 1
54 1767 1
54 1790 1
54 1792 1
54 1811 1
54 1839 1
54 1851 1
54 1865 1
54 1890 1
55 10 1
55 18 1
55 90 1
55 162 1
55 166 1
55 282 1
55 353 1
55 369 1
55 379 1
55 432 1
55 453 1
55 609 1
55 614 1
55 627 1
55 659 1
55 769 1
55 804 1
55 864 1
55 999 1
55 1017 1
55 1020 1
55 1038 1
55 1066 1
55 1162 1
55 1326 1
55 1332 1
55 1430 1
55 1437 1
55 1478 1
55 1518 1
55 1535 1
55 1538 1
55 1639 1
55 1690 1
55 1746 1
55 1779 1
55 1918 1
55 1995 1
56 122 1
56 200 1
56 207 1
56 240 1
56 254 1
56 258 1
56 268 1
56 299 1
56 434 1
56 489 1
56 595 1
56 631 1
56 806 1
56 844 1
56 861 1
56 872 1
56 921 1
56 966 1
56 1060 1
56 1127 1
56 1179 1
56 1336 1
56 1392 1
56 1409 1
56 1500 1
56 1562 1
56 1601 1
56 1625 1
56 1814 1
56 1832 1
56 2023 1
57 179 1
57 186 1
57 482 1
57 980 1
57 1236 1
57 1286 1
57 1549 1
57 1720 1
57 1762 1
57 1788 1
57 1822 1
58 2 1
58 30 1
58 32 1
58 41 1
58 70 1
58 214 1
58 342 1
58 667 1
58 670 1
58 773 1
58 783 1
58 793 1
58 834 1
58 887 1
58 929 1
58 962 1
58 1151 1
58 1444 1
58 1445 1
58 1763 1
58 1787 1
58 1803 1
58 1914 1
59 2 1
59 18 1
59 41 1
59 73 1
59 137 1
59 170 1
59 196 1
59 287 1
59 455 1
59 586 1
59 697 1
59 895 1
59 926 1
59 969 1
59 1063 1
59 1147 1
59 1427 1
59 1715 1
59 1756 1
59 1840 1
60 17 1
60 110 1
60 210 1
60 461 1
60 663 1
60 722 1
60 845 1
60 934 1
60 971 1
60 1094 1
60 1138 1
60 1415 1
60 1609 1
60 1706 1
60 2042 1
61 229 1
61 242 1
61 277 1
61 386 1
61 390 1
61 399 1
61 412 1
61 451 1
61 570 1
61 629 1
61 666 1
61 759 1
61 825 1
61 1039 1
61 1093 1
61 1200 1
61 1315 1
61 1984 1
61 2032 1
61 2041 1
62 35 1
62 221 1
62 417 1
62 423 1
62 589 1
62 591 1
62 624 1
62 913 1
62 939 1
62 1124 1
62 1154 1
62 1213 1
62 1234 1
62 1243 1
62 1376 1
62 1449 1
62 1953 1
63 10 1
63 25 1
63 224 1
63 409 1
63 637 1
63 747 1
63 862 1
63 905 1
63 1003 1
63 1174 1
63 1197 1
63 1426 1
63 1492 1
63 1624 1
63 1759 1
63 1836 1
63 1873 1
63 1899 1
63 1941 1
64 80 1
64 107 1
64 157 1
64 168 1
64 205 1
64 273 1
64 297 1
64 422 1
64 492 1
64 497 1
64 512 1
64 536 1
64 588 1
64 688 1
64 720 1
64 725 1
64 726 1
64 812 1
64 841 1
64 874 1
64 878 1
64 930 1
64 932 1
64 947 1
64 991 1
64 1106 1
64 1255 1
64 1307 1
64 1528 1
64 1531 1
64 1540 1
64 1615 1
64 1666 1
64 1673 1
64 1686 1
64 1744 1
64 1849 1
64 1881 1
64 1893 1
64 1901 1
64 1926 1
64 1938 1
64 1939 1
64 2006 1
65 111 1
65 141 1
65 153 1
65 191 1
65 244 1
65 279 1
65 288 1
65 315 1
65 333 1
65 334 1
65 350 1
65 373 1
65 401 1
65 408 1
65 410 1
65 425 1
65 452 1
65 478 1
65 526 1
65 547 1
65 579 1
65 613 1
65 671 1
65 714 1
65 743 1
65 779 1
65 796 1
65 846 1
65 892 1
65 901 1
65 933 1
65 943 1
65 956 1
65 974 1
65 975 1
65 977 1
65 988 1
65 1048 1
65 1056 1
65 1078 1
65 1081 1
65 1083 1
65 1098 1
65 1204 1
65 1229 1
65 1271 1
65 1293 1
65 1302 1
65 1338 1
65 1375 1
65 1389 1
65 1406 1
65 1408 1
65 1420 1
65 1446 1
65 1450 1
65 1461 1
65 1488 1
65 1499 1
65 1508 1
65 1524 1
65 1532 1
65 1645 1
65 1655 1
65 1659 1
65 1664 1
65 1679 1
65 1732 1
65 1752 1
65 1772 1
65 1821 1
65 1827 1
65 1905 1
65 1919 1
65 1923 1
65 1931 1
65 1932 1
65 1962 1
65 1967 1
65 1977 1
65 1983 1
65 1994 1
65 2005 1
65 2010 1
65 2026 1
65 2034 1
65 2047 1
66 26 1
66 171 1
66 181 1
66 195 1
66 215 1
66 220 1
66 223 1
66 231 1
66 269 1
66 295 1
66 314 1
66 347 1
66 365 1
66 415 1
66 437 1
66 441 1
66 475 1
66 484 1
66 519 1
66 522 1
66 527 1
66 557 1
66 583 1
66 584 1
66 642 1
66 656 1
66 664 1
66 665 1
66 729 1
66 749 1
66 776 1
66 815 1
66 835 1
66 855 1
66 885 1
66 918 1
66 949 1
66 959 1
66 960 1
66 968 1
66 978 1
66 1028 1
66 1049 1
66 1113 1
66 1117 1
66 1129 1
66 1136 1
66 1205 1
66 1227 1
66 1276 1
66 1320 1
66 1334 1
66 1367 1
66 1377 1
66 1397 1
66 1422 1
66 1425 1
66 1431 1
66 1472 1
66 1586 1
66 1599 1
66 1604 1
66 1647 1
66 1651 1
66 1711 1
66 1724 1
66 1742 1
66 1749 1
66 1766 1
66 1794 1
66 1796 1
66 1831 1
66 1858 1
66 1880 1
66 1891 1
66 1916 1
66 1964 1
66 1979 1
66 1988 1
66 2004 1
66 2015 1
66 2048 1
67 38 1
67 98 1
67 99 1
67 132 1
67 228 1
67 239 1
67 248 1
67 293 1
67 308 1
67 311 1
67 362 1
67 389 1
67 428 1
67 470 1
67 473 1
67 560 1
67 565 1
67 592 1
67 601 1
67 634 1
67 638 1
67 657 1
67 685 1
67 686 1
67 710 1
67 711 1
67 712 1
67 757 1
67 782 1
67 870 1
67 1035 1
67 1069 1
67 1199 1
67 1245 1
67 1249 1
67 1265 1
67 1282 1
67 1305 1
67 1384 1
67 1401 1
67 1417 1
67 1467 1
67 1489 1
67 1537 1
67 1563 1
67 1574 1
67 1616 1
67 1634 1
67 1693 1
67 1697 1
67 1705 1
67 1745 1
67 1754 1
67 1793 1
67 1823 1
67 1875 1
67 1922 1
67 1924 1
67 1973 1
67 2014 1
67 2029 1
67 2031 1
68 17 1
68 55 1
68 112 1
68 119 1
68 127 1
68 235 1
68 307 1
68 330 1
68 335 1
68 336 1
68 377 1
68 426 1
68 534 1
68 540 1
68 610 1
68 696 1
68 736 1
68 877 1
68 888 1
68 965 1
68 1019 1
68 1130 1
68 1264 1
68 1296 1
68 1303 1
68 1359 1
68 1423 1
68 1557 1
68 1571 1
68 1584 1
68 1687 1
68 1698 1
68 1760 1
68 1820 1
68 1833 1
68 1843 1
68 1904 1
68 1920 1
68 1974 1
68 2001 1
69 36 1
69 75 1
69 136 1
69 213 1
69 247 1
69 392 1
69 413 1
69 692 1
69 745 1
69 839 1
69 1030 1
69 1110 1
69 1356 1
69 1432 1
69 1435 1
69 1606 1
69 1612 1
69 1800 1
69 1855 1
69 1861 1
69 2011 1
70 26 1
70 41 1
70 84 1
70 86 1
70 165 1
70 361 1
70 458 1
70 467 1
70 739 1
70 755 1
70 1010 1
70 1070 1
70 1088 1
70 1108 1
70 1407 1
70 1470 1
70 1575 1
70 1593 1
70 1608 1
70 1614 1
70 1622 1
71 17 1
71 33 1
71 322 1
71 366 1
71 372 1
71 436 1
71 516 1
71 715 1
71 731 1
71 1175 1
71 1295 1
71 1486 1
71 1581 1
72 9 1
72 28 1
72 154 1
72 556 1
72 1111 1
72 1208 1
72 1379 1
72 1517 1
72 1682 1
73 32 1
73 189 1
73 346 1
73 867 1
73 1209 1
73 1558 1
73 1618 1
73 1636 1
73 1714 1
74 37 1
74 326 1
74 1452 1
74 1552 1
74 1696 1
75 13 1
75 33 1
75 430 1
75 919 1
75 1177 1
75 1587 1
75 1781 1
76 12 1
76 1232 1
77 349 1
77 571 1
77 1228 1
77 1785 1
78 6 1
78 8 1
78 241 1
78 687 1
78 1011 1
78 1725 1
79 155 1
79 197 1
79 479 1
79 553 1
79 1160 1
79 1351 1
79 1579 1
79 1960 1
80 28 1
80 360 1
80 1214 1
80 1657 1
81 21 1
81 67 1
81 1629 1
82 850 1
82 1530 1
84 11 1
84 19 1
84 25 1
85 10 1
87 5 1
88 8 1
88 17 1
88 22 1
92 9 1
92 35 1
92 38 1
95 23 1
95 32 1
95 38 1
96 3 1
96 24 1
97 34 1
97 36 1
98 15 1
98 31 1
99 10 1
100 19 1
101 19 1
102 10 1
102 31 1
102 37 1
103 20 1
103 25 1
103 36 1
105 3 1
105 13 1
106 27 1
107 14 1
107 37 1
108 24 1
108 40 1
108 1116 1
109 1 1
109 427 1
109 719 1
109 1573 1
110 301 1
110 1878 1
110 2045 1
111 24 1
111 106 1
111 364 1
111 1203 1
111 1830 1
112 116 1
112 925 1
112 1813 1
112 1853 1
112 1955 1
113 25 1
113 184 1
113 538 1
113 674 1
113 1061 1
113 1071 1
113 1546 1
113 1638 1
114 1 1
114 14 1
114 36 1
114 260 1
114 447 1
114 703 1
114 781 1
114 898 1
114 1068 1
114 1475 1
114 1841 1
115 22 1
115 567 1
115 1076 1
115 1079 1
115 1674 1
115 1680 1
115 1688 1
115 1804 1
116 35 1
116 227 1
116 305 1
116 795 1
116 819 1
116 1022 1
116 1844 1
117 5 1
117 41 1
117 188 1
117 789 1
117 910 1
117 1168 1
117 1578 1
117 1694 1
118 6 1
118 37 1
118 404 1
118 1047 1
118 1543 1
119 941 1
120 5 1
120 33 1
120 34 1
120 505 1
120 1455 1
120 1944 1
120 1954 1
121 884 1
121 1360 1
122 477 1
122 909 1
122 1251 1
122 1272 1
123 149 1
123 374 1
123 761 1
123 1059 1
124 25 1
124 35 1
124 615 1
124 619 1
124 822 1
124 1190 1
124 1709 1
124 2039 1
125 17 1
125 152 1
125 345 1
125 1096 1
125 1266 1
125 1363 1
125 1391 1
125 1505 1
125 1613 1
125 1879 1
125 1921 1
125 1975 1
125 1976 1
126 29 1
126 495 1
126 542 1
126 660 1
126 981 1
126 1105 1
126 1496 1
126 1753 1
126 1952 1
127 400 1
127 501 1
127 523 1
127 561 1
127 620 1
127 788 1
127 882 1
127 963 1
127 1016 1
127 1025 1
127 1100 1
127 1112 1
127 1254 1
127 1260 1
127 1277 1
127 1329 1
127 1390 1
127 1436 1
127 1498 1
127 1733 1
127 1786 1
127 1871 1
128 14 1
128 25 1
128 48 1
128 94 1
128 246 1
128 272 1
128 285 1
128 382 1
128 398 1
128 454 1
128 514 1
128 621 1
128 632 1
128 648 1
128 658 1
128 750 1
128 765 1
128 952 1
128 954 1
128 1102 1
128 1337 1
128 1380 1
128 1646 1
128 1675 1
128 1728 1
128 2030 1
129 3 1
129 45 1
129 222 1
129 502 1
129 590 1
129 816 1
129 903 1
129 1148 1
129 1194 1
130 6 1
130 25 1
130 1075 1
130 1184 1
130 1235 1
130 1523 1
130 1548 1
130 1750 1
130 1751 1
130 1896 1
130 1956 1
130 2013 1
130 2046 1
131 8 1
131 14 1
131 159 1
131 218 1
131 530 1
131 628 1
131 683 1
131 770 1
131 1176 1
131 1248 1
131 1331 1
131 1649 1
131 1729 1
131 1895 1
131 1997 1
132 21 1
132 83 1
132 463 1
132 677 1
132 701 1
132 799 1
132 837 1
132 1007 1
132 1042 1
132 1080 1
132 1828 1
132 2028 1
133 187 1
133 414 1
133 754 1
133 843 1
133 1313 1
133 1447 1
133 1515 1
133 1640 1
133 1972 1
133 2021 1
134 2 1
134 19 1
134 91 1
134 306 1
134 694 1
134 1122 1
134 1815 1
134 1911 1
134 1957 1
135 95 1
135 325 1
135 525 1
135 983 1
135 1637 1
136 146 1
136 1476 1
136 2035 1
137 21 1
137 355 1
137 875 1
137 1000 1
137 1366 1
137 1884 1
138 10 1
138 54 1
138 177 1
138 448 1
138 928 1
138 1244 1
138 1521 1
138 1620 1
138 1978 1
139 622 1
139 876 1
140 128 1
140 216 1
140 446 1
140 535 1
140 772 1
140 807 1
140 821 1
140 879 1
140 953 1
140 1013 1
140 1031 1
140 1089 1
140 1353 1
140 1412 1
140 1595 1
140 1602 1
140 1937 1
141 623 1
141 753 1
141 863 1
141 1274 1
141 1628 1
141 1632 1
141 1816 1
142 82 1
142 183 1
142 256 1
142 274 1
142 328 1
142 363 1
142 406 1
142 517 1
142 605 1
142 889 1
142 899 1
142 937 1
142 1015 1
142 1090 1
142 1193 1
142 1344 1
142 1365 1
142 1399 1
142 1411 1
142 1516 1
142 1662 1
142 1950 1
142 1966 1
143 12 1
143 262 1
143 292 1
143 298 1
143 418 1
143 513 1
143 580 1
143 596 1
143 600 1
143 649 1
143 760 1
143 786 1
143 961 1
143 985 1
143 993 1
143 1152 1
143 1279 1
143 1330 1
143 1345 1
143 1405 1
143 1480 1
143 1582 1
143 1623 1
143 1635 1
143 1652 1
143 1681 1
143 1783 1
143 1869 1
143 1886 1
143 1906 1
143 1912 1
143 1993 1
144 39 1
144 193 1
144 217 1
144 236 1
144 384 1
144 387 1
144 508 1
144 558 1
144 593 1
144 669 1
144 733 1
144 833 1
144 1077 1
144 1167 1
144 1311 1
144 1342 1
144 1385 1
144 1551 1
144 1654 1
144 1703 1
144 1812 1
144 1874 1
144 2037 1
145 251 1
145 264 1
145 267 1
145 303 1
145 419 1
145 435 1
145 606 1
145 641 1
145 652 1
145 655 1
145 690 1
145 695 1
145 742 1
145 764 1
145 1058 1
145 1092 1
145 1267 1
145 1424 1
145 1710 1
145 1771 1
145 1778 1
145 1802 1
145 1805 1
145 1834 1
145 1900 1
145 1928 1
145 1968 1
146 5 1
146 39 1
146 237 1
146 391 1
146 564 1
146 794 1
146 1052 1
146 1057 1
146 1323 1
146 1361 1
146 1479 1
146 1541 1
146 1650 1
146 1757 1
147 178 1
147 206 1
147 270 1
147 291 1
147 395 1
147 597 1
147 676 1
147 777 1
147 859 1
147 1131 1
147 1374 1
147 1463 1
147 1704 1
147 1712 1
147 1726 1
148 211 1
148 275 1
148 358 1
148 524 1
148 853 1
148 998 1
148 1308 1
148 1328 1
148 1383 1
148 1471 1
148 1513 1
148 1683 1
148 1999 1
149 8 1
149 34 1
149 286 1
149 661 1
149 1451 1
149 1525 1
149 1529 1
149 1621 1
150 249 1
150 944 1
150 1045 1
150 1817 1
151 343 1
151 798 1
151 868 1
151 880 1
151 1008 1
151 1120 1
151 1372 1
151 1648 1
151 1850 1
152 507 1
152 1165 1
152 1231 1
152 1803 1
153 192 1
153 442 1
153 582 1
153 721 1
153 758 1
153 1410 1
154 1109 1
155 118 1
155 506 1
155 612 1
155 630 1
155 1210 1
155 1494 1
155 1699 1
156 87 1
156 396 1
156 578 1
156 643 1
156 689 1
156 1241 1
156 1258 1
156 1299 1
156 1378 1
156 1487 1
156 1856 1
156 1989 1
156 2027 1
157 51 1
157 66 1
157 182 1
157 344 1
157 356 1
157 552 1
157 730 1
157 780 1
157 801 1
157 802 1
157 957 1
157 958 1
157 990 1
157 1072 1
157 1074 1
157 1082 1
157 1269 1
157 1403 1
157 1464 1
157 1594 1
157 1641 1
157 1669 1
157 1670 1
157 1765 1
157 1910 1
157 1933 1
157 1947 1
157 1980 1
158 72 1
158 96 1
158 102 1
158 105 1
158 108 1
158 263 1
158 276 1
158 354 1
158 357 1
158 368 1
158 385 1
158 488 1
158 598 1
158 611 1
158 684 1
158 771 1
158 817 1
158 906 1
158 940 1
158 951 1
158 1012 1
158 1099 1
158 1115 1
158 1137 1
158 1143 1
158 1158 1
158 1182 1
158 1246 1
158 1297 1
158 1314 1
158 1368 1
158 1428 1
158 1501 1
158 1589 1
158 1607 1
158 1617 1
158 1678 1
158 1730 1
158 1854 1
158 1862 1
158 1887 1
158 1987 1
158 1992 1
159 42 1
159 59 1
159 78 1
159 89 1
159 117 1
159 185 1
159 255 1
159 329 1
159 339 1
159 375 1
159 472 1
159 480 1
159 485 1
159 493 1
159 496 1
159 510 1
159 650 1
159 704 1
159 763 1
159 830 1
159 883 1
159 950 1
159 1062 1
159 1103 1
159 1149 1
159 1153 1
159 1178 1
159 1188 1
159 1196 1
159 1218 1
159 1233 1
159 1237 1
159 1240 1
159 1343 1
159 1349 1
159 1456 1
159 1482 1
159 1653 1
159 1711 1
159 1741 1
159 1748 1
159 1798 1
159 1825 1
159 1826 1
159 1864 1
159 1942 1
159 2003 1
159 2007 1
159 2017 1
160 65 1
160 81 1
160 97 1
160 130 1
160 148 1
160 164 1
160 166 1
160 253 1
160 318 1
160 371 1
160 402 1
160 465 1
160 468 1
160 529 1
160 551 1
160 577 1
160 618 1
160 702 1
160 724 1
160 727 1
160 738 1
160 774 1
160 809 1
160 823 1
160 829 1
160 904 1
160 1023 1
160 1034 1
160 1073 1
160 1126 1
160 1171 1
160 1180 1
160 1291 1
160 1352 1
160 1357 1
160 1382 1
160 1420 1
160 1434 1
160 1468 1
160 1534 1
160 1561 1
160 1605 1
160 1633 1
160 1702 1
160 1723 1
160 1851 1
160 1866 1
160 1888 1
160 2022 1
160 2033 1
161 50 1
161 104 1
161 114 1
161 139 1
161 142 1
161 266 1
161 319 1
161 432 1
161 509 1
161 568 1
161 645 1
161 653 1
161 762 1
161 946 1
161 976 1
161 1085 1
161 1151 1
161 1259 1
161 1286 1
161 1306 1
161 1358 1
161 1462 1
161 1509 1
161 1526 1
161 1590 1
161 1630 1
161 1713 1
161 1876 1
161 1894 1
161 1898 1
161 1935 1
162 69 1
162 250 1
162 320 1
162 459 1
162 475 1
162 528 1
162 575 1
162 599 1
162 691 1
162 751 1
162 793 1
162 851 1
162 916 1
162 992 1
162 994 1
162 1014 1
162 1033 1
162 1055 1
162 1181 1
162 1275 1
162 1289 1
162 1550 1
162 1625 1
162 1626 1
162 1740 1
162 1747 1
162 1945 1
163 126 1
163 367 1
163 566 1
163 885 1
163 923 1
163 996 1
163 1017 1
163 1020 1
163 1387 1
163 1454 1
163 1667 1
163 1708 1
163 1865 1
163 1964 1
163 1982 1
163 2019 1
163 2044 1
164 68 1
164 100 1
164 296 1
164 324 1
164 554 1
164 651 1
164 813 1
164 849 1
164 854 1
164 915 1
164 927 1
164 931 1
164 1132 1
164 1161 1
164 1310 1
164 1334 1
164 1676 1
164 1677 1
164 1692 1
164 1848 1
164 1985 1
165 466 1
165 741 1
165 1048 1
165 1191 1
165 1253 1
165 1294 1
165 1502 1
165 1852 1
165 1889 1
165 1948 1
166 49 1
166 321 1
166 603 1
166 768 1
166 787 1
166 911 1
166 1041 1
166 1316 1
166 1490 1
166 1600 1
167 150 1
167 304 1
167 381 1
167 805 1
168 160 1
168 176 1
168 403 1
168 450 1
168 1271 1
168 1882 1
169 831 1
169 881 1
169 917 1
169 1292 1
169 1719 1
169 1877 1
170 378 1
170 860 1
170 865 1
170 1186 1
170 1603 1
171 63 1
171 123 1
171 163 1
171 539 1
171 938 1
171 1037 1
171 1321 1
171 1444 1
171 1717 1
171 1773 1
171 1822 1
171 1909 1
172 156 1
172 174 1
172 290 1
172 443 1
172 486 1
172 521 1
172 608 1
172 698 1
172 896 1
172 1139 1
172 1163 1
172 1466 1
172 1481 1
172 1807 1
172 1810 1
172 1890 1
172 1908 1
172 2000 1
172 2024 1
173 43 1
173 131 1
173 133 1
173 158 1
173 173 1
173 233 1
173 238 1
173 283 1
173 317 1
173 337 1
173 338 1
173 457 1
173 460 1
173 550 1
173 607 1
173 609 1
173 625 1
173 697 1
173 709 1
173 820 1
173 894 1
173 1004 1
173 1046 1
173 1087 1
173 1170 1
173 1226 1
173 1230 1
173 1318 1
173 1324 1
173 1327 1
173 1369 1
173 1414 1
173 1418 1
173 1433 1
173 1443 1
173 1469 1
173 1473 1
173 1495 1
173 1554 1
173 1560 1
173 1564 1
173 1588 1
173 1597 1
173 1611 1
173 1734 1
173 1738 1
173 1780 1
173 1857 1
173 1870 1
173 1981 1
173 2034 1
174 62 1
174 151 1
174 162 1
174 167 1
174 198 1
174 230 1
174 232 1
174 281 1
174 294 1
174 300 1
174 316 1
174 340 1
174 383 1
174 393 1
174 394 1
174 490 1
174 491 1
174 533 1
174 541 1
174 543 1
174 563 1
174 583 1
174 647 1
174 693 1
174 700 1
174 732 1
174 864 1
174 900 1
174 933 1
174 964 1
174 967 1
174 972 1
174 1002 1
174 1006 1
174 1027 1
174 1053 1
174 1091 1
174 1097 1
174 1135 1
174 1141 1
174 1144 1
174 1164 1
174 1173 1
174 1219 1
174 1234 1
174 1301 1
174 1319 1
174 1347 1
174 1355 1
174 1370 1
174 1395 1
174 1404 1
174 1440 1
174 1514 1
174 1520 1
174 1566 1
174 1572 1
174 1577 1
174 1585 1
174 1610 1
174 1643 1
174 1672 1
174 1735 1
174 1739 1
174 1761 1
174 1770 1
174 1775 1
174 1782 1
174 1790 1
174 1860 1
174 1863 1
174 1868 1
174 1883 1
174 1902 1
174 1926 1
174 1930 1
174 1959 1
174 1970 1
174 1990 1
175 47 1
175 88 1
175 109 1
175 135 1
175 145 1
175 161 1
175 168 1
175 199 1
175 234 1
175 342 1
175 348 1
175 352 1
175 377 1
175 407 1
175 416 1
175 471 1
175 487 1
175 494 1
175 515 1
175 546 1
175 581 1
175 636 1
175 654 1
175 659 1
175 705 1
175 716 1
175 718 1
175 723 1
175 737 1
175 746 1
175 766 1
175 775 1
175 808 1
175 810 1
175 866 1
175 890 1
175 891 1
175 893 1
175 995 1
175 1054 1
175 1065 1
175 1169 1
175 1247 1
175 1261 1
175 1263 1
175 1298 1
175 1317 1
175 1322 1
175 1341 1
175 1442 1
175 1474 1
175 1497 1
175 1507 1
175 1511 1
175 1536 1
175 1562 1
175 1567 1
175 1568 1
175 1569 1
175 1596 1
175 1631 1
175 1642 1
175 1658 1
175 1665 1
175 1689 1
175 1700 1
175 1701 1
175 1721 1
175 1731 1
175 1769 1
175 1904 1
175 1917 1
175 1925 1
175 1929 1
175 1934 1
175 1961 1
175 1969 1
176 16 1
176 52 1
176 90 1
176 121 1
176 125 1
176 129 1
176 143 1
176 180 1
176 334 1
176 380 1
176 616 1
176 635 1
176 706 1
176 708 1
176 748 1
176 749 1
176 800 1
176 892 1
176 914 1
176 922 1
176 924 1
176 1086 1
176 1125 1
176 1198 1
176 1202 1
176 1211 1
176 1215 1
176 1300 1
176 1333 1
176 1401 1
176 1402 1
176 1427 1
176 1430 1
176 1491 1
176 1503 1
176 1510 1
176 1565 1
176 1583 1
176 1715 1
176 1746 1
176 1762 1
176 1829 1
176 1837 1
176 1892 1
176 1915 1
176 1940 1
176 1983 1
176 1996 1
176 2009 1
176 2025 1
176 2036 1
177 57 1
177 73 1
177 77 1
177 79 1
177 134 1
177 194 1
177 273 1
177 284 1
177 331 1
177 341 1
177 399 1
177 423 1
177 429 1
177 458 1
177 572 1
177 592 1
177 602 1
177 675 1
177 682 1
177 714 1
177 717 1
177 767 1
177 803 1
177 852 1
177 912 1
177 974 1
177 1040 1
177 1049 1
177 1064 1
177 1147 1
177 1157 1
177 1224 1
177 1325 1
177 1340 1
177 1350 1
177 1459 1
177 1460 1
177 1465 1
177 1519 1
177 1542 1
177 1544 1
177 1570 1
177 1571 1
177 1576 1
177 1684 1
177 1758 1
177 1819 1
177 1838 1
177 1847 1
177 1885 1
177 1936 1
177 2043 1
178 74 1
178 76 1
178 138 1
178 203 1
178 257 1
178 271 1
178 287 1
178 390 1
178 425 1
178 456 1
178 462 1
178 469 1
178 476 1
178 503 1
178 511 1
178 562 1
178 617 1
178 735 1
178 776 1
178 784 1
178 873 1
178 887 1
178 930 1
178 1003 1
178 1024 1
178 1032 1
178 1060 1
178 1119 1
178 1150 1
178 1155 1
178 1195 1
178 1223 1
178 1381 1
178 1429 1
178 1457 1
178 1522 1
178 1580 1
178 1663 1
178 1784 1
178 1833 1
178 1919 1
178 1998 1
178 2008 1
179 107 1
179 219 1
179 231 1
179 555 1
179 673 1
179 679 1
179 845 1
179 847 1
179 855 1
179 908 1
179 986 1
179 1050 1
179 1174 1
179 1256 1
179 1437 1
179 1458 1
179 1547 1
179 1627 1
179 1644 1
179 1661 1
179 2018 1
180 64 1
180 241 1
180 265 1
180 483 1
180 587 1
180 740 1
180 1098 1
180 1128 1
180 1146 1
180 1249 1
180 1320 1
180 1400 1
180 1609 1
180 1651 1
181 7 1
181 71 1
181 169 1
181 417 1
181 685 1
181 731 1
181 1142 1
181 1207 1
181 1220 1
181 1222 1
181 1579 1
181 1591 1
181 1737 1
181 1907 1
181 2012 1
182 140 1
182 175 1
182 504 1
182 838 1
182 886 1
182 959 1
182 989 1
182 1106 1
182 1245 1
182 1994 1
183 797 1
183 1396 1
183 1707 1
183 1846 1
183 1918 1
184 58 1
184 70 1
184 1036 1
184 1913 1
184 2002 1
185 576 1
185 949 1
185 1273 1
185 2020 1
186 626 1
186 681 1
186 987 1
186 1018 1
186 1029 1
186 1084 1
186 1189 1
186 1201 1
186 1686 1
187 259 1
187 327 1
187 610 1
187 842 1
187 955 1
187 1063 1
187 1217 1
187 1392 1
187 1493 1
187 1533 1
187 1965 1
188 110 1
188 147 1
188 172 1
188 186 1
188 212 1
188 240 1
188 261 1
188 537 1
188 569 1
188 594 1
188 814 1
188 897 1
188 1039 1
188 1133 1
188 1166 1
188 1172 1
188 1225 1
188 1736 1
188 1767 1
188 1792 1
188 1842 1
188 1995 1
189 46 1
189 61 1
189 93 1
189 115 1
189 120 1
189 179 1
189 258 1
189 280 1
189 299 1
189 302 1
189 332 1
189 333 1
189 388 1
189 397 1
189 408 1
189 431 1
189 520 1
189 544 1
189 549 1
189 573 1
189 586 1
189 631 1
189 637 1
189 640 1
189 646 1
189 713 1
189 790 1
189 804 1
189 824 1
189 832 1
189 858 1
189 948 1
189 968 1
189 969 1
189 982 1
189 1021 1
189 1026 1
189 1038 1
189 1051 1
189 1066 1
189 1095 1
189 1107 1
189 1134 1
189 1309 1
189 1336 1
189 1373 1
189 1386 1
189 1388 1
189 1393 1
189 1438 1
189 1527 1
189 1553 1
189 1598 1
189 1639 1
189 1685 1
189 1697 1
189 1716 1
189 1727 1
189 1756 1
189 1791 1
189 1795 1
189 1832 1
189 1835 1
189 1843 1
189 1867 1
189 1901 1
189 1951 1
189 2032 1
189 2040 1
190 53 1
190 85 1
190 92 1
190 113 1
190 201 1
190 209 1
190 224 1
190 225 1
190 254 1
190 289 1
190 293 1
190 310 1
190 326 1
190 350 1
190 376 1
190 386 1
190 401 1
190 405 1
190 422 1
190 428 1
190 433 1
190 434 1
190 440 1
190 444 1
190 449 1
190 461 1
190 499 1
190 500 1
190 531 1
190 532 1
190 536 1
190 547 1
190 574 1
190 664 1
190 667 1
190 680 1
190 722 1
190 743 1
190 744 1
190 828 1
190 857 1
190 872 1
190 902 1
190 907 1
190 913 1
190 926 1
190 942 1
190 945 1
190 970 1
190 973 1
190 979 1
190 997 1
190 1009 1
190 1056 1
190 1078 1
190 1104 1
190 1118 1
190 1123 1
190 1129 1
190 1136 1
190 1183 1
190 1187 1
190 1197 1
190 1200 1
190 1206 1
190 1242 1
190 1243 1
190 1252 1
190 1262 1
190 1278 1
190 1285 1
190 1419 1
190 1422 1
190 1453 1
190 1492 1
190 1506 1
190 1518 1
190 1531 1
190 1538 1
190 1545 1
190 1549 1
190 1599 1
190 1601 1
190 1604 1
190 1615 1
190 1695 1
190 1718 1
190 1722 1
190 1768 1
190 1777 1
190 1858 1
190 1872 1
190 1875 1
190 1903 1
190 1916 1
190 1920 1
190 1938 1
190 1939 1
190 1946 1
190 1958 1
190 1986 1
190 1991 1
191 44 1
191 60 1
191 86 1
191 124 1
191 208 1
191 220 1
191 243 1
191 282 1
191 323 1
191 351 1
191 353 1
191 359 1
191 369 1
191 420 1
191 421 1
191 438 1
191 445 1
191 453 1
191 479 1
191 492 1
191 516 1
191 518 1
191 557 1
191 559 1
191 589 1
191 595 1
191 604 1
191 656 1
191 666 1
191 668 1
191 671 1
191 710 1
191 726 1
191 782 1
191 791 1
191 796 1
191 861 1
191 874 1
191 991 1
191 1035 1
191 1117 1
191 1127 1
191 1159 1
191 1179 1
191 1185 1
191 1192 1
191 1199 1
191 1257 1
191 1270 1
191 1283 1
191 1307 1
191 1315 1
191 1413 1
191 1423 1
191 1435 1
191 1449 1
191 1499 1
191 1524 1
191 1537 1
191 1540 1
191 1556 1
191 1559 1
191 1624 1
191 1657 1
191 1659 1
191 1660 1
191 1687 1
191 1690 1
191 1742 1
191 1743 1
191 1755 1
191 1776 1
191 1779 1
191 1788 1
191 1797 1
191 1809 1
191 1840 1
191 1873 1
191 1891 1
191 1924 1
191 1931 1
191 1943 1
191 2010 1
191 2029 1
191 2047 1
192 56 1
192 101 1
192 144 1
192 157 1
192 191 1
192 213 1
192 215 1
192 228 1
192 244 1
192 252 1
192 268 1
192 277 1
192 278 1
192 295 1
192 309 1
192 312 1
192 370 1
192 424 1
192 439 1
192 464 1
192 474 1
192 498 1
192 548 1
192 570 1
192 585 1
192 588 1
192 613 1
192 638 1
192 644 1
192 688 1
192 734 1
192 757 1
192 759 1
192 811 1
192 815 1
192 836 1
192 862 1
192 935 1
192 956 1
192 999 1
192 1005 1
192 1044 1
192 1070 1
192 1140 1
192 1154 1
192 1204 1
192 1236 1
192 1238 1
192 1250 1
192 1282 1
192 1284 1
192 1302 1
192 1338 1
192 1371 1
192 1394 1
192 1398 1
192 1408 1
192 1417 1
192 1441 1
192 1448 1
192 1478 1
192 1486 1
192 1489 1
192 1504 1
192 1552 1
192 1656 1
192 1673 1
192 1744 1
192 1789 1
192 1801 1
192 1821 1
192 1824 1
192 1839 1
192 1845 1
192 1914 1
192 1949 1
192 2011 1
192 2016 1
192 2031 1
193 80 1
193 190 1
193 196 1
193 362 1
193 482 1
193 560 1
193 614 1
193 663 1
193 712 1
193 720 1
193 728 1
193 739 1
193 752 1
193 756 1
193 812 1
193 834 1
193 841 1
193 846 1
193 848 1
193 895 1
193 921 1
193 947 1
193 977 1
193 988 1
193 1101 1
193 1212 1
193 1213 1
193 1281 1
193 1293 1
193 1407 1
193 1415 1
193 1431 1
193 1450 1
193 1655 1
193 1664 1
193 1668 1
193 1705 1
193 1720 1
193 1732 1
193 1745 1
193 1752 1
193 1766 1
193 1806 1
193 1808 1
193 1814 1
193 1836 1
193 1859 1
193 1893 1
193 1905 1
193 1941 1
193 1953 1
193 1962 1
193 1963 1
194 181 1
194 207 1
194 226 1
194 389 1
194 455 1
194 519 1
194 806 1
194 826 1
194 984 1
194 1019 1
194 1028 1
194 1067 1
194 1083 1
194 1121 1
194 1124 1
194 1290 1
194 1439 1
194 1445 1
194 1470 1
194 1500 1
194 1508 1
194 1539 1
194 1555 1
194 1619 1
194 1706 1
194 2015 1
195 122 1
195 202 1
195 279 1
195 366 1
195 373 1
195 484 1
195 556 1
195 662 1
195 686 1
195 729 1
195 835 1
195 867 1
195 918 1
195 978 1
195 1094 1
195 1138 1
195 1276 1
195 1280 1
195 1288 1
195 1296 1
195 1379 1
195 1488 1
195 1592 1
195 1593 1
195 1823 1
195 1827 1
195 1831 1
195 1880 1
196 411 1
196 451 1
196 497 1
196 624 1
196 1304 1
196 1312 1
196 1397 1
196 1759 1
196 1799 1
196 1849 1
196 2023 1
196 2048 1
197 210 1
197 410 1
197 470 1
197 755 1
197 901 1
197 971 1
197 1432 1
197 1477 1
197 1811 1
198 441 1
198 527 1
198 699 1
198 825 1
198 1367 1
198 1375 1
198 1512 1
199 307 1
199 335 1
199 818 1
199 840 1
199 871 1
199 878 1
199 1130 1
199 1535 1
200 30 1
200 639 1
200 711 1
200 962 1
200 1461 1
201 127 1
201 665 1
201 707 1
201 932 1
201 1406 1
201 1691 1
201 2038 1
202 205 1
202 242 1
202 584 1
202 629 1
202 1156 1
203 98 1
203 189 1
203 308 1
203 315 1
203 379 1
203 672 1
203 850 1
203 939 1
203 965 1
203 1348 1
203 1356 1
203 1558 1
203 1586 1
203 1606 1
203 1897 1
203 2004 1
204 103 1
204 137 1
204 153 1
204 204 1
204 221 1
204 322 1
204 409 1
204 412 1
204 415 1
204 481 1
204 565 1
204 579 1
204 634 1
204 642 1
204 725 1
204 769 1
204 778 1
204 839 1
204 934 1
204 943 1
204 1010 1
204 1081 1
204 1108 1
204 1145 1
204 1177 1
204 1221 1
204 1232 1
204 1239 1
204 1335 1
204 1359 1
204 1362 1
204 1364 1
204 1376 1
204 1377 1
204 1416 1
204 1421 1
204 1484 1
204 1647 1
204 1714 1
204 1749 1
204 1754 1
204 1763 1
204 1764 1
204 1787 1
204 1818 1
204 1899 1
204 1927 1
204 1967 1
204 1971 1
204 1974 1
205 84 1
205 111 1
205 136 1
205 141 1
205 154 1
205 170 1
205 195 1
205 200 1
205 214 1
205 239 1
205 247 1
205 269 1
205 288 1
205 297 1
205 426 1
205 473 1
205 512 1
205 522 1
205 534 1
205 627 1
205 633 1
205 696 1
205 715 1
205 856 1
205 905 1
205 936 1
205 960 1
205 966 1
205 975 1
205 1001 1
205 1030 1
205 1088 1
205 1205 1
205 1216 1
205 1265 1
205 1268 1
205 1287 1
205 1326 1
205 1339 1
205 1346 1
205 1354 1
205 1384 1
205 1446 1
205 1472 1
205 1483 1
205 1532 1
205 1574 1
205 1612 1
205 1636 1
205 1645 1
205 1666 1
205 1772 1
205 1796 1
205 1820 1
205 1861 1
205 1922 1
205 1979 1
205 2014 1
205 2041 1
205 2042 1
206 99 1
206 119 1
206 165 1
206 197 1
206 223 1
206 229 1
206 235 1
206 248 1
206 313 1
206 314 1
206 330 1
206 347 1
206 360 1
206 361 1
206 430 1
206 526 1
206 591 1
206 601 1
206 657 1
206 670 1
206 678 1
206 747 1
206 773 1
206 779 1
206 785 1
206 792 1
206 844 1
206 870 1
206 877 1
206 929 1
206 1043 1
206 1093 1
206 1209 1
206 1227 1
206 1229 1
206 1255 1
206 1264 1
206 1305 1
206 1332 1
206 1425 1
206 1426 1
206 1467 1
206 1485 1
206 1517 1
206 1528 1
206 1557 1
206 1563 1
206 1584 1
206 1614 1
206 1618 1
206 1629 1
206 1634 1
206 1679 1
206 1698 1
206 1774 1
206 1781 1
206 1785 1
206 1794 1
206 1881 1
206 1923 1
206 1960 1
206 1984 1
206 2006 1
207 155 1
207 171 1
207 311 1
207 372 1
207 392 1
207 413 1
207 452 1
207 540 1
207 553 1
207 783 1
207 827 1
207 920 1
207 980 1
207 1303 1
207 1389 1
207 1409 1
207 1452 1
207 1682 1
207 1800 1
207 1973 1
207 1977 1
207 2026 1
208 112 1
208 132 1
208 245 1
208 336 1
208 349 1
208 365 1
208 437 1
208 545 1
208 692 1
208 869 1
208 1011 1
208 1110 1
208 1162 1
208 1208 1
208 1351 1
208 1581 1
208 1671 1
208 1693 1
208 1696 1
208 1724 1
208 1760 1
208 1932 1
209 736 1
209 1114 1
209 1295 1
209 1616 1
209 1725 1
209 1793 1
209 1855 1
209 2001 1
210 745 1
210 1214 1
211 478 1
211 2005 1
212 436 1
212 1587 1
214 919 1
214 1113 1
214 1575 1
214 1988 1
215 346 1
215 1622 1
217 467 1
217 687 1
217 1069 1
217 1111 1
217 1175 1
218 67 1
218 489 1
218 888 1
218 1160 1
218 1228 1
219 571 1
219 1530 1
219 1608 1
220 1573 1
221 55 1
222 75 1
226 1804 1
651 44 1
651 60 1
651 65 1
652 44 1
652 51 1
652 60 1
653 52 1
653 77 1
654 70 1
655 81 1
656 65 1
657 69 1
659 71 1
661 37 1
661 47 1
661 204 1
661 462 1
661 722 1
661 738 1
661 1810 1
662 26 1
662 61 1
662 74 1
662 87 1
662 109 1
662 216 1
662 219 1
662 239 1
662 341 1
662 352 1
662 400 1
662 412 1
662 415 1
662 439 1
662 472 1
662 477 1
662 481 1
662 496 1
662 544 1
662 576 1
662 580 1
662 593 1
662 630 1
662 649 1
662 650 1
662 729 1
662 747 1
662 755 1
662 765 1
662 782 1
662 801 1
662 827 1
662 859 1
662 876 1
662 878 1
662 933 1
662 948 1
662 1072 1
662 1121 1
662 1122 1
662 1183 1
662 1223 1
662 1224 1
662 1242 1
662 1245 1
662 1270 1
662 1276 1
662 1362 1
662 1411 1
662 1492 1
662 1495 1
662 1518 1
662 1533 1
662 1563 1
662 1596 1
662 1600 1
662 1612 1
662 1657 1
662 1679 1
662 1687 1
662 1741 1
662 1757 1
662 1818 1
662 1845 1
662 1856 1
662 1904 1
662 1929 1
662 1932 1
662 1958 1
662 1965 1
662 1978 1
662 2001 1
663 6 1
663 30 1
663 38 1
663 48 1
663 86 1
663 113 1
663 124 1
663 131 1
663 147 1
663 150 1
663 156 1
663 161 1
663 167 1
663 169 1
663 170 1
663 212 1
663 221 1
663 249 1
663 274 1
663 284 1
663 286 1
663 299 1
663 314 1
663 331 1
663 356 1
663 372 1
663 376 1
663 377 1
663 382 1
663 383 1
663 396 1
663 411 1
663 419 1
663 423 1
663 426 1
663 432 1
663 455 1
663 460 1
663 463 1
663 470 1
663 491 1
663 498 1
663 515 1
663 516 1
663 528 1
663 542 1
663 546 1
663 561 1
663 570 1
663 589 1
663 596 1
663 618 1
663 620 1
663 646 1
663 702 1
663 712 1
663 748 1
663 764 1
663 766 1
663 781 1
663 783 1
663 821 1
663 829 1
663 843 1
663 877 1
663 893 1
663 930 1
663 935 1
663 945 1
663 952 1
663 960 1
663 962 1
663 979 1
663 983 1
663 1028 1
663 1047 1
663 1062 1
663 1073 1
663 1074 1
663 1109 1
663 1120 1
663 1126 1
663 1170 1
663 1173 1
663 1221 1
663 1231 1
663 1236 1
663 1238 1
663 1268 1
663 1273 1
663 1275 1
663 1283 1
663 1293 1
663 1297 1
663 1363 1
663 1367 1
663 1383 1
663 1404 1
663 1417 1
663 1419 1
663 1426 1
663 1448 1
663 1501 1
663 1504 1
663 1554 1
663 1561 1
663 1582 1
663 1606 1
663 1608 1
663 1631 1
663 1633 1
663 1648 1
663 1673 1
663 1678 1
663 1680 1
663 1689 1
663 1691 1
663 1722 1
663 1733 1
663 1764 1
663 1775 1
663 1776 1
663 1779 1
663 1780 1
663 1785 1
663 1825 1
663 1829 1
663 1837 1
663 1902 1
663 1926 1
663 1931 1
663 1936 1
663 1964 1
663 1973 1
663 1974 1
663 1998 1
663 2006 1
663 2036 1
664 66 1
664 78 1
664 82 1
664 112 1
664 129 1
664 138 1
664 183 1
664 196 1
664 198 1
664 218 1
664 275 1
664 282 1
664 294 1
664 297 1
664 307 1
664 312 1
664 324 1
664 364 1
664 399 1
664 437 1
664 441 1
664 479 1
664 537 1
664 560 1
664 577 1
664 586 1
664 610 1
664 631 1
664 678 1
664 692 1
664 719 1
664 727 1
664 732 1
664 795 1
664 800 1
664 803 1
664 806 1
664 832 1
664 838 1
664 892 1
664 907 1
664 931 1
664 959 1
664 966 1
664 1007 1
664 1013 1
664 1038 1
664 1081 1
664 1114 1
664 1156 1
664 1176 1
664 1178 1
664 1255 1
664 1256 1
664 1266 1
664 1274 1
664 1309 1
664 1324 1
664 1355 1
664 1377 1
664 1397 1
664 1410 1
664 1421 1
664 1435 1
664 1452 1
664 1462 1
664 1543 1
664 1613 1
664 1616 1
664 1617 1
664 1656 1
664 1684 1
664 1694 1
664 1758 1
664 1765 1
664 1781 1
664 1792 1
664 1805 1
664 1812 1
664 1843 1
664 1851 1
664 1876 1
664 1892 1
664 1909 1
664 1918 1
664 2014 1
664 2018 1
664 2029 1
665 5 1
665 10 1
665 14 1
665 41 1
665 45 1
665 49 1
665 56 1
665 57 1
665 64 1
665 89 1
665 91 1
665 93 1
665 102 1
665 141 1
665 191 1
665 259 1
665 272 1
665 281 1
665 308 1
665 316 1
665 344 1
665 360 1
665 391 1
665 425 1
665 452 1
665 456 1
665 469 1
665 480 1
665 505 1
665 509 1
665 548 1
665 563 1
665 591 1
665 600 1
665 615 1
665 625 1
665 627 1
665 662 1
665 668 1
665 705 1
665 740 1
665 759 1
665 772 1
665 793 1
665 820 1
665 847 1
665 873 1
665 888 1
665 895 1
665 927 1
665 940 1
665 985 1
665 988 1
665 995 1
665 1004 1
665 1011 1
665 1022 1
665 1036 1
665 1046 1
665 1049 1
665 1088 1
665 1094 1
665 1098 1
665 1115 1
665 1137 1
665 1141 1
665 1208 1
665 1210 1
665 1211 1
665 1228 1
665 1243 1
665 1278 1
665 1286 1
665 1295 1
665 1312 1
665 1316 1
665 1327 1
665 1334 1
665 1338 1
665 1365 1
665 1376 1
665 1384 1
665 1447 1
665 1477 1
665 1481 1
665 1483 1
665 1484 1
665 1485 1
665 1497 1
665 1523 1
665 1526 1
665 1527 1
665 1529 1
665 1539 1
665 1540 1
665 1544 1
665 1545 1
665 1550 1
665 1551 1
665 1562 1
665 1581 1
665 1614 1
665 1622 1
665 1624 1
665 1638 1
665 1647 1
665 1663 1
665 1683 1
665 1693 1
665 1714 1
665 1723 1
665 1738 1
665 1751 1
665 1778 1
665 1821 1
665 1822 1
665 1869 1
665 1884 1
665 1894 1
665 1908 1
665 1935 1
665 1944 1
665 1946 1
665 1955 1
665 1982 1
665 1999 1
665 2000 1
665 2025 1
666 23 1
666 39 1
666 63 1
666 140 1
666 184 1
666 199 1
666 200 1
666 215 1
666 225 1
666 231 1
666 276 1
666 290 1
666 292 1
666 309 1
666 319 1
666 348 1
666 374 1
666 379 1
666 410 1
666 532 1
666 558 1
666 601 1
666 635 1
666 745 1
666 778 1
666 788 1
666 812 1
666 834 1
666 836 1
666 858 1
666 860 1
666 999 1
666 1019 1
666 1030 1
666 1033 1
666 1039 1
666 1050 1
666 1054 1
666 1106 1
666 1144 1
666 1230 1
666 1252 1
666 1285 1
666 1291 1
666 1311 1
666 1322 1
666 1350 1
666 1374 1
666 1378 1
666 1407 1
666 1409 1
666 1438 1
666 1441 1
666 1442 1
666 1475 1
666 1496 1
666 1514 1
666 1522 1
666 1556 1
666 1590 1
666 1610 1
666 1611 1
666 1623 1
666 1661 1
666 1695 1
666 1705 1
666 1728 1
666 1743 1
666 1750 1
666 1769 1
666 1774 1
666 1788 1
666 1802 1
666 1817 1
666 1852 1
666 1956 1
666 1975 1
666 2016 1
666 2034 1
667 45 1
667 59 1
667 83 1
667 90 1
667 130 1
667 181 1
667 186 1
667 187 1
667 207 1
667 209 1
667 300 1
667 301 1
667 321 1
667 362 1
667 406 1
667 506 1
667 508 1
667 554 1
667 590 1
667 602 1
667 606 1
667 636 1
667 648 1
667 695 1
667 698 1
667 714 1
667 739 1
667 749 1
667 754 1
667 818 1
667 849 1
667 883 1
667 886 1
667 910 1
667 916 1
667 941 1
667 1008 1
667 1010 1
667 1077 1
667 1085 1
667 1213 1
667 1218 1
667 1233 1
667 1247 1
667 1328 1
667 1369 1
667 1415 1
667 1437 1
667 1459 1
667 1461 1
667 1468 1
667 1507 1
667 1510 1
667 1575 1
667 1736 1
667 1795 1
667 1800 1
667 1801 1
667 1883 1
667 1991 1
668 17 1
668 69 1
668 144 1
668 251 1
668 277 1
668 359 1
668 487 1
668 521 1
668 567 1
668 611 1
668 624 1
668 685 1
668 709 1
668 733 1
668 771 1
668 789 1
668 909 1
668 921 1
668 938 1
668 1012 1
668 1136 1
668 1253 1
668 1325 1
668 1395 1
668 1413 1
668 1534 1
668 1553 1
668 1627 1
668 1636 1
668 1713 1
668 1850 1
668 1962 1
669 63 1
669 92 1
669 529 1
669 1455 1
670 51 1
670 328 1
670 605 1
670 901 1
670 1887 1
671 229 1
671 271 1
671 885 1
671 1095 1
671 1530 1
672 68 1
673 70 1
673 1466 1
674 48 1
674 71 1
674 160 1
674 791 1
675 73 1
675 119 1
675 283 1
675 293 1
675 315 1
675 318 1
675 1087 1
675 1797 1
675 1927 1
676 29 1
676 33 1
676 49 1
676 179 1
676 409 1
676 440 1
676 617 1
676 619 1
676 716 1
676 797 1
676 870 1
676 911 1
676 937 1
676 1044 1
676 1093 1
676 1108 1
676 1229 1
676 1259 1
676 1277 1
676 1336 1
676 1386 1
676 1429 1
676 1480 1
676 1557 1
676 1697 1
676 1721 1
676 1744 1
676 1747 1
676 1872 1
676 1925 1
676 1939 1
676 1945 1
676 1983 1
676 1989 1
677 1 1
677 12 1
677 19 1
677 21 1
677 25 1
677 27 1
677 42 1
677 46 1
677 53 1
677 72 1
677 79 1
677 95 1
677 96 1
677 101 1
677 103 1
677 105 1
677 107 1
677 117 1
677 118 1
677 120 1
677 123 1
677 133 1
677 134 1
677 153 1
677 158 1
677 162 1
677 165 1
677 192 1
677 201 1
677 213 1
677 214 1
677 220 1
677 235 1
677 237 1
677 241 1
677 244 1
677 248 1
677 266 1
677 269 1
677 270 1
677 273 1
677 288 1
677 317 1
677 323 1
677 330 1
677 339 1
677 351 1
677 361 1
677 370 1
677 371 1
677 373 1
677 386 1
677 389 1
677 392 1
677 393 1
677 397 1
677 398 1
677 401 1
677 403 1
677 420 1
677 430 1
677 434 1
677 442 1
677 445 1
677 448 1
677 457 1
677 458 1
677 464 1
677 465 1
677 468 1
677 473 1
677 475 1
677 476 1
677 484 1
677 485 1
677 493 1
677 495 1
677 497 1
677 526 1
677 531 1
677 534 1
677 536 1
677 539 1
677 540 1
677 541 1
677 550 1
677 552 1
677 566 1
677 575 1
677 585 1
677 587 1
677 614 1
677 652 1
677 656 1
677 657 1
677 658 1
677 661 1
677 665 1
677 672 1
677 673 1
677 676 1
677 680 1
677 688 1
677 690 1
677 691 1
677 694 1
677 696 1
677 706 1
677 711 1
677 721 1
677 753 1
677 761 1
677 773 1
677 774 1
677 775 1
677 779 1
677 784 1
677 808 1
677 813 1
677 828 1
677 835 1
677 846 1
677 848 1
677 852 1
677 865 1
677 868 1
677 869 1
677 872 1
677 884 1
677 896 1
677 903 1
677 904 1
677 913 1
677 919 1
677 923 1
677 926 1
677 936 1
677 944 1
677 951 1
677 956 1
677 957 1
677 964 1
677 970 1
677 971 1
677 972 1
677 973 1
677 975 1
677 977 1
677 980 1
677 981 1
677 984 1
677 986 1
677 989 1
677 994 1
677 1002 1
677 1009 1
677 1020 1
677 1021 1
677 1026 1
677 1041 1
677 1048 1
677 1057 1
677 1059 1
677 1066 1
677 1068 1
677 1079 1
677 1082 1
677 1086 1
677 1091 1
677 1097 1
677 1103 1
677 1105 1
677 1138 1
677 1145 1
677 1147 1
677 1154 1
677 1167 1
677 1172 1
677 1177 1
677 1195 1
677 1200 1
677 1205 1
677 1207 1
677 1219 1
677 1234 1
677 1239 1
677 1248 1
677 1254 1
677 1264 1
677 1296 1
677 1298 1
677 1300 1
677 1305 1
677 1306 1
677 1308 1
677 1329 1
677 1333 1
677 1342 1
677 1346 1
677 1349 1
677 1352 1
677 1359 1
677 1366 1
677 1393 1
677 1398 1
677 1400 1
677 1408 1
677 1425 1
677 1427 1
677 1449 1
677 1451 1
677 1457 1
677 1463 1
677 1474 1
677 1482 1
677 1490 1
677 1493 1
677 1499 1
677 1502 1
677 1503 1
677 1509 1
677 1512 1
677 1517 1
677 1524 1
677 1525 1
677 1528 1
677 1538 1
677 1552 1
677 1558 1
677 1567 1
677 1568 1
677 1574 1
677 1576 1
677 1578 1
677 1579 1
677 1580 1
677 1585 1
677 1591 1
677 1593 1
677 1594 1
677 1604 1
677 1618 1
677 1628 1
677 1629 1
677 1640 1
677 1655 1
677 1659 1
677 1660 1
677 1665 1
677 1667 1
677 1682 1
677 1696 1
677 1698 1
677 1711 1
677 1716 1
677 1732 1
677 1737 1
677 1742 1
677 1748 1
677 1752 1
677 1760 1
677 1762 1
677 1763 1
677 1767 1
677 1793 1
677 1803 1
677 1815 1
677 1820 1
677 1830 1
677 1833 1
677 1835 1
677 1854 1
677 1858 1
677 1860 1
677 1861 1
677 1864 1
677 1866 1
677 1870 1
677 1880 1
677 1882 1
677 1886 1
677 1889 1
677 1893 1
677 1895 1
677 1901 1
677 1906 1
677 1911 1
677 1924 1
677 1930 1
677 1938 1
677 1947 1
677 1951 1
677 1952 1
677 1979 1
677 1984 1
677 1992 1
677 1993 1
677 1994 1
677 2002 1
677 2004 1
677 2010 1
677 2012 1
677 2015 1
677 2021 1
677 2027 1
677 2032 1
677 2039 1
677 2047 1
678 3 1
678 4 1
678 7 1
678 8 1
678 9 1
678 13 1
678 15 1
678 16 1
678 31 1
678 40 1
678 54 1
678 75 1
678 84 1
678 88 1
678 98 1
678 100 1
678 106 1
678 111 1
678 115 1
678 116 1
678 125 1
678 128 1
678 135 1
678 137 1
678 143 1
678 149 1
678 151 1
678 152 1
678 157 1
678 159 1
678 163 1
678 164 1
678 166 1
678 168 1
678 171 1
678 173 1
678 182 1
678 188 1
678 189 1
678 194 1
678 195 1
678 197 1
678 203 1
678 205 1
678 208 1
678 210 1
678 217 1
678 222 1
678 224 1
678 227 1
678 230 1
678 236 1
678 242 1
678 243 1
678 246 1
678 247 1
678 250 1
678 253 1
678 255 1
678 258 1
678 261 1
678 263 1
678 265 1
678 278 1
678 287 1
678 289 1
678 305 1
678 310 1
678 320 1
678 322 1
678 325 1
678 332 1
678 336 1
678 343 1
678 345 1
678 349 1
678 350 1
678 353 1
678 355 1
678 357 1
678 358 1
678 366 1
678 368 1
678 369 1
678 375 1
678 384 1
678 402 1
678 404 1
678 407 1
678 408 1
678 416 1
678 418 1
678 422 1
678 424 1
678 427 1
678 429 1
678 443 1
678 449 1
678 451 1
678 453 1
678 459 1
678 461 1
678 474 1
678 478 1
678 482 1
678 488 1
678 490 1
678 492 1
678 494 1
678 499 1
678 500 1
678 501 1
678 503 1
678 504 1
678 511 1
678 512 1
678 514 1
678 517 1
678 522 1
678 523 1
678 525 1
678 530 1
678 535 1
678 543 1
678 549 1
678 559 1
678 562 1
678 564 1
678 565 1
678 568 1
678 574 1
678 581 1
678 584 1
678 588 1
678 592 1
678 594 1
678 595 1
678 603 1
678 604 1
678 609 1
678 629 1
678 641 1
678 642 1
678 644 1
678 651 1
678 653 1
678 655 1
678 659 1
678 664 1
678 666 1
678 667 1
678 670 1
678 671 1
678 674 1
678 681 1
678 683 1
678 684 1
678 686 1
678 699 1
678 700 1
678 701 1
678 704 1
678 713 1
678 715 1
678 720 1
678 723 1
678 724 1
678 726 1
678 737 1
678 741 1
678 744 1
678 750 1
678 757 1
678 762 1
678 763 1
678 767 1
678 768 1
678 770 1
678 785 1
678 786 1
678 792 1
678 807 1
678 809 1
678 816 1
678 817 1
678 819 1
678 823 1
678 825 1
678 826 1
678 830 1
678 831 1
678 833 1
678 837 1
678 839 1
678 845 1
678 853 1
678 855 1
678 856 1
678 857 1
678 866 1
678 879 1
678 881 1
678 882 1
678 887 1
678 889 1
678 897 1
678 906 1
678 908 1
678 912 1
678 914 1
678 918 1
678 922 1
678 924 1
678 932 1
678 946 1
678 947 1
678 950 1
678 953 1
678 961 1
678 965 1
678 969 1
678 978 1
678 982 1
678 1000 1
678 1003 1
678 1005 1
678 1027 1
678 1031 1
678 1034 1
678 1035 1
678 1040 1
678 1052 1
678 1060 1
678 1061 1
678 1063 1
678 1064 1
678 1067 1
678 1070 1
678 1076 1
678 1078 1
678 1090 1
678 1111 1
678 1116 1
678 1117 1
678 1123 1
678 1124 1
678 1125 1
678 1127 1
678 1129 1
678 1130 1
678 1131 1
678 1140 1
678 1142 1
678 1143 1
678 1148 1
678 1157 1
678 1161 1
678 1162 1
678 1164 1
678 1165 1
678 1168 1
678 1174 1
678 1175 1
678 1180 1
678 1182 1
678 1184 1
678 1185 1
678 1187 1
678 1188 1
678 1189 1
678 1193 1
678 1197 1
678 1202 1
678 1204 1
678 1206 1
678 1214 1
678 1220 1
678 1222 1
678 1225 1
678 1232 1
678 1240 1
678 1246 1
678 1249 1
678 1257 1
678 1258 1
678 1265 1
678 1269 1
678 1280 1
678 1282 1
678 1287 1
678 1288 1
678 1303 1
678 1307 1
678 1314 1
678 1315 1
678 1318 1
678 1319 1
678 1321 1
678 1323 1
678 1326 1
678 1330 1
678 1332 1
678 1335 1
678 1341 1
678 1343 1
678 1353 1
678 1354 1
678 1356 1
678 1357 1
678 1360 1
678 1361 1
678 1364 1
678 1371 1
678 1372 1
678 1379 1
678 1380 1
678 1385 1
678 1387 1
678 1389 1
678 1391 1
678 1392 1
678 1394 1
678 1399 1
678 1401 1
678 1402 1
678 1403 1
678 1414 1
678 1423 1
678 1431 1
678 1436 1
678 1443 1
678 1444 1
678 1450 1
678 1453 1
678 1456 1
678 1458 1
678 1464 1
678 1467 1
678 1470 1
678 1471 1
678 1473 1
678 1476 1
678 1478 1
678 1479 1
678 1488 1
678 1489 1
678 1491 1
678 1498 1
678 1500 1
678 1505 1
678 1506 1
678 1508 1
678 1511 1
678 1513 1
678 1515 1
678 1519 1
678 1531 1
678 1532 1
678 1535 1
678 1536 1
678 1537 1
678 1541 1
678 1542 1
678 1547 1
678 1548 1
678 1549 1
678 1555 1
678 1560 1
678 1564 1
678 1566 1
678 1569 1
678 1570 1
678 1572 1
678 1583 1
678 1588 1
678 1592 1
678 1599 1
678 1601 1
678 1607 1
678 1609 1
678 1615 1
678 1625 1
678 1626 1
678 1630 1
678 1635 1
678 1646 1
678 1649 1
678 1651 1
678 1654 1
678 1658 1
678 1662 1
678 1670 1
678 1671 1
678 1674 1
678 1686 1
678 1692 1
678 1707 1
678 1710 1
678 1712 1
678 1718 1
678 1724 1
678 1725 1
678 1727 1
678 1730 1
678 1735 1
678 1740 1
678 1745 1
678 1746 1
678 1754 1
678 1755 1
678 1761 1
678 1766 1
678 1771 1
678 1772 1
678 1773 1
678 1791 1
678 1794 1
678 1796 1
678 1799 1
678 1804 1
678 1806 1
678 1809 1
678 1811 1
678 1827 1
678 1836 1
678 1840 1
678 1841 1
678 1846 1
678 1853 1
678 1855 1
678 1859 1
678 1862 1
678 1871 1
678 1873 1
678 1875 1
678 1881 1
678 1888 1
678 1890 1
678 1896 1
678 1897 1
678 1898 1
678 1899 1
678 1900 1
678 1905 1
678 1907 1
678 1913 1
678 1919 1
678 1922 1
678 1923 1
678 1928 1
678 1941 1
678 1942 1
678 1953 1
678 1960 1
678 1963 1
678 1966 1
678 1968 1
678 1971 1
678 1976 1
678 1977 1
678 1981 1
678 1985 1
678 1986 1
678 1990 1
678 1996 1
678 2008 1
678 2020 1
678 2022 1
678 2023 1
678 2026 1
678 2030 1
678 2035 1
678 2037 1
678 2040 1
678 2041 1
678 2042 1
678 2044 1
678 2046 1
678 2048 1
679 2 1
679 18 1
679 20 1
679 22 1
679 24 1
679 28 1
679 36 1
679 49 1
679 61 1
679 62 1
679 67 1
679 75 1
679 81 1
679 85 1
679 94 1
679 99 1
679 110 1
679 114 1
679 122 1
679 126 1
679 127 1
679 132 1
679 136 1
679 139 1
679 142 1
679 155 1
679 175 1
679 180 1
679 185 1
679 190 1
679 211 1
679 223 1
679 226 1
679 233 1
679 234 1
679 240 1
679 256 1
679 257 1
679 260 1
679 264 1
679 267 1
679 279 1
679 280 1
679 291 1
679 298 1
679 303 1
679 304 1
679 313 1
679 326 1
679 327 1
679 333 1
679 335 1
679 338 1
679 340 1
679 363 1
679 365 1
679 381 1
679 387 1
679 388 1
679 390 1
679 413 1
679 421 1
679 428 1
679 431 1
679 435 1
679 436 1
679 438 1
679 444 1
679 447 1
679 454 1
679 483 1
679 486 1
679 502 1
679 507 1
679 513 1
679 519 1
679 520 1
679 527 1
679 533 1
679 538 1
679 545 1
679 547 1
679 571 1
679 572 1
679 579 1
679 583 1
679 597 1
679 613 1
679 616 1
679 621 1
679 622 1
679 626 1
679 638 1
679 639 1
679 643 1
679 647 1
679 654 1
679 660 1
679 663 1
679 689 1
679 707 1
679 708 1
679 710 1
679 725 1
679 752 1
679 756 1
679 758 1
679 760 1
679 776 1
679 787 1
679 804 1
679 805 1
679 815 1
679 822 1
679 824 1
679 840 1
679 841 1
679 842 1
679 861 1
679 862 1
679 864 1
679 871 1
679 874 1
679 880 1
679 894 1
679 898 1
679 899 1
679 902 1
679 915 1
679 917 1
679 920 1
679 928 1
679 939 1
679 942 1
679 943 1
679 949 1
679 954 1
679 958 1
679 968 1
679 974 1
679 976 1
679 990 1
679 991 1
679 992 1
679 993 1
679 996 1
679 997 1
679 998 1
679 1001 1
679 1017 1
679 1018 1
679 1023 1
679 1025 1
679 1029 1
679 1037 1
679 1042 1
679 1045 1
679 1058 1
679 1065 1
679 1069 1
679 1075 1
679 1083 1
679 1084 1
679 1089 1
679 1100 1
679 1101 1
679 1107 1
679 1113 1
679 1133 1
679 1134 1
679 1146 1
679 1150 1
679 1158 1
679 1159 1
679 1163 1
679 1171 1
679 1181 1
679 1186 1
679 1192 1
679 1194 1
679 1196 1
679 1199 1
679 1201 1
679 1209 1
679 1216 1
679 1217 1
679 1227 1
679 1235 1
679 1237 1
679 1244 1
679 1262 1
679 1271 1
679 1289 1
679 1290 1
679 1299 1
679 1302 1
679 1304 1
679 1320 1
679 1339 1
679 1344 1
679 1348 1
679 1373 1
679 1382 1
679 1396 1
679 1405 1
679 1406 1
679 1420 1
679 1422 1
679 1430 1
679 1432 1
679 1440 1
679 1445 1
679 1454 1
679 1465 1
679 1469 1
679 1487 1
679 1494 1
679 1516 1
679 1577 1
679 1586 1
679 1598 1
679 1603 1
679 1619 1
679 1634 1
679 1641 1
679 1643 1
679 1644 1
679 1664 1
679 1681 1
679 1688 1
679 1690 1
679 1703 1
679 1704 1
679 1706 1
679 1708 1
679 1709 1
679 1717 1
679 1726 1
679 1734 1
679 1739 1
679 1770 1
679 1786 1
679 1789 1
679 1798 1
679 1807 1
679 1808 1
679 1813 1
679 1832 1
679 1834 1
679 1838 1
679 1839 1
679 1857 1
679 1863 1
679 1885 1
679 1903 1
679 1914 1
679 1933 1
679 1934 1
679 1937 1
679 1940 1
679 1943 1
679 1949 1
679 1961 1
679 1967 1
679 1972 1
679 1997 1
679 2003 1
679 2007 1
679 2009 1
679 2011 1
679 2033 1
679 2045 1
680 32 1
680 55 1
680 58 1
680 65 1
680 76 1
680 80 1
680 104 1
680 108 1
680 146 1
680 176 1
680 206 1
680 232 1
680 268 1
680 285 1
680 302 1
680 306 1
680 311 1
680 329 1
680 337 1
680 346 1
680 367 1
680 395 1
680 405 1
680 414 1
680 433 1
680 450 1
680 466 1
680 467 1
680 489 1
680 524 1
680 555 1
680 556 1
680 573 1
680 578 1
680 633 1
680 645 1
680 669 1
680 677 1
680 679 1
680 687 1
680 693 1
680 717 1
680 730 1
680 742 1
680 746 1
680 769 1
680 780 1
680 790 1
680 802 1
680 811 1
680 850 1
680 851 1
680 854 1
680 867 1
680 890 1
680 891 1
680 905 1
680 955 1
680 963 1
680 967 1
680 987 1
680 1015 1
680 1016 1
680 1051 1
680 1056 1
680 1102 1
680 1119 1
680 1128 1
680 1132 1
680 1135 1
680 1149 1
680 1155 1
680 1190 1
680 1198 1
680 1215 1
680 1250 1
680 1251 1
680 1260 1
680 1263 1
680 1281 1
680 1284 1
680 1292 1
680 1294 1
680 1301 1
680 1331 1
680 1358 1
680 1368 1
680 1375 1
680 1418 1
680 1424 1
680 1428 1
680 1434 1
680 1446 1
680 1472 1
680 1521 1
680 1546 1
680 1571 1
680 1573 1
680 1589 1
680 1595 1
680 1605 1
680 1637 1
680 1645 1
680 1652 1
680 1669 1
680 1672 1
680 1675 1
680 1700 1
680 1701 1
680 1702 1
680 1715 1
680 1719 1
680 1720 1
680 1731 1
680 1756 1
680 1759 1
680 1768 1
680 1777 1
680 1783 1
680 1784 1
680 1787 1
680 1814 1
680 1819 1
680 1824 1
680 1831 1
680 1847 1
680 1865 1
680 1874 1
680 1916 1
680 1917 1
680 1920 1
680 1948 1
680 1950 1
680 1959 1
680 1988 1
680 1995 1
680 2024 1
680 2028 1
680 2038 1
681 11 1
681 121 1
681 145 1
681 154 1
681 174 1
681 178 1
681 193 1
681 202 1
681 228 1
681 245 1
681 254 1
681 295 1
681 347 1
681 446 1
681 518 1
681 607 1
681 623 1
681 634 1
681 675 1
681 718 1
681 731 1
681 743 1
681 751 1
681 799 1
681 875 1
681 934 1
681 1024 1
681 1053 1
681 1055 1
681 1092 1
681 1110 1
681 1139 1
681 1160 1
681 1241 1
681 1267 1
681 1272 1
681 1279 1
681 1340 1
681 1347 1
681 1439 1
681 1460 1
681 1486 1
681 1520 1
681 1584 1
681 1587 1
681 1620 1
681 1639 1
681 1729 1
681 1749 1
681 1782 1
681 1790 1
681 1823 1
681 1826 1
681 1828 1
681 1844 1
681 1849 1
681 1878 1
681 1879 1
681 1891 1
681 1912 1
681 1969 1
681 2013 1
681 2019 1
682 34 1
682 62 1
682 68 1
682 148 1
682 238 1
682 354 1
682 628 1
682 640 1
682 703 1
682 736 1
682 798 1
682 844 1
682 929 1
682 1043 1
682 1096 1
682 1152 1
682 1153 1
682 1166 1
682 1226 1
682 1261 1
682 1313 1
682 1345 1
682 1370 1
682 1381 1
682 1565 1
682 1602 1
682 1632 1
682 1650 1
682 1685 1
682 1753 1
682 1848 1
682 2043 1
683 44 1
683 78 1
683 177 1
683 557 1
683 637 1
683 1099 1
683 1203 1
683 1337 1
683 1597 1
683 1642 1
683 1699 1
683 1957 1
683 2031 1
684 43 1
684 69 1
684 172 1
684 378 1
684 1080 1
684 1388 1
684 1621 1
684 1970 1
685 50 1
685 73 1
685 334 1
685 900 1
685 1351 1
685 1666 1
685 1842 1
686 734 1
686 735 1
686 794 1
687 569 1
687 1071 1
687 1212 1
687 1980 1
687 2017 1
688 97 1
688 608 1
688 1032 1
688 1390 1
688 1867 1
689 78 1
689 342 1
689 582 1
689 598 1
689 697 1
689 814 1
689 925 1
689 1559 1
689 1677 1
689 1910 1
689 1915 1
689 1921 1
689 1954 1
690 56 1
690 252 1
690 262 1
690 417 1
690 471 1
690 682 1
690 728 1
690 796 1
690 1006 1
690 1014 1
690 1118 1
690 1151 1
690 1179 1
690 1191 1
690 1412 1
690 1653 1
690 1676 1
690 1816 1
690 1868 1
690 1877 1
690 2005 1
691 35 1
691 71 1
691 380 1
691 385 1
691 394 1
691 510 1
691 551 1
691 553 1
691 599 1
691 612 1
691 632 1
691 777 1
691 810 1
691 863 1
691 1104 1
691 1112 1
691 1169 1
691 1310 1
691 1317 1
691 1416 1
691 1433 1
691 1668 1
691 1987 1
692 59 1
692 63 1
692 66 1
692 296 1
694 67 1
694 71 1
694 74 1
695 48 1
695 79 1
696 43 1
696 64 1
697 59 1
697 72 1
698 72 1
700 46 1
701 55 1
703 45 1
703 62 1
706 50 1
706 62 1
706 74 1
706 75 1
709 72 1
710 66 1
711 43 1
712 78 1
713 77 1
713 82 1
714 55 1
715 53 1
715 68 1
716 59 1
717 60 1
718 52 1
719 78 1
720 68 1
721 54 1
721 75 1
722 48 1
722 64 1
722 67 1
723 53 1
723 64 1
724 42 1
724 48 1
725 63 1
725 76 1
726 50 1
726 61 1
726 64 1
727 80 1
728 53 1
728 57 1
728 81 1
729 55 1
729 60 1
729 79 1
730 53 1
731 63 1
733 50 1
733 79 1
733 218 1
734 54 1
734 73 1
734 78 1
734 341 1
735 47 1
736 1049 1
737 54 1
737 82 1
738 54 1
738 712 1
739 26 1
739 1651 1
740 69 1
740 73 1
740 74 1
740 625 1
740 1221 1
740 1702 1
740 1757 1
741 53 1
741 183 1
741 457 1
741 1785 1
742 79 1
742 323 1
742 838 1
742 1482 1
743 5 1
743 70 1
743 167 1
743 783 1
743 1747 1
744 61 1
744 1533 1
744 1553 1
744 1830 1
745 78 1
745 110 1
745 959 1
745 1231 1
746 42 1
746 563 1
747 53 1
747 1476 1
747 1939 1
747 2034 1
748 668 1
748 1731 1
749 42 1
749 49 1
749 59 1
749 211 1
749 1756 1
750 334 1
750 895 1
750 1124 1
750 1225 1
750 1576 1
750 2048 0
