1 26 1
1 39 1
3 18 1
3 33 1
3 34 1
3 35 1
4 38 1
5 8 1
5 13 1
5 24 1
5 34 1
7 21 1
7 24 1
7 29 1
9 3 1
9 15 1
9 17 1
10 2 1
10 4 1
12 8 1
12 16 1
12 20 1
12 21 1
12 32 1
15 30 1
16 21 1
16 39 1
17 10 1
17 29 1
17 32 1
18 25 1
18 1329 1
19 18 1
19 580 1
20 1531 1
20 1573 1
22 52 1
22 129 1
23 38 1
23 82 1
23 487 1
23 691 1
23 1262 1
23 1383 1
24 5 1
24 27 1
24 302 1
24 627 1
24 1353 1
24 1623 1
24 2037 1
25 6 1
25 13 1
25 24 1
25 26 1
25 35 1
25 447 1
25 590 1
25 644 1
25 963 1
25 1998 1
26 9 1
26 161 1
26 524 1
26 813 1
26 1061 1
26 1500 1
26 1672 1
26 1804 1
26 2046 1
27 77 1
27 994 1
27 1059 1
27 1225 1
28 14 1
28 225 1
28 354 1
28 364 1
28 578 1
28 1244 1
28 1674 1
28 1724 1
29 28 1
29 40 1
29 128 1
29 212 1
29 419 1
29 773 1
29 1152 1
29 1204 1
29 1619 1
29 1641 1
29 1766 1
30 23 1
30 600 1
30 1099 1
30 1110 1
30 1561 1
30 1878 1
31 19 1
31 551 1
31 750 1
31 1063 1
31 1958 1
32 338 1
32 649 1
32 870 1
32 1114 1
32 1366 1
33 33 1
33 1749 1
33 1939 1
34 14 1
34 1172 1
35 20 1
35 55 1
35 147 1
35 1481 1
35 1650 1
35 1934 1
35 2034 1
36 1 1
36 564 1
36 1224 1
36 1751 1
36 1861 1
36 1966 1
37 9 1
37 196 1
37 272 1
37 473 1
37 488 1
37 573 1
37 652 1
37 882 1
37 951 1
37 1005 1
37 1105 1
37 1256 1
37 1508 1
37 1586 1
37 1599 1
37 1731 1
37 1875 1
38 11 1
38 23 1
38 32 1
38 41 1
38 48 1
38 57 1
38 70 1
38 120 1
38 149 1
38 278 1
38 285 1
38 328 1
38 475 1
38 493 1
38 506 1
38 651 1
38 737 1
38 823 1
38 829 1
38 842 1
38 983 1
38 1066 1
38 1068 1
38 1127 1
38 1161 1
38 1300 1
38 1507 1
38 1515 1
38 1527 1
38 1528 1
38 1631 1
38 1635 1
38 1646 1
38 1684 1
38 1722 1
38 1750 1
38 1802 1
38 1866 1
38 1871 1
38 1874 1
38 1883 1
38 1896 1
38 2016 1
38 2023 1
39 90 1
39 104 1
39 121 1
39 173 1
39 221 1
39 258 1
39 329 1
39 427 1
39 428 1
39 429 1
39 502 1
39 505 1
39 638 1
39 742 1
39 835 1
39 858 1
39 903 1
39 977 1
39 1090 1
39 1108 1
39 1148 1
39 1158 1
39 1242 1
39 1317 1
39 1325 1
39 1343 1
39 1401 1
39 1405 1
39 1477 1
39 1546 1
39 1566 1
39 1590 1
39 1640 1
39 1671 1
39 1726 1
39 1776 1
39 1870 1
39 1935 1
39 1940 1
39 1956 1
40 2 1
40 46 1
40 106 1
40 107 1
40 125 1
40 131 1
40 175 1
40 184 1
40 273 1
40 284 1
40 339 1
40 425 1
40 470 1
40 498 1
40 540 1
40 570 1
40 594 1
40 623 1
40 639 1
40 658 1
40 671 1
40 685 1
40 716 1
40 811 1
40 816 1
40 824 1
40 985 1
40 1021 1
40 1092 1
40 1199 1
40 1313 1
40 1340 1
40 1349 1
40 1360 1
40 1422 1
40 1521 1
40 1549 1
40 1550 1
40 1600 1
40 1655 1
40 1738 1
40 1743 1
40 1745 1
40 1798 1
40 1811 1
40 1850 1
40 1869 1
40 1895 1
40 1927 1
40 1953 1
40 1985 1
40 2015 1
40 2029 1
41 4 1
41 98 1
41 152 1
41 153 1
41 155 1
41 244 1
41 261 1
41 282 1
41 301 1
41 365 1
41 400 1
41 402 1
41 412 1
41 436 1
41 455 1
41 468 1
41 509 1
41 571 1
41 599 1
41 628 1
41 672 1
41 725 1
41 761 1
41 805 1
41 814 1
41 846 1
41 862 1
41 913 1
41 1010 1
41 1017 1
41 1074 1
41 1097 1
41 1117 1
41 1284 1
41 1341 1
41 1362 1
41 1371 1
41 1380 1
41 1397 1
41 1400 1
41 1451 1
41 1498 1
41 1504 1
41 1506 1
41 1568 1
41 1572 1
41 1583 1
41 1584 1
41 1608 1
41 1616 1
41 1735 1
41 1757 1
41 1775 1
41 1809 1
41 1839 1
41 1844 1
41 1925 1
41 1982 1
41 2018 1
42 7 1
42 12 1
42 27 1
42 32 1
42 38 1
42 45 1
42 67 1
42 72 1
42 88 1
42 105 1
42 117 1
42 160 1
42 305 1
42 349 1
42 379 1
42 457 1
42 481 1
42 548 1
42 615 1
42 648 1
42 733 1
42 766 1
42 790 1
42 801 1
42 822 1
42 826 1
42 840 1
42 904 1
42 930 1
42 967 1
42 995 1
42 1007 1
42 1115 1
42 1165 1
42 1167 1
42 1184 1
42 1196 1
42 1197 1
42 1258 1
42 1308 1
42 1396 1
42 1525 1
42 1547 1
42 1591 1
42 1592 1
42 1598 1
42 1614 1
42 1720 1
42 1784 1
42 1853 1
42 1908 1
42 1970 1
42 2038 1
43 15 1
43 31 1
43 36 1
43 86 1
43 192 1
43 199 1
43 404 1
43 442 1
43 504 1
43 559 1
43 561 1
43 577 1
43 640 1
43 683 1
43 744 1
43 878 1
43 972 1
43 1032 1
43 1085 1
43 1095 1
43 1100 1
43 1141 1
43 1147 1
43 1162 1
43 1170 1
43 1424 1
43 1452 1
43 1518 1
43 1705 1
43 1769 1
43 1792 1
43 1800 1
43 1818 1
43 1842 1
43 1854 1
43 1885 1
43 1902 1
43 1978 1
43 2002 1
44 47 1
44 100 1
44 295 1
44 384 1
44 496 1
44 530 1
44 585 1
44 690 1
44 907 1
44 1060 1
44 1078 1
44 1118 1
44 1175 1
44 1179 1
44 1246 1
44 1277 1
44 1491 1
44 1610 1
44 1630 1
44 1691 1
44 1710 1
44 1721 1
44 1763 1
44 1845 1
44 1873 1
44 1931 1
44 1950 1
45 63 1
45 227 1
45 228 1
45 355 1
45 420 1
45 471 1
45 491 1
45 538 1
45 669 1
45 818 1
45 819 1
45 844 1
45 1062 1
45 1169 1
45 1233 1
45 1410 1
45 1558 1
45 1819 1
45 1933 1
45 1971 1
45 2005 1
46 49 1
46 249 1
46 371 1
46 405 1
46 607 1
46 666 1
46 684 1
46 852 1
46 1306 1
46 1505 1
46 1729 1
46 1954 1
47 2 1
47 26 1
47 74 1
47 163 1
47 183 1
47 213 1
47 381 1
47 837 1
47 873 1
47 914 1
47 1058 1
47 1137 1
47 1503 1
47 1567 1
48 382 1
48 435 1
48 522 1
48 1126 1
48 1307 1
49 16 1
49 352 1
49 525 1
49 782 1
49 856 1
49 897 1
49 1001 1
49 1024 1
49 1363 1
49 1678 1
49 2030 1
50 2 1
50 8 1
50 38 1
50 99 1
50 226 1
50 988 1
50 989 1
50 1188 1
50 1217 1
50 1292 1
50 1404 1
50 1446 1
50 1747 1
50 1813 1
50 2004 1
51 3 1
51 247 1
51 532 1
51 563 1
51 660 1
51 953 1
51 1088 1
51 1093 1
51 1111 1
51 1112 1
51 1348 1
51 1828 1
51 1909 1
52 18 1
52 22 1
52 73 1
52 76 1
52 102 1
52 114 1
52 116 1
52 195 1
52 217 1
52 243 1
52 283 1
52 309 1
52 424 1
52 582 1
52 584 1
52 593 1
52 613 1
52 620 1
52 622 1
52 625 1
52 655 1
52 699 1
52 703 1
52 820 1
52 833 1
52 875 1
52 883 1
52 947 1
52 954 1
52 996 1
52 1003 1
52 1080 1
52 1098 1
52 1134 1
52 1181 1
52 1231 1
52 1253 1
52 1373 1
52 1394 1
52 1541 1
52 1633 1
52 1634 1
52 1637 1
52 1649 1
52 1666 1
52 1712 1
52 1733 1
52 1734 1
52 1822 1
52 1840 1
52 1881 1
52 1952 1
52 2047 1
53 6 1
53 42 1
53 43 1
53 50 1
53 54 1
53 56 1
53 62 1
53 83 1
53 118 1
53 134 1
53 150 1
53 159 1
53 174 1
53 178 1
53 180 1
53 197 1
53 205 1
53 214 1
53 216 1
53 231 1
53 233 1
53 250 1
53 257 1
53 268 1
53 291 1
53 330 1
53 348 1
53 373 1
53 374 1
53 387 1
53 408 1
53 409 1
53 418 1
53 423 1
53 439 1
53 448 1
53 456 1
53 459 1
53 490 1
53 501 1
53 526 1
53 529 1
53 534 1
53 537 1
53 579 1
53 588 1
53 591 1
53 602 1
53 630 1
53 641 1
53 673 1
53 680 1
53 686 1
53 688 1
53 689 1
53 694 1
53 722 1
53 724 1
53 731 1
53 764 1
53 776 1
53 792 1
53 807 1
53 830 1
53 843 1
53 864 1
53 872 1
53 881 1
53 887 1
53 891 1
53 892 1
53 895 1
53 899 1
53 965 1
53 966 1
53 970 1
53 975 1
53 979 1
53 990 1
53 997 1
53 1008 1
53 1037 1
53 1040 1
53 1049 1
53 1069 1
53 1091 1
53 1103 1
53 1121 1
53 1131 1
53 1132 1
53 1138 1
53 1156 1
53 1173 1
53 1182 1
53 1194 1
53 1205 1
53 1209 1
53 1239 1
53 1249 1
53 1267 1
53 1270 1
53 1271 1
53 1280 1
53 1281 1
53 1288 1
53 1289 1
53 1305 1
53 1370 1
53 1398 1
53 1438 1
53 1453 1
53 1461 1
53 1492 1
53 1537 1
53 1611 1
53 1651 1
53 1682 1
53 1685 1
53 1701 1
53 1708 1
53 1714 1
53 1717 1
53 1727 1
53 1746 1
53 1764 1
53 1770 1
53 1781 1
53 1834 1
53 1838 1
53 1890 1
53 1911 1
53 1937 1
53 1944 1
53 1963 1
53 1967 1
53 1975 1
53 1977 1
53 1983 1
53 1987 1
53 1996 1
53 1997 1
53 2021 1
53 2024 1
54 24 1
54 37 1
54 60 1
54 61 1
54 66 1
54 80 1
54 81 1
54 95 1
54 96 1
54 122 1
54 126 1
54 137 1
54 140 1
54 169 1
54 176 1
54 185 1
54 188 1
54 189 1
54 204 1
54 207 1
54 208 1
54 218 1
54 232 1
54 237 1
54 238 1
54 260 1
54 262 1
54 263 1
54 266 1
54 276 1
54 287 1
54 298 1
54 299 1
54 303 1
54 308 1
54 311 1
54 323 1
54 325 1
54 331 1
54 343 1
54 351 1
54 353 1
54 359 1
54 361 1
54 362 1
54 363 1
54 368 1
54 396 1
54 446 1
54 451 1
54 458 1
54 462 1
54 469 1
54 478 1
54 479 1
54 485 1
54 486 1
54 489 1
54 507 1
54 523 1
54 536 1
54 543 1
54 544 1
54 568 1
54 575 1
54 598 1
54 605 1
54 643 1
54 646 1
54 670 1
54 677 1
54 698 1
54 711 1
54 712 1
54 717 1
54 719 1
54 720 1
54 723 1
54 726 1
54 730 1
54 732 1
54 736 1
54 738 1
54 740 1
54 741 1
54 747 1
54 749 1
54 760 1
54 765 1
54 768 1
54 771 1
54 781 1
54 797 1
54 803 1
54 809 1
54 828 1
54 854 1
54 855 1
54 859 1
54 860 1
54 866 1
54 876 1
54 902 1
54 912 1
54 924 1
54 926 1
54 927 1
54 928 1
54 934 1
54 935 1
54 945 1
54 958 1
54 969 1
54 993 1
54 1018 1
54 1026 1
54 1028 1
54 1039 1
54 1045 1
54 1067 1
54 1073 1
54 1096 1
54 1107 1
54 1113 1
54 1135 1
54 1142 1
54 1143 1
54 1144 1
54 1159 1
54 1171 1
54 1178 1
54 1185 1
54 1195 1
54 1201 1
54 1210 1
54 1219 1
54 1227 1
54 1228 1
54 1229 1
54 1234 1
54 1251 1
54 1257 1
54 1264 1
54 1272 1
54 1295 1
54 1297 1
54 1330 1
54 1342 1
54 1352 1
54 1354 1
54 1361 1
54 1368 1
54 1372 1
54 1376 1
54 1379 1
54 1381 1
54 1385 1
54 1386 1
54 1392 1
54 1395 1
54 1408 1
54 1411 1
54 1415 1
54 1420 1
54 1425 1
54 1426 1
54 1427 1
54 1436 1
54 1441 1
54 1447 1
54 1459 1
54 1460 1
54 1472 1
54 1473 1
54 1474 1
54 1475 1
54 1485 1
54 1509 1
54 1522 1
54 1526 1
54 1530 1
54 1532 1
54 1534 1
54 1540 1
54 1548 1
54 1564 1
54 1576 1
54 1578 1
54 1589 1
54 1607 1
54 1624 1
54 1632 1
54 1657 1
54 1661 1
54 1662 1
54 1670 1
54 1681 1
54 1693 1
54 1695 1
54 1716 1
54 1728 1
54 1737 1
54 1753 1
54 1765 1
54 1771 1
54 1774 1
54 1777 1
54 1778 1
54 1785 1
54 1795 1
54 1810 1
54 1817 1
54 1820 1
54 1835 1
54 1841 1
54 1852 1
54 1857 1
54 1860 1
54 1898 1
54 1916 1
54 1917 1
54 1922 1
54 1924 1
54 1929 1
54 1947 1
54 1988 1
54 1990 1
54 1993 1
54 2010 1
54 2027 1
54 2041 1
55 28 1
55 58 1
55 69 1
55 78 1
55 91 1
55 115 1
55 124 1
55 136 1
55 138 1
55 148 1
55 162 1
55 166 1
55 167 1
55 193 1
55 209 1
55 220 1
55 224 1
55 236 1
55 240 1
55 245 1
55 256 1
55 265 1
55 270 1
55 277 1
55 289 1
55 292 1
55 310 1
55 316 1
55 332 1
55 334 1
55 336 1
55 337 1
55 356 1
55 376 1
55 393 1
55 411 1
55 416 1
55 417 1
55 431 1
55 434 1
55 444 1
55 450 1
55 461 1
55 477 1
55 480 1
55 484 1
55 494 1
55 511 1
55 513 1
55 514 1
55 520 1
55 550 1
55 552 1
55 558 1
55 566 1
55 572 1
55 583 1
55 587 1
55 596 1
55 606 1
55 608 1
55 609 1
55 612 1
55 631 1
55 632 1
55 645 1
55 653 1
55 654 1
55 663 1
55 675 1
55 700 1
55 701 1
55 709 1
55 713 1
55 746 1
55 751 1
55 757 1
55 772 1
55 778 1
55 784 1
55 789 1
55 791 1
55 825 1
55 827 1
55 845 1
55 849 1
55 851 1
55 879 1
55 886 1
55 888 1
55 901 1
55 915 1
55 916 1
55 917 1
55 922 1
55 925 1
55 949 1
55 950 1
55 961 1
55 974 1
55 987 1
55 992 1
55 1006 1
55 1030 1
55 1034 1
55 1035 1
55 1041 1
55 1048 1
55 1057 1
55 1075 1
55 1083 1
55 1101 1
55 1102 1
55 1116 1
55 1122 1
55 1136 1
55 1153 1
55 1154 1
55 1166 1
55 1192 1
55 1193 1
55 1216 1
55 1232 1
55 1248 1
55 1266 1
55 1290 1
55 1302 1
55 1304 1
55 1315 1
55 1320 1
55 1321 1
55 1323 1
55 1337 1
55 1339 1
55 1358 1
55 1359 1
55 1377 1
55 1378 1
55 1382 1
55 1389 1
55 1391 1
55 1412 1
55 1417 1
55 1465 1
55 1466 1
55 1467 1
55 1476 1
55 1484 1
55 1497 1
55 1501 1
55 1513 1
55 1516 1
55 1517 1
55 1533 1
55 1559 1
55 1565 1
55 1571 1
55 1575 1
55 1577 1
55 1580 1
55 1597 1
55 1602 1
55 1620 1
55 1643 1
55 1652 1
55 1653 1
55 1659 1
55 1663 1
55 1667 1
55 1679 1
55 1680 1
55 1686 1
55 1687 1
55 1692 1
55 1704 1
55 1711 1
55 1725 1
55 1739 1
55 1744 1
55 1756 1
55 1759 1
55 1772 1
55 1773 1
55 1788 1
55 1803 1
55 1806 1
55 1815 1
55 1831 1
55 1833 1
55 1856 1
55 1859 1
55 1862 1
55 1863 1
55 1867 1
55 1879 1
55 1884 1
55 1886 1
55 1891 1
55 1892 1
55 1899 1
55 1912 1
55 1914 1
55 1915 1
55 1918 1
55 1921 1
55 1926 1
55 1936 1
55 1961 1
55 1962 1
55 1984 1
55 1992 1
55 1994 1
55 1999 1
55 2007 1
55 2019 1
55 2022 1
55 2028 1
55 2045 1
56 11 1
56 37 1
56 85 1
56 89 1
56 92 1
56 93 1
56 110 1
56 112 1
56 113 1
56 139 1
56 142 1
56 144 1
56 171 1
56 182 1
56 186 1
56 198 1
56 222 1
56 223 1
56 229 1
56 246 1
56 255 1
56 259 1
56 264 1
56 269 1
56 313 1
56 314 1
56 326 1
56 333 1
56 389 1
56 395 1
56 397 1
56 406 1
56 410 1
56 421 1
56 460 1
56 483 1
56 497 1
56 517 1
56 519 1
56 539 1
56 541 1
56 553 1
56 567 1
56 569 1
56 592 1
56 616 1
56 619 1
56 624 1
56 682 1
56 692 1
56 695 1
56 714 1
56 748 1
56 752 1
56 756 1
56 777 1
56 793 1
56 802 1
56 808 1
56 817 1
56 832 1
56 836 1
56 847 1
56 853 1
56 857 1
56 863 1
56 865 1
56 868 1
56 869 1
56 898 1
56 911 1
56 931 1
56 939 1
56 941 1
56 944 1
56 984 1
56 986 1
56 1014 1
56 1020 1
56 1027 1
56 1031 1
56 1033 1
56 1046 1
56 1065 1
56 1072 1
56 1079 1
56 1125 1
56 1129 1
56 1139 1
56 1145 1
56 1160 1
56 1202 1
56 1213 1
56 1237 1
56 1261 1
56 1263 1
56 1273 1
56 1322 1
56 1327 1
56 1334 1
56 1350 1
56 1375 1
56 1387 1
56 1406 1
56 1409 1
56 1428 1
56 1430 1
56 1449 1
56 1462 1
56 1479 1
56 1490 1
56 1510 1
56 1520 1
56 1560 1
56 1563 1
56 1570 1
56 1579 1
56 1585 1
56 1588 1
56 1596 1
56 1629 1
56 1638 1
56 1647 1
56 1648 1
56 1683 1
56 1697 1
56 1699 1
56 1700 1
56 1702 1
56 1768 1
56 1783 1
56 1794 1
56 1799 1
56 1848 1
56 1858 1
56 1876 1
56 1888 1
56 1894 1
56 1913 1
56 1920 1
56 1938 1
56 1942 1
56 1955 1
56 1959 1
56 1969 1
56 1986 1
56 2008 1
56 2011 1
56 2014 1
56 2039 1
57 26 1
57 68 1
57 84 1
57 130 1
57 143 1
57 168 1
57 181 1
57 206 1
57 215 1
57 242 1
57 248 1
57 267 1
57 304 1
57 347 1
57 388 1
57 392 1
57 413 1
57 438 1
57 466 1
57 495 1
57 500 1
57 516 1
57 531 1
57 574 1
57 595 1
57 611 1
57 656 1
57 659 1
57 661 1
57 679 1
57 681 1
57 696 1
57 705 1
57 718 1
57 727 1
57 763 1
57 780 1
57 788 1
57 810 1
57 821 1
57 848 1
57 889 1
57 890 1
57 893 1
57 919 1
57 942 1
57 943 1
57 991 1
57 1043 1
57 1081 1
57 1094 1
57 1104 1
57 1120 1
57 1130 1
57 1187 1
57 1220 1
57 1230 1
57 1241 1
57 1245 1
57 1255 1
57 1274 1
57 1310 1
57 1311 1
57 1318 1
57 1355 1
57 1367 1
57 1393 1
57 1407 1
57 1433 1
57 1439 1
57 1443 1
57 1464 1
57 1469 1
57 1470 1
57 1478 1
57 1523 1
57 1535 1
57 1536 1
57 1553 1
57 1574 1
57 1606 1
57 1625 1
57 1644 1
57 1660 1
57 1669 1
57 1755 1
57 1789 1
57 1790 1
57 1812 1
57 1814 1
57 1829 1
57 1855 1
57 1882 1
57 1903 1
57 2012 1
57 2013 1
57 2025 1
57 2035 1
57 2036 1
58 31 1
58 101 1
58 135 1
58 165 1
58 187 1
58 271 1
58 275 1
58 296 1
58 306 1
58 307 1
58 327 1
58 344 1
58 370 1
58 383 1
58 433 1
58 465 1
58 549 1
58 589 1
58 603 1
58 614 1
58 617 1
58 629 1
58 707 1
58 745 1
58 769 1
58 770 1
58 775 1
58 783 1
58 839 1
58 850 1
58 946 1
58 955 1
58 1052 1
58 1055 1
58 1064 1
58 1128 1
58 1214 1
58 1243 1
58 1319 1
58 1356 1
58 1421 1
58 1444 1
58 1480 1
58 1494 1
58 1495 1
58 1496 1
58 1562 1
58 1665 1
58 1754 1
58 1787 1
58 1825 1
58 1837 1
58 1904 1
58 1906 1
58 1957 1
58 1960 1
58 1968 1
58 1972 1
58 1979 1
58 2000 1
59 7 1
59 35 1
59 127 1
59 230 1
59 241 1
59 312 1
59 503 1
59 515 1
59 604 1
59 697 1
59 706 1
59 734 1
59 794 1
59 798 1
59 910 1
59 929 1
59 937 1
59 1011 1
59 1047 1
59 1054 1
59 1119 1
59 1226 1
59 1268 1
59 1332 1
59 1351 1
59 1413 1
59 1418 1
59 1440 1
59 1445 1
59 1450 1
59 1456 1
59 1471 1
59 1493 1
59 1544 1
59 1642 1
59 1673 1
59 1723 1
59 1779 1
59 1836 1
59 1864 1
59 1865 1
59 1951 1
59 2033 1
59 2040 1
60 53 1
60 79 1
60 97 1
60 203 1
60 239 1
60 319 1
60 426 1
60 432 1
60 508 1
60 542 1
60 650 1
60 676 1
60 721 1
60 799 1
60 806 1
60 896 1
60 906 1
60 921 1
60 952 1
60 1174 1
60 1221 1
60 1238 1
60 1374 1
60 1434 1
60 1748 1
60 1830 1
60 1846 1
60 1905 1
60 1989 1
61 20 1
61 21 1
61 151 1
61 177 1
61 453 1
61 871 1
61 1084 1
61 1442 1
61 1587 1
61 1618 1
61 1761 1
61 1907 1
61 1981 1
62 65 1
62 201 1
62 463 1
62 533 1
62 662 1
62 938 1
62 1282 1
62 1301 1
62 1303 1
62 1369 1
62 1399 1
62 1432 1
62 1626 1
62 1654 1
62 1694 1
62 1742 1
63 145 1
63 156 1
63 728 1
63 1050 1
63 1077 1
63 1275 1
63 1388 1
63 1677 1
63 1688 1
63 1715 1
63 1824 1
63 1889 1
64 4 1
64 24 1
64 123 1
64 443 1
64 545 1
64 804 1
64 877 1
64 894 1
64 959 1
64 1283 1
64 1293 1
64 1296 1
64 1335 1
64 1338 1
64 1416 1
64 1488 1
64 1593 1
64 1612 1
64 1706 1
65 378 1
65 440 1
65 452 1
65 467 1
65 702 1
65 838 1
65 918 1
65 923 1
65 982 1
65 1312 1
65 1328 1
65 1502 1
65 1524 1
65 1538 1
65 1542 1
65 1628 1
65 1893 1
66 19 1
66 109 1
66 111 1
66 211 1
66 286 1
66 294 1
66 340 1
66 350 1
66 377 1
66 401 1
66 472 1
66 512 1
66 546 1
66 560 1
66 636 1
66 678 1
66 758 1
66 909 1
66 962 1
66 1038 1
66 1056 1
66 1087 1
66 1163 1
66 1222 1
66 1276 1
66 1331 1
66 1365 1
66 1437 1
66 1454 1
66 1458 1
66 1468 1
66 1556 1
66 1767 1
66 1808 1
66 1928 1
66 1974 1
66 2020 1
67 4 1
67 13 1
67 51 1
67 59 1
67 94 1
67 157 1
67 170 1
67 190 1
67 191 1
67 234 1
67 252 1
67 253 1
67 274 1
67 290 1
67 293 1
67 324 1
67 341 1
67 342 1
67 357 1
67 358 1
67 360 1
67 366 1
67 367 1
67 369 1
67 375 1
67 380 1
67 394 1
67 398 1
67 407 1
67 415 1
67 430 1
67 437 1
67 449 1
67 454 1
67 464 1
67 482 1
67 499 1
67 518 1
67 554 1
67 556 1
67 557 1
67 562 1
67 576 1
67 586 1
67 597 1
67 610 1
67 635 1
67 637 1
67 647 1
67 664 1
67 665 1
67 667 1
67 668 1
67 708 1
67 710 1
67 753 1
67 754 1
67 762 1
67 767 1
67 786 1
67 796 1
67 800 1
67 880 1
67 885 1
67 940 1
67 956 1
67 960 1
67 978 1
67 980 1
67 981 1
67 1002 1
67 1016 1
67 1023 1
67 1029 1
67 1042 1
67 1070 1
67 1071 1
67 1082 1
67 1086 1
67 1089 1
67 1106 1
67 1146 1
67 1150 1
67 1151 1
67 1155 1
67 1190 1
67 1203 1
67 1208 1
67 1211 1
67 1240 1
67 1259 1
67 1265 1
67 1279 1
67 1285 1
67 1286 1
67 1287 1
67 1291 1
67 1314 1
67 1324 1
67 1333 1
67 1344 1
67 1357 1
67 1364 1
67 1435 1
67 1448 1
67 1457 1
67 1463 1
67 1482 1
67 1519 1
67 1529 1
67 1545 1
67 1552 1
67 1555 1
67 1557 1
67 1582 1
67 1594 1
67 1601 1
67 1603 1
67 1613 1
67 1615 1
67 1627 1
67 1675 1
67 1676 1
67 1703 1
67 1713 1
67 1719 1
67 1736 1
67 1740 1
67 1741 1
67 1760 1
67 1782 1
67 1786 1
67 1797 1
67 1832 1
67 1868 1
67 1910 1
67 1923 1
67 1932 1
67 1941 1
67 1948 1
67 1991 1
67 2001 1
67 2009 1
67 2017 1
67 2042 1
67 2043 1
68 15 1
68 44 1
68 71 1
68 75 1
68 87 1
68 103 1
68 108 1
68 132 1
68 133 1
68 141 1
68 146 1
68 172 1
68 179 1
68 200 1
68 210 1
68 251 1
68 254 1
68 279 1
68 281 1
68 288 1
68 297 1
68 300 1
68 317 1
68 320 1
68 321 1
68 322 1
68 335 1
68 346 1
68 372 1
68 386 1
68 390 1
68 403 1
68 422 1
68 441 1
68 474 1
68 476 1
68 492 1
68 510 1
68 521 1
68 527 1
68 535 1
68 547 1
68 555 1
68 565 1
68 581 1
68 618 1
68 634 1
68 642 1
68 657 1
68 674 1
68 687 1
68 704 1
68 739 1
68 743 1
68 774 1
68 785 1
68 787 1
68 812 1
68 815 1
68 834 1
68 841 1
68 861 1
68 900 1
68 905 1
68 920 1
68 932 1
68 933 1
68 936 1
68 948 1
68 957 1
68 964 1
68 968 1
68 971 1
68 973 1
68 976 1
68 999 1
68 1013 1
68 1015 1
68 1022 1
68 1036 1
68 1044 1
68 1051 1
68 1053 1
68 1076 1
68 1140 1
68 1149 1
68 1157 1
68 1168 1
68 1176 1
68 1186 1
68 1189 1
68 1191 1
68 1200 1
68 1206 1
68 1207 1
68 1212 1
68 1215 1
68 1223 1
68 1235 1
68 1247 1
68 1252 1
68 1254 1
68 1260 1
68 1269 1
68 1294 1
68 1298 1
68 1299 1
68 1309 1
68 1316 1
68 1326 1
68 1347 1
68 1419 1
68 1423 1
68 1431 1
68 1483 1
68 1486 1
68 1487 1
68 1489 1
68 1499 1
68 1512 1
68 1514 1
68 1539 1
68 1543 1
68 1551 1
68 1554 1
68 1569 1
68 1581 1
68 1595 1
68 1604 1
68 1605 1
68 1622 1
68 1636 1
68 1645 1
68 1656 1
68 1658 1
68 1664 1
68 1668 1
68 1689 1
68 1690 1
68 1696 1
68 1698 1
68 1707 1
68 1758 1
68 1780 1
68 1791 1
68 1793 1
68 1801 1
68 1816 1
68 1823 1
68 1826 1
68 1827 1
68 1843 1
68 1847 1
68 1849 1
68 1872 1
68 1897 1
68 1900 1
68 1945 1
68 1946 1
68 1949 1
68 1965 1
68 1973 1
68 1995 1
68 2003 1
68 2032 1
68 2044 1
68 2048 1
69 10 1
69 16 1
69 154 1
69 194 1
69 202 1
69 235 1
69 315 1
69 318 1
69 345 1
69 391 1
69 399 1
69 414 1
69 445 1
69 601 1
69 621 1
69 633 1
69 693 1
69 715 1
69 755 1
69 759 1
69 779 1
69 831 1
69 1004 1
69 1009 1
69 1025 1
69 1123 1
69 1133 1
69 1164 1
69 1180 1
69 1336 1
69 1384 1
69 1414 1
69 1429 1
69 1511 1
69 1609 1
69 1617 1
69 1621 1
69 1639 1
69 1718 1
69 1752 1
69 1762 1
69 1805 1
69 1851 1
69 1877 1
69 1887 1
69 1901 1
69 1930 1
69 1976 1
69 2031 1
70 1218 1
70 1796 1
70 1964 1
71 1109 1
71 1980 1
72 219 1
72 867 1
73 1390 1
74 35 1
74 64 1
75 15 1
75 16 1
75 17 1
75 158 1
76 3 1
76 40 1
76 1250 1
77 36 1
77 735 1
78 17 1
78 18 1
79 8 1
79 11 1
79 385 1
80 40 1
80 1177 1
80 1183 1
80 1278 1
81 31 1
81 36 1
81 1236 1
82 33 1
82 729 1
85 34 1
89 38 1
90 9 1
91 6 1
91 19 1
91 27 1
92 24 1
94 33 1
95 38 1
96 7 1
98 9 1
98 22 1
98 34 1
102 14 1
102 20 1
102 34 1
104 25 1
104 1061 1
105 1 1
106 1068 1
106 1167 1
107 21 1
107 25 1
107 1586 1
108 3 1
108 1646 1
108 1811 1
109 1709 1
109 1943 1
109 2018 1
110 17 1
110 82 1
110 600 1
111 12 1
111 31 1
111 835 1
111 1405 1
112 11 1
112 302 1
112 1100 1
113 1 1
113 1284 1
113 1807 1
114 32 1
114 339 1
114 427 1
114 564 1
114 1099 1
114 1127 1
115 1 1
115 33 1
115 35 1
115 36 1
115 39 1
115 983 1
115 1775 1
115 1809 1
115 1841 1
115 1952 1
116 31 1
116 41 1
116 57 1
116 149 1
116 221 1
116 949 1
116 1244 1
116 1474 1
116 1590 1
116 1963 1
117 364 1
117 903 1
117 994 1
117 1455 1
117 1804 1
118 216 1
118 374 1
118 824 1
118 1111 1
118 1540 1
118 1730 1
118 1919 1
118 2037 1
119 23 1
119 31 1
119 305 1
119 494 1
119 506 1
119 538 1
119 615 1
119 1137 1
119 1619 1
119 1660 1
119 1842 1
120 226 1
120 568 1
120 801 1
120 1505 1
120 1561 1
120 1592 1
120 1682 1
120 2026 1
120 2046 1
121 8 1
121 27 1
121 212 1
121 224 1
121 285 1
121 329 1
121 455 1
121 1005 1
121 1027 1
122 52 1
122 168 1
122 590 1
122 677 1
122 884 1
122 919 1
122 1101 1
122 1161 1
122 1817 1
122 1998 1
122 2034 1
123 4 1
123 280 1
123 750 1
123 773 1
123 821 1
123 886 1
123 947 1
123 1074 1
123 1156 1
123 1292 1
123 1362 1
123 1558 1
123 1956 1
124 32 1
124 95 1
124 225 1
124 847 1
124 1059 1
124 1107 1
124 1110 1
124 1305 1
124 1343 1
124 1559 1
124 1573 1
124 1954 1
125 351 1
125 953 1
125 1641 1
126 13 1
126 48 1
126 313 1
126 331 1
126 336 1
126 424 1
126 524 1
126 528 1
126 870 1
126 1060 1
126 1330 1
126 1371 1
126 1521 1
126 1724 1
127 98 1
127 128 1
127 140 1
127 161 1
127 173 1
127 213 1
127 266 1
127 354 1
127 382 1
127 456 1
127 468 1
127 487 1
127 559 1
127 681 1
127 690 1
127 795 1
127 899 1
127 963 1
127 1095 1
127 1096 1
127 1103 1
127 1329 1
127 1341 1
127 1653 1
127 1751 1
127 1766 1
128 22 1
128 129 1
128 244 1
128 259 1
128 298 1
128 373 1
128 447 1
128 563 1
128 644 1
128 691 1
128 703 1
128 890 1
128 969 1
128 1081 1
128 1105 1
128 1118 1
128 1171 1
128 1192 1
128 1288 1
128 1360 1
128 1403 1
128 1600 1
128 1750 1
128 1871 1
128 1896 1
128 1959 1
128 1982 1
129 9 1
129 34 1
129 45 1
129 47 1
129 70 1
129 117 1
129 142 1
129 275 1
129 330 1
129 472 1
129 504 1
129 530 1
129 578 1
129 628 1
129 649 1
129 822 1
129 875 1
129 882 1
129 913 1
129 987 1
129 1158 1
129 1237 1
129 1300 1
129 1345 1
129 1353 1
129 1446 1
129 1525 1
129 1576 1
129 1617 1
129 1712 1
129 1844 1
129 1853 1
129 1867 1
129 1890 1
129 2005 1
130 49 1
130 150 1
130 152 1
130 159 1
130 239 1
130 276 1
130 301 1
130 309 1
130 425 1
130 429 1
130 501 1
130 684 1
130 730 1
130 829 1
130 985 1
130 1007 1
130 1113 1
130 1148 1
130 1224 1
130 1356 1
130 1383 1
130 1402 1
130 1415 1
130 1449 1
130 1509 1
130 1608 1
130 1638 1
130 1876 1
130 1903 1
130 1912 1
130 1958 1
130 1967 1
130 1970 1
130 2016 1
130 2021 1
131 30 1
131 74 1
131 199 1
131 246 1
131 284 1
131 368 1
131 405 1
131 450 1
131 548 1
131 627 1
131 639 1
131 742 1
131 874 1
131 977 1
131 995 1
131 998 1
131 1062 1
131 1143 1
131 1170 1
131 1198 1
131 1199 1
131 1213 1
131 1254 1
131 1262 1
131 1422 1
131 1452 1
131 1527 1
131 1550 1
131 1631 1
131 1733 1
131 1770 1
131 1777 1
131 1821 1
131 1830 1
131 1875 1
131 1953 1
132 27 1
132 67 1
132 104 1
132 114 1
132 228 1
132 365 1
132 400 1
132 419 1
132 475 1
132 488 1
132 531 1
132 551 1
132 609 1
132 613 1
132 621 1
132 673 1
132 746 1
132 813 1
132 823 1
132 851 1
132 866 1
132 878 1
132 1019 1
132 1055 1
132 1066 1
132 1069 1
132 1083 1
132 1132 1
132 1165 1
132 1221 1
132 1256 1
132 1424 1
132 1480 1
132 1531 1
132 1598 1
132 1637 1
132 1650 1
132 1681 1
132 1699 1
132 1720 1
132 1731 1
132 1744 1
132 1778 1
132 1813 1
132 1849 1
132 1880 1
132 1985 1
132 2007 1
132 2024 1
133 14 1
133 66 1
133 90 1
133 273 1
133 278 1
133 328 1
133 363 1
133 490 1
133 505 1
133 534 1
133 540 1
133 580 1
133 602 1
133 651 1
133 654 1
133 760 1
133 954 1
133 1034 1
133 1085 1
133 1097 1
133 1121 1
133 1310 1
133 1380 1
133 1406 1
133 1445 1
133 1504 1
133 1516 1
133 1522 1
133 1599 1
133 1614 1
133 1632 1
133 1635 1
133 1722 1
133 1732 1
133 1735 1
133 1850 1
133 1852 1
133 1856 1
133 1883 1
133 1898 1
133 1927 1
133 1939 1
133 1944 1
133 2023 1
133 2029 1
133 2038 1
134 73 1
134 245 1
134 371 1
134 496 1
134 646 1
134 675 1
134 709 1
134 725 1
134 733 1
134 777 1
134 840 1
134 889 1
134 908 1
134 945 1
134 1010 1
134 1017 1
134 1052 1
134 1139 1
134 1220 1
134 1442 1
134 1571 1
134 1655 1
134 1695 1
134 1754 1
134 1776 1
134 1818 1
134 1854 1
134 1978 1
134 1979 1
135 5 1
135 147 1
135 148 1
135 155 1
135 192 1
135 208 1
135 237 1
135 238 1
135 287 1
135 435 1
135 502 1
135 696 1
135 826 1
135 907 1
135 914 1
135 986 1
135 991 1
135 1048 1
135 1073 1
135 1078 1
135 1090 1
135 1115 1
135 1152 1
135 1185 1
135 1188 1
135 1196 1
135 1325 1
135 1346 1
135 1447 1
135 1515 1
135 1584 1
135 1610 1
135 1640 1
135 1649 1
135 1663 1
135 1743 1
135 1855 1
135 1878 1
135 1936 1
135 1955 1
135 1991 1
135 2006 1
136 2 1
136 55 1
136 62 1
136 215 1
136 323 1
136 348 1
136 379 1
136 404 1
136 416 1
136 420 1
136 457 1
136 553 1
136 604 1
136 802 1
136 819 1
136 820 1
136 887 1
136 951 1
136 1000 1
136 1028 1
136 1030 1
136 1080 1
136 1092 1
136 1258 1
136 1352 1
136 1366 1
136 1465 1
136 1481 1
136 1906 1
136 1934 1
136 1961 1
136 1971 1
136 2012 1
137 23 1
137 34 1
137 39 1
137 263 1
137 303 1
137 319 1
137 380 1
137 410 1
137 620 1
137 816 1
137 1058 1
137 1108 1
137 1114 1
137 1126 1
137 1184 1
137 1308 1
137 1401 1
137 1451 1
137 1549 1
137 1671 1
137 1688 1
137 1728 1
137 1788 1
137 1803 1
137 1840 1
137 1917 1
138 93 1
138 105 1
138 139 1
138 188 1
138 413 1
138 491 1
138 498 1
138 525 1
138 573 1
138 593 1
138 641 1
138 694 1
138 766 1
138 844 1
138 930 1
138 1063 1
138 1112 1
138 1120 1
138 1124 1
138 1141 1
138 1169 1
138 1302 1
138 1404 1
138 1462 1
138 1528 1
138 1546 1
138 1891 1
138 1909 1
138 2027 1
138 2039 1
139 6 1
139 56 1
139 68 1
139 131 1
139 196 1
139 402 1
139 436 1
139 689 1
139 782 1
139 970 1
139 1116 1
139 1181 1
139 1217 1
139 1246 1
139 1313 1
139 1358 1
139 1388 1
139 1389 1
139 1554 1
139 1657 1
139 1684 1
139 1725 1
139 1734 1
139 1869 1
139 1911 1
139 1916 1
140 2 1
140 10 1
140 29 1
140 107 1
140 121 1
140 183 1
140 233 1
140 272 1
140 390 1
140 412 1
140 433 1
140 480 1
140 522 1
140 626 1
140 705 1
140 797 1
140 924 1
140 1179 1
140 1195 1
140 1268 1
140 1396 1
140 1496 1
140 1553 1
140 1885 1
140 1895 1
140 1947 1
140 1994 1
141 83 1
141 88 1
141 125 1
141 227 1
141 249 1
141 295 1
141 297 1
141 338 1
141 384 1
141 465 1
141 470 1
141 549 1
141 571 1
141 588 1
141 640 1
141 660 1
141 716 1
141 719 1
141 737 1
141 768 1
141 806 1
141 852 1
141 879 1
141 1162 1
141 1225 1
141 1229 1
141 1232 1
141 1242 1
141 1266 1
141 1286 1
141 1500 1
141 1507 1
141 1534 1
141 1575 1
141 1669 1
141 1672 1
141 1738 1
141 1746 1
141 1755 1
141 1874 1
141 1966 1
141 1987 1
141 2002 1
141 2030 1
142 9 1
142 29 1
142 78 1
142 187 1
142 459 1
142 481 1
142 493 1
142 503 1
142 509 1
142 561 1
142 567 1
142 587 1
142 683 1
142 837 1
142 912 1
142 934 1
142 958 1
142 988 1
142 1021 1
142 1172 1
142 1175 1
142 1226 1
142 1231 1
142 1233 1
142 1290 1
142 1340 1
142 1397 1
142 1492 1
142 1498 1
142 1583 1
142 1591 1
142 1670 1
142 1721 1
142 1726 1
142 2022 1
142 2047 1
143 2 1
143 46 1
143 77 1
143 96 1
143 106 1
143 169 1
143 270 1
143 311 1
143 314 1
143 355 1
143 361 1
143 392 1
143 423 1
143 428 1
143 570 1
143 582 1
143 583 1
143 584 1
143 648 1
143 699 1
143 761 1
143 791 1
143 842 1
143 856 1
143 877 1
143 893 1
143 932 1
143 967 1
143 1041 1
143 1130 1
143 1144 1
143 1176 1
143 1210 1
143 1249 1
143 1267 1
143 1289 1
143 1317 1
143 1349 1
143 1410 1
143 1411 1
143 1506 1
143 1572 1
143 1589 1
143 1694 1
143 1708 1
143 1772 1
143 1774 1
143 1800 1
143 1832 1
143 1834 1
143 1866 1
143 1881 1
143 1924 1
143 2004 1
143 2015 1
144 69 1
144 80 1
144 81 1
144 102 1
144 119 1
144 134 1
144 137 1
144 162 1
144 164 1
144 175 1
144 182 1
144 185 1
144 250 1
144 271 1
144 283 1
144 316 1
144 325 1
144 326 1
144 409 1
144 446 1
144 458 1
144 526 1
144 579 1
144 608 1
144 629 1
144 630 1
144 652 1
144 671 1
144 711 1
144 731 1
144 738 1
144 744 1
144 747 1
144 756 1
144 765 1
144 781 1
144 803 1
144 809 1
144 827 1
144 830 1
144 860 1
144 865 1
144 868 1
144 888 1
144 892 1
144 895 1
144 897 1
144 901 1
144 925 1
144 935 1
144 979 1
144 996 1
144 1012 1
144 1018 1
144 1024 1
144 1026 1
144 1031 1
144 1032 1
144 1035 1
144 1040 1
144 1067 1
144 1094 1
144 1122 1
144 1154 1
144 1159 1
144 1197 1
144 1281 1
144 1342 1
144 1370 1
144 1373 1
144 1381 1
144 1382 1
144 1386 1
144 1398 1
144 1409 1
144 1428 1
144 1436 1
144 1443 1
144 1453 1
144 1473 1
144 1475 1
144 1477 1
144 1479 1
144 1491 1
144 1508 1
144 1518 1
144 1530 1
144 1541 1
144 1568 1
144 1596 1
144 1620 1
144 1661 1
144 1662 1
144 1705 1
144 1763 1
144 1792 1
144 1814 1
144 1819 1
144 1829 1
144 1848 1
144 1870 1
144 1879 1
144 1929 1
144 1940 1
144 2014 1
145 7 1
145 12 1
145 40 1
145 43 1
145 84 1
145 91 1
145 99 1
145 100 1
145 116 1
145 118 1
145 174 1
145 178 1
145 193 1
145 203 1
145 204 1
145 217 1
145 220 1
145 243 1
145 247 1
145 257 1
145 261 1
145 269 1
145 282 1
145 299 1
145 310 1
145 334 1
145 337 1
145 353 1
145 395 1
145 439 1
145 448 1
145 452 1
145 471 1
145 473 1
145 477 1
145 479 1
145 485 1
145 513 1
145 543 1
145 598 1
145 599 1
145 607 1
145 643 1
145 655 1
145 659 1
145 669 1
145 672 1
145 685 1
145 700 1
145 713 1
145 715 1
145 720 1
145 724 1
145 788 1
145 790 1
145 792 1
145 807 1
145 811 1
145 814 1
145 846 1
145 864 1
145 872 1
145 883 1
145 902 1
145 916 1
145 927 1
145 944 1
145 966 1
145 1001 1
145 1003 1
145 1015 1
145 1049 1
145 1050 1
145 1091 1
145 1093 1
145 1102 1
145 1125 1
145 1134 1
145 1160 1
145 1163 1
145 1166 1
145 1194 1
145 1201 1
145 1209 1
145 1234 1
145 1253 1
145 1270 1
145 1271 1
145 1277 1
145 1280 1
145 1306 1
145 1315 1
145 1320 1
145 1335 1
145 1339 1
145 1361 1
145 1379 1
145 1391 1
145 1392 1
145 1400 1
145 1421 1
145 1426 1
145 1440 1
145 1459 1
145 1461 1
145 1467 1
145 1510 1
145 1523 1
145 1532 1
145 1537 1
145 1548 1
145 1564 1
145 1615 1
145 1630 1
145 1643 1
145 1647 1
145 1651 1
145 1652 1
145 1674 1
145 1693 1
145 1711 1
145 1716 1
145 1717 1
145 1723 1
145 1729 1
145 1737 1
145 1745 1
145 1764 1
145 1773 1
145 1789 1
145 1806 1
145 1820 1
145 1847 1
145 1863 1
145 1873 1
145 1894 1
145 1915 1
145 1977 1
145 1986 1
145 1999 1
145 2011 1
145 2041 1
146 54 1
146 60 1
146 63 1
146 79 1
146 115 1
146 120 1
146 138 1
146 165 1
146 167 1
146 176 1
146 184 1
146 201 1
146 209 1
146 229 1
146 231 1
146 232 1
146 291 1
146 292 1
146 304 1
146 333 1
146 342 1
146 349 1
146 352 1
146 362 1
146 387 1
146 408 1
146 417 1
146 432 1
146 438 1
146 442 1
146 454 1
146 478 1
146 484 1
146 507 1
146 508 1
146 519 1
146 521 1
146 550 1
146 572 1
146 574 1
146 575 1
146 592 1
146 594 1
146 632 1
146 645 1
146 670 1
146 710 1
146 723 1
146 727 1
146 728 1
146 736 1
146 741 1
146 757 1
146 771 1
146 775 1
146 780 1
146 783 1
146 794 1
146 805 1
146 808 1
146 857 1
146 869 1
146 873 1
146 881 1
146 894 1
146 904 1
146 917 1
146 928 1
146 937 1
146 950 1
146 959 1
146 972 1
146 984 1
146 989 1
146 990 1
146 992 1
146 997 1
146 1014 1
146 1088 1
146 1117 1
146 1136 1
146 1157 1
146 1174 1
146 1204 1
146 1205 1
146 1264 1
146 1309 1
146 1327 1
146 1328 1
146 1350 1
146 1363 1
146 1368 1
146 1372 1
146 1377 1
146 1387 1
146 1413 1
146 1427 1
146 1433 1
146 1441 1
146 1456 1
146 1482 1
146 1526 1
146 1562 1
146 1565 1
146 1566 1
146 1567 1
146 1577 1
146 1578 1
146 1581 1
146 1594 1
146 1623 1
146 1624 1
146 1625 1
146 1675 1
146 1679 1
146 1686 1
146 1697 1
146 1702 1
146 1704 1
146 1710 1
146 1713 1
146 1715 1
146 1727 1
146 1753 1
146 1757 1
146 1771 1
146 1779 1
146 1781 1
146 1793 1
146 1794 1
146 1798 1
146 1812 1
146 1815 1
146 1828 1
146 1831 1
146 1833 1
146 1859 1
146 1861 1
146 1892 1
146 1902 1
146 1921 1
146 1922 1
146 1925 1
146 1931 1
146 1972 1
146 1976 1
146 1990 1
146 1997 1
146 2013 1
146 2036 1
147 25 1
147 41 1
147 89 1
147 112 1
147 113 1
147 124 1
147 126 1
147 135 1
147 144 1
147 151 1
147 189 1
147 207 1
147 222 1
147 236 1
147 260 1
147 262 1
147 289 1
147 296 1
147 307 1
147 376 1
147 393 1
147 396 1
147 397 1
147 418 1
147 437 1
147 451 1
147 460 1
147 463 1
147 469 1
147 483 1
147 512 1
147 523 1
147 533 1
147 536 1
147 552 1
147 558 1
147 619 1
147 623 1
147 625 1
147 666 1
147 680 1
147 712 1
147 749 1
147 758 1
147 764 1
147 776 1
147 825 1
147 839 1
147 849 1
147 862 1
147 871 1
147 891 1
147 906 1
147 910 1
147 915 1
147 941 1
147 946 1
147 965 1
147 1008 1
147 1045 1
147 1082 1
147 1084 1
147 1098 1
147 1138 1
147 1142 1
147 1155 1
147 1182 1
147 1216 1
147 1219 1
147 1227 1
147 1248 1
147 1251 1
147 1263 1
147 1273 1
147 1287 1
147 1304 1
147 1314 1
147 1318 1
147 1319 1
147 1359 1
147 1365 1
147 1369 1
147 1375 1
147 1376 1
147 1378 1
147 1395 1
147 1408 1
147 1425 1
147 1458 1
147 1460 1
147 1485 1
147 1490 1
147 1493 1
147 1497 1
147 1503 1
147 1529 1
147 1555 1
147 1574 1
147 1579 1
147 1587 1
147 1588 1
147 1603 1
147 1629 1
147 1633 1
147 1636 1
147 1666 1
147 1692 1
147 1740 1
147 1749 1
147 1760 1
147 1783 1
147 1799 1
147 1802 1
147 1822 1
147 1836 1
147 1839 1
147 1845 1
147 1864 1
147 1888 1
147 1899 1
147 1913 1
147 1935 1
147 1950 1
147 1962 1
147 1968 1
147 1983 1
147 2000 1
147 2025 1
147 2028 1
147 2033 1
147 2035 1
148 25 1
148 75 1
148 86 1
148 109 1
148 122 1
148 130 1
148 143 1
148 153 1
148 156 1
148 163 1
148 171 1
148 181 1
148 186 1
148 197 1
148 214 1
148 218 1
148 264 1
148 265 1
148 274 1
148 356 1
148 372 1
148 514 1
148 529 1
148 532 1
148 539 1
148 544 1
148 556 1
148 569 1
148 577 1
148 585 1
148 605 1
148 606 1
148 622 1
148 682 1
148 686 1
148 698 1
148 726 1
148 763 1
148 784 1
148 786 1
148 854 1
148 863 1
148 896 1
148 909 1
148 931 1
148 942 1
148 948 1
148 955 1
148 957 1
148 961 1
148 1020 1
148 1023 1
148 1070 1
148 1087 1
148 1104 1
148 1129 1
148 1131 1
148 1135 1
148 1147 1
148 1149 1
148 1173 1
148 1178 1
148 1206 1
148 1235 1
148 1257 1
148 1261 1
148 1316 1
148 1348 1
148 1364 1
148 1385 1
148 1407 1
148 1437 1
148 1470 1
148 1501 1
148 1514 1
148 1536 1
148 1570 1
148 1585 1
148 1597 1
148 1611 1
148 1616 1
148 1667 1
148 1678 1
148 1683 1
148 1690 1
148 1691 1
148 1742 1
148 1769 1
148 1784 1
148 1785 1
148 1810 1
148 1824 1
148 1835 1
148 1838 1
148 1907 1
148 1941 1
148 1975 1
148 1988 1
148 1989 1
148 1992 1
148 2010 1
148 2045 1
149 29 1
149 64 1
149 136 1
149 145 1
149 158 1
149 166 1
149 267 1
149 332 1
149 346 1
149 383 1
149 431 1
149 495 1
149 497 1
149 586 1
149 591 1
149 601 1
149 603 1
149 614 1
149 616 1
149 636 1
149 638 1
149 676 1
149 692 1
149 722 1
149 734 1
149 769 1
149 817 1
149 818 1
149 843 1
149 853 1
149 858 1
149 905 1
149 911 1
149 943 1
149 952 1
149 1002 1
149 1006 1
149 1043 1
149 1051 1
149 1065 1
149 1077 1
149 1193 1
149 1239 1
149 1272 1
149 1283 1
149 1307 1
149 1334 1
149 1344 1
149 1351 1
149 1354 1
149 1374 1
149 1423 1
149 1438 1
149 1466 1
149 1472 1
149 1494 1
149 1511 1
149 1513 1
149 1517 1
149 1520 1
149 1542 1
149 1543 1
149 1544 1
149 1609 1
149 1648 1
149 1658 1
149 1741 1
149 1747 1
149 1858 1
149 1882 1
149 1884 1
149 1926 1
149 1933 1
149 1951 1
149 1969 1
149 1993 1
149 2020 1
149 2042 1
149 2048 1
150 58 1
150 76 1
150 97 1
150 195 1
150 205 1
150 223 1
150 230 1
150 255 1
150 308 1
150 388 1
150 389 1
150 411 1
150 441 1
150 444 1
150 500 1
150 520 1
150 537 1
150 596 1
150 653 1
150 665 1
150 688 1
150 695 1
150 717 1
150 732 1
150 752 1
150 833 1
150 836 1
150 855 1
150 859 1
150 922 1
150 926 1
150 1054 1
150 1151 1
150 1153 1
150 1222 1
150 1230 1
150 1279 1
150 1285 1
150 1298 1
150 1399 1
150 1416 1
150 1418 1
150 1434 1
150 1439 1
150 1463 1
150 1471 1
150 1499 1
150 1547 1
150 1627 1
150 1654 1
150 1680 1
150 1701 1
150 1756 1
150 1759 1
150 1765 1
150 1787 1
150 1837 1
150 1886 1
150 1893 1
150 1942 1
150 1984 1
150 2008 1
151 50 1
151 248 1
151 268 1
151 327 1
151 335 1
151 345 1
151 367 1
151 381 1
151 406 1
151 449 1
151 467 1
151 562 1
151 667 1
151 679 1
151 718 1
151 770 1
151 838 1
151 982 1
151 1039 1
151 1079 1
151 1168 1
151 1214 1
151 1243 1
151 1250 1
151 1255 1
151 1311 1
151 1322 1
151 1412 1
151 1432 1
151 1642 1
151 1685 1
151 1795 1
151 1868 1
152 72 1
152 366 1
152 443 1
152 489 1
152 541 1
152 545 1
152 663 1
152 745 1
152 774 1
152 810 1
152 831 1
152 956 1
152 973 1
152 975 1
152 993 1
152 1303 1
152 1324 1
152 1430 1
152 1495 1
152 1602 1
152 1607 1
152 1634 1
152 1689 1
152 1758 1
152 1761 1
152 1928 1
152 1957 1
153 61 1
153 85 1
153 101 1
153 206 1
153 253 1
153 258 1
153 277 1
153 378 1
153 421 1
153 511 1
153 589 1
153 658 1
153 662 1
153 714 1
153 721 1
153 962 1
153 1044 1
153 1075 1
153 1145 1
153 1146 1
153 1191 1
153 1200 1
153 1211 1
153 1332 1
153 1393 1
153 1394 1
153 1556 1
153 1618 1
153 1700 1
153 1865 1
153 1920 1
153 1996 1
154 42 1
154 94 1
154 324 1
154 357 1
154 399 1
154 445 1
154 453 1
154 462 1
154 466 1
154 650 1
154 661 1
154 674 1
154 789 1
154 1033 1
154 1057 1
154 1072 1
154 1203 1
154 1241 1
154 1282 1
154 1297 1
154 1533 1
154 1538 1
154 1539 1
154 1593 1
154 1605 1
154 1659 1
154 1707 1
154 1786 1
154 1908 1
154 2044 1
155 127 1
155 177 1
155 322 1
155 343 1
155 344 1
155 407 1
155 516 1
155 517 1
155 656 1
155 664 1
155 848 1
155 981 1
155 1042 1
155 1202 1
155 1228 1
155 1245 1
155 1321 1
155 1331 1
155 1336 1
155 1557 1
155 1714 1
155 1768 1
155 1872 1
155 2019 1
156 59 1
156 87 1
156 123 1
156 190 1
156 288 1
156 359 1
156 701 1
156 876 1
156 1011 1
156 1036 1
156 1252 1
156 1457 1
156 1524 1
156 1580 1
156 1739 1
156 1825 1
156 1860 1
156 1905 1
156 1937 1
156 1938 1
157 65 1
157 110 1
157 157 1
157 160 1
157 180 1
157 198 1
157 240 1
157 241 1
157 256 1
157 286 1
157 312 1
157 377 1
157 415 1
157 515 1
157 542 1
157 657 1
157 697 1
157 707 1
157 748 1
157 772 1
157 787 1
157 798 1
157 799 1
157 828 1
157 936 1
157 960 1
157 974 1
157 1016 1
157 1022 1
157 1047 1
157 1128 1
157 1187 1
157 1293 1
157 1296 1
157 1299 1
157 1337 1
157 1417 1
157 1431 1
157 1469 1
157 1476 1
157 1484 1
157 1560 1
157 1665 1
157 1687 1
157 1790 1
157 1846 1
157 1857 1
157 1862 1
157 1887 1
157 1897 1
157 1960 1
157 2003 1
158 53 1
158 71 1
158 146 1
158 179 1
158 242 1
158 252 1
158 290 1
158 294 1
158 306 1
158 340 1
158 341 1
158 360 1
158 369 1
158 370 1
158 375 1
158 401 1
158 422 1
158 434 1
158 476 1
158 482 1
158 486 1
158 492 1
158 499 1
158 510 1
158 546 1
158 554 1
158 557 1
158 560 1
158 566 1
158 610 1
158 612 1
158 617 1
158 631 1
158 634 1
158 635 1
158 642 1
158 668 1
158 678 1
158 687 1
158 702 1
158 708 1
158 740 1
158 751 1
158 753 1
158 762 1
158 778 1
158 793 1
158 800 1
158 845 1
158 850 1
158 880 1
158 898 1
158 921 1
158 923 1
158 929 1
158 938 1
158 940 1
158 978 1
158 1013 1
158 1037 1
158 1046 1
158 1056 1
158 1064 1
158 1071 1
158 1076 1
158 1086 1
158 1186 1
158 1189 1
158 1212 1
158 1238 1
158 1247 1
158 1265 1
158 1274 1
158 1275 1
158 1295 1
158 1301 1
158 1323 1
158 1338 1
158 1355 1
158 1357 1
158 1367 1
158 1420 1
158 1478 1
158 1486 1
158 1488 1
158 1489 1
158 1502 1
158 1582 1
158 1612 1
158 1622 1
158 1626 1
158 1676 1
158 1677 1
158 1696 1
158 1719 1
158 1736 1
158 1782 1
158 1797 1
158 1823 1
158 1843 1
158 1889 1
158 1904 1
158 1914 1
158 1918 1
158 1932 1
158 1945 1
158 1946 1
158 1965 1
158 1974 1
158 2017 1
158 2043 1
159 28 1
159 44 1
159 51 1
159 92 1
159 108 1
159 133 1
159 141 1
159 210 1
159 219 1
159 234 1
159 279 1
159 281 1
159 293 1
159 320 1
159 321 1
159 347 1
159 350 1
159 394 1
159 403 1
159 426 1
159 430 1
159 440 1
159 461 1
159 464 1
159 518 1
159 555 1
159 576 1
159 581 1
159 595 1
159 597 1
159 624 1
159 633 1
159 637 1
159 647 1
159 706 1
159 755 1
159 759 1
159 767 1
159 779 1
159 785 1
159 796 1
159 804 1
159 815 1
159 832 1
159 841 1
159 861 1
159 867 1
159 885 1
159 900 1
159 918 1
159 920 1
159 939 1
159 964 1
159 968 1
159 971 1
159 976 1
159 980 1
159 999 1
159 1009 1
159 1029 1
159 1089 1
159 1109 1
159 1119 1
159 1123 1
159 1133 1
159 1150 1
159 1207 1
159 1208 1
159 1215 1
159 1223 1
159 1240 1
159 1260 1
159 1269 1
159 1291 1
159 1294 1
159 1312 1
159 1333 1
159 1347 1
159 1419 1
159 1435 1
159 1444 1
159 1448 1
159 1454 1
159 1464 1
159 1468 1
159 1483 1
159 1487 1
159 1512 1
159 1519 1
159 1535 1
159 1545 1
159 1563 1
159 1595 1
159 1601 1
159 1606 1
159 1613 1
159 1639 1
159 1644 1
159 1645 1
159 1656 1
159 1673 1
159 1703 1
159 1706 1
159 1748 1
159 1752 1
159 1767 1
159 1801 1
159 1808 1
159 1816 1
159 1826 1
159 1877 1
159 1901 1
159 1910 1
159 1923 1
159 1948 1
159 1949 1
159 1973 1
159 1981 1
159 2001 1
159 2009 1
160 103 1
160 132 1
160 154 1
160 170 1
160 191 1
160 194 1
160 200 1
160 202 1
160 211 1
160 235 1
160 251 1
160 254 1
160 300 1
160 315 1
160 318 1
160 358 1
160 386 1
160 391 1
160 398 1
160 414 1
160 474 1
160 527 1
160 535 1
160 547 1
160 565 1
160 611 1
160 618 1
160 693 1
160 704 1
160 739 1
160 754 1
160 812 1
160 933 1
160 1004 1
160 1025 1
160 1038 1
160 1053 1
160 1106 1
160 1140 1
160 1164 1
160 1190 1
160 1218 1
160 1259 1
160 1276 1
160 1326 1
160 1384 1
160 1429 1
160 1450 1
160 1551 1
160 1552 1
160 1569 1
160 1621 1
160 1628 1
160 1664 1
160 1668 1
160 1698 1
160 1718 1
160 1762 1
160 1780 1
160 1791 1
160 1796 1
160 1827 1
160 1900 1
160 1930 1
160 1995 1
160 2031 1
160 2032 1
160 2040 1
161 111 1
161 172 1
161 317 1
161 743 1
161 834 1
161 1180 1
161 1604 1
161 1805 1
161 1851 1
161 1980 1
162 735 1
162 1177 1
162 1414 1
162 1964 1
163 385 1
164 37 1
164 1278 1
165 1183 1
166 1236 1
166 1390 1
169 729 1
173 26 1
651 57 1
651 59 1
653 55 1
655 52 1
655 57 1
656 54 1
656 74 1
656 81 1
657 75 1
658 45 1
658 80 1
658 82 1
659 60 1
659 68 1
662 43 1
662 47 1
662 51 1
662 166 1
662 212 1
662 372 1
662 452 1
662 487 1
662 517 1
662 535 1
662 593 1
662 712 1
662 724 1
662 791 1
662 869 1
662 996 1
662 1000 1
662 1241 1
662 1273 1
662 1502 1
662 1508 1
662 1611 1
662 1649 1
662 1724 1
662 1855 1
662 1890 1
662 1975 1
663 69 1
663 128 1
663 323 1
663 346 1
663 416 1
663 441 1
663 457 1
663 501 1
663 586 1
663 703 1
663 783 1
663 788 1
663 838 1
663 937 1
663 1044 1
663 1047 1
663 1070 1
663 1088 1
663 1551 1
663 1659 1
663 1696 1
663 1706 1
663 1815 1
663 1860 1
663 1872 1
663 1940 1
663 2013 1
664 23 1
664 24 1
664 37 1
664 58 1
664 81 1
664 105 1
664 107 1
664 113 1
664 136 1
664 161 1
664 170 1
664 194 1
664 196 1
664 211 1
664 218 1
664 293 1
664 320 1
664 331 1
664 341 1
664 358 1
664 361 1
664 378 1
664 409 1
664 419 1
664 431 1
664 475 1
664 497 1
664 580 1
664 635 1
664 753 1
664 821 1
664 832 1
664 843 1
664 852 1
664 960 1
664 979 1
664 1030 1
664 1106 1
664 1247 1
664 1256 1
664 1282 1
664 1395 1
664 1437 1
664 1522 1
664 1545 1
664 1553 1
664 1559 1
664 1570 1
664 1575 1
664 1704 1
664 1711 1
664 1718 1
664 1744 1
664 1768 1
664 1773 1
664 1849 1
664 2012 1
664 2016 1
665 8 1
665 18 1
665 21 1
665 38 1
665 40 1
665 49 1
665 110 1
665 115 1
665 137 1
665 142 1
665 155 1
665 164 1
665 192 1
665 195 1
665 228 1
665 237 1
665 246 1
665 254 1
665 258 1
665 266 1
665 280 1
665 281 1
665 307 1
665 314 1
665 326 1
665 343 1
665 350 1
665 420 1
665 453 1
665 472 1
665 496 1
665 503 1
665 560 1
665 564 1
665 603 1
665 606 1
665 608 1
665 614 1
665 622 1
665 627 1
665 687 1
665 717 1
665 718 1
665 733 1
665 740 1
665 741 1
665 759 1
665 777 1
665 828 1
665 839 1
665 875 1
665 887 1
665 891 1
665 912 1
665 920 1
665 923 1
665 948 1
665 952 1
665 957 1
665 995 1
665 1013 1
665 1014 1
665 1019 1
665 1037 1
665 1061 1
665 1096 1
665 1115 1
665 1121 1
665 1128 1
665 1139 1
665 1143 1
665 1151 1
665 1195 1
665 1230 1
665 1233 1
665 1235 1
665 1237 1
665 1263 1
665 1289 1
665 1301 1
665 1371 1
665 1376 1
665 1407 1
665 1422 1
665 1427 1
665 1436 1
665 1447 1
665 1549 1
665 1591 1
665 1593 1
665 1624 1
665 1626 1
665 1630 1
665 1660 1
665 1661 1
665 1663 1
665 1666 1
665 1769 1
665 1777 1
665 1778 1
665 1780 1
665 1791 1
665 1797 1
665 1806 1
665 1818 1
665 1830 1
665 1842 1
665 1847 1
665 1848 1
665 1853 1
665 1864 1
665 1903 1
665 1977 1
665 2007 1
665 2020 1
665 2024 1
666 48 1
666 56 1
666 135 1
666 199 1
666 204 1
666 207 1
666 269 1
666 275 1
666 300 1
666 322 1
666 339 1
666 424 1
666 426 1
666 482 1
666 661 1
666 688 1
666 708 1
666 772 1
666 858 1
666 859 1
666 860 1
666 881 1
666 883 1
666 953 1
666 959 1
666 968 1
666 986 1
666 1113 1
666 1120 1
666 1141 1
666 1206 1
666 1246 1
666 1260 1
666 1296 1
666 1389 1
666 1421 1
666 1433 1
666 1468 1
666 1492 1
666 1497 1
666 1500 1
666 1519 1
666 1538 1
666 1540 1
666 1565 1
666 1581 1
666 1620 1
666 1628 1
666 1657 1
666 1665 1
666 1673 1
666 1691 1
666 1693 1
666 1813 1
666 1895 1
666 1922 1
666 1927 1
666 1964 1
667 5 1
667 73 1
667 102 1
667 126 1
667 221 1
667 240 1
667 351 1
667 366 1
667 375 1
667 407 1
667 421 1
667 434 1
667 459 1
667 506 1
667 530 1
667 561 1
667 574 1
667 591 1
667 625 1
667 630 1
667 646 1
667 651 1
667 680 1
667 695 1
667 758 1
667 815 1
667 867 1
667 901 1
667 913 1
667 1199 1
667 1200 1
667 1217 1
667 1222 1
667 1231 1
667 1278 1
667 1283 1
667 1290 1
667 1311 1
667 1321 1
667 1354 1
667 1442 1
667 1531 1
667 1546 1
667 1600 1
667 1633 1
667 1679 1
667 1687 1
667 1731 1
667 1794 1
667 1798 1
667 1809 1
667 1861 1
667 1875 1
667 1960 1
667 1998 1
667 2006 1
667 2034 1
667 2042 1
668 80 1
668 92 1
668 183 1
668 186 1
668 286 1
668 298 1
668 394 1
668 418 1
668 498 1
668 577 1
668 602 1
668 620 1
668 683 1
668 709 1
668 771 1
668 796 1
668 801 1
668 802 1
668 833 1
668 865 1
668 879 1
668 962 1
668 1041 1
668 1056 1
668 1171 1
668 1181 1
668 1197 1
668 1218 1
668 1229 1
668 1258 1
668 1294 1
668 1320 1
668 1353 1
668 1375 1
668 1425 1
668 1461 1
668 1475 1
668 1488 1
668 1684 1
668 1710 1
668 1725 1
668 1776 1
668 1785 1
668 1795 1
668 1801 1
668 1904 1
668 1991 1
668 2023 1
668 2039 1
669 6 1
669 45 1
669 58 1
669 124 1
669 172 1
669 185 1
669 511 1
669 516 1
669 567 1
669 611 1
669 689 1
669 732 1
669 739 1
669 754 1
669 766 1
669 835 1
669 849 1
669 1100 1
669 1109 1
669 1185 1
669 1205 1
669 1225 1
669 1293 1
669 1307 1
669 1514 1
669 1629 1
669 1736 1
669 1803 1
669 1907 1
669 1909 1
670 32 1
670 46 1
670 84 1
670 111 1
670 143 1
670 184 1
670 235 1
670 270 1
670 359 1
670 377 1
670 410 1
670 633 1
670 893 1
670 1010 1
670 1138 1
670 1335 1
670 1355 1
670 1363 1
670 1487 1
670 1535 1
670 1536 1
670 1554 1
670 1594 1
670 1879 1
670 1887 1
670 1894 1
671 52 1
671 319 1
671 652 1
671 1003 1
671 1046 1
671 1264 1
671 1484 1
671 1561 1
671 1579 1
671 1681 1
671 1775 1
671 1788 1
671 1812 1
671 1837 1
671 1850 1
671 1924 1
671 1974 1
671 2022 1
672 63 1
672 324 1
672 374 1
672 402 1
672 468 1
672 491 1
672 533 1
672 705 1
672 847 1
672 872 1
672 890 1
672 1213 1
672 1221 1
672 1370 1
672 1378 1
672 1402 1
672 1501 1
672 1650 1
672 1753 1
672 1779 1
672 1870 1
673 75 1
673 120 1
673 129 1
673 329 1
673 476 1
673 548 1
673 666 1
673 686 1
673 792 1
673 1081 1
673 1127 1
673 1192 1
673 1309 1
673 1356 1
673 1465 1
673 1477 1
673 1808 1
673 1835 1
673 1898 1
674 45 1
674 54 1
674 117 1
674 236 1
674 276 1
674 382 1
674 401 1
674 422 1
674 471 1
674 484 1
674 531 1
674 546 1
674 584 1
674 610 1
674 616 1
674 662 1
674 770 1
674 1051 1
674 1148 1
674 1253 1
674 1319 1
674 1360 1
674 1417 1
674 1419 1
674 1533 1
674 1636 1
674 1758 1
674 1936 1
675 2 1
675 3 1
675 7 1
675 9 1
675 10 1
675 11 1
675 13 1
675 17 1
675 20 1
675 22 1
675 26 1
675 34 1
675 35 1
675 53 1
675 57 1
675 66 1
675 101 1
675 104 1
675 134 1
675 177 1
675 227 1
675 260 1
675 299 1
675 312 1
675 328 1
675 333 1
675 334 1
675 335 1
675 337 1
675 353 1
675 381 1
675 384 1
675 392 1
675 396 1
675 397 1
675 432 1
675 458 1
675 464 1
675 474 1
675 510 1
675 524 1
675 539 1
675 552 1
675 556 1
675 570 1
675 576 1
675 592 1
675 596 1
675 613 1
675 638 1
675 640 1
675 641 1
675 664 1
675 668 1
675 700 1
675 706 1
675 713 1
675 738 1
675 762 1
675 769 1
675 778 1
675 781 1
675 786 1
675 793 1
675 800 1
675 806 1
675 870 1
675 877 1
675 878 1
675 929 1
675 933 1
675 938 1
675 1029 1
675 1042 1
675 1052 1
675 1108 1
675 1110 1
675 1112 1
675 1124 1
675 1135 1
675 1146 1
675 1156 1
675 1157 1
675 1162 1
675 1184 1
675 1201 1
675 1210 1
675 1248 1
675 1252 1
675 1259 1
675 1276 1
675 1277 1
675 1281 1
675 1287 1
675 1291 1
675 1295 1
675 1329 1
675 1339 1
675 1342 1
675 1346 1
675 1369 1
675 1387 1
675 1399 1
675 1400 1
675 1406 1
675 1408 1
675 1454 1
675 1459 1
675 1470 1
675 1481 1
675 1482 1
675 1516 1
675 1525 1
675 1532 1
675 1534 1
675 1577 1
675 1604 1
675 1647 1
675 1651 1
675 1674 1
675 1677 1
675 1680 1
675 1688 1
675 1702 1
675 1722 1
675 1727 1
675 1732 1
675 1739 1
675 1743 1
675 1750 1
675 1767 1
675 1784 1
675 1804 1
675 1805 1
675 1819 1
675 1829 1
675 1833 1
675 1868 1
675 1878 1
675 1925 1
675 1948 1
675 1973 1
675 1976 1
675 1982 1
675 1989 1
675 2002 1
675 2003 1
675 2021 1
675 2029 1
676 1 1
676 4 1
676 12 1
676 14 1
676 15 1
676 16 1
676 19 1
676 27 1
676 29 1
676 30 1
676 31 1
676 33 1
676 36 1
676 39 1
676 41 1
676 42 1
676 44 1
676 55 1
676 61 1
676 62 1
676 64 1
676 67 1
676 70 1
676 77 1
676 83 1
676 86 1
676 89 1
676 91 1
676 93 1
676 97 1
676 98 1
676 99 1
676 103 1
676 118 1
676 123 1
676 133 1
676 138 1
676 146 1
676 148 1
676 149 1
676 150 1
676 152 1
676 157 1
676 160 1
676 163 1
676 165 1
676 167 1
676 168 1
676 169 1
676 171 1
676 179 1
676 181 1
676 189 1
676 190 1
676 191 1
676 197 1
676 200 1
676 201 1
676 202 1
676 203 1
676 208 1
676 213 1
676 219 1
676 220 1
676 225 1
676 226 1
676 229 1
676 230 1
676 232 1
676 234 1
676 239 1
676 241 1
676 242 1
676 244 1
676 245 1
676 248 1
676 250 1
676 255 1
676 257 1
676 259 1
676 261 1
676 265 1
676 267 1
676 268 1
676 272 1
676 274 1
676 279 1
676 284 1
676 285 1
676 287 1
676 288 1
676 290 1
676 291 1
676 295 1
676 301 1
676 302 1
676 303 1
676 309 1
676 315 1
676 321 1
676 325 1
676 330 1
676 340 1
676 348 1
676 354 1
676 356 1
676 357 1
676 362 1
676 363 1
676 369 1
676 370 1
676 371 1
676 376 1
676 379 1
676 380 1
676 383 1
676 388 1
676 390 1
676 391 1
676 395 1
676 399 1
676 404 1
676 406 1
676 412 1
676 415 1
676 423 1
676 428 1
676 429 1
676 430 1
676 433 1
676 436 1
676 440 1
676 442 1
676 446 1
676 447 1
676 448 1
676 449 1
676 454 1
676 456 1
676 460 1
676 461 1
676 462 1
676 463 1
676 465 1
676 466 1
676 469 1
676 480 1
676 483 1
676 485 1
676 486 1
676 489 1
676 490 1
676 494 1
676 495 1
676 499 1
676 500 1
676 502 1
676 505 1
676 507 1
676 508 1
676 509 1
676 512 1
676 514 1
676 515 1
676 518 1
676 521 1
676 522 1
676 523 1
676 527 1
676 529 1
676 532 1
676 534 1
676 536 1
676 537 1
676 541 1
676 542 1
676 558 1
676 565 1
676 569 1
676 571 1
676 572 1
676 573 1
676 575 1
676 578 1
676 585 1
676 590 1
676 595 1
676 597 1
676 598 1
676 599 1
676 600 1
676 601 1
676 605 1
676 609 1
676 612 1
676 615 1
676 617 1
676 618 1
676 623 1
676 624 1
676 632 1
676 636 1
676 643 1
676 644 1
676 647 1
676 650 1
676 654 1
676 655 1
676 665 1
676 669 1
676 670 1
676 674 1
676 676 1
676 678 1
676 679 1
676 681 1
676 682 1
676 685 1
676 691 1
676 692 1
676 694 1
676 697 1
676 701 1
676 702 1
676 707 1
676 710 1
676 711 1
676 719 1
676 720 1
676 723 1
676 725 1
676 726 1
676 729 1
676 730 1
676 735 1
676 744 1
676 745 1
676 747 1
676 757 1
676 760 1
676 767 1
676 768 1
676 774 1
676 779 1
676 784 1
676 787 1
676 789 1
676 790 1
676 798 1
676 803 1
676 805 1
676 807 1
676 809 1
676 811 1
676 812 1
676 814 1
676 817 1
676 819 1
676 820 1
676 823 1
676 824 1
676 827 1
676 829 1
676 836 1
676 840 1
676 842 1
676 850 1
676 855 1
676 861 1
676 862 1
676 864 1
676 868 1
676 874 1
676 876 1
676 882 1
676 885 1
676 888 1
676 889 1
676 895 1
676 896 1
676 897 1
676 903 1
676 904 1
676 906 1
676 907 1
676 909 1
676 910 1
676 911 1
676 914 1
676 916 1
676 918 1
676 921 1
676 922 1
676 925 1
676 926 1
676 930 1
676 932 1
676 935 1
676 936 1
676 943 1
676 944 1
676 947 1
676 949 1
676 950 1
676 951 1
676 955 1
676 958 1
676 961 1
676 964 1
676 966 1
676 972 1
676 976 1
676 977 1
676 978 1
676 980 1
676 983 1
676 985 1
676 989 1
676 991 1
676 999 1
676 1001 1
676 1005 1
676 1006 1
676 1009 1
676 1012 1
676 1015 1
676 1017 1
676 1022 1
676 1026 1
676 1028 1
676 1031 1
676 1032 1
676 1035 1
676 1036 1
676 1040 1
676 1043 1
676 1045 1
676 1048 1
676 1049 1
676 1050 1
676 1053 1
676 1054 1
676 1055 1
676 1058 1
676 1060 1
676 1064 1
676 1072 1
676 1077 1
676 1082 1
676 1084 1
676 1085 1
676 1086 1
676 1087 1
676 1090 1
676 1098 1
676 1099 1
676 1105 1
676 1107 1
676 1111 1
676 1117 1
676 1118 1
676 1119 1
676 1122 1
676 1123 1
676 1125 1
676 1126 1
676 1129 1
676 1130 1
676 1131 1
676 1137 1
676 1140 1
676 1144 1
676 1145 1
676 1152 1
676 1153 1
676 1155 1
676 1159 1
676 1160 1
676 1165 1
676 1166 1
676 1168 1
676 1169 1
676 1170 1
676 1172 1
676 1173 1
676 1174 1
676 1175 1
676 1177 1
676 1178 1
676 1179 1
676 1180 1
676 1182 1
676 1183 1
676 1187 1
676 1194 1
676 1196 1
676 1198 1
676 1202 1
676 1203 1
676 1207 1
676 1208 1
676 1215 1
676 1216 1
676 1219 1
676 1227 1
676 1232 1
676 1234 1
676 1238 1
676 1239 1
676 1242 1
676 1244 1
676 1245 1
676 1250 1
676 1254 1
676 1255 1
676 1267 1
676 1268 1
676 1271 1
676 1272 1
676 1274 1
676 1275 1
676 1279 1
676 1284 1
676 1286 1
676 1298 1
676 1299 1
676 1300 1
676 1302 1
676 1304 1
676 1306 1
676 1308 1
676 1310 1
676 1312 1
676 1315 1
676 1316 1
676 1318 1
676 1325 1
676 1328 1
676 1333 1
676 1341 1
676 1344 1
676 1345 1
676 1348 1
676 1350 1
676 1357 1
676 1358 1
676 1359 1
676 1361 1
676 1362 1
676 1365 1
676 1368 1
676 1374 1
676 1377 1
676 1380 1
676 1381 1
676 1386 1
676 1398 1
676 1404 1
676 1405 1
676 1409 1
676 1413 1
676 1415 1
676 1418 1
676 1424 1
676 1426 1
676 1430 1
676 1431 1
676 1434 1
676 1441 1
676 1444 1
676 1445 1
676 1448 1
676 1451 1
676 1452 1
676 1453 1
676 1457 1
676 1460 1
676 1462 1
676 1463 1
676 1466 1
676 1467 1
676 1469 1
676 1476 1
676 1478 1
676 1479 1
676 1480 1
676 1483 1
676 1486 1
676 1489 1
676 1490 1
676 1491 1
676 1493 1
676 1495 1
676 1498 1
676 1499 1
676 1503 1
676 1504 1
676 1506 1
676 1507 1
676 1510 1
676 1512 1
676 1515 1
676 1523 1
676 1526 1
676 1528 1
676 1530 1
676 1539 1
676 1541 1
676 1542 1
676 1544 1
676 1547 1
676 1552 1
676 1555 1
676 1556 1
676 1560 1
676 1562 1
676 1563 1
676 1567 1
676 1572 1
676 1573 1
676 1576 1
676 1578 1
676 1582 1
676 1584 1
676 1586 1
676 1587 1
676 1589 1
676 1590 1
676 1592 1
676 1596 1
676 1597 1
676 1598 1
676 1599 1
676 1601 1
676 1602 1
676 1605 1
676 1606 1
676 1607 1
676 1612 1
676 1614 1
676 1616 1
676 1617 1
676 1619 1
676 1622 1
676 1623 1
676 1625 1
676 1627 1
676 1631 1
676 1634 1
676 1639 1
676 1640 1
676 1641 1
676 1642 1
676 1643 1
676 1646 1
676 1655 1
676 1662 1
676 1664 1
676 1667 1
676 1668 1
676 1670 1
676 1672 1
676 1675 1
676 1676 1
676 1682 1
676 1689 1
676 1690 1
676 1692 1
676 1694 1
676 1695 1
676 1699 1
676 1703 1
676 1707 1
676 1712 1
676 1714 1
676 1720 1
676 1729 1
676 1733 1
676 1734 1
676 1740 1
676 1741 1
676 1742 1
676 1746 1
676 1748 1
676 1752 1
676 1755 1
676 1756 1
676 1760 1
676 1762 1
676 1763 1
676 1764 1
676 1771 1
676 1774 1
676 1781 1
676 1786 1
676 1789 1
676 1792 1
676 1793 1
676 1799 1
676 1800 1
676 1807 1
676 1817 1
676 1820 1
676 1822 1
676 1826 1
676 1828 1
676 1836 1
676 1840 1
676 1841 1
676 1843 1
676 1846 1
676 1851 1
676 1854 1
676 1856 1
676 1862 1
676 1866 1
676 1869 1
676 1873 1
676 1889 1
676 1892 1
676 1896 1
676 1897 1
676 1900 1
676 1901 1
676 1902 1
676 1905 1
676 1908 1
676 1910 1
676 1912 1
676 1917 1
676 1918 1
676 1919 1
676 1923 1
676 1928 1
676 1929 1
676 1932 1
676 1934 1
676 1935 1
676 1937 1
676 1939 1
676 1942 1
676 1946 1
676 1950 1
676 1951 1
676 1953 1
676 1955 1
676 1956 1
676 1957 1
676 1958 1
676 1959 1
676 1961 1
676 1965 1
676 1967 1
676 1969 1
676 1979 1
676 1980 1
676 1981 1
676 1984 1
676 1985 1
676 1987 1
676 1996 1
676 2001 1
676 2004 1
676 2009 1
676 2010 1
676 2011 1
676 2014 1
676 2017 1
676 2018 1
676 2028 1
676 2031 1
676 2032 1
676 2033 1
676 2037 1
676 2038 1
676 2041 1
676 2045 1
677 25 1
677 28 1
677 50 1
677 65 1
677 71 1
677 78 1
677 79 1
677 85 1
677 87 1
677 90 1
677 94 1
677 95 1
677 96 1
677 106 1
677 108 1
677 116 1
677 119 1
677 121 1
677 122 1
677 125 1
677 127 1
677 130 1
677 131 1
677 132 1
677 139 1
677 140 1
677 141 1
677 145 1
677 147 1
677 151 1
677 154 1
677 156 1
677 158 1
677 173 1
677 174 1
677 175 1
677 176 1
677 178 1
677 180 1
677 182 1
677 187 1
677 188 1
677 193 1
677 198 1
677 205 1
677 209 1
677 210 1
677 214 1
677 215 1
677 217 1
677 222 1
677 223 1
677 224 1
677 231 1
677 233 1
677 238 1
677 247 1
677 249 1
677 251 1
677 252 1
677 256 1
677 262 1
677 263 1
677 264 1
677 271 1
677 273 1
677 277 1
677 278 1
677 282 1
677 283 1
677 289 1
677 292 1
677 294 1
677 296 1
677 297 1
677 304 1
677 305 1
677 306 1
677 308 1
677 310 1
677 316 1
677 317 1
677 318 1
677 327 1
677 332 1
677 336 1
677 338 1
677 342 1
677 344 1
677 345 1
677 347 1
677 349 1
677 352 1
677 355 1
677 364 1
677 365 1
677 367 1
677 373 1
677 386 1
677 387 1
677 389 1
677 398 1
677 403 1
677 405 1
677 408 1
677 414 1
677 417 1
677 425 1
677 435 1
677 437 1
677 438 1
677 439 1
677 443 1
677 444 1
677 445 1
677 450 1
677 455 1
677 467 1
677 470 1
677 473 1
677 477 1
677 478 1
677 479 1
677 488 1
677 492 1
677 504 1
677 513 1
677 519 1
677 520 1
677 525 1
677 526 1
677 540 1
677 543 1
677 544 1
677 545 1
677 547 1
677 553 1
677 557 1
677 559 1
677 562 1
677 563 1
677 568 1
677 579 1
677 581 1
677 582 1
677 583 1
677 587 1
677 589 1
677 594 1
677 619 1
677 621 1
677 626 1
677 628 1
677 629 1
677 631 1
677 634 1
677 637 1
677 639 1
677 642 1
677 648 1
677 649 1
677 653 1
677 657 1
677 658 1
677 659 1
677 663 1
677 667 1
677 671 1
677 672 1
677 673 1
677 675 1
677 690 1
677 693 1
677 696 1
677 698 1
677 699 1
677 704 1
677 714 1
677 715 1
677 716 1
677 722 1
677 727 1
677 728 1
677 731 1
677 734 1
677 736 1
677 737 1
677 742 1
677 743 1
677 746 1
677 748 1
677 750 1
677 751 1
677 752 1
677 755 1
677 756 1
677 761 1
677 764 1
677 775 1
677 776 1
677 785 1
677 794 1
677 795 1
677 797 1
677 799 1
677 804 1
677 808 1
677 810 1
677 813 1
677 816 1
677 818 1
677 822 1
677 825 1
677 826 1
677 830 1
677 837 1
677 841 1
677 844 1
677 845 1
677 846 1
677 848 1
677 851 1
677 853 1
677 854 1
677 856 1
677 857 1
677 863 1
677 866 1
677 871 1
677 873 1
677 880 1
677 886 1
677 892 1
677 894 1
677 898 1
677 899 1
677 900 1
677 902 1
677 905 1
677 915 1
677 917 1
677 919 1
677 924 1
677 927 1
677 939 1
677 940 1
677 941 1
677 942 1
677 946 1
677 954 1
677 956 1
677 963 1
677 965 1
677 967 1
677 969 1
677 970 1
677 971 1
677 973 1
677 974 1
677 982 1
677 987 1
677 988 1
677 990 1
677 993 1
677 994 1
677 997 1
677 998 1
677 1004 1
677 1007 1
677 1008 1
677 1011 1
677 1020 1
677 1021 1
677 1023 1
677 1024 1
677 1025 1
677 1027 1
677 1033 1
677 1034 1
677 1038 1
677 1039 1
677 1057 1
677 1059 1
677 1063 1
677 1065 1
677 1066 1
677 1067 1
677 1068 1
677 1071 1
677 1074 1
677 1075 1
677 1076 1
677 1078 1
677 1079 1
677 1080 1
677 1089 1
677 1091 1
677 1092 1
677 1093 1
677 1097 1
677 1102 1
677 1103 1
677 1114 1
677 1116 1
677 1132 1
677 1133 1
677 1134 1
677 1136 1
677 1142 1
677 1147 1
677 1149 1
677 1150 1
677 1154 1
677 1158 1
677 1161 1
677 1163 1
677 1164 1
677 1167 1
677 1176 1
677 1186 1
677 1188 1
677 1190 1
677 1191 1
677 1193 1
677 1209 1
677 1211 1
677 1212 1
677 1214 1
677 1220 1
677 1224 1
677 1226 1
677 1228 1
677 1236 1
677 1240 1
677 1243 1
677 1249 1
677 1251 1
677 1261 1
677 1262 1
677 1265 1
677 1266 1
677 1269 1
677 1270 1
677 1280 1
677 1288 1
677 1292 1
677 1297 1
677 1303 1
677 1313 1
677 1314 1
677 1323 1
677 1324 1
677 1326 1
677 1327 1
677 1330 1
677 1331 1
677 1332 1
677 1334 1
677 1338 1
677 1340 1
677 1347 1
677 1349 1
677 1351 1
677 1352 1
677 1364 1
677 1367 1
677 1373 1
677 1382 1
677 1383 1
677 1385 1
677 1391 1
677 1392 1
677 1393 1
677 1394 1
677 1396 1
677 1397 1
677 1401 1
677 1403 1
677 1411 1
677 1412 1
677 1414 1
677 1416 1
677 1420 1
677 1423 1
677 1428 1
677 1429 1
677 1432 1
677 1438 1
677 1440 1
677 1443 1
677 1446 1
677 1449 1
677 1450 1
677 1455 1
677 1456 1
677 1458 1
677 1464 1
677 1471 1
677 1472 1
677 1473 1
677 1474 1
677 1485 1
677 1509 1
677 1513 1
677 1518 1
677 1520 1
677 1521 1
677 1524 1
677 1527 1
677 1529 1
677 1537 1
677 1543 1
677 1550 1
677 1557 1
677 1558 1
677 1564 1
677 1566 1
677 1569 1
677 1571 1
677 1574 1
677 1580 1
677 1585 1
677 1595 1
677 1603 1
677 1608 1
677 1609 1
677 1610 1
677 1613 1
677 1615 1
677 1618 1
677 1621 1
677 1632 1
677 1635 1
677 1638 1
677 1645 1
677 1648 1
677 1653 1
677 1654 1
677 1656 1
677 1658 1
677 1669 1
677 1671 1
677 1678 1
677 1683 1
677 1685 1
677 1697 1
677 1698 1
677 1700 1
677 1701 1
677 1705 1
677 1709 1
677 1713 1
677 1715 1
677 1716 1
677 1717 1
677 1719 1
677 1721 1
677 1723 1
677 1726 1
677 1728 1
677 1735 1
677 1737 1
677 1738 1
677 1745 1
677 1749 1
677 1751 1
677 1754 1
677 1757 1
677 1759 1
677 1761 1
677 1765 1
677 1766 1
677 1770 1
677 1782 1
677 1783 1
677 1787 1
677 1790 1
677 1796 1
677 1811 1
677 1814 1
677 1816 1
677 1823 1
677 1824 1
677 1827 1
677 1831 1
677 1832 1
677 1834 1
677 1838 1
677 1839 1
677 1844 1
677 1845 1
677 1857 1
677 1859 1
677 1863 1
677 1865 1
677 1867 1
677 1871 1
677 1874 1
677 1876 1
677 1877 1
677 1880 1
677 1881 1
677 1882 1
677 1883 1
677 1884 1
677 1885 1
677 1886 1
677 1888 1
677 1893 1
677 1899 1
677 1913 1
677 1914 1
677 1916 1
677 1920 1
677 1921 1
677 1930 1
677 1931 1
677 1933 1
677 1941 1
677 1943 1
677 1944 1
677 1945 1
677 1949 1
677 1952 1
677 1962 1
677 1963 1
677 1966 1
677 1968 1
677 1970 1
677 1972 1
677 1983 1
677 1990 1
677 1992 1
677 1993 1
677 1994 1
677 1995 1
677 1997 1
677 1999 1
677 2000 1
677 2005 1
677 2008 1
677 2015 1
677 2019 1
677 2025 1
677 2026 1
677 2027 1
677 2030 1
677 2035 1
677 2036 1
677 2044 1
677 2046 1
677 2048 1
678 42 1
678 72 1
678 76 1
678 88 1
678 100 1
678 109 1
678 114 1
678 144 1
678 153 1
678 159 1
678 162 1
678 243 1
678 253 1
678 311 1
678 360 1
678 368 1
678 393 1
678 411 1
678 413 1
678 427 1
678 451 1
678 481 1
678 493 1
678 528 1
678 538 1
678 549 1
678 550 1
678 551 1
678 554 1
678 555 1
678 566 1
678 588 1
678 604 1
678 607 1
678 645 1
678 656 1
678 660 1
678 677 1
678 684 1
678 721 1
678 749 1
678 763 1
678 765 1
678 773 1
678 780 1
678 831 1
678 834 1
678 884 1
678 908 1
678 928 1
678 931 1
678 934 1
678 945 1
678 975 1
678 981 1
678 984 1
678 992 1
678 1002 1
678 1016 1
678 1018 1
678 1062 1
678 1069 1
678 1094 1
678 1101 1
678 1104 1
678 1189 1
678 1223 1
678 1257 1
678 1285 1
678 1305 1
678 1322 1
678 1337 1
678 1343 1
678 1366 1
678 1372 1
678 1379 1
678 1384 1
678 1388 1
678 1390 1
678 1410 1
678 1435 1
678 1439 1
678 1494 1
678 1496 1
678 1505 1
678 1511 1
678 1517 1
678 1548 1
678 1568 1
678 1588 1
678 1637 1
678 1644 1
678 1652 1
678 1686 1
678 1730 1
678 1747 1
678 1772 1
678 1802 1
678 1821 1
678 1825 1
678 1852 1
678 1858 1
678 1891 1
678 1906 1
678 1911 1
678 1926 1
678 1938 1
678 1947 1
678 1971 1
678 1978 1
678 1986 1
678 1988 1
678 2040 1
678 2043 1
678 2047 1
679 51 1
679 112 1
679 206 1
679 216 1
679 313 1
679 385 1
679 400 1
679 782 1
679 1073 1
679 1083 1
679 1095 1
679 1204 1
679 1317 1
679 1336 1
679 1915 1
679 1954 1
680 49 1
680 1583 1
680 1708 1
680 1810 1
681 42 1
681 46 1
681 49 1
684 60 1
684 73 1
686 54 1
687 70 1
689 59 1
690 52 1
693 62 1
695 44 1
696 70 1
697 49 1
697 60 1
697 75 1
699 54 1
699 81 1
700 59 1
702 59 1
702 74 1
703 47 1
704 55 1
704 78 1
705 75 1
706 67 1
706 74 1
707 62 1
709 80 1
710 44 1
710 51 1
710 70 1
711 63 1
712 55 1
713 51 1
713 63 1
716 45 1
717 43 1
717 46 1
717 300 1
718 45 1
719 64 1
720 45 1
720 1519 1
721 44 1
721 70 1
721 995 1
722 52 1
722 78 1
722 937 1
722 1875 1
723 43 1
723 1924 1
724 40 1
724 54 1
724 788 1
724 1958 1
725 102 1
725 221 1
725 1448 1
725 1600 1
726 635 1
726 1195 1
726 1241 1
726 1294 1
726 1441 1
726 1633 1
726 1691 1
726 1785 1
727 56 1
727 79 1
727 570 1
727 738 1
727 815 1
728 43 1
728 45 1
728 58 1
728 329 1
728 407 1
728 522 1
728 832 1
729 66 1
729 75 1
729 343 1
729 348 1
729 416 1
729 625 1
729 770 1
729 859 1
729 860 1
729 1185 1
729 1268 1
729 1661 1
730 53 1
730 66 1
730 81 1
730 310 1
730 881 1
730 1058 1
730 1145 1
730 1607 1
730 1724 1
731 96 1
731 436 1
731 460 1
731 493 1
731 531 1
731 679 1
731 680 1
731 687 1
731 1128 1
731 1273 1
731 1363 1
731 1376 1
731 1679 1
732 56 1
732 57 1
732 74 1
732 92 1
732 277 1
732 427 1
732 564 1
732 655 1
732 765 1
732 781 1
732 1112 1
732 1258 1
732 1470 1
732 1663 1
732 1797 1
732 1815 1
732 1929 1
732 1963 1
732 1982 1
732 1993 1
733 55 1
733 58 1
733 412 1
733 584 1
733 600 1
733 760 1
733 821 1
733 826 1
733 834 1
733 940 1
733 1362 1
733 1365 1
733 1465 1
733 1467 1
733 1475 1
733 1492 1
733 1516 1
733 1536 1
733 1674 1
733 1767 1
733 1967 1
734 45 1
734 59 1
734 505 1
734 1129 1
734 1563 1
734 1688 1
734 1856 1
735 120 1
735 235 1
735 1046 1
735 1050 1
736 101 1
736 105 1
736 212 1
736 688 1
736 711 1
736 901 1
736 1057 1
736 1060 1
736 1205 1
736 1340 1
736 1630 1
737 237 1
737 255 1
737 1581 1
738 51 1
738 65 1
738 810 1
738 949 1
738 1574 1
739 62 1
739 81 1
739 309 1
739 449 1
739 586 1
739 907 1
739 1121 1
739 1228 1
739 1369 1
739 1400 1
740 59 1
740 459 1
740 501 1
740 719 1
740 1681 1
740 1894 1
740 2012 1
741 37 1
741 86 1
741 293 1
741 1502 1
741 1522 1
741 1721 1
741 2020 1
742 6 1
742 49 1
742 107 1
742 227 1
742 230 1
742 420 1
742 433 1
742 484 1
742 753 1
742 835 1
742 920 1
742 1066 1
742 1174 1
742 1283 1
742 1539 1
742 1553 1
742 1559 1
742 1626 1
742 1752 1
742 1780 1
743 143 1
743 194 1
743 220 1
743 259 1
743 287 1
743 326 1
743 331 1
743 353 1
743 375 1
743 377 1
743 424 1
743 431 1
743 535 1
743 577 1
743 596 1
743 622 1
743 768 1
743 787 1
743 802 1
743 998 1
743 1184 1
743 1227 1
743 1257 1
743 1333 1
743 1371 1
743 1389 1
743 1408 1
743 1425 1
743 1437 1
743 1442 1
743 1533 1
743 1643 1
743 1774 1
743 1798 1
743 2027 1
744 3 1
744 33 1
744 51 1
744 69 1
744 110 1
744 161 1
744 225 1
744 231 1
744 258 1
744 322 1
744 323 1
744 339 1
744 358 1
744 369 1
744 401 1
744 403 1
744 418 1
744 419 1
744 456 1
744 507 1
744 585 1
744 603 1
744 618 1
744 620 1
744 726 1
744 792 1
744 875 1
744 898 1
744 913 1
744 959 1
744 962 1
744 1003 1
744 1013 1
744 1019 1
744 1213 1
744 1218 1
744 1222 1
744 1281 1
744 1315 1
744 1395 1
744 1402 1
744 1414 1
744 1444 1
744 1449 1
744 1551 1
744 1560 1
744 1609 1
744 1655 1
744 1657 1
744 1659 1
744 1690 1
744 1743 1
744 1764 1
744 1794 1
744 1809 1
744 1847 1
744 1849 1
744 1861 1
744 1879 1
744 1881 1
744 1898 1
744 1956 1
744 1965 1
745 5 1
745 15 1
745 21 1
745 42 1
745 45 1
745 48 1
745 128 1
745 136 1
745 170 1
745 181 1
745 198 1
745 240 1
745 246 1
745 281 1
745 325 1
745 337 1
745 346 1
745 357 1
745 386 1
745 471 1
745 488 1
745 503 1
745 510 1
745 563 1
745 627 1
745 651 1
745 661 1
745 700 1
745 706 1
745 713 1
745 717 1
745 739 1
745 756 1
745 758 1
745 828 1
745 858 1
745 867 1
745 936 1
745 1044 1
745 1138 1
745 1179 1
745 1229 1
745 1260 1
745 1263 1
745 1321 1
745 1417 1
745 1463 1
745 1478 1
745 1489 1
745 1499 1
745 1512 1
745 1532 1
745 1545 1
745 1577 1
745 1585 1
745 1642 1
745 1699 1
745 1753 1
745 1758 1
745 1816 1
745 1864 1
745 1974 1
745 2033 1
746 8 1
746 10 1
746 12 1
746 18 1
746 32 1
746 117 1
746 122 1
746 134 1
746 196 1
746 218 1
746 261 1
746 275 1
746 276 1
746 292 1
746 298 1
746 321 1
746 381 1
746 384 1
746 422 1
746 452 1
746 457 1
746 512 1
746 516 1
746 521 1
746 616 1
746 654 1
746 703 1
746 771 1
746 776 1
746 851 1
746 865 1
746 891 1
746 893 1
746 933 1
746 955 1
746 979 1
746 982 1
746 996 1
746 1012 1
746 1022 1
746 1029 1
746 1037 1
746 1042 1
746 1047 1
746 1061 1
746 1120 1
746 1160 1
746 1201 1
746 1224 1
746 1248 1
746 1303 1
746 1354 1
746 1394 1
746 1426 1
746 1458 1
746 1508 1
746 1575 1
746 1590 1
746 1594 1
746 1624 1
746 1656 1
746 1665 1
746 1696 1
746 1746 1
746 1757 1
746 1791 1
746 1848 1
746 1870 1
746 1890 1
746 1897 1
746 1941 1
746 1942 1
746 1944 1
746 2007 1
747 31 1
747 54 1
747 113 1
747 115 1
747 138 1
747 166 1
747 176 1
747 307 1
747 441 1
747 511 1
747 660 1
747 793 1
747 829 1
747 836 1
747 843 1
747 845 1
747 1035 1
747 1040 1
747 1049 1
747 1054 1
747 1070 1
747 1109 1
747 1173 1
747 1296 1
747 1335 1
747 1423 1
747 1540 1
747 1641 1
747 1650 1
747 1736 1
747 1813 1
747 1853 1
747 1906 1
747 1927 1
747 1951 1
748 11 1
748 89 1
748 137 1
748 312 1
748 328 1
748 491 1
748 593 1
748 644 1
748 652 1
748 686 1
748 712 1
748 724 1
748 791 1
748 923 1
748 931 1
748 943 1
748 960 1
748 968 1
748 997 1
748 1039 1
748 1136 1
748 1143 1
748 1192 1
748 1214 1
748 1285 1
748 1304 1
748 1306 1
748 1387 1
748 1419 1
748 1476 1
748 1504 1
748 1628 1
748 1725 1
748 1729 1
748 1749 1
748 1768 1
748 1771 1
748 1773 1
748 1842 1
748 1925 1
748 1928 1
748 1945 1
749 20 1
749 41 1
749 57 1
749 64 1
749 116 1
749 394 1
749 429 1
749 517 1
749 562 1
749 589 1
749 650 1
749 782 1
749 863 1
749 869 1
749 941 1
749 954 1
749 1053 1
749 1135 1
749 1169 1
749 1181 1
749 1199 1
749 1239 1
749 1267 1
749 1431 1
749 1598 1
749 1706 1
749 1770 1
749 1777 1
749 1873 1
749 2023 1
749 2031 1
750 23 1
750 45 1
750 126 1
750 142 1
750 236 1
750 254 1
750 378 1
750 514 1
750 537 1
750 576 1
750 685 1
750 705 1
750 708 1
750 740 1
750 741 1
750 817 1
750 904 1
750 1030 1
750 1151 1
750 1190 1
750 1264 1
750 1289 1
750 1453 1
750 1484 1
750 1500 1
750 1544 1
750 1635 1
750 1694 1
750 1711 1
750 1712 1
750 1727 1
750 1808 1
750 1998 1
750 2048 0
