1 17 1
1 451 1
1 534 1
1 581 1
1 1564 1
2 21 1
2 120 1
3 6 1
3 13 1
3 23 1
3 324 1
3 382 1
3 710 1
3 885 1
3 1163 1
3 1363 1
3 1985 1
4 21 1
4 740 1
5 30 1
5 726 1
5 806 1
5 987 1
5 1856 1
6 714 1
7 11 1
7 113 1
7 395 1
7 414 1
7 611 1
7 1006 1
7 1227 1
7 1677 1
7 1815 1
7 2024 1
8 7 1
8 17 1
8 31 1
8 58 1
8 218 1
8 322 1
8 595 1
8 697 1
8 913 1
8 1030 1
8 1052 1
8 1076 1
8 1082 1
8 1096 1
8 1123 1
8 1254 1
8 1288 1
8 1324 1
8 1494 1
8 1501 1
8 1524 1
8 1625 1
8 1956 1
8 2014 1
8 2028 1
9 167 1
9 184 1
9 215 1
9 286 1
9 288 1
9 338 1
9 419 1
9 627 1
9 652 1
9 720 1
9 728 1
9 771 1
9 782 1
9 815 1
9 846 1
9 1003 1
9 1012 1
9 1098 1
9 1139 1
9 1211 1
9 1330 1
9 1358 1
9 1445 1
9 1700 1
9 1711 1
9 1777 1
9 1847 1
9 1883 1
9 1938 1
10 72 1
10 194 1
10 254 1
10 267 1
10 271 1
10 293 1
10 301 1
10 315 1
10 329 1
10 401 1
10 417 1
10 577 1
10 590 1
10 613 1
10 617 1
10 684 1
10 709 1
10 759 1
10 954 1
10 1058 1
10 1220 1
10 1251 1
10 1314 1
10 1400 1
10 1404 1
10 1552 1
10 1558 1
10 1695 1
10 1733 1
10 1825 1
10 1916 1
10 1995 1
10 2009 1
11 197 1
11 307 1
11 341 1
11 420 1
11 523 1
11 531 1
11 585 1
11 719 1
11 763 1
11 772 1
11 808 1
11 831 1
11 853 1
11 986 1
11 1017 1
11 1091 1
11 1199 1
11 1291 1
11 1351 1
11 1475 1
11 1495 1
11 1573 1
11 1608 1
11 1647 1
11 1884 1
11 2019 1
12 16 1
12 21 1
12 31 1
12 228 1
12 233 1
12 237 1
12 273 1
12 465 1
12 604 1
12 966 1
12 1201 1
12 1422 1
12 1571 1
12 1587 1
12 1746 1
12 1772 1
12 1779 1
12 1826 1
12 1833 1
12 1915 1
12 1977 1
12 2000 1
13 6 1
13 73 1
13 126 1
13 390 1
13 492 1
13 602 1
13 618 1
13 817 1
13 923 1
13 950 1
13 983 1
13 1053 1
13 1083 1
13 1399 1
13 1405 1
13 1528 1
13 1585 1
13 1741 1
13 1783 1
13 1823 1
13 1854 1
13 2034 1
14 29 1
14 248 1
14 385 1
14 399 1
14 472 1
14 525 1
14 715 1
14 741 1
14 1154 1
14 1216 1
14 1601 1
14 1644 1
14 1921 1
14 1928 1
15 55 1
15 412 1
15 541 1
15 1175 1
15 1192 1
16 6 1
16 18 1
16 176 1
16 201 1
16 550 1
16 821 1
16 870 1
16 876 1
16 1002 1
16 1143 1
16 1176 1
16 1437 1
16 1581 1
16 1934 1
17 263 1
17 297 1
17 578 1
17 1246 1
17 1369 1
18 20 1
18 32 1
18 36 1
18 158 1
18 246 1
18 430 1
18 639 1
18 1095 1
18 1207 1
18 1415 1
18 1598 1
18 1726 1
18 1814 1
19 32 1
19 65 1
19 651 1
19 837 1
20 10 1
20 18 1
20 353 1
21 38 1
21 394 1
22 23 1
22 27 1
22 980 1
22 2017 1
23 66 1
23 327 1
23 454 1
23 761 1
23 1020 1
23 1557 1
23 1685 1
23 1924 1
24 11 1
24 36 1
24 241 1
24 245 1
24 370 1
24 469 1
24 499 1
24 542 1
24 598 1
24 995 1
24 1106 1
24 1678 1
24 1846 1
24 1905 1
24 2021 1
25 22 1
25 93 1
25 328 1
25 437 1
25 471 1
25 529 1
25 588 1
25 860 1
25 1213 1
25 1226 1
25 1298 1
25 1309 1
25 1455 1
25 1533 1
25 1595 1
25 1719 1
25 1756 1
25 1830 1
25 1943 1
26 1 1
26 5 1
26 28 1
26 80 1
26 140 1
26 196 1
26 206 1
26 427 1
26 468 1
26 536 1
26 814 1
26 865 1
26 890 1
26 896 1
26 917 1
26 1244 1
26 1343 1
26 1408 1
26 1531 1
26 1577 1
26 1684 1
26 1832 1
26 1839 1
26 2046 1
27 62 1
27 152 1
27 157 1
27 281 1
27 397 1
27 425 1
27 477 1
27 641 1
27 694 1
27 739 1
27 754 1
27 915 1
27 1238 1
27 1282 1
27 1378 1
27 1634 1
27 1697 1
27 1885 1
27 1907 1
27 2038 1
28 166 1
28 558 1
28 668 1
28 691 1
28 845 1
28 1010 1
28 1373 1
28 1507 1
28 1551 1
28 1848 1
28 1981 1
28 2004 1
28 2018 1
29 5 1
29 20 1
29 48 1
29 165 1
29 291 1
29 358 1
29 1132 1
29 1274 1
29 1418 1
29 1773 1
29 1878 1
30 35 1
30 296 1
30 407 1
30 862 1
30 961 1
30 1016 1
30 1063 1
30 1162 1
30 1170 1
30 1660 1
30 1796 1
30 1813 1
31 19 1
31 409 1
31 816 1
32 1256 1
32 1664 1
32 1705 1
32 1731 1
32 1753 1
33 30 1
33 192 1
33 452 1
33 1080 1
33 1311 1
33 1381 1
34 459 1
34 630 1
34 765 1
34 1517 1
35 53 1
35 593 1
35 849 1
35 1223 1
36 14 1
36 33 1
36 872 1
36 1345 1
37 28 1
37 61 1
37 100 1
37 559 1
37 1651 1
37 1799 1
37 1809 1
38 9 1
38 34 1
38 1167 1
38 1292 1
38 1392 1
38 1621 1
39 30 1
39 221 1
39 429 1
39 505 1
39 702 1
39 731 1
39 750 1
39 813 1
39 942 1
39 1079 1
39 1441 1
39 1461 1
39 1688 1
39 1727 1
39 1794 1
39 1954 1
40 25 1
40 89 1
40 214 1
40 362 1
40 561 1
40 1340 1
40 1515 1
40 1555 1
40 1600 1
40 1888 1
40 2011 1
40 2048 1
41 605 1
41 606 1
41 892 1
41 1406 1
41 1819 1
42 75 1
42 99 1
42 265 1
42 269 1
42 334 1
42 564 1
42 737 1
42 1127 1
43 121 1
43 1146 1
43 1264 1
44 1024 1
44 1313 1
45 12 1
45 37 1
45 371 1
45 1861 1
45 1875 1
46 122 1
46 1334 1
46 1812 1
46 1828 1
47 15 1
47 26 1
48 26 1
48 1064 1
49 4 1
49 24 1
49 31 1
49 868 1
50 12 1
50 38 1
50 462 1
50 1481 1
51 39 1
52 467 1
52 496 1
52 774 1
52 1208 1
53 4 1
53 29 1
53 41 1
53 52 1
53 992 1
54 29 1
54 1520 1
55 32 1
55 476 1
55 480 1
55 568 1
55 861 1
55 1797 1
55 1864 1
56 359 1
56 643 1
57 2 1
57 15 1
57 659 1
57 1353 1
57 1748 1
58 17 1
58 634 1
58 712 1
58 1991 1
59 811 1
59 1516 1
60 18 1
60 28 1
61 2 1
61 1116 1
61 1434 1
62 23 1
62 1920 1
63 716 1
64 498 1
65 239 1
65 493 1
65 752 1
66 5 1
66 11 1
66 39 1
66 332 1
67 82 1
67 1589 1
67 1786 1
67 1996 1
68 313 1
68 638 1
68 721 1
68 801 1
68 1623 1
68 1670 1
69 28 1
69 438 1
69 460 1
69 635 1
69 810 1
69 1669 1
69 1749 1
69 2031 1
70 633 1
70 1059 1
70 1402 1
70 1666 1
71 3 1
71 31 1
71 1662 1
72 1 1
72 193 1
72 730 1
72 764 1
72 1204 1
72 1317 1
72 1473 1
73 7 1
73 325 1
73 345 1
73 485 1
73 565 1
74 25 1
74 33 1
74 114 1
74 928 1
74 1765 1
74 1804 1
75 41 1
76 33 1
76 491 1
76 1908 1
77 3 1
77 7 1
77 14 1
77 16 1
77 792 1
78 9 1
78 35 1
78 249 1
79 962 1
79 1412 1
79 1508 1
80 2 1
82 16 1
82 27 1
82 195 1
82 535 1
82 1178 1
82 1341 1
82 1597 1
83 9 1
83 15 1
83 278 1
83 309 1
83 859 1
83 889 1
83 891 1
83 943 1
83 1742 1
83 1852 1
84 35 1
84 563 1
84 755 1
84 776 1
84 1307 1
84 1350 1
84 1458 1
84 1681 1
85 24 1
85 129 1
85 223 1
85 256 1
85 435 1
85 674 1
85 770 1
85 924 1
85 1021 1
85 1545 1
85 1584 1
85 1639 1
85 1680 1
85 1857 1
85 1983 1
86 2 1
86 388 1
86 678 1
86 718 1
86 847 1
86 1393 1
86 1431 1
86 1500 1
86 1615 1
86 1646 1
87 110 1
87 751 1
87 788 1
87 819 1
87 1062 1
87 1147 1
87 1241 1
87 1322 1
87 1725 1
87 1998 1
87 2027 1
88 7 1
88 12 1
88 23 1
88 204 1
88 400 1
88 466 1
88 487 1
88 572 1
88 780 1
88 852 1
88 875 1
88 878 1
88 1751 1
89 36 1
89 680 1
89 1100 1
89 1409 1
90 21 1
90 37 1
90 673 1
90 824 1
90 903 1
90 948 1
90 978 1
90 1247 1
90 1272 1
90 1432 1
90 1737 1
90 1929 1
91 9 1
91 1372 1
91 1714 1
91 1982 1
91 2010 1
92 8 1
92 285 1
92 717 1
93 37 1
93 608 1
93 615 1
93 631 1
93 1937 1
93 1950 1
94 23 1
94 40 1
94 161 1
95 553 1
95 757 1
95 1610 1
95 1866 1
96 2 1
96 35 1
96 189 1
96 1045 1
97 25 1
97 1410 1
98 39 1
98 42 1
98 632 1
98 1102 1
99 874 1
99 1505 1
99 1831 1
100 2 1
100 538 1
100 934 1
100 1280 1
100 1284 1
100 1628 1
100 1642 1
100 1672 1
100 1860 1
101 12 1
101 305 1
101 675 1
101 696 1
101 787 1
101 888 1
101 894 1
101 930 1
101 951 1
101 1262 1
101 1296 1
102 8 1
102 173 1
102 178 1
102 181 1
102 260 1
102 264 1
102 612 1
102 949 1
102 1269 1
102 1682 1
102 1702 1
102 1739 1
102 1990 1
103 20 1
103 255 1
103 413 1
103 898 1
103 1131 1
103 1188 1
103 1361 1
103 1429 1
103 1439 1
103 1776 1
103 2025 1
104 4 1
104 84 1
104 501 1
104 552 1
104 1047 1
104 1121 1
104 1338 1
104 1452 1
104 1453 1
104 1652 1
104 1732 1
104 1944 1
104 1953 1
105 27 1
105 51 1
105 600 1
105 900 1
105 999 1
105 1009 1
105 1159 1
105 1212 1
105 1530 1
105 1570 1
105 1633 1
105 1657 1
105 1984 1
105 2008 1
106 147 1
106 1023 1
106 1075 1
106 1356 1
106 1485 1
106 1641 1
106 1649 1
106 1655 1
106 1764 1
106 1771 1
106 1821 1
106 1900 1
106 1909 1
107 479 1
107 773 1
107 825 1
107 1396 1
107 1792 1
107 1850 1
108 1130 1
108 1674 1
109 3 1
109 18 1
109 38 1
109 448 1
109 473 1
109 533 1
109 1747 1
110 41 1
111 20 1
111 1124 1
111 1315 1
112 35 1
112 418 1
113 4 1
113 39 1
113 208 1
113 829 1
113 1232 1
113 1390 1
113 1979 1
114 40 1
115 21 1
115 441 1
115 1114 1
115 1164 1
115 1196 1
116 15 1
116 20 1
116 1250 1
116 1261 1
116 1579 1
117 4 1
117 12 1
117 39 1
117 707 1
117 904 1
117 1004 1
117 1025 1
117 1042 1
117 1119 1
117 1210 1
117 1243 1
117 1252 1
117 1374 1
117 1467 1
117 1602 1
117 1635 1
117 1932 1
118 25 1
118 111 1
118 205 1
118 679 1
118 703 1
118 760 1
118 1462 1
118 1543 1
118 1611 1
118 1650 1
118 1692 1
118 1803 1
118 1855 1
118 1882 1
118 1955 1
118 1997 1
118 2045 1
119 19 1
119 116 1
119 336 1
119 599 1
119 601 1
119 688 1
119 769 1
119 777 1
119 1008 1
119 1337 1
119 1398 1
119 1442 1
119 1521 1
119 1559 1
119 1643 1
119 1665 1
119 1676 1
119 1713 1
119 1715 1
119 1868 1
120 7 1
120 25 1
120 142 1
120 333 1
120 351 1
120 356 1
120 360 1
120 732 1
120 743 1
120 796 1
120 858 1
120 1327 1
120 1417 1
120 1498 1
120 1561 1
120 1853 1
120 1966 1
120 1970 1
120 2001 1
121 20 1
121 182 1
121 227 1
121 355 1
121 532 1
121 996 1
121 1320 1
121 1352 1
121 1460 1
121 1616 1
122 15 1
122 32 1
122 78 1
122 368 1
122 502 1
122 1046 1
122 1186 1
122 1619 1
122 1645 1
122 1858 1
123 12 1
123 21 1
123 22 1
123 37 1
123 199 1
123 677 1
123 1326 1
123 1661 1
123 1703 1
123 1827 1
124 1 1
124 25 1
124 919 1
124 929 1
124 1073 1
124 1360 1
124 1456 1
124 1527 1
124 1899 1
125 424 1
125 1294 1
125 1329 1
125 1391 1
125 1535 1
125 1629 1
126 40 1
126 729 1
126 1099 1
126 1614 1
127 21 1
127 440 1
127 445 1
127 645 1
127 1065 1
128 30 1
128 1451 1
128 1844 1
129 22 1
129 705 1
130 38 1
130 1986 1
131 24 1
131 544 1
131 883 1
131 1675 1
132 23 1
132 174 1
132 548 1
132 629 1
132 1054 1
132 1060 1
132 1067 1
132 1134 1
132 1148 1
132 1172 1
132 1266 1
132 1569 1
133 22 1
133 31 1
133 304 1
133 373 1
133 685 1
133 1038 1
133 1109 1
134 136 1
134 209 1
134 539 1
134 628 1
134 672 1
134 1061 1
134 1077 1
134 1101 1
134 1160 1
134 1267 1
134 1699 1
134 1723 1
134 1808 1
134 1911 1
134 1992 1
135 18 1
135 279 1
135 723 1
135 901 1
135 1107 1
135 1155 1
135 1234 1
135 1245 1
135 1407 1
135 1436 1
135 1653 1
135 1736 1
135 1863 1
135 1917 1
135 1952 1
135 1969 1
135 1978 1
135 2037 1
136 13 1
136 146 1
136 200 1
136 266 1
136 302 1
136 303 1
136 323 1
136 387 1
136 443 1
136 653 1
136 682 1
136 1295 1
136 1388 1
136 1820 1
137 9 1
137 36 1
137 230 1
137 562 1
137 591 1
137 620 1
137 753 1
137 1111 1
137 1217 1
137 1289 1
137 1297 1
137 1506 1
137 1594 1
137 1606 1
137 1659 1
137 1914 1
137 1961 1
138 91 1
138 670 1
138 744 1
138 798 1
138 1118 1
138 1140 1
138 1335 1
138 1592 1
139 3 1
139 11 1
139 380 1
139 482 1
139 509 1
139 1112 1
139 1203 1
139 1370 1
139 1838 1
139 1919 1
140 330 1
140 735 1
140 1110 1
140 1411 1
140 1700 1
140 1959 1
141 9 1
141 15 1
141 21 1
141 39 1
141 1366 1
141 1841 1
141 2044 1
142 690 1
142 809 1
142 1037 1
142 1638 1
142 1780 1
143 41 1
143 456 1
143 1039 1
143 1435 1
144 15 1
144 18 1
144 20 1
144 500 1
144 587 1
145 35 1
145 213 1
145 238 1
145 361 1
145 1126 1
145 1618 1
145 1893 1
146 1413 1
147 1048 1
147 1491 1
147 1496 1
147 1895 1
148 23 1
148 24 1
148 220 1
148 364 1
148 1034 1
148 1055 1
148 1154 1
148 1319 1
149 1 1
149 4 1
149 17 1
149 117 1
149 316 1
149 918 1
149 1029 1
149 1181 1
149 1511 1
149 1572 1
149 1876 1
149 1912 1
150 16 1
150 50 1
150 112 1
150 149 1
150 159 1
150 207 1
150 275 1
150 376 1
150 551 1
150 835 1
150 970 1
150 1197 1
150 1767 1
151 103 1
151 270 1
151 520 1
151 592 1
151 644 1
151 922 1
151 1333 1
151 1371 1
151 2012 1
152 128 1
152 231 1
152 398 1
152 925 1
152 990 1
152 1001 1
152 1144 1
152 1301 1
152 1419 1
152 1479 1
152 1578 1
152 1782 1
152 1859 1
152 1871 1
152 1880 1
152 1887 1
152 1958 1
153 151 1
153 210 1
153 914 1
153 935 1
153 1122 1
153 1129 1
153 1308 1
153 1349 1
153 1380 1
153 1427 1
153 1540 1
154 44 1
154 162 1
154 190 1
154 365 1
154 468 1
154 656 1
154 700 1
154 795 1
154 841 1
154 1331 1
154 1903 1
154 1946 1
155 148 1
155 300 1
155 557 1
155 657 1
155 799 1
155 947 1
155 956 1
155 991 1
155 1199 1
155 1525 1
155 1612 1
155 1632 1
155 1849 1
155 1948 1
156 127 1
156 404 1
156 803 1
156 1022 1
156 1157 1
156 1448 1
156 1529 1
156 1818 1
156 1873 1
156 2032 1
157 276 1
157 374 1
157 495 1
157 724 1
157 1057 1
157 1151 1
157 1270 1
157 1302 1
157 1323 1
157 1710 1
157 1755 1
157 1943 1
157 2040 1
158 856 1
158 911 1
158 1104 1
158 1135 1
158 1450 1
158 1603 1
159 76 1
159 768 1
159 1283 1
159 1811 1
159 1976 1
159 1993 1
160 781 1
160 1486 1
161 528 1
161 661 1
161 886 1
162 1787 1
163 439 1
163 1447 1
164 224 1
164 415 1
164 662 1
164 981 1
164 1789 1
165 96 1
165 135 1
165 219 1
165 689 1
165 1153 1
165 1235 1
165 1971 1
166 1050 1
166 1125 1
166 1636 1
166 1845 1
167 132 1
167 153 1
167 156 1
167 169 1
167 243 1
167 807 1
167 827 1
167 844 1
167 1103 1
167 1290 1
167 1477 1
167 1532 1
167 1539 1
167 1740 1
167 1877 1
168 139 1
168 170 1
168 225 1
168 235 1
168 299 1
168 352 1
168 514 1
168 581 1
168 663 1
168 698 1
168 767 1
168 831 1
168 893 1
168 957 1
168 1014 1
168 1184 1
168 1426 1
168 1523 1
168 1593 1
168 1785 1
169 83 1
169 226 1
169 348 1
169 488 1
169 762 1
169 848 1
169 857 1
169 864 1
169 931 1
169 1005 1
169 1068 1
169 1342 1
169 1389 1
169 1433 1
169 1445 1
169 1746 1
169 1763 1
169 1802 1
170 54 1
170 67 1
170 71 1
170 90 1
170 263 1
170 274 1
170 378 1
170 399 1
170 412 1
170 648 1
170 778 1
170 812 1
170 979 1
170 994 1
170 1161 1
170 1215 1
170 1276 1
170 1278 1
170 1321 1
170 1501 1
170 1538 1
170 1613 1
170 1942 1
170 2030 1
171 403 1
171 478 1
171 597 1
171 621 1
171 836 1
171 863 1
171 1169 1
171 1248 1
171 1259 1
171 1263 1
171 1279 1
171 1364 1
171 1416 1
171 1443 1
171 1446 1
171 1480 1
171 1537 1
171 1741 1
171 1761 1
171 1816 1
171 1869 1
171 1945 1
171 2043 1
172 64 1
172 100 1
172 481 1
172 555 1
172 654 1
172 986 1
172 1011 1
172 1093 1
172 1113 1
172 1173 1
172 1236 1
172 1268 1
172 1325 1
172 1430 1
172 1454 1
172 1546 1
172 1872 1
172 1892 1
172 2028 1
173 131 1
173 497 1
173 510 1
173 547 1
173 850 1
173 1471 1
173 1671 1
173 1766 1
173 1817 1
174 43 1
174 905 1
174 1049 1
174 1086 1
174 1253 1
174 1347 1
174 1490 1
174 1502 1
174 1582 1
174 1930 1
174 1933 1
175 342 1
175 1605 1
175 1805 1
175 1925 1
175 2006 1
175 2022 1
176 372 1
176 391 1
176 436 1
176 449 1
176 541 1
176 596 1
176 713 1
176 881 1
176 938 1
177 595 1
177 969 1
177 1884 1
177 1964 1
178 56 1
178 426 1
178 1513 1
179 619 1
179 711 1
179 823 1
179 843 1
179 1182 1
179 1384 1
179 1834 1
180 216 1
180 763 1
180 869 1
180 972 1
180 1312 1
180 1357 1
181 337 1
181 421 1
181 607 1
181 1089 1
181 1303 1
181 1835 1
182 250 1
182 389 1
182 1158 1
182 1200 1
182 1271 1
182 1469 1
182 2042 1
183 97 1
183 154 1
183 282 1
183 321 1
183 357 1
183 434 1
183 1299 1
183 1355 1
183 1400 1
183 1935 1
183 1980 1
184 92 1
184 94 1
184 258 1
184 417 1
184 450 1
184 1032 1
184 1499 1
184 1574 1
184 1607 1
184 1654 1
184 1709 1
184 1730 1
184 1807 1
184 1890 1
184 1931 1
184 2047 1
185 115 1
185 118 1
185 123 1
185 340 1
185 344 1
185 369 1
185 695 1
185 706 1
185 806 1
185 887 1
185 921 1
185 939 1
185 984 1
185 1013 1
185 1016 1
185 1105 1
185 1225 1
185 1260 1
185 1305 1
185 1375 1
185 1377 1
185 1483 1
185 1565 1
185 1631 1
185 1724 1
185 1733 1
185 1757 1
185 1768 1
185 1906 1
185 1972 1
186 101 1
186 164 1
186 172 1
186 358 1
186 367 1
186 523 1
186 545 1
186 574 1
186 624 1
186 726 1
186 733 1
186 834 1
186 884 1
186 964 1
186 967 1
186 985 1
186 1036 1
186 1128 1
186 1189 1
186 1201 1
186 1220 1
186 1222 1
186 1273 1
186 1318 1
186 1354 1
186 1397 1
186 1421 1
186 1482 1
186 1640 1
186 1656 1
186 1663 1
186 1683 1
186 1790 1
186 1886 1
186 1922 1
186 1934 1
186 2021 1
187 49 1
187 187 1
187 217 1
187 311 1
187 317 1
187 346 1
187 394 1
187 442 1
187 474 1
187 521 1
187 636 1
187 786 1
187 880 1
187 920 1
187 1166 1
187 1191 1
187 1221 1
187 1306 1
187 1745 1
187 1770 1
187 1840 1
187 1901 1
187 2019 1
188 236 1
188 283 1
188 288 1
188 343 1
188 384 1
188 530 1
188 802 1
188 932 1
188 946 1
188 1026 1
188 1095 1
188 1423 1
188 1463 1
188 1489 1
188 1518 1
188 1566 1
188 1591 1
188 1617 1
188 1810 1
188 1888 1
188 1898 1
188 1904 1
188 1910 1
188 1989 1
188 2046 1
189 108 1
189 293 1
189 393 1
189 410 1
189 782 1
189 1031 1
189 1171 1
189 1257 1
189 1275 1
189 1468 1
189 1686 1
189 1726 1
189 1836 1
189 1963 1
189 2016 1
190 62 1
190 134 1
190 405 1
190 408 1
190 484 1
190 626 1
190 637 1
190 671 1
190 683 1
190 1522 1
190 1648 1
190 1678 1
190 1856 1
190 1975 1
191 347 1
191 486 1
191 576 1
191 578 1
191 606 1
191 622 1
191 691 1
191 794 1
191 1277 1
191 1575 1
191 1588 1
191 1722 1
191 1788 1
192 965 1
192 1534 1
192 1549 1
192 1560 1
192 1851 1
193 202 1
193 738 1
193 1133 1
193 1228 1
193 1781 1
194 489 1
194 784 1
194 805 1
194 1459 1
194 1475 1
194 1585 1
194 1624 1
195 294 1
195 516 1
195 603 1
195 1902 1
196 212 1
196 406 1
196 1712 1
197 297 1
197 494 1
197 1590 1
197 1867 1
197 1999 1
198 160 1
198 188 1
198 571 1
198 833 1
198 846 1
198 1094 1
198 1180 1
198 1891 1
199 130 1
199 513 1
199 727 1
199 1385 1
199 1444 1
199 1553 1
199 1889 1
200 86 1
200 171 1
200 247 1
200 261 1
200 375 1
200 428 1
200 447 1
200 526 1
200 676 1
200 950 1
200 1030 1
200 1069 1
200 1208 1
200 1440 1
200 1721 1
200 1778 1
200 1962 1
200 2023 1
201 63 1
201 88 1
201 140 1
201 179 1
201 229 1
201 446 1
201 455 1
201 464 1
201 524 1
201 650 1
201 686 1
201 1066 1
201 1194 1
201 1316 1
201 1403 1
201 1541 1
201 1769 1
201 1843 1
201 1905 1
201 1923 1
202 253 1
202 320 1
202 327 1
202 328 1
202 396 1
202 472 1
202 517 1
202 519 1
202 527 1
202 580 1
202 623 1
202 906 1
202 997 1
202 1092 1
202 1120 1
202 1214 1
202 1231 1
202 1346 1
202 1466 1
202 1510 1
202 1526 1
202 1562 1
202 1620 1
202 1706 1
202 1965 1
203 70 1
203 145 1
203 381 1
203 504 1
203 508 1
203 543 1
203 554 1
203 560 1
203 570 1
203 681 1
203 791 1
203 876 1
203 982 1
203 993 1
203 1051 1
203 1142 1
203 1254 1
203 1293 1
203 1536 1
203 1622 1
203 1783 1
203 1815 1
203 1940 1
203 1968 1
204 85 1
204 87 1
204 98 1
204 234 1
204 290 1
204 423 1
204 431 1
204 432 1
204 457 1
204 491 1
204 742 1
204 745 1
204 820 1
204 926 1
204 1074 1
204 1300 1
204 1324 1
204 1369 1
204 1401 1
204 1476 1
204 1558 1
204 1586 1
204 1690 1
204 1795 1
204 1854 1
204 1926 1
204 1936 1
205 81 1
205 186 1
205 201 1
205 232 1
205 331 1
205 354 1
205 382 1
205 775 1
205 871 1
205 1002 1
205 1141 1
205 1314 1
205 1379 1
205 1551 1
205 1829 1
205 1973 1
206 168 1
206 203 1
206 251 1
206 461 1
206 511 1
206 585 1
206 667 1
206 882 1
206 910 1
206 912 1
206 936 1
206 959 1
206 1063 1
206 1076 1
206 1484 1
206 1492 1
206 1494 1
206 1621 1
206 1691 1
206 1743 1
206 1921 1
207 46 1
207 198 1
207 246 1
207 349 1
207 444 1
207 463 1
207 465 1
207 503 1
207 625 1
207 692 1
207 722 1
207 771 1
207 1219 1
207 1348 1
207 1457 1
207 1609 1
207 1708 1
207 1728 1
208 113 1
208 215 1
208 584 1
208 851 1
208 1542 1
208 2007 1
209 143 1
209 259 1
209 627 1
209 902 1
209 1098 1
209 1177 1
210 402 1
210 642 1
210 728 1
210 804 1
210 1041 1
211 175 1
211 272 1
211 1020 1
212 589 1
212 1791 1
212 1824 1
212 2036 1
213 308 1
213 1422 1
214 740 1
214 873 1
214 897 1
215 301 1
215 475 1
216 262 1
216 766 1
216 958 1
216 1183 1
216 1512 1
216 1720 1
217 59 1
217 144 1
217 490 1
217 789 1
217 866 1
217 953 1
217 988 1
217 1007 1
217 1035 1
217 1040 1
217 1136 1
217 1242 1
217 1286 1
217 1310 1
217 1865 1
218 95 1
218 167 1
218 185 1
218 244 1
218 567 1
218 719 1
218 749 1
218 867 1
218 879 1
218 1108 1
218 1207 1
218 1211 1
218 1240 1
218 1488 1
218 1630 1
218 1693 1
218 1753 1
218 1775 1
218 1825 1
218 2035 1
218 2039 1
219 119 1
219 141 1
219 411 1
219 579 1
219 611 1
219 759 1
219 793 1
219 895 1
219 927 1
219 941 1
219 952 1
219 975 1
219 1012 1
219 1282 1
219 1332 1
219 1365 1
219 1394 1
219 1405 1
219 1507 1
219 1651 1
219 1660 1
219 1727 1
219 1927 1
219 1939 1
219 2014 1
220 79 1
220 125 1
220 157 1
220 194 1
220 281 1
220 298 1
220 392 1
220 453 1
220 647 1
220 734 1
220 907 1
220 971 1
220 1053 1
220 1091 1
220 1145 1
220 1162 1
220 1170 1
220 1287 1
220 1288 1
220 1406 1
220 1465 1
220 1493 1
220 1517 1
220 1637 1
220 1773 1
220 1994 1
220 2034 1
220 2041 1
221 47 1
221 89 1
221 105 1
221 107 1
221 184 1
221 222 1
221 228 1
221 277 1
221 454 1
221 458 1
221 512 1
221 575 1
221 586 1
221 598 1
221 716 1
221 830 1
221 838 1
221 909 1
221 917 1
221 944 1
221 1010 1
221 1027 1
221 1081 1
221 1117 1
221 1190 1
221 1244 1
221 1274 1
221 1497 1
221 1503 1
221 1556 1
221 1567 1
221 1731 1
221 1762 1
221 1784 1
221 1956 1
221 2038 1
222 106 1
222 366 1
222 395 1
222 416 1
222 616 1
222 814 1
222 815 1
222 822 1
222 1127 1
222 1353 1
222 1774 1
222 1916 1
222 2003 1
222 2015 1
223 109 1
223 133 1
223 254 1
223 542 1
223 602 1
223 609 1
223 639 1
223 1083 1
223 1132 1
223 1528 1
223 1777 1
223 1813 1
223 2020 1
224 45 1
224 99 1
224 248 1
224 630 1
224 646 1
224 651 1
224 658 1
224 783 1
224 860 1
224 1137 1
224 1249 1
224 1658 1
225 73 1
225 419 1
225 483 1
225 1090 1
225 1679 1
226 694 1
226 1554 1
226 1949 1
227 280 1
227 1018 1
227 1165 1
227 1229 1
227 1839 1
228 1627 1
228 1717 1
229 470 1
229 1246 1
229 1673 1
229 1967 1
230 176 1
230 338 1
231 74 1
231 529 1
231 826 1
231 913 1
231 1255 1
231 1408 1
231 1760 1
232 614 1
232 693 1
232 1359 1
232 1705 1
233 58 1
233 137 1
233 339 1
233 577 1
233 635 1
233 665 1
233 758 1
233 854 1
233 1082 1
233 1097 1
233 1239 1
233 1487 1
233 1599 1
233 1879 1
233 1881 1
233 2011 1
234 34 1
234 324 1
234 341 1
234 350 1
234 363 1
234 425 1
234 573 1
234 582 1
234 828 1
234 908 1
234 955 1
234 960 1
234 974 1
234 1085 1
234 1138 1
234 1150 1
234 1152 1
234 1174 1
234 1449 1
234 1455 1
234 1524 1
234 1564 1
234 1689 1
234 1738 1
234 1832 1
234 1833 1
234 1918 1
234 1941 1
234 2002 1
234 2024 1
234 2029 1
235 75 1
235 121 1
235 155 1
235 314 1
235 334 1
235 385 1
235 437 1
235 452 1
235 569 1
235 615 1
235 617 1
235 739 1
235 772 1
235 872 1
235 989 1
235 1006 1
235 1058 1
235 1143 1
235 1265 1
235 1281 1
235 1362 1
235 1387 1
235 1424 1
235 1547 1
235 1664 1
235 1695 1
235 1719 1
235 1756 1
235 1915 1
235 1957 1
235 2009 1
235 2017 1
236 69 1
236 158 1
236 166 1
236 218 1
236 284 1
236 306 1
236 326 1
236 407 1
236 480 1
236 522 1
236 566 1
236 568 1
236 640 1
236 641 1
236 702 1
236 725 1
236 747 1
236 832 1
236 940 1
236 954 1
236 963 1
236 968 1
236 1015 1
236 1019 1
236 1033 1
236 1179 1
236 1258 1
236 1311 1
236 1334 1
236 1428 1
236 1470 1
236 1519 1
236 1687 1
236 1711 1
236 1734 1
236 1772 1
236 1800 1
236 1814 1
236 1907 1
236 1913 1
236 1928 1
236 1995 1
236 2004 1
236 2026 1
237 65 1
237 120 1
237 233 1
237 242 1
237 273 1
237 310 1
237 390 1
237 460 1
237 499 1
237 505 1
237 536 1
237 590 1
237 853 1
237 899 1
237 995 1
237 1003 1
237 1028 1
237 1070 1
237 1078 1
237 1096 1
237 1106 1
237 1206 1
237 1224 1
237 1339 1
237 1363 1
237 1376 1
237 1438 1
237 1461 1
237 1504 1
237 1531 1
237 1544 1
237 1548 1
237 1573 1
237 1750 1
237 1779 1
237 1862 1
237 1954 1
237 1974 1
238 192 1
238 223 1
238 240 1
238 268 1
238 409 1
238 506 1
238 687 1
238 730 1
238 842 1
238 875 1
238 983 1
238 1139 1
238 1209 1
238 1216 1
238 1298 1
238 1368 1
238 1571 1
238 1667 1
238 1668 1
238 1697 1
238 1801 1
238 1864 1
238 1878 1
238 1897 1
239 183 1
239 265 1
239 353 1
239 377 1
239 414 1
239 531 1
239 565 1
239 699 1
239 837 1
239 1198 1
239 1495 1
239 1885 1
240 660 1
240 697 1
240 708 1
240 1176 1
240 1328 1
240 1598 1
240 1707 1
240 1749 1
241 53 1
241 559 1
241 839 1
241 1478 1
241 1698 1
241 1798 1
241 1947 1
242 540 1
242 613 1
242 961 1
242 973 1
242 1509 1
242 1514 1
242 1696 1
242 1793 1
242 1988 1
243 779 1
243 1084 1
243 1116 1
244 498 1
244 649 1
244 1187 1
246 191 1
246 1195 1
246 1758 1
246 2033 1
247 379 1
247 1168 1
247 1192 1
247 1330 1
247 1596 1
248 289 1
248 471 1
248 583 1
248 659 1
248 712 1
248 877 1
248 1146 1
248 1752 1
248 1819 1
249 48 1
249 102 1
249 286 1
249 319 1
249 383 1
249 664 1
249 818 1
249 862 1
249 933 1
249 942 1
249 976 1
249 998 1
249 1285 1
249 1292 1
249 1304 1
249 1344 1
249 1688 1
249 1744 1
249 1754 1
250 66 1
250 150 1
250 152 1
250 241 1
250 292 1
250 335 1
250 386 1
250 422 1
250 430 1
250 462 1
250 518 1
250 556 1
250 655 1
250 666 1
250 709 1
250 710 1
250 765 1
250 785 1
250 790 1
250 821 1
250 1185 1
250 1237 1
250 1382 1
250 1425 1
250 1474 1
250 1568 1
250 1684 1
250 1704 1
250 1718 1
250 1735 1
250 1822 1
250 1823 1
250 1842 1
250 1852 1
250 1870 1
250 1920 1
250 1924 1
251 110 1
251 278 1
251 287 1
251 305 1
251 370 1
251 371 1
251 525 1
251 534 1
251 594 1
251 741 1
251 746 1
251 752 1
251 855 1
251 885 1
251 1064 1
251 1079 1
251 1156 1
251 1264 1
251 1291 1
251 1343 1
251 1351 1
251 1381 1
251 1399 1
251 1985 1
252 77 1
252 177 1
252 180 1
252 237 1
252 257 1
252 269 1
252 271 1
252 451 1
252 493 1
252 537 1
252 561 1
252 701 1
252 761 1
252 797 1
252 892 1
252 1000 1
252 1017 1
252 1233 1
252 1505 1
252 1604 1
252 1626 1
252 1685 1
252 1716 1
252 1729 1
252 1759 1
252 1799 1
252 1809 1
252 1896 1
253 138 1
253 211 1
253 245 1
253 318 1
253 362 1
253 435 1
253 459 1
253 558 1
253 684 1
253 715 1
253 764 1
253 1056 1
253 1378 1
253 1418 1
253 1515 1
253 1555 1
253 1557 1
253 1739 1
253 1806 1
253 1847 1
253 2018 1
254 165 1
254 295 1
254 397 1
254 618 1
254 704 1
254 774 1
254 845 1
254 1238 1
254 1367 1
254 1550 1
254 1625 1
254 1894 1
254 1938 1
254 2013 1
255 605 1
255 610 1
255 870 1
255 1340 1
255 1804 1
256 359 1
256 420 1
256 433 1
256 467 1
256 840 1
256 1830 1
256 1875 1
256 2005 1
257 1080 1
257 1088 1
257 1826 1
257 1987 1
258 124 1
258 477 1
258 549 1
258 1309 1
258 1694 1
259 1563 1
259 1576 1
259 1874 1
260 80 1
260 600 1
260 1072 1
261 546 1
261 750 1
261 948 1
261 966 1
261 977 1
261 1256 1
261 1608 1
262 1828 1
262 1846 1
263 507 1
263 1044 1
263 1175 1
264 126 1
264 810 1
264 937 1
264 1071 1
264 1414 1
264 1472 1
264 1533 1
264 1580 1
264 1960 1
265 214 1
265 252 1
265 307 1
265 329 1
265 466 1
265 492 1
265 550 1
265 731 1
265 792 1
265 813 1
265 861 1
265 1230 1
265 1345 1
265 1383 1
265 1634 1
265 1794 1
265 1861 1
265 2000 1
265 2048 1
266 93 1
266 163 1
266 322 1
266 368 1
266 429 1
266 588 1
266 721 1
266 748 1
266 896 1
266 992 1
266 1149 1
266 1313 1
266 1437 1
266 1516 1
267 57 1
267 61 1
267 221 1
267 312 1
267 315 1
267 669 1
267 800 1
267 808 1
267 816 1
267 923 1
267 945 1
267 1205 1
267 1358 1
267 1386 1
267 1395 1
267 1420 1
267 1577 1
267 1595 1
267 1977 1
268 196 1
268 756 1
268 868 1
268 999 1
268 1163 1
268 1218 1
268 1227 1
268 1251 1
268 1481 1
268 1581 1
268 1701 1
269 388 1
269 438 1
269 736 1
269 874 1
269 915 1
269 1052 1
269 1193 1
269 1737 1
269 1796 1
270 427 1
270 668 1
270 720 1
270 788 1
270 1320 1
270 1681 1
270 1883 1
271 1114 1
271 1991 1
272 469 1
272 817 1
272 1043 1
272 1115 1
272 1172 1
272 1415 1
272 1431 1
272 1520 1
272 1951 1
274 604 1
274 1771 1
275 197 1
275 643 1
275 1677 1
276 296 1
276 1226 1
276 1464 1
276 1639 1
278 943 1
278 1350 1
278 1373 1
279 496 1
279 1123 1
279 1202 1
279 1336 1
279 1434 1
279 1848 1
280 60 1
280 206 1
280 631 1
280 718 1
280 890 1
280 1404 1
280 1797 1
280 1857 1
281 52 1
281 267 1
281 401 1
281 515 1
281 688 1
281 754 1
281 980 1
281 1610 1
281 1644 1
281 1837 1
281 2031 1
282 51 1
282 532 1
282 535 1
282 564 1
282 849 1
282 978 1
282 1045 1
282 1392 1
282 1412 1
282 1432 1
282 1508 1
282 1838 1
283 487 1
283 1004 1
283 1317 1
283 1402 1
283 1458 1
283 1552 1
283 1587 1
283 1623 1
283 1868 1
283 1983 1
284 181 1
284 563 1
284 1736 1
284 1742 1
284 1751 1
285 10 1
285 593 1
286 55 1
286 68 1
286 572 1
286 787 1
286 916 1
286 1204 1
286 1213 1
286 1765 1
287 114 1
287 1628 1
287 1996 1
288 1665 1
289 1280 1
289 1439 1
290 1023 1
291 325 1
291 633 1
291 1062 1
292 1831 1
293 1411 1
293 1600 1
294 638 1
294 714 1
294 934 1
294 1589 1
294 1633 1
294 1863 1
295 129 1
295 204 1
295 239 1
295 634 1
295 737 1
295 859 1
295 1167 1
295 1561 1
295 1642 1
295 1670 1
296 28 1
296 72 1
296 103 1
296 309 1
296 1059 1
296 1073 1
296 1210 1
296 1307 1
296 1748 1
296 1821 1
296 1981 1
297 71 1
297 82 1
297 189 1
297 209 1
297 213 1
297 255 1
297 313 1
297 678 1
297 1038 1
297 1442 1
297 1592 1
297 1645 1
297 1657 1
297 1725 1
297 1755 1
297 1955 1
297 2008 1
297 2025 1
298 83 1
298 501 1
298 680 1
298 723 1
298 757 1
298 891 1
298 903 1
298 922 1
298 979 1
298 1197 1
298 1417 1
298 1747 1
298 1818 1
298 1841 1
298 1860 1
298 1914 1
299 127 1
299 142 1
299 376 1
299 724 1
299 1024 1
299 1429 1
299 1676 1
299 1812 1
300 231 1
300 473 1
300 479 1
300 847 1
300 970 1
300 1134 1
300 1584 1
300 2010 1
300 2045 1
301 674 1
301 707 1
301 801 1
301 819 1
301 949 1
301 962 1
301 1046 1
301 1448 1
301 1543 1
301 1559 1
301 1672 1
301 1904 1
302 1451 1
302 1583 1
302 1669 1
303 199 1
303 1245 1
303 1294 1
303 1521 1
304 768 1
304 829 1
304 1390 1
304 1647 1
305 27 1
305 520 1
305 836 1
305 1545 1
305 1919 1
306 1410 1
307 621 1
307 656 1
307 703 1
307 1792 1
309 751 1
309 773 1
309 1100 1
310 208 1
310 675 1
310 865 1
310 888 1
310 1322 1
310 1662 1
310 1990 1
310 2001 1
311 476 1
311 612 1
311 811 1
311 928 1
311 1021 1
311 1047 1
311 1055 1
311 1119 1
311 1130 1
311 1148 1
311 1674 1
312 64 1
312 122 1
312 178 1
312 283 1
312 345 1
312 378 1
312 591 1
312 592 1
312 663 1
312 679 1
312 705 1
312 735 1
312 924 1
312 1124 1
312 1159 1
312 1161 1
312 1196 1
312 1267 1
312 1522 1
312 1527 1
312 1579 1
312 1597 1
312 1680 1
313 11 1
313 100 1
313 104 1
313 260 1
313 384 1
313 441 1
313 629 1
313 690 1
313 744 1
313 919 1
313 1093 1
313 1112 1
313 1122 1
313 1273 1
313 1388 1
313 1511 1
313 1616 1
313 1682 1
313 2030 1
313 2040 1
314 14 1
314 116 1
314 682 1
314 755 1
314 864 1
314 1057 1
314 1087 1
314 1103 1
314 1111 1
314 1243 1
314 1290 1
314 1337 1
314 1393 1
314 1460 1
314 1462 1
314 1485 1
314 1491 1
314 1713 1
315 117 1
315 264 1
315 303 1
315 509 1
315 685 1
315 753 1
315 798 1
315 844 1
315 1099 1
315 1102 1
315 1118 1
315 1184 1
315 1188 1
315 1214 1
315 1215 1
315 1268 1
315 1308 1
315 1372 1
315 1606 1
315 1646 1
315 1666 1
315 1709 1
315 1811 1
315 1895 1
315 1980 1
316 78 1
316 84 1
316 96 1
316 195 1
316 235 1
316 336 1
316 352 1
316 673 1
316 732 1
316 812 1
316 1022 1
316 1297 1
316 1638 1
316 1873 1
316 1887 1
316 2006 1
317 202 1
317 400 1
317 538 1
317 620 1
317 827 1
317 858 1
317 1121 1
317 1147 1
317 1259 1
317 1423 1
317 1486 1
317 1618 1
317 1732 1
318 148 1
318 256 1
318 285 1
318 468 1
318 1305 1
318 1389 1
318 1427 1
318 1659 1
319 440 1
319 1212 1
319 1456 1
319 1612 1
319 1643 1
319 1649 1
319 1653 1
319 1741 1
320 210 1
320 1384 1
320 1827 1
320 1836 1
321 174 1
321 1042 1
321 1241 1
321 1270 1
321 1984 1
323 587 1
323 1262 1
324 26 1
324 373 1
324 824 1
324 1452 1
325 418 1
325 495 1
325 1295 1
326 930 1
326 1398 1
326 1473 1
326 1776 1
327 111 1
327 200 1
327 330 1
327 356 1
327 365 1
327 1067 1
327 1441 1
327 1450 1
327 1632 1
327 1641 1
327 1978 1
327 2042 1
328 50 1
328 94 1
328 300 1
328 482 1
328 485 1
328 599 1
328 652 1
328 803 1
328 931 1
328 1002 1
328 1060 1
328 1065 1
328 1178 1
328 1232 1
328 1335 1
328 1338 1
328 1354 1
328 1467 1
328 1611 1
328 1635 1
328 1961 1
328 1979 1
328 2027 1
329 6 1
329 266 1
329 403 1
329 500 1
329 562 1
329 671 1
329 743 1
329 796 1
329 825 1
329 1025 1
329 1269 1
329 1302 1
329 1315 1
329 1352 1
329 1391 1
329 1409 1
329 1498 1
329 1535 1
329 1570 1
329 1574 1
329 1678 1
329 1702 1
329 1767 1
329 1855 1
329 1953 1
329 1970 1
330 205 1
330 258 1
330 291 1
330 364 1
330 413 1
330 555 1
330 696 1
330 767 1
330 776 1
330 807 1
330 893 1
330 987 1
330 1005 1
330 1054 1
330 1217 1
330 1234 1
330 1356 1
330 1490 1
330 1586 1
330 1602 1
330 1652 1
331 18 1
331 123 1
331 173 1
331 544 1
331 782 1
331 795 1
331 900 1
331 1095 1
331 1261 1
331 1342 1
331 1446 1
331 1471 1
331 1500 1
331 1540 1
331 1619 1
331 1715 1
331 1808 1
331 1850 1
331 1909 1
331 1952 1
331 1959 1
332 149 1
332 230 1
332 263 1
332 443 1
332 456 1
332 497 1
332 760 1
332 846 1
332 906 1
332 1069 1
332 1075 1
332 1327 1
332 1366 1
332 1506 1
332 1615 1
332 1683 1
332 1763 1
332 1802 1
332 1973 1
332 1998 1
333 279 1
333 608 1
333 1160 1
333 1333 1
333 1537 1
333 1636 1
333 1733 1
333 1898 1
333 1910 1
333 1945 1
333 1966 1
334 44 1
334 151 1
334 672 1
334 1650 1
334 1845 1
334 1993 1
335 343 1
335 781 1
335 990 1
335 1329 1
336 677 1
336 1223 1
336 1882 1
337 653 1
337 878 1
337 969 1
338 1248 1
338 1654 1
340 304 1
340 1129 1
340 1605 1
340 1932 1
341 35 1
341 170 1
341 1496 1
341 1614 1
342 193 1
342 333 1
342 661 1
342 780 1
343 169 1
343 769 1
343 806 1
343 956 1
343 1787 1
343 1858 1
343 1946 1
344 162 1
344 228 1
344 349 1
344 404 1
344 597 1
344 628 1
344 648 1
344 918 1
344 951 1
344 1008 1
344 1050 1
344 1077 1
344 1199 1
344 1275 1
344 1331 1
344 1349 1
344 1532 1
344 1782 1
344 1853 1
344 1899 1
344 1937 1
345 42 1
345 249 1
345 347 1
345 361 1
345 670 1
345 777 1
345 793 1
345 991 1
345 994 1
345 1001 1
345 1110 1
345 1155 1
345 1303 1
345 1430 1
345 1447 1
345 1525 1
345 1601 1
345 1631 1
345 1699 1
345 1740 1
345 1810 1
345 1880 1
345 1893 1
345 1969 1
345 1986 1
345 2037 1
346 186 1
346 220 1
346 290 1
346 351 1
346 396 1
346 423 1
346 439 1
346 551 1
346 624 1
346 645 1
346 689 1
346 921 1
346 932 1
346 1144 1
346 1189 1
346 1203 1
346 1276 1
346 1289 1
346 1588 1
346 1671 1
346 1803 1
346 1900 1
347 36 1
347 136 1
347 154 1
347 360 1
347 408 1
347 524 1
347 971 1
347 1016 1
347 1154 1
347 1454 1
347 1502 1
347 1780 1
348 5 1
348 168 1
348 190 1
348 454 1
348 698 1
348 835 1
348 988 1
348 1037 1
348 1377 1
348 1453 1
348 1661 1
348 1929 1
348 2028 1
349 38 1
349 156 1
349 161 1
349 297 1
349 355 1
349 1164 1
349 1312 1
349 1710 1
349 1824 1
350 799 1
350 809 1
350 852 1
350 1301 1
350 1556 1
350 1770 1
351 486 1
351 996 1
351 1109 1
352 1137 1
352 1565 1
353 238 1
353 1300 1
353 1436 1
354 187 1
354 1034 1
354 1272 1
355 1101 1
356 43 1
356 63 1
356 340 1
356 939 1
356 1296 1
356 1714 1
356 1989 1
357 867 1
357 1562 1
358 23 1
358 514 1
358 706 1
358 925 1
358 1766 1
359 13 1
359 40 1
359 108 1
359 128 1
359 182 1
359 332 1
359 358 1
359 380 1
359 424 1
359 448 1
359 488 1
359 585 1
359 632 1
359 886 1
359 905 1
359 1104 1
359 1271 1
359 1469 1
359 1482 1
359 1869 1
359 1908 1
359 1976 1
360 87 1
360 97 1
360 212 1
360 236 1
360 243 1
360 348 1
360 411 1
360 533 1
360 636 1
360 681 1
360 700 1
360 729 1
360 786 1
360 1107 1
360 1407 1
360 1443 1
360 1444 1
360 1530 1
360 1594 1
360 1703 1
360 1768 1
360 1911 1
360 2046 1
361 29 1
361 67 1
361 153 1
361 270 1
361 272 1
361 398 1
361 417 1
361 478 1
361 528 1
361 617 1
361 742 1
361 775 1
361 841 1
361 856 1
361 863 1
361 871 1
361 914 1
361 1279 1
361 1282 1
361 1318 1
361 1347 1
361 1476 1
361 1479 1
361 1489 1
361 1529 1
361 1686 1
361 1849 1
361 1889 1
361 1891 1
362 131 1
362 139 1
362 302 1
362 415 1
362 447 1
362 516 1
362 662 1
362 848 1
362 894 1
362 898 1
362 986 1
362 1048 1
362 1131 1
362 1157 1
362 1201 1
362 1221 1
362 1656 1
362 1746 1
362 2012 1
363 112 1
363 316 1
363 464 1
363 626 1
363 957 1
363 1049 1
363 1364 1
363 1371 1
363 1582 1
363 1621 1
363 1690 1
363 1764 1
363 1783 1
363 1844 1
363 1884 1
363 1948 1
363 2044 1
364 157 1
364 393 1
364 581 1
364 1010 1
364 1041 1
364 1089 1
364 1135 1
364 1153 1
364 1211 1
364 1225 1
364 1277 1
364 1477 1
364 1892 1
365 17 1
365 1421 1
365 1459 1
365 1854 1
365 1950 1
366 172 1
366 831 1
366 944 1
366 1036 1
366 1560 1
366 1890 1
367 225 1
367 511 1
367 560 1
367 637 1
367 762 1
367 770 1
367 883 1
367 1068 1
367 1517 1
368 207 1
368 1066 1
368 1357 1
368 1376 1
368 1394 1
368 1403 1
368 1675 1
369 1593 1
370 323 1
370 607 1
370 1785 1
370 1997 1
373 382 1
373 889 1
373 901 1
373 929 1
374 1325 1
374 1380 1
374 1396 1
375 317 1
375 342 1
375 391 1
375 657 1
375 692 1
375 713 1
375 726 1
375 727 1
375 843 1
375 857 1
375 911 1
375 984 1
375 1140 1
375 1186 1
375 1283 1
375 1348 1
375 1426 1
375 1518 1
375 1622 1
375 1730 1
375 1761 1
375 1877 1
375 1992 1
376 46 1
376 54 1
376 229 1
376 293 1
376 369 1
376 445 1
376 554 1
376 619 1
376 658 1
376 683 1
376 794 1
376 814 1
376 1136 1
376 1278 1
376 1360 1
376 1374 1
376 1982 1
377 21 1
377 137 1
377 217 1
377 274 1
377 387 1
377 541 1
377 717 1
377 805 1
377 981 1
377 1096 1
377 1158 1
377 1220 1
377 1244 1
377 1257 1
377 1266 1
377 1369 1
377 1419 1
377 1445 1
377 1539 1
377 1551 1
377 1567 1
377 1590 1
377 1591 1
377 1925 1
377 1940 1
378 1 1
378 62 1
378 288 1
378 299 1
378 553 1
378 574 1
378 686 1
378 702 1
378 907 1
378 935 1
378 1061 1
378 1105 1
378 1173 1
378 1299 1
378 1314 1
378 1640 1
378 1707 1
378 1815 1
378 1835 1
378 1923 1
378 1930 1
378 1931 1
378 1942 1
378 2043 1
379 85 1
379 215 1
379 327 1
379 434 1
379 450 1
379 547 1
379 557 1
379 567 1
379 623 1
379 975 1
379 1108 1
379 1361 1
379 1413 1
379 1501 1
379 1603 1
379 1663 1
379 1673 1
379 1745 1
379 1876 1
379 1912 1
379 1917 1
379 1936 1
379 1958 1
379 1964 1
379 2033 1
380 33 1
380 118 1
380 163 1
380 191 1
380 331 1
380 428 1
380 691 1
380 711 1
380 804 1
380 910 1
380 926 1
380 1475 1
380 1712 1
380 1888 1
381 539 1
381 595 1
381 1126 1
381 1133 1
381 1323 1
381 1326 1
381 1397 1
381 1626 1
381 1934 1
381 1971 1
382 106 1
382 250 1
382 321 1
382 654 1
382 1127 1
382 2034 1
382 2038 1
383 143 1
383 171 1
383 457 1
383 548 1
383 570 1
383 823 1
383 1039 1
383 1723 1
383 2047 1
384 49 1
384 301 1
384 1240 1
384 2007 1
385 32 1
385 276 1
385 904 1
385 967 1
385 1092 1
385 1263 1
385 1700 1
386 247 1
386 1228 1
386 1544 1
387 1341 1
387 1564 1
387 1862 1
388 219 1
388 1921 1
388 2019 1
389 47 1
389 502 1
389 1053 1
389 1499 1
390 19 1
390 728 1
390 1151 1
390 1789 1
391 95 1
391 527 1
391 869 1
391 1169 1
391 1185 1
391 1484 1
391 1781 1
392 8 1
392 152 1
392 328 1
392 426 1
392 455 1
392 491 1
392 712 1
392 833 1
392 912 1
392 952 1
392 1254 1
392 1497 1
392 1528 1
392 1569 1
392 1617 1
392 1655 1
392 1807 1
392 1933 1
392 1972 1
392 2021 1
392 2039 1
393 88 1
393 145 1
393 179 1
393 201 1
393 261 1
393 280 1
393 676 1
393 917 1
393 947 1
393 1007 1
393 1206 1
393 1250 1
393 1332 1
393 1405 1
393 1433 1
393 1708 1
393 1721 1
393 1944 1
393 1999 1
393 2022 1
394 289 1
394 344 1
394 412 1
394 575 1
394 579 1
394 884 1
394 950 1
394 995 1
394 1009 1
394 1063 1
394 1166 1
394 1319 1
394 1355 1
394 1513 1
394 1839 1
394 1840 1
394 1943 1
395 1086 1
395 1113 1
395 1152 1
395 1200 1
395 1231 1
395 1435 1
395 1463 1
395 1483 1
395 1493 1
395 1607 1
395 1778 1
395 2014 1
396 275 1
396 389 1
396 650 1
396 665 1
396 822 1
396 850 1
396 881 1
396 927 1
396 982 1
396 1014 1
396 1029 1
396 1106 1
396 1253 1
396 1546 1
396 1566 1
396 1790 1
396 1886 1
397 92 1
397 140 1
397 259 1
397 642 1
397 745 1
397 985 1
397 1128 1
397 1235 1
397 1492 1
397 1624 1
397 1753 1
397 1817 1
398 851 1
398 972 1
398 1834 1
399 627 1
399 1120 1
400 15 1
400 284 1
400 405 1
400 1359 1
400 1954 1
400 2035 1
401 134 1
401 472 1
401 576 1
401 644 1
401 1916 1
402 48 1
402 56 1
402 76 1
402 198 1
402 224 1
402 311 1
402 425 1
402 997 1
403 1865 1
404 490 1
404 749 1
404 1306 1
404 2016 1
405 158 1
406 326 1
406 512 1
406 1249 1
406 2002 1
407 147 1
407 194 1
407 481 1
407 517 1
407 606 1
407 646 1
407 664 1
407 750 1
407 763 1
407 887 1
407 1006 1
407 1094 1
407 1370 1
407 1572 1
407 1679 1
407 1726 1
407 1775 1
407 1779 1
407 1813 1
408 107 1
408 366 1
408 571 1
408 578 1
408 866 1
408 909 1
408 1162 1
408 1180 1
408 1534 1
408 1866 1
409 120 1
409 175 1
409 287 1
409 432 1
409 449 1
409 522 1
409 545 1
409 602 1
409 635 1
409 716 1
409 876 1
409 897 1
409 1027 1
409 1076 1
409 1286 1
409 1324 1
409 1472 1
409 1503 1
409 1541 1
409 1648 1
409 1791 1
409 1851 1
410 167 1
410 370 1
410 390 1
410 601 1
410 764 1
410 766 1
410 946 1
410 968 1
410 1020 1
410 1233 1
410 1353 1
410 1523 1
410 1542 1
410 1728 1
410 1756 1
410 1773 1
410 1786 1
410 2004 1
410 2023 1
411 91 1
411 109 1
411 164 1
411 203 1
411 226 1
411 257 1
411 622 1
411 771 1
411 872 1
411 895 1
411 964 1
411 1018 1
411 1252 1
411 1346 1
411 1630 1
411 1692 1
411 1695 1
411 1724 1
411 1806 1
411 1843 1
411 1902 1
411 1962 1
412 25 1
412 39 1
412 53 1
412 89 1
412 218 1
412 222 1
412 367 1
412 375 1
412 386 1
412 480 1
412 484 1
412 493 1
412 498 1
412 594 1
412 615 1
412 625 1
412 709 1
412 710 1
412 739 1
412 882 1
412 965 1
412 1379 1
412 1480 1
412 1512 1
412 1928 1
413 74 1
413 160 1
413 227 1
413 402 1
413 529 1
413 694 1
413 830 1
413 1334 1
413 1905 1
413 1926 1
414 510 1
414 543 1
414 802 1
414 1030 1
414 1074 1
414 1177 1
414 1181 1
414 1906 1
415 1321 1
415 1664 1
415 2017 1
416 1885 1
417 251 1
417 1864 1
417 1941 1
418 1847 1
420 165 1
420 354 1
420 853 1
420 1677 1
421 1117 1
422 75 1
422 135 1
422 577 1
422 1208 1
422 1795 1
422 1994 1
423 126 1
423 320 1
423 471 1
423 513 1
423 521 1
423 721 1
423 875 1
423 1170 1
423 1191 1
423 1198 1
423 1209 1
423 1222 1
423 1247 1
423 1604 1
423 1667 1
423 1752 1
423 1901 1
423 1903 1
423 1922 1
424 105 1
424 216 1
424 337 1
424 359 1
424 409 1
424 416 1
424 470 1
424 475 1
424 494 1
424 651 1
424 719 1
424 779 1
424 789 1
424 877 1
424 920 1
424 959 1
424 974 1
424 1011 1
424 1125 1
424 1165 1
424 1187 1
424 1193 1
424 1264 1
424 1316 1
424 1339 1
424 1408 1
424 1466 1
424 1487 1
424 1547 1
424 1549 1
424 1578 1
424 1585 1
424 1718 1
424 1719 1
424 1769 1
425 30 1
425 234 1
425 262 1
425 268 1
425 292 1
425 339 1
425 346 1
425 353 1
425 357 1
425 489 1
425 496 1
425 505 1
425 568 1
425 667 1
425 810 1
425 826 1
425 838 1
425 860 1
425 880 1
425 908 1
425 1031 1
425 1081 1
425 1236 1
425 1260 1
425 1558 1
425 1613 1
425 1629 1
425 1644 1
425 1749 1
425 1762 1
425 1832 1
425 1852 1
425 1918 1
426 102 1
426 150 1
426 196 1
426 278 1
426 406 1
426 444 1
426 483 1
426 525 1
426 552 1
426 586 1
426 834 1
426 934 1
426 938 1
426 954 1
426 1015 1
426 1171 1
426 1284 1
426 1311 1
426 1365 1
426 1367 1
426 1557 1
426 1660 1
426 1777 1
426 1819 1
426 1856 1
426 1878 1
426 1881 1
426 1935 1
426 1956 1
426 1995 1
427 31 1
427 232 1
427 241 1
427 246 1
427 253 1
427 394 1
427 407 1
427 410 1
427 414 1
427 419 1
427 436 1
427 446 1
427 463 1
427 561 1
427 580 1
427 596 1
427 733 1
427 740 1
427 761 1
427 784 1
427 868 1
427 993 1
427 1012 1
427 1091 1
427 1168 1
427 1175 1
427 1190 1
427 1292 1
427 1350 1
427 1575 1
427 1577 1
427 1627 1
427 1688 1
427 1706 1
427 1816 1
427 1907 1
428 9 1
428 51 1
428 90 1
428 132 1
428 176 1
428 458 1
428 459 1
428 558 1
428 609 1
428 630 1
428 655 1
428 731 1
428 815 1
428 837 1
428 839 1
428 913 1
428 1428 1
428 1555 1
428 1796 1
428 1859 1
428 1883 1
428 2003 1
428 2015 1
429 16 1
429 125 1
429 237 1
429 429 1
429 618 1
429 639 1
429 641 1
429 704 1
429 791 1
429 1038 1
429 1090 1
429 1115 1
429 1464 1
429 1553 1
429 1750 1
429 1784 1
430 110 1
430 298 1
430 395 1
430 758 1
430 915 1
430 958 1
430 1097 1
430 1520 1
430 1637 1
430 1651 1
431 963 1
431 1598 1
432 453 1
432 785 1
432 1957 1
434 461 1
434 1620 1
434 1788 1
435 65 1
435 778 1
435 874 1
435 1328 1
435 1461 1
436 388 1
437 138 1
437 295 1
437 308 1
437 1554 1
437 1968 1
437 2036 1
438 124 1
438 223 1
438 338 1
438 573 1
438 600 1
438 832 1
438 989 1
438 1051 1
438 1084 1
438 1727 1
438 1867 1
439 3 1
439 277 1
439 322 1
439 523 1
439 693 1
439 855 1
439 1064 1
439 1141 1
439 1150 1
439 1291 1
439 1313 1
439 1414 1
439 1519 1
439 1693 1
439 1697 1
439 1801 1
439 1951 1
439 1965 1
439 2032 1
440 177 1
440 233 1
440 371 1
440 526 1
440 590 1
440 699 1
440 849 1
440 936 1
440 942 1
440 973 1
440 1035 1
440 1070 1
440 1494 1
440 1531 1
440 1538 1
440 1599 1
440 1696 1
440 1805 1
440 1820 1
440 1842 1
440 1871 1
440 2048 1
441 41 1
441 45 1
441 101 1
441 115 1
441 130 1
441 159 1
441 166 1
441 374 1
441 381 1
441 507 1
441 530 1
441 593 1
441 610 1
441 701 1
441 772 1
441 783 1
441 976 1
441 1194 1
441 1293 1
441 1351 1
441 1368 1
441 1402 1
441 1406 1
441 1440 1
441 1449 1
441 1639 1
441 1687 1
441 1689 1
441 1744 1
441 2029 1
442 185 1
442 188 1
442 211 1
442 318 1
442 452 1
442 538 1
442 598 1
442 647 1
442 720 1
442 752 1
442 854 1
442 870 1
442 941 1
442 980 1
442 992 1
442 1043 1
442 1073 1
442 1174 1
442 1242 1
442 1362 1
442 1481 1
442 1507 1
442 1571 1
442 1757 1
442 1774 1
442 1825 1
442 1828 1
442 1829 1
442 1927 1
443 55 1
443 310 1
443 399 1
443 565 1
443 695 1
443 697 1
443 708 1
443 730 1
443 873 1
443 899 1
443 945 1
443 983 1
443 1079 1
443 1083 1
443 1422 1
443 1442 1
443 1509 1
443 1729 1
443 1809 1
444 392 1
444 442 1
444 499 1
444 611 1
444 842 1
444 892 1
444 1078 1
444 1114 1
444 1309 1
444 1310 1
444 1488 1
444 1625 1
444 1804 1
445 7 1
445 73 1
445 736 1
445 1033 1
445 1044 1
445 1711 1
445 1760 1
445 1924 1
445 1939 1
445 2013 1
446 14 1
446 70 1
446 421 1
446 998 1
446 1383 1
446 1657 1
447 37 1
447 604 1
447 1437 1
447 1609 1
448 1287 1
449 460 1
449 614 1
449 862 1
449 960 1
449 1132 1
449 1213 1
449 1861 1
451 1058 1
451 1142 1
451 1658 1
452 98 1
452 666 1
452 1358 1
452 1758 1
453 377 1
453 431 1
453 1013 1
453 1216 1
453 1438 1
454 77 1
454 114 1
454 146 1
454 556 1
454 788 1
454 1017 1
454 1219 1
454 1634 1
454 1735 1
454 1772 1
454 1920 1
455 34 1
455 141 1
455 180 1
455 372 1
455 725 1
455 816 1
455 828 1
455 937 1
455 961 1
455 1139 1
455 1386 1
455 1401 1
455 1404 1
455 1548 1
455 1608 1
455 1716 1
455 1915 1
455 1947 1
455 1983 1
456 61 1
456 81 1
456 99 1
456 282 1
456 363 1
456 420 1
456 659 1
456 715 1
456 797 1
456 943 1
456 1192 1
456 1246 1
456 1258 1
456 1340 1
456 1378 1
456 1465 1
456 1515 1
456 1516 1
456 1681 1
456 1685 1
456 1691 1
456 1720 1
456 1738 1
456 1963 1
456 2026 1
457 58 1
457 69 1
457 144 1
457 214 1
457 315 1
457 542 1
457 566 1
457 605 1
457 638 1
457 741 1
457 940 1
457 953 1
457 1052 1
457 1072 1
457 1179 1
457 1237 1
457 1536 1
457 1568 1
457 1596 1
457 1600 1
457 1938 1
458 93 1
458 563 1
458 813 1
458 1032 1
458 1281 1
458 1505 1
458 1694 1
458 1814 1
458 1949 1
459 242 1
459 271 1
459 286 1
459 477 1
459 504 1
459 519 1
459 550 1
459 955 1
459 978 1
459 1003 1
459 1304 1
459 1424 1
459 1524 1
459 1754 1
459 1765 1
459 1793 1
459 1975 1
459 2008 1
460 265 1
460 312 1
460 324 1
460 747 1
460 861 1
460 1045 1
460 1373 1
460 1385 1
460 1457 1
460 1580 1
460 1759 1
460 1800 1
460 1987 1
460 2011 1
461 57 1
461 183 1
461 269 1
461 335 1
461 422 1
461 1737 1
461 1841 1
461 1879 1
462 668 1
462 888 1
463 12 1
463 582 1
463 643 1
464 902 1
464 1056 1
465 319 1
465 536 1
465 1432 1
466 1182 1
466 1870 1
466 2010 1
467 765 1
468 474 1
468 1751 1
468 1831 1
469 79 1
469 294 1
469 508 1
469 948 1
469 1156 1
469 1345 1
469 1504 1
470 221 1
470 467 1
470 479 1
470 537 1
470 792 1
470 820 1
470 1023 1
470 1382 1
470 1458 1
470 1470 1
470 1573 1
470 1794 1
470 1823 1
471 155 1
471 385 1
471 503 1
471 540 1
471 559 1
471 722 1
471 756 1
471 818 1
471 966 1
471 971 1
471 999 1
471 1195 1
471 1285 1
471 1399 1
471 1434 1
471 1563 1
471 1705 1
471 1875 1
472 2 1
472 59 1
472 66 1
472 181 1
472 206 1
472 306 1
472 362 1
472 564 1
472 569 1
472 613 1
472 801 1
472 840 1
472 885 1
472 890 1
472 949 1
472 1040 1
472 1098 1
472 1255 1
472 1330 1
472 1468 1
472 1669 1
472 1731 1
472 1743 1
473 121 1
473 314 1
473 376 1
473 451 1
473 466 1
473 588 1
473 603 1
473 682 1
473 737 1
473 808 1
473 1047 1
473 1146 1
473 1183 1
473 1224 1
473 1238 1
473 1320 1
473 1375 1
473 1425 1
473 1431 1
473 1638 1
473 1642 1
473 1722 1
473 1850 1
473 1996 1
473 2031 1
474 184 1
474 252 1
474 341 1
474 821 1
474 933 1
474 1116 1
474 1274 1
475 133 1
475 679 1
475 800 1
475 817 1
475 977 1
475 1143 1
475 1204 1
475 1256 1
475 1581 1
475 1606 1
475 1830 1
476 4 1
476 24 1
476 401 1
476 546 1
476 589 1
476 1595 1
476 2041 1
477 255 1
477 1026 1
477 1510 1
477 1967 1
477 1991 1
478 244 1
478 309 1
478 680 1
478 1417 1
478 1455 1
478 1508 1
478 1623 1
479 438 1
479 487 1
479 1149 1
479 2009 1
480 20 1
481 916 1
481 1080 1
481 1550 1
482 1028 1
482 1872 1
483 254 1
483 1559 1
484 687 1
484 790 1
484 1846 1
485 122 1
485 430 1
485 773 1
485 1172 1
485 1207 1
485 1239 1
485 1460 1
485 1857 1
485 2018 1
486 84 1
486 151 1
486 192 1
486 208 1
486 296 1
486 518 1
486 705 1
486 845 1
486 891 1
486 1176 1
486 1366 1
486 1742 1
486 1837 1
486 1855 1
486 1974 1
486 2024 1
487 142 1
487 213 1
487 239 1
487 923 1
487 1004 1
487 1202 1
487 1205 1
487 1226 1
487 1391 1
487 1429 1
487 1485 1
487 1526 1
487 1552 1
487 1797 1
487 1894 1
488 68 1
488 72 1
488 204 1
488 209 1
488 260 1
488 305 1
488 465 1
488 515 1
488 532 1
488 718 1
488 748 1
488 759 1
488 896 1
488 1160 1
488 1163 1
488 1230 1
488 1416 1
488 1478 1
488 1587 1
488 1684 1
488 1812 1
488 1868 1
488 1904 1
489 129 1
489 379 1
489 397 1
489 469 1
489 1042 1
489 1344 1
489 1393 1
489 1400 1
489 1576 1
489 1836 1
489 1988 1
490 94 1
490 189 1
490 356 1
490 640 1
490 685 1
490 846 1
490 1232 1
490 1245 1
490 1390 1
490 1395 1
490 1543 1
490 1818 1
490 1896 1
490 1897 1
491 52 1
491 82 1
491 231 1
491 531 1
491 535 1
491 806 1
491 979 1
491 1251 1
491 1335 1
491 1412 1
491 1833 1
491 1874 1
491 1898 1
492 116 1
492 549 1
492 1071 1
492 1248 1
492 1430 1
492 1668 1
493 500 1
493 754 1
493 879 1
493 1082 1
493 1215 1
493 1288 1
494 307 1
494 1186 1
494 1913 1
494 2025 1
495 1645 1
496 612 1
497 190 1
498 240 1
498 1462 1
499 113 1
499 197 1
500 1088 1
500 1709 1
500 1748 1
501 199 1
501 462 1
501 584 1
501 707 1
501 734 1
501 1123 1
501 1145 1
501 1227 1
501 1336 1
501 1418 1
501 1636 1
501 1652 1
501 1704 1
501 1732 1
502 22 1
502 103 1
502 334 1
502 383 1
502 798 1
502 812 1
502 836 1
502 847 1
502 1059 1
502 1138 1
502 1298 1
502 1307 1
502 1342 1
502 1409 1
502 1411 1
502 1491 1
502 1633 1
502 1647 1
502 1734 1
502 1739 1
502 1776 1
502 1822 1
502 1887 1
502 1914 1
502 1946 1
503 27 1
503 235 1
503 440 1
503 506 1
503 591 1
503 669 1
503 1197 1
503 1221 1
503 1389 1
503 1511 1
503 1561 1
503 1799 1
503 1873 1
503 1950 1
503 2001 1
503 2020 1
503 2040 1
504 86 1
504 119 1
504 162 1
504 210 1
504 248 1
504 435 1
504 645 1
504 700 1
504 714 1
504 746 1
504 753 1
504 970 1
504 1001 1
504 1054 1
504 1290 1
504 1333 1
504 1570 1
504 1631 1
504 1698 1
504 1717 1
504 1976 1
505 44 1
505 87 1
505 104 1
505 245 1
505 373 1
505 398 1
505 501 1
505 572 1
505 616 1
505 774 1
505 782 1
505 799 1
505 944 1
505 1111 1
505 1129 1
505 1259 1
505 1514 1
505 1798 1
505 1952 1
505 1960 1
505 1973 1
505 1989 1
506 26 1
506 28 1
506 149 1
506 396 1
506 592 1
506 844 1
506 1005 1
506 1065 1
506 1106 1
506 1451 1
506 1808 1
506 1876 1
506 2000 1
507 11 1
507 63 1
507 486 1
507 859 1
507 1140 1
507 1147 1
507 1826 1
507 1848 1
507 1863 1
507 2005 1
508 631 1
508 732 1
508 865 1
508 1100 1
508 1267 1
508 1492 1
508 1674 1
508 1747 1
508 1821 1
509 302 1
509 1184 1
509 1665 1
509 1942 1
510 684 1
510 1218 1
510 1398 1
510 1659 1
510 2045 1
511 1700 1
511 1768 1
512 273 1
512 304 1
513 433 1
513 473 1
513 1085 1
514 437 1
514 634 1
514 1654 1
514 1680 1
515 803 1
515 886 1
515 1363 1
516 80 1
516 200 1
516 329 1
516 482 1
516 497 1
516 555 1
516 620 1
516 621 1
516 663 1
516 757 1
516 1103 1
516 1244 1
517 178 1
517 698 1
517 751 1
517 755 1
517 1265 1
517 1420 1
517 1649 1
517 1672 1
517 1792 1
517 1838 1
517 1860 1
518 60 1
518 112 1
518 343 1
518 350 1
518 441 1
518 599 1
518 637 1
518 738 1
518 1022 1
518 1121 1
518 1199 1
518 1356 1
518 1387 1
518 1415 1
518 1448 1
518 1527 1
518 1589 1
518 1811 1
518 1966 1
518 1990 1
519 212 1
519 230 1
519 368 1
519 533 1
519 649 1
519 767 1
519 1019 1
519 1046 1
519 1112 1
519 1161 1
519 1270 1
519 1276 1
519 1280 1
519 1343 1
519 1456 1
519 1502 1
519 1616 1
519 1666 1
519 1741 1
519 1802 1
519 1955 1
520 50 1
520 225 1
520 279 1
520 325 1
520 365 1
520 468 1
520 485 1
520 690 1
520 827 1
520 852 1
520 930 1
520 931 1
520 932 1
520 956 1
520 1041 1
520 1093 1
520 1122 1
520 1137 1
520 1148 1
520 1377 1
520 1533 1
520 1583 1
520 1603 1
520 1703 1
520 1910 1
520 1998 1
521 38 1
521 64 1
521 161 1
521 281 1
521 290 1
521 454 1
521 520 1
521 628 1
521 775 1
521 1002 1
521 1066 1
521 1119 1
521 1315 1
521 1384 1
521 1482 1
521 1489 1
521 1556 1
521 1579 1
521 1618 1
521 1653 1
521 1662 1
521 1683 1
521 1845 1
521 1892 1
521 1970 1
522 117 1
522 340 1
522 476 1
522 660 1
522 811 1
522 962 1
522 1124 1
522 1261 1
522 1349 1
522 1352 1
522 1506 1
522 1919 1
522 1985 1
523 35 1
523 527 1
523 534 1
523 562 1
523 769 1
523 1062 1
523 1471 1
523 1643 1
523 1977 1
524 796 1
524 906 1
524 1241 1
524 1447 1
524 1745 1
525 629 1
525 671 1
525 1338 1
525 1486 1
525 1495 1
525 1899 1
526 285 1
526 1008 1
526 1214 1
526 1713 1
527 1102 1
527 1354 1
528 688 1
529 18 1
529 139 1
529 283 1
529 352 1
529 809 1
529 1203 1
529 1234 1
529 1410 1
529 1767 1
531 1545 1
531 1611 1
532 607 1
532 793 1
532 1602 1
532 1610 1
532 1782 1
533 238 1
533 583 1
533 624 1
533 678 1
533 1107 1
533 1159 1
533 1178 1
533 1188 1
533 1325 1
533 1381 1
533 1441 1
533 1736 1
533 1780 1
533 2027 1
533 2030 1
534 83 1
534 258 1
534 403 1
534 652 1
534 921 1
534 1060 1
534 1167 1
534 1217 1
534 1295 1
534 1305 1
534 1403 1
534 1405 1
534 1474 1
534 1532 1
534 1535 1
534 1701 1
534 1862 1
534 1911 1
535 19 1
535 43 1
535 264 1
535 266 1
535 321 1
535 327 1
535 393 1
535 443 1
535 636 1
535 762 1
535 864 1
535 918 1
535 1201 1
535 1268 1
535 1308 1
535 1317 1
535 1322 1
535 1593 1
535 1614 1
535 1766 1
535 1851 1
535 1959 1
535 1980 1
536 23 1
536 36 1
536 539 1
536 676 1
536 807 1
536 990 1
536 991 1
536 1025 1
536 1048 1
536 1110 1
536 1153 1
536 1200 1
536 1294 1
536 1392 1
536 1427 1
536 1469 1
536 1517 1
536 1597 1
536 1619 1
536 1740 1
536 1844 1
536 1889 1
536 1953 1
537 6 1
537 263 1
537 270 1
537 313 1
537 382 1
537 608 1
537 1016 1
537 1189 1
537 1303 1
537 1372 1
537 1439 1
537 1477 1
537 1650 1
537 1764 1
537 1827 1
537 1895 1
537 1936 1
537 1979 1
538 100 1
538 111 1
538 316 1
538 345 1
538 400 1
538 464 1
538 743 1
538 787 1
538 1134 1
538 1278 1
538 1396 1
538 1435 1
538 1529 1
538 1640 1
538 1723 1
538 1771 1
538 1969 1
539 156 1
539 347 1
539 1348 1
539 1628 1
539 1635 1
539 1675 1
539 1682 1
539 1690 1
540 148 1
540 298 1
540 648 1
540 1210 1
540 2028 1
541 29 1
541 96 1
541 174 1
541 632 1
541 925 1
541 926 1
541 1673 1
541 1931 1
542 187 1
542 919 1
542 1364 1
542 1592 1
542 1641 1
542 2034 1
543 236 1
543 417 1
543 1518 1
543 1521 1
543 1724 1
543 1909 1
544 1 1
544 1710 1
545 597 1
545 1490 1
545 1932 1
546 71 1
546 1473 1
546 1787 1
547 10 1
547 1024 1
548 272 1
548 724 1
548 1000 1
548 1099 1
548 1229 1
549 42 1
549 191 1
549 744 1
549 829 1
549 856 1
549 887 1
549 903 1
549 905 1
549 1423 1
549 1763 1
549 1770 1
549 2033 1
550 169 1
550 207 1
550 303 1
550 358 1
550 369 1
550 427 1
550 656 1
550 677 1
550 727 1
550 967 1
550 1196 1
550 1499 1
550 1540 1
550 1565 1
550 1588 1
550 1678 1
550 1900 1
550 1912 1
551 123 1
551 127 1
551 243 1
551 256 1
551 450 1
551 626 1
551 670 1
551 681 1
551 683 1
551 691 1
551 716 1
551 742 1
551 969 1
551 1010 1
551 1037 1
551 1095 1
551 1131 1
551 1312 1
551 1446 1
551 1835 1
551 1945 1
551 2019 1
551 2038 1
552 108 1
552 118 1
552 291 1
552 378 1
552 576 1
552 674 1
552 894 1
552 914 1
552 1030 1
552 1223 1
552 1231 1
552 1275 1
552 1299 1
552 1454 1
552 1496 1
552 1584 1
552 1676 1
552 1715 1
552 1880 1
552 1961 1
552 1984 1
553 172 1
553 202 1
553 299 1
553 405 1
553 478 1
553 509 1
553 547 1
553 703 1
553 770 1
553 776 1
553 819 1
553 898 1
553 1014 1
553 1049 1
553 1067 1
553 1104 1
553 1173 1
553 1394 1
553 1500 1
553 1522 1
553 1670 1
553 1783 1
553 1865 1
553 1964 1
553 1978 1
553 1981 1
554 355 1
554 548 1
554 692 1
554 749 1
554 904 1
554 984 1
554 1034 1
554 1498 1
554 1686 1
554 1884 1
554 2006 1
555 219 1
555 293 1
555 525 1
555 895 1
555 1212 1
555 1302 1
555 1530 1
555 1539 1
556 492 1
556 823 1
556 1068 1
556 1235 1
556 1993 1
556 1999 1
557 228 1
557 488 1
557 729 1
557 781 1
557 883 1
557 1257 1
557 1380 1
557 1929 1
558 384 1
558 804 1
559 657 1
559 1359 1
559 1426 1
560 215 1
561 289 1
561 413 1
561 825 1
562 186 1
562 673 1
562 1374 1
563 881 1
563 928 1
563 1562 1
564 541 1
564 633 1
564 723 1
564 1057 1
564 1069 1
564 1136 1
564 1453 1
564 1921 1
565 168 1
565 342 1
565 658 1
565 672 1
565 696 1
565 951 1
565 1130 1
565 1208 1
565 1269 1
565 1271 1
565 1476 1
565 1607 1
565 1621 1
565 1849 1
565 1890 1
566 5 1
566 173 1
566 336 1
566 689 1
566 794 1
566 912 1
566 1109 1
566 1154 1
566 1301 1
566 1369 1
566 1421 1
566 1646 1
566 1656 1
566 1671 1
566 1761 1
566 1785 1
566 2035 1
567 56 1
567 157 1
567 246 1
567 301 1
567 332 1
567 491 1
567 554 1
567 609 1
567 706 1
567 752 1
567 768 1
567 786 1
567 805 1
567 841 1
567 893 1
567 927 1
567 981 1
567 1074 1
567 1077 1
567 1086 1
567 1164 1
567 1243 1
567 1263 1
567 1297 1
567 1353 1
567 1361 1
567 1450 1
567 1566 1
567 1591 1
567 1707 1
567 1790 1
567 1815 1
567 1824 1
567 1853 1
568 88 1
568 164 1
568 229 1
568 364 1
568 380 1
568 511 1
568 512 1
568 524 1
568 889 1
568 965 1
568 1089 1
568 1118 1
568 1272 1
568 1419 1
568 1436 1
568 1479 1
568 1501 1
568 1612 1
568 1615 1
568 1728 1
568 1810 1
568 1840 1
568 1923 1
568 1997 1
569 16 1
569 95 1
569 475 1
569 490 1
569 587 1
569 686 1
569 795 1
569 1120 1
569 1277 1
569 1314 1
569 1444 1
569 1937 1
569 1972 1
569 2039 1
570 115 1
570 153 1
570 330 1
570 391 1
570 445 1
570 513 1
570 544 1
570 650 1
570 850 1
570 900 1
570 987 1
570 1264 1
570 1273 1
570 1318 1
570 1503 1
570 1560 1
570 1567 1
570 1598 1
571 423 1
571 972 1
571 1091 1
571 1220 1
571 1289 1
571 2023 1
572 1061 1
572 1388 1
572 1472 1
572 1714 1
572 1948 1
572 2047 1
573 872 1
573 1211 1
573 1487 1
573 1882 1
575 257 1
575 349 1
575 502 1
575 521 1
575 1076 1
575 1135 1
576 1407 1
577 528 1
577 1092 1
578 201 1
578 408 1
578 1009 1
578 2046 1
579 193 1
579 735 1
579 857 1
579 1944 1
580 154 1
580 217 1
580 360 1
580 557 1
580 728 1
580 957 1
580 1020 1
580 1864 1
580 1869 1
581 74 1
581 346 1
581 456 1
581 495 1
581 581 1
581 595 1
581 617 1
581 810 1
581 824 1
581 833 1
581 1279 1
581 1283 1
581 1594 1
581 1601 1
581 1622 1
581 1632 1
581 1702 1
581 1733 1
581 2017 1
581 2043 1
582 163 1
582 276 1
582 297 1
582 402 1
582 412 1
582 434 1
582 665 1
582 761 1
582 814 1
582 911 1
582 975 1
582 1055 1
582 1096 1
582 1101 1
582 1158 1
582 1337 1
582 1463 1
582 1467 1
582 1542 1
582 1582 1
582 1586 1
582 1605 1
582 1617 1
582 1730 1
582 1755 1
582 1756 1
582 1877 1
582 1888 1
582 1940 1
583 46 1
583 76 1
583 131 1
583 134 1
583 179 1
583 249 1
583 267 1
583 404 1
583 419 1
583 426 1
583 447 1
583 745 1
583 848 1
583 884 1
583 907 1
583 909 1
583 1043 1
583 1105 1
583 1144 1
583 1155 1
583 1157 1
583 1262 1
583 1282 1
583 1323 1
583 1334 1
583 1497 1
583 1513 1
583 1564 1
583 1644 1
583 1661 1
583 1893 1
583 1933 1
583 2007 1
584 107 1
584 261 1
584 331 1
584 780 1
584 822 1
584 871 1
584 1087 1
584 1165 1
584 1190 1
584 1515 1
584 1546 1
584 1590 1
584 1679 1
584 1829 1
584 1905 1
584 1916 1
584 2044 1
585 37 1
585 40 1
585 91 1
585 176 1
585 205 1
585 310 1
585 320 1
585 496 1
585 606 1
585 702 1
585 1007 1
585 1329 1
585 1379 1
585 1523 1
585 1549 1
585 1609 1
585 1648 1
585 1777 1
585 1917 1
585 1958 1
586 97 1
586 262 1
586 311 1
586 387 1
586 415 1
586 579 1
586 630 1
586 835 1
586 1036 1
586 1072 1
586 1222 1
586 1249 1
586 1725 1
587 418 1
587 717 1
587 997 1
587 1132 1
587 1525 1
588 41 1
588 439 1
588 851 1
588 968 1
588 1254 1
588 1627 1
588 1677 1
589 21 1
589 1347 1
589 1708 1
589 1819 1
589 1839 1
590 110 1
590 1177 1
590 1544 1
591 1166 1
592 946 1
592 1094 1
592 1360 1
592 1982 1
594 241 1
594 300 1
594 1011 1
595 106 1
595 712 1
595 908 1
595 952 1
595 1133 1
595 1528 1
596 8 1
596 13 1
596 274 1
596 317 1
596 348 1
596 411 1
596 661 1
596 662 1
596 675 1
596 832 1
596 901 1
596 924 1
596 1531 1
596 1925 1
596 1992 1
597 47 1
597 237 1
597 295 1
597 344 1
597 516 1
597 622 1
597 713 1
597 867 1
597 897 1
597 910 1
597 917 1
597 1319 1
597 1480 1
597 1832 1
597 1858 1
597 1885 1
597 1901 1
597 1928 1
597 1954 1
598 220 1
598 224 1
598 323 1
598 337 1
598 351 1
598 428 1
598 567 1
598 568 1
598 570 1
598 571 1
598 578 1
598 858 1
598 995 1
598 1021 1
598 1075 1
598 1113 1
598 1242 1
598 1252 1
598 1311 1
598 1357 1
598 1452 1
598 1572 1
598 1779 1
598 1803 1
598 1891 1
598 2015 1
599 160 1
599 390 1
599 407 1
599 416 1
599 494 1
599 551 1
599 560 1
599 586 1
599 843 1
599 986 1
599 1128 1
599 1287 1
599 1339 1
599 1370 1
599 1484 1
599 1509 1
599 1571 1
599 1585 1
599 1663 1
599 1664 1
599 1749 1
599 1778 1
599 1813 1
599 1854 1
600 15 1
600 218 1
600 339 1
600 472 1
600 704 1
600 779 1
600 935 1
600 950 1
600 963 1
600 1027 1
600 1260 1
600 1313 1
600 1328 1
600 1376 1
600 1706 1
600 1753 1
600 1908 1
600 2002 1
600 2021 1
600 2048 1
601 114 1
601 226 1
601 354 1
601 361 1
601 553 1
601 750 1
601 760 1
601 874 1
601 922 1
601 1053 1
601 1309 1
601 1575 1
601 1711 1
601 1817 1
602 78 1
602 367 1
602 556 1
602 558 1
602 638 1
602 664 1
602 830 1
602 1081 1
602 1209 1
602 1746 1
602 1762 1
603 137 1
603 195 1
603 328 1
603 409 1
603 489 1
603 695 1
603 731 1
603 1126 1
603 1225 1
603 1784 1
604 251 1
604 253 1
604 505 1
604 619 1
604 929 1
604 1029 1
604 1064 1
604 1162 1
604 1181 1
604 1228 1
604 1266 1
604 1459 1
604 1801 1
605 457 1
606 797 1
606 1541 1
606 1902 1
607 75 1
607 601 1
607 875 1
607 994 1
607 1108 1
608 615 1
609 2029 1
610 277 1
610 394 1
610 545 1
610 1031 1
610 1493 1
611 934 1
611 1445 1
611 1537 1
612 424 1
612 517 1
612 699 1
612 726 1
612 763 1
612 1292 1
612 1371 1
612 1828 1
612 1930 1
612 2012 1
613 150 1
613 338 1
613 370 1
613 392 1
613 530 1
613 697 1
613 988 1
613 1152 1
613 1170 1
613 1174 1
613 1182 1
613 1191 1
613 1413 1
613 1807 1
614 17 1
614 67 1
614 128 1
614 132 1
614 136 1
614 158 1
614 250 1
614 275 1
614 288 1
614 459 1
614 600 1
614 739 1
614 777 1
614 882 1
614 1038 1
614 1141 1
614 1233 1
614 1414 1
614 1422 1
614 1721 1
614 1774 1
614 1806 1
614 2036 1
614 2042 1
615 143 1
615 377 1
615 480 1
615 493 1
615 550 1
615 785 1
615 876 1
615 936 1
615 941 1
615 945 1
615 964 1
615 1012 1
615 1063 1
615 1125 1
615 1142 1
615 1150 1
615 1169 1
615 1171 1
615 1236 1
615 1250 1
615 1286 1
615 1306 1
615 1428 1
615 1465 1
615 1547 1
615 1574 1
615 1624 1
615 1859 1
615 1871 1
615 1986 1
615 2014 1
616 165 1
616 167 1
616 421 1
616 498 1
616 766 1
616 869 1
616 999 1
616 1017 1
616 1143 1
616 1316 1
616 1326 1
616 1406 1
616 1687 1
616 1773 1
616 1820 1
616 1903 1
616 2004 1
616 2037 1
617 318 1
617 580 1
617 639 1
617 701 1
617 709 1
617 741 1
617 870 1
617 1015 1
617 1350 1
617 1534 1
617 1769 1
617 1781 1
617 1831 1
617 1886 1
617 2003 1
617 2016 1
618 159 1
618 203 1
618 463 1
618 589 1
618 1039 1
618 1151 1
618 1198 1
618 1296 1
618 1696 1
618 1907 1
619 12 1
619 247 1
619 625 1
619 693 1
619 939 1
619 1327 1
619 1688 1
620 33 1
620 126 1
620 152 1
620 646 1
620 721 1
620 954 1
620 1437 1
620 1442 1
620 1623 1
620 1804 1
620 1951 1
621 171 1
621 194 1
621 259 1
621 268 1
621 292 1
621 1449 1
621 1620 1
621 1878 1
622 51 1
622 507 1
622 1156 1
622 1213 1
623 371 1
623 1551 1
623 1629 1
623 1699 1
623 1926 1
624 366 1
624 446 1
624 452 1
624 1385 1
624 1994 1
625 514 1
625 1240 1
626 1834 1
627 1599 1
627 1697 1
628 1035 1
628 1351 1
628 1367 1
628 1408 1
628 1971 1
628 2022 1
629 48 1
629 62 1
629 284 1
629 610 1
629 711 1
629 736 1
629 853 1
629 854 1
629 863 1
629 1078 1
629 1258 1
629 1321 1
629 1524 1
629 1695 1
629 1720 1
629 1867 1
629 1906 1
630 55 1
630 98 1
630 109 1
630 140 1
630 188 1
630 359 1
630 471 1
630 573 1
630 577 1
630 747 1
630 1127 1
630 1180 1
630 1304 1
630 1386 1
630 1397 1
630 1775 1
630 1789 1
630 1816 1
631 214 1
631 326 1
631 719 1
631 730 1
631 828 1
631 834 1
631 913 1
631 937 1
631 1097 1
631 1139 1
631 1175 1
631 1433 1
631 1651 1
632 121 1
632 335 1
632 432 1
632 448 1
632 508 1
632 574 1
632 593 1
632 643 1
632 958 1
632 992 1
632 996 1
632 1070 1
632 1558 1
632 1727 1
632 1735 1
633 120 1
633 124 1
633 182 1
633 410 1
633 453 1
633 481 1
633 582 1
633 618 1
633 641 1
633 878 1
633 1045 1
633 1341 1
633 1373 1
633 1570 1
633 1577 1
633 1660 1
633 2010 1
634 32 1
634 145 1
634 315 1
634 388 1
634 401 1
634 575 1
634 585 1
634 653 1
634 813 1
634 837 1
634 977 1
634 1050 1
634 1149 1
634 1475 1
634 1569 1
634 1578 1
634 1595 1
634 1705 1
634 1718 1
634 1934 1
635 147 1
635 183 1
635 839 1
635 1205 1
635 1432 1
635 1466 1
635 1738 1
635 1847 1
635 1918 1
636 9 1
636 58 1
636 133 1
636 170 1
636 399 1
636 1090 1
636 1346 1
637 90 1
637 708 1
637 855 1
637 966 1
637 1883 1
637 1922 1
637 1995 1
638 470 1
638 993 1
638 1284 1
638 1438 1
638 1483 1
639 324 1
639 623 1
639 740 1
639 1726 1
640 396 1
640 942 1
641 477 1
641 783 1
641 960 1
642 322 1
642 788 1
642 1238 1
642 1507 1
642 1692 1
643 287 1
643 1744 1
643 1924 1
643 2013 1
644 1331 1
644 1470 1
644 1843 1
645 211 1
645 1206 1
645 1219 1
645 1729 1
645 1939 1
646 49 1
646 65 1
646 85 1
646 216 1
646 312 1
646 357 1
646 422 1
646 467 1
646 510 1
646 771 1
646 1187 1
646 1253 1
646 1300 1
646 1457 1
646 1573 1
646 1732 1
646 2026 1
647 30 1
647 45 1
647 52 1
647 280 1
647 319 1
647 375 1
647 386 1
647 431 1
647 442 1
647 602 1
647 916 1
647 947 1
647 973 1
647 989 1
647 1033 1
647 1115 1
647 1237 1
647 1324 1
647 1639 1
647 1712 1
647 1716 1
647 2008 1
648 89 1
648 374 1
648 458 1
648 710 1
648 764 1
648 815 1
648 840 1
648 978 1
648 1044 1
648 1114 1
648 1625 1
648 1758 1
648 1797 1
648 1852 1
648 1920 1
649 73 1
649 135 1
649 314 1
649 465 1
649 605 1
649 849 1
649 955 1
649 983 1
649 1274 1
649 1788 1
649 1800 1
649 1814 1
649 1842 1
649 1870 1
649 1872 1
650 39 1
650 53 1
650 116 1
650 278 1
650 333 1
650 389 1
650 802 1
650 1183 1
650 1281 1
650 1606 1
650 1772 1
650 1822 1
650 1861 1
650 2011 1
651 43 1
651 208 1
651 222 1
651 455 1
651 523 1
651 538 1
651 642 1
651 680 1
651 976 1
651 1051 1
651 1288 1
651 1638 1
651 1913 1
651 1965 1
652 67 1
652 499 1
652 694 1
652 707 1
652 842 1
652 1393 1
652 1481 1
652 1655 1
653 221 1
653 397 1
653 398 1
653 460 1
653 772 1
653 808 1
653 1962 1
653 1988 1
654 61 1
654 72 1
654 438 1
654 532 1
654 778 1
654 1793 1
655 198 1
655 684 1
655 1943 1
656 61 1
656 1402 1
656 1464 1
657 385 1
658 69 1
658 353 1
658 436 1
658 542 1
658 940 1
659 65 1
659 68 1
659 860 1
660 444 1
660 564 1
660 635 1
660 915 1
660 961 1
661 43 1
661 105 1
661 598 1
661 877 1
662 51 1
662 362 1
662 596 1
662 654 1
662 953 1
662 959 1
662 1431 1
662 1516 1
662 1554 1
662 1786 1
662 1836 1
663 196 1
663 232 1
663 234 1
663 376 1
663 522 1
663 565 1
663 831 1
663 899 1
663 985 1
663 1204 1
663 1553 1
663 1600 1
663 1722 1
663 1750 1
663 1757 1
663 1796 1
663 1823 1
663 1856 1
664 235 1
664 269 1
664 282 1
664 449 1
664 484 1
664 866 1
664 1003 1
664 1179 1
664 1362 1
664 1368 1
664 1404 1
664 1462 1
664 1519 1
664 1608 1
664 1689 1
664 1941 1
665 66 1
665 82 1
665 93 1
665 144 1
665 255 1
665 540 1
665 678 1
665 826 1
665 896 1
665 1285 1
665 1332 1
665 1634 1
665 1743 1
665 1837 1
665 1846 1
665 1927 1
665 2041 1
666 67 1
666 68 1
666 101 1
666 462 1
666 531 1
666 1172 1
666 1298 1
666 1382 1
666 1557 1
666 1604 1
666 1613 1
666 1975 1
667 55 1
667 66 1
667 227 1
667 306 1
667 791 1
667 1018 1
667 1058 1
667 1455 1
667 1685 1
667 1693 1
667 1752 1
667 1754 1
667 1970 1
667 2018 1
668 92 1
668 103 1
668 506 1
668 537 1
668 891 1
668 933 1
668 1062 1
668 1083 1
668 1256 1
668 1461 1
668 1550 1
668 1642 1
668 1791 1
668 1897 1
669 74 1
669 242 1
669 271 1
669 604 1
669 816 1
669 1709 1
670 479 1
670 756 1
670 1365 1
671 42 1
671 45 1
671 72 1
671 503 1
671 535 1
671 725 1
671 1868 1
672 519 1
672 1340 1
672 1576 1
672 1821 1
673 48 1
673 52 1
673 54 1
673 754 1
674 1098 1
674 1983 1
675 72 1
675 1192 1
675 1193 1
677 294 1
677 420 1
677 655 1
677 943 1
677 1291 1
677 1731 1
678 61 1
678 138 1
678 197 1
678 252 1
678 429 1
678 974 1
678 998 1
678 1042 1
678 1185 1
678 1987 1
679 46 1
679 59 1
679 60 1
679 529 1
679 536 1
679 722 1
679 1195 1
679 1210 1
679 1563 1
680 7 1
680 52 1
680 209 1
680 305 1
680 659 1
680 705 1
680 1006 1
680 1117 1
680 1417 1
680 1434 1
680 1460 1
680 1596 1
680 1631 1
680 1652 1
680 1765 1
680 1850 1
680 1947 1
681 24 1
681 296 1
681 373 1
681 469 1
681 644 1
681 1080 1
681 1199 1
681 1280 1
681 1336 1
681 1458 1
681 1587 1
681 1658 1
681 1875 1
681 1968 1
681 1974 1
681 2024 1
682 27 1
682 42 1
682 181 1
682 395 1
682 441 1
682 790 1
682 859 1
682 1216 1
682 1782 1
682 1857 1
683 238 1
683 285 1
683 341 1
683 773 1
683 948 1
683 1040 1
683 1330 1
683 1653 1
683 1809 1
683 1915 1
683 1963 1
684 70 1
684 543 1
684 682 1
684 938 1
684 1259 1
684 1389 1
684 1495 1
684 1892 1
685 49 1
685 487 1
685 603 1
685 789 1
685 873 1
685 1073 1
685 1378 1
685 1430 1
685 1794 1
686 47 1
686 54 1
686 81 1
686 265 1
686 1112 1
686 1684 1
687 73 1
687 1305 1
687 1401 1
687 1876 1
688 47 1
688 58 1
688 64 1
688 584 1
688 1443 1
688 1492 1
688 1511 1
688 1636 1
688 1645 1
688 1818 1
689 50 1
689 62 1
689 84 1
689 466 1
689 720 1
689 920 1
690 38 1
690 356 1
690 868 1
691 66 1
691 142 1
691 433 1
691 890 1
691 1698 1
692 57 1
692 68 1
692 1226 1
692 1669 1
692 1739 1
693 62 1
693 122 1
693 414 1
693 1383 1
694 52 1
694 54 1
694 67 1
694 645 1
694 732 1
694 792 1
694 923 1
694 1145 1
694 1657 1
694 1748 1
694 1866 1
695 199 1
695 233 1
695 569 1
695 812 1
695 836 1
695 1218 1
695 1358 1
695 1411 1
695 1581 1
695 1805 1
696 25 1
696 113 1
696 329 1
696 594 1
696 748 1
696 1616 1
696 1694 1
696 1873 1
696 1904 1
697 61 1
697 81 1
697 94 1
697 474 1
697 765 1
697 944 1
697 1028 1
697 1054 1
697 1079 1
697 1197 1
697 1418 1
697 1425 1
697 1491 1
697 1760 1
697 2025 1
697 2032 1
698 82 1
698 141 1
698 334 1
698 468 1
698 563 1
698 1424 1
698 1742 1
698 1792 1
699 175 1
699 500 1
699 627 1
699 1186 1
699 1552 1
699 1855 1
699 1989 1
700 26 1
700 77 1
700 79 1
700 279 1
700 308 1
700 430 1
700 971 1
700 1106 1
700 1429 1
701 65 1
701 70 1
701 73 1
701 572 1
701 651 1
701 838 1
701 980 1
701 1026 1
701 1559 1
702 112 1
702 613 1
702 753 1
702 902 1
702 1116 1
702 1202 1
702 1221 1
702 1247 1
702 1388 1
702 1488 1
703 51 1
703 99 1
703 155 1
703 215 1
703 240 1
703 629 1
703 647 1
703 762 1
703 806 1
703 982 1
703 1320 1
703 1561 1
703 1740 1
704 192 1
704 206 1
704 290 1
704 844 1
704 1567 1
704 1630 1
705 58 1
705 526 1
705 666 1
705 1307 1
705 1504 1
706 57 1
706 81 1
706 169 1
706 184 1
706 668 1
706 759 1
706 1215 1
706 1931 1
706 1979 1
707 61 1
707 796 1
707 1485 1
707 2031 1
708 60 1
708 369 1
708 758 1
708 1153 1
708 1795 1
709 69 1
709 979 1
709 1229 1
710 43 1
710 55 1
710 225 1
710 801 1
710 1046 1
710 1704 1
710 1838 1
710 1991 1
711 75 1
711 162 1
711 1860 1
711 1935 1
712 1088 1
712 1489 1
712 1830 1
712 1949 1
713 51 1
713 304 1
713 381 1
713 566 1
713 649 1
713 892 1
714 2 1
714 11 1
714 65 1
714 173 1
714 482 1
714 743 1
714 949 1
714 956 1
714 1111 1
714 1270 1
714 1352 1
714 1355 1
714 1409 1
714 1502 1
714 1811 1
714 1976 1
714 1996 1
715 45 1
715 51 1
715 166 1
715 180 1
715 687 1
715 1129 1
715 1448 1
715 1508 1
715 1514 1
716 68 1
716 86 1
716 151 1
716 200 1
716 497 1
716 611 1
716 620 1
716 685 1
716 1019 1
716 1071 1
716 1241 1
716 1633 1
716 1880 1
717 68 1
717 698 1
717 1103 1
717 1246 1
717 1415 1
717 1610 1
717 1670 1
717 1894 1
717 1936 1
718 35 1
718 82 1
718 352 1
718 437 1
718 652 1
718 782 1
718 817 1
718 1148 1
718 1214 1
719 31 1
719 71 1
719 161 1
719 636 1
719 676 1
719 718 1
719 1201 1
719 1243 1
719 1293 1
719 1390 1
719 1395 1
719 1626 1
719 1683 1
719 1768 1
719 1966 1
720 307 1
720 821 1
720 1227 1
720 1342 1
720 1681 1
720 1751 1
721 64 1
721 561 1
721 852 1
721 906 1
721 1059 1
721 1451 1
721 1736 1
721 1957 1
721 2019 1
722 67 1
722 321 1
722 379 1
722 746 1
722 1146 1
722 1278 1
722 1412 1
722 1522 1
723 70 1
723 149 1
723 204 1
723 260 1
724 1536 1
724 1580 1
724 1919 1
725 70 1
725 286 1
725 803 1
726 55 1
726 879 1
726 1123 1
726 1533 1
727 841 1
727 1239 1
727 1798 1
728 400 1
728 1016 1
728 1047 1
728 1770 1
728 1812 1
729 20 1
729 340 1
729 501 1
729 546 1
729 1248 1
729 1399 1
729 1667 1
729 1833 1
730 793 1
730 1391 1
730 1649 1
730 1967 1
731 52 1
731 104 1
731 266 1
731 298 1
731 383 1
731 755 1
731 757 1
731 931 1
731 1512 1
731 1628 1
732 4 1
732 71 1
732 130 1
732 302 1
732 616 1
732 714 1
732 847 1
732 862 1
732 991 1
732 1010 1
732 1178 1
732 1224 1
732 1548 1
732 1659 1
732 1747 1
732 1862 1
733 59 1
733 62 1
733 73 1
733 79 1
733 624 1
733 1333 1
733 1787 1
733 1844 1
733 1950 1
733 1955 1
733 1998 1
734 5 1
734 54 1
734 78 1
734 91 1
734 191 1
734 309 1
734 524 1
734 690 1
734 865 1
734 1230 1
734 1299 1
734 1315 1
734 1335 1
734 1456 1
734 1526 1
734 1540 1
734 1719 1
734 1767 1
734 1776 1
734 1982 1
735 71 1
735 213 1
735 372 1
735 440 1
735 464 1
735 679 1
735 768 1
735 820 1
735 928 1
735 1004 1
735 1555 1
736 50 1
736 56 1
736 82 1
736 212 1
736 244 1
736 435 1
736 450 1
736 640 1
736 984 1
736 1005 1
736 1008 1
736 1194 1
736 1254 1
736 1366 1
736 1446 1
736 1520 1
736 1607 1
736 1614 1
736 1914 1
737 48 1
737 55 1
737 56 1
737 81 1
737 177 1
737 190 1
737 612 1
737 1273 1
737 1691 1
737 1728 1
737 1997 1
738 46 1
738 576 1
738 1513 1
738 1637 1
738 1680 1
738 1895 1
739 43 1
739 62 1
739 850 1
739 1601 1
739 1766 1
739 1911 1
740 47 1
740 48 1
740 49 1
740 57 1
740 72 1
740 483 1
740 700 1
740 1654 1
741 66 1
741 301 1
741 1640 1
741 1960 1
742 34 1
742 55 1
742 82 1
742 919 1
742 927 1
742 1060 1
742 1363 1
742 1682 1
743 42 1
743 102 1
743 1275 1
744 343 1
744 384 1
744 592 1
744 880 1
744 1255 1
744 1980 1
745 57 1
746 57 1
746 79 1
746 172 1
746 1167 1
746 1826 1
747 54 1
747 965 1
747 1069 1
747 1543 1
747 1825 1
748 43 1
748 44 1
748 50 1
748 74 1
748 626 1
748 827 1
748 1147 1
748 1231 1
748 1435 1
748 1643 1
748 1827 1
749 539 1
749 562 1
749 597 1
749 737 1
749 774 1
749 861 1
749 1013 1
749 1122 1
749 1137 1
749 1203 1
749 1579 1
749 1672 1
749 1715 1
749 2030 1
749 2038 1
750 270 1
750 283 1
750 547 1
750 671 1
750 845 1
750 1093 1
750 1188 1
750 1308 1
750 1311 1
750 1312 1
750 1345 1
750 1589 1
750 1618 1
750 1675 1
750 1898 1
750 1910 1
750 2009 1
750 2020 1
750 2048 0
