1 10 1
1 31 1
2 20 1
4 12 1
6 9 1
6 31 1
7 2 1
8 34 1
9 20 1
10 9 1
12 38 1
12 41 1
13 28 1
13 184 1
13 475 1
13 983 1
13 1460 1
14 276 1
14 301 1
14 904 1
14 1022 1
14 1079 1
14 1546 1
14 1638 1
14 1853 1
14 1962 1
14 2045 1
15 21 1
15 25 1
15 37 1
15 41 1
15 118 1
15 146 1
15 351 1
15 412 1
15 644 1
15 1244 1
15 1566 1
15 1723 1
15 1782 1
15 1842 1
15 1976 1
16 16 1
16 304 1
16 557 1
16 884 1
16 934 1
16 1501 1
16 1844 1
17 26 1
17 313 1
17 336 1
17 364 1
17 456 1
17 538 1
17 700 1
17 1101 1
17 1167 1
17 1570 1
17 1811 1
17 1955 1
18 170 1
18 373 1
18 424 1
18 563 1
18 886 1
18 1027 1
18 1254 1
18 1310 1
18 1405 1
18 1453 1
18 1514 1
19 4 1
19 28 1
19 35 1
19 87 1
19 365 1
19 438 1
19 755 1
19 789 1
19 903 1
19 1005 1
19 1116 1
19 1203 1
19 1284 1
19 1445 1
19 1804 1
19 1943 1
20 27 1
20 36 1
20 40 1
20 224 1
20 1055 1
20 1156 1
20 1364 1
20 1457 1
21 1 1
21 6 1
21 459 1
21 530 1
21 1482 1
21 1741 1
21 2008 1
22 38 1
22 441 1
22 1107 1
22 1619 1
23 12 1
23 805 1
24 168 1
24 917 1
24 2012 1
25 12 1
25 22 1
25 41 1
25 690 1
26 7 1
26 35 1
26 112 1
27 1549 1
27 1998 1
28 29 1
29 1 1
29 8 1
29 39 1
30 27 1
30 141 1
30 855 1
31 16 1
31 1411 1
32 27 1
32 417 1
32 1891 1
33 953 1
33 1424 1
34 23 1
34 150 1
34 400 1
34 1832 1
35 6 1
35 287 1
35 1288 1
35 1675 1
35 1680 1
35 1753 1
36 24 1
36 977 1
37 551 1
37 996 1
38 10 1
38 19 1
38 21 1
38 419 1
38 681 1
38 820 1
38 1235 1
39 12 1
39 26 1
39 1645 1
40 14 1
40 608 1
40 1449 1
40 1474 1
41 17 1
41 19 1
41 22 1
41 28 1
41 338 1
42 717 1
42 993 1
42 1151 1
42 1605 1
42 1613 1
43 4 1
43 33 1
44 1816 1
45 582 1
45 703 1
45 741 1
45 1118 1
46 709 1
47 380 1
48 40 1
48 600 1
48 1204 1
49 13 1
49 37 1
49 197 1
49 639 1
50 10 1
50 1125 1
51 1712 1
52 6 1
52 152 1
52 941 1
53 12 1
53 689 1
53 1010 1
53 1410 1
53 1841 1
53 1999 1
54 16 1
54 27 1
54 206 1
54 773 1
54 927 1
54 972 1
54 1021 1
54 1344 1
54 1651 1
55 22 1
55 1095 1
55 1587 1
55 1871 1
56 116 1
56 1064 1
56 1259 1
56 1296 1
57 23 1
57 37 1
57 480 1
57 561 1
57 1045 1
57 1213 1
58 245 1
58 750 1
58 781 1
58 1130 1
58 1349 1
58 1363 1
58 1462 1
58 1504 1
58 1710 1
59 32 1
59 981 1
59 1059 1
60 15 1
60 32 1
60 34 1
60 558 1
60 590 1
60 815 1
61 3 1
61 31 1
61 36 1
61 505 1
61 1641 1
62 18 1
62 28 1
62 910 1
63 8 1
63 11 1
63 27 1
65 6 1
65 849 1
65 1780 1
66 10 1
66 12 1
66 20 1
66 24 1
66 36 1
66 1176 1
68 41 1
68 775 1
69 2 1
69 12 1
69 28 1
69 33 1
69 41 1
70 29 1
70 37 1
70 178 1
72 28 1
72 405 1
72 621 1
72 1271 1
73 129 1
73 1531 1
73 1809 1
73 2035 1
74 33 1
74 36 1
74 179 1
74 305 1
74 673 1
74 974 1
74 1061 1
74 1366 1
74 1571 1
74 1737 1
75 30 1
75 578 1
75 1380 1
75 1589 1
75 1944 1
76 628 1
77 6 1
77 14 1
77 15 1
77 17 1
77 39 1
77 796 1
77 1025 1
77 1050 1
77 1293 1
77 1653 1
77 1830 1
78 1110 1
78 1162 1
79 534 1
79 1978 1
80 29 1
80 322 1
80 1630 1
80 1670 1
80 1952 1
81 35 1
81 162 1
81 453 1
81 928 1
82 14 1
82 24 1
82 30 1
82 236 1
82 1876 1
83 39 1
83 84 1
83 1108 1
83 1556 1
83 1788 1
84 36 1
84 1329 1
84 1591 1
84 1928 1
85 161 1
85 660 1
85 879 1
86 19 1
86 27 1
86 39 1
86 1588 1
87 30 1
87 31 1
87 38 1
87 316 1
87 591 1
87 683 1
87 1906 1
88 8 1
88 629 1
88 776 1
88 1420 1
89 22 1
89 1997 1
90 332 1
90 1500 1
90 1858 1
91 7 1
91 867 1
92 213 1
92 488 1
92 1503 1
93 31 1
93 41 1
93 468 1
94 37 1
94 1083 1
95 41 1
95 1966 1
95 2029 1
96 6 1
96 594 1
96 963 1
97 34 1
97 508 1
97 990 1
97 1138 1
97 1171 1
98 1450 1
98 1947 1
99 1 1
99 9 1
99 14 1
99 91 1
99 1331 1
99 1751 1
100 587 1
100 914 1
101 98 1
101 159 1
101 1766 1
102 3 1
102 24 1
102 26 1
102 932 1
103 38 1
103 1903 1
103 1970 1
104 22 1
104 41 1
104 1111 1
105 26 1
105 33 1
105 38 1
105 919 1
105 1076 1
106 1 1
106 114 1
106 345 1
106 613 1
106 1237 1
107 14 1
107 40 1
107 609 1
107 889 1
107 1813 1
108 10 1
108 36 1
108 189 1
108 528 1
110 9 1
110 40 1
111 925 1
112 807 1
112 1427 1
113 10 1
113 1640 1
114 12 1
114 149 1
114 930 1
114 1165 1
114 1302 1
115 285 1
115 1458 1
116 106 1
117 11 1
117 25 1
117 493 1
117 1775 1
118 22 1
118 28 1
118 167 1
118 192 1
118 334 1
118 413 1
118 476 1
118 823 1
118 829 1
118 1058 1
118 1586 1
118 1878 1
118 2015 1
118 2018 1
119 6 1
119 23 1
119 207 1
119 209 1
119 349 1
119 384 1
119 417 1
119 461 1
119 473 1
119 702 1
119 1341 1
119 2002 1
120 21 1
120 141 1
120 663 1
120 951 1
120 1276 1
120 1455 1
120 1736 1
120 2048 1
121 33 1
121 1143 1
121 1646 1
121 1688 1
122 147 1
122 513 1
122 806 1
122 1164 1
122 1475 1
122 1885 1
123 30 1
123 719 1
123 1936 1
124 652 1
124 1015 1
125 14 1
125 1662 1
125 1666 1
126 14 1
126 481 1
127 645 1
127 1274 1
127 1698 1
129 1 1
131 10 1
131 34 1
131 41 1
132 6 1
132 1154 1
135 34 1
137 11 1
137 20 1
137 35 1
137 1642 1
137 1849 1
139 38 1
139 1175 1
140 3 1
140 6 1
140 19 1
140 20 1
140 1099 1
141 8 1
141 1412 1
142 1016 1
143 22 1
144 12 1
144 1288 1
144 1971 1
145 37 1
145 939 1
146 41 1
147 6 1
147 10 1
147 1576 1
148 2 1
148 302 1
148 559 1
148 860 1
148 1704 1
148 1979 1
149 16 1
149 39 1
149 41 1
149 1592 1
149 1857 1
149 1884 1
149 1914 1
149 2045 1
150 725 1
150 754 1
151 173 1
151 196 1
151 892 1
151 1445 1
151 1820 1
152 412 1
152 1167 1
152 1233 1
152 1432 1
152 1521 1
152 1620 1
153 116 1
153 459 1
153 1101 1
153 1127 1
154 249 1
154 404 1
154 1731 1
155 184 1
155 1254 1
155 1261 1
155 1606 1
155 1811 1
155 1962 1
156 328 1
156 351 1
156 1132 1
156 1852 1
156 2037 1
157 420 1
157 1053 1
157 1178 1
159 118 1
161 1245 1
161 1534 1
162 1402 1
162 1753 1
164 1602 1
165 691 1
166 208 1
166 875 1
167 1228 1
168 766 1
168 1209 1
170 201 1
172 1014 1
175 982 1
181 850 1
181 938 1
186 1972 1
187 287 1
190 1801 1
192 1286 1
199 376 1
199 984 1
201 1899 1
205 1902 1
206 298 1
208 1224 1
212 292 1
221 1825 1
223 432 1
225 1989 1
228 131 1
229 490 1
240 1774 1
241 971 1
242 1218 1
252 1104 1
253 1735 1
254 1347 1
256 908 1
257 961 1
257 1520 1
271 383 1
272 1352 1
273 172 1
284 1399 1
285 1321 1
286 148 1
286 844 1
286 1047 1
286 1544 1
286 1730 1
287 1506 1
287 1860 1
288 1720 1
653 67 1
656 69 1
657 62 1
657 74 1
658 47 1
659 49 1
660 42 1
661 42 1
661 47 1
662 56 1
662 70 1
663 42 1
663 44 1
663 66 1
664 71 1
665 43 1
666 45 1
666 73 1
667 77 1
669 78 1
669 80 1
669 788 1
670 70 1
670 724 1
670 959 1
670 1915 1
671 300 1
671 510 1
672 498 1
672 1481 1
672 2022 1
673 1231 1
673 1311 1
673 1926 1
674 65 1
674 722 1
674 1533 1
675 59 1
675 1205 1
676 341 1
677 47 1
677 71 1
677 1691 1
678 71 1
678 407 1
678 1519 1
679 1894 1
680 60 1
680 69 1
680 71 1
681 43 1
681 753 1
681 1973 1
682 45 1
683 43 1
683 50 1
683 57 1
683 60 1
683 61 1
683 1508 1
685 60 1
685 1221 1
686 54 1
686 67 1
686 68 1
687 62 1
687 70 1
688 51 1
688 765 1
691 46 1
691 1019 1
691 1273 1
692 56 1
693 42 1
693 72 1
694 61 1
694 124 1
694 630 1
695 61 1
696 49 1
696 55 1
696 58 1
696 426 1
697 50 1
698 1448 1
699 45 1
699 68 1
699 70 1
699 80 1
699 625 1
700 52 1
700 78 1
700 649 1
702 50 1
702 58 1
702 75 1
705 1248 1
705 1522 1
706 65 1
707 69 1
708 1974 1
709 50 1
710 62 1
710 79 1
711 221 1
712 61 1
713 74 1
714 46 1
714 55 1
715 48 1
715 61 1
716 46 1
716 54 1
716 79 1
716 1681 1
716 1875 1
718 893 1
720 55 1
720 852 1
722 62 1
722 72 1
722 1747 1
723 74 1
724 54 1
725 51 1
725 53 1
726 61 1
726 72 1
726 1000 1
727 62 1
727 75 1
728 61 1
729 58 1
729 66 1
730 60 1
731 45 1
731 49 1
732 63 1
734 51 1
735 1418 1
737 44 1
738 43 1
738 58 1
738 75 1
738 76 1
738 77 1
738 462 1
739 47 1
739 53 1
739 1214 1
740 68 1
740 1757 1
741 42 1
741 231 1
741 329 1
741 570 1
742 218 1
744 49 1
744 54 1
744 56 1
745 73 1
745 79 1
746 44 1
746 60 1
749 46 1
749 64 1
749 74 1
750 44 1
750 59 1
750 2048 0
