1 23 1
1 36 1
3 8 1
4 9 1
4 16 1
4 34 1
5 3 1
5 23 1
7 22 1
8 8 1
11 21 1
11 23 1
13 7 1
13 30 1
13 477 1
13 613 1
13 1293 1
13 1820 1
13 1952 1
13 2012 1
14 40 1
14 152 1
14 179 1
14 226 1
14 776 1
14 860 1
14 1284 1
14 1371 1
14 1428 1
14 1592 1
14 1737 1
14 1816 1
14 2024 1
15 2 1
15 27 1
15 161 1
15 242 1
15 316 1
15 412 1
15 673 1
15 822 1
15 892 1
15 914 1
15 986 1
15 994 1
15 1076 1
15 1079 1
15 1097 1
15 1132 1
15 1171 1
15 1296 1
15 1380 1
15 1432 1
15 1525 1
15 1531 1
15 1532 1
15 1534 1
15 1741 1
15 1831 1
15 1947 1
15 1951 1
16 11 1
16 162 1
16 190 1
16 249 1
16 302 1
16 305 1
16 453 1
16 480 1
16 806 1
16 904 1
16 1100 1
16 1110 1
16 1156 1
16 1175 1
16 1176 1
16 1341 1
16 1349 1
16 1405 1
16 1453 1
16 1458 1
16 1514 1
16 1670 1
16 1785 1
16 1811 1
16 1900 1
16 1954 1
16 1971 1
16 2008 1
17 18 1
17 146 1
17 147 1
17 239 1
17 313 1
17 372 1
17 384 1
17 487 1
17 604 1
17 725 1
17 853 1
17 917 1
17 930 1
17 985 1
17 1010 1
17 1060 1
17 1094 1
17 1108 1
17 1147 1
17 1148 1
17 1213 1
17 1222 1
17 1259 1
17 1292 1
17 1688 1
17 1841 1
17 1999 1
18 30 1
18 38 1
18 279 1
18 287 1
18 475 1
18 592 1
18 796 1
18 962 1
18 1018 1
18 1116 1
18 1602 1
18 1646 1
18 1662 1
19 39 1
19 116 1
19 285 1
19 482 1
19 600 1
19 744 1
19 880 1
19 1050 1
19 1410 1
19 1475 1
19 1884 1
20 118 1
20 563 1
20 703 1
20 850 1
20 1427 1
20 1713 1
21 39 1
21 168 1
21 905 1
21 1329 1
22 21 1
22 197 1
22 1723 1
23 1033 1
24 12 1
24 1830 1
25 775 1
25 1364 1
25 1641 1
26 37 1
26 1366 1
26 1587 1
27 1724 1
29 5 1
29 8 1
31 6 1
31 29 1
32 30 1
33 14 1
33 1878 1
34 4 1
34 13 1
36 19 1
36 27 1
37 9 1
37 20 1
38 11 1
38 1500 1
39 23 1
39 27 1
39 41 1
40 14 1
40 24 1
40 28 1
42 18 1
43 10 1
43 733 1
44 508 1
44 580 1
45 493 1
46 245 1
46 761 1
46 1710 1
47 39 1
47 794 1
47 1111 1
47 1566 1
47 1770 1
47 1981 1
48 717 1
48 755 1
48 781 1
48 903 1
48 927 1
48 1022 1
48 1095 1
48 1233 1
48 1675 1
48 1813 1
48 1914 1
49 8 1
49 35 1
49 112 1
49 419 1
49 594 1
49 831 1
49 1068 1
49 1164 1
49 1505 1
49 1543 1
49 1844 1
50 38 1
50 236 1
50 441 1
50 459 1
50 544 1
50 558 1
50 561 1
50 879 1
50 990 1
50 1528 1
50 1680 1
50 1852 1
50 1976 1
50 1979 1
51 21 1
51 31 1
51 184 1
51 468 1
51 629 1
51 632 1
51 639 1
51 691 1
51 773 1
51 1344 1
51 1358 1
51 1503 1
51 1850 1
51 1962 1
52 151 1
52 404 1
52 509 1
52 623 1
52 951 1
52 963 1
52 1455 1
52 1460 1
52 1588 1
52 1606 1
52 1712 1
52 1751 1
52 1804 1
53 192 1
53 334 1
53 505 1
53 628 1
53 815 1
53 972 1
53 1223 1
53 1310 1
53 1586 1
53 1630 1
53 1653 1
53 1672 1
53 1749 1
53 1753 1
54 1 1
54 13 1
54 608 1
54 663 1
54 1061 1
54 1074 1
54 1204 1
54 1619 1
55 2 1
55 29 1
55 39 1
55 301 1
55 709 1
55 1127 1
55 1138 1
55 1424 1
55 1556 1
55 2018 1
56 4 1
56 1651 1
57 9 1
57 14 1
57 336 1
60 32 1
60 1313 1
62 20 1
62 33 1
62 1887 1
63 28 1
63 38 1
63 980 1
65 18 1
65 88 1
65 149 1
66 10 1
66 37 1
66 677 1
66 1306 1
66 1501 1
67 7 1
67 12 1
67 34 1
67 867 1
68 1062 1
69 528 1
69 1476 1
70 27 1
70 29 1
70 1055 1
71 21 1
71 25 1
71 34 1
73 21 1
73 1058 1
74 17 1
74 1262 1
75 5 1
75 33 1
75 1576 1
76 13 1
77 24 1
77 33 1
78 14 1
78 25 1
78 26 1
79 17 1
79 1251 1
79 1573 1
79 1597 1
80 23 1
80 209 1
81 9 1
81 15 1
81 1151 1
81 1244 1
81 1474 1
82 13 1
82 21 1
82 109 1
82 609 1
82 689 1
82 1674 1
82 2037 1
83 590 1
83 631 1
83 1527 1
83 1961 1
84 100 1
84 675 1
84 1209 1
84 1704 1
84 1828 1
85 564 1
85 578 1
85 1099 1
85 1645 1
85 1809 1
85 1823 1
86 17 1
86 36 1
86 128 1
86 732 1
86 947 1
86 1392 1
87 2 1
87 230 1
87 534 1
87 910 1
87 1064 1
87 1709 1
87 1858 1
87 1998 1
88 7 1
88 981 1
88 1676 1
88 1932 1
89 30 1
89 982 1
89 1059 1
89 1642 1
89 1775 1
90 12 1
90 32 1
90 39 1
90 354 1
90 1330 1
90 1848 1
91 2 1
91 19 1
91 87 1
91 284 1
91 719 1
91 1013 1
91 1021 1
92 495 1
92 538 1
92 591 1
92 750 1
92 2038 1
92 2046 1
93 1943 1
93 2005 1
94 5 1
94 1353 1
94 1849 1
94 1863 1
95 22 1
95 1025 1
95 1883 1
97 1 1
97 13 1
98 37 1
99 7 1
99 24 1
99 41 1
100 644 1
101 40 1
101 1978 1
102 13 1
102 15 1
102 207 1
102 1045 1
102 1319 1
102 1412 1
102 1679 1
103 752 1
104 14 1
104 37 1
104 436 1
105 11 1
105 22 1
105 29 1
105 150 1
105 421 1
105 770 1
105 928 1
106 39 1
106 525 1
106 1908 1
107 33 1
107 159 1
107 1101 1
107 1559 1
108 1015 1
109 5 1
109 34 1
110 34 1
110 40 1
110 1083 1
111 16 1
111 2041 1
112 16 1
112 25 1
112 29 1
112 37 1
112 823 1
112 1449 1
112 1600 1
113 1496 1
114 6 1
115 129 1
115 1928 1
116 40 1
116 224 1
116 849 1
116 1698 1
116 1936 1
117 12 1
117 21 1
117 31 1
117 36 1
117 925 1
118 6 1
118 681 1
118 1492 1
119 13 1
119 24 1
119 27 1
119 481 1
119 919 1
119 938 1
119 1728 1
120 10 1
120 1118 1
120 2029 1
121 31 1
121 567 1
121 974 1
122 10 1
122 15 1
122 1027 1
122 1143 1
122 1462 1
122 1618 1
122 1780 1
123 25 1
123 98 1
123 345 1
123 488 1
123 652 1
123 741 1
124 32 1
124 698 1
124 1235 1
124 1993 1
125 302 1
125 322 1
125 690 1
125 911 1
125 976 1
125 1014 1
125 1546 1
125 1952 1
126 1203 1
127 1245 1
127 1832 1
128 30 1
128 38 1
128 820 1
128 1178 1
129 932 1
129 1885 1
130 365 1
130 1254 1
130 1443 1
131 38 1
131 364 1
131 551 1
131 766 1
131 807 1
131 1521 1
131 1640 1
131 1906 1
132 28 1
132 40 1
132 1615 1
132 1667 1
133 84 1
134 5 1
134 213 1
134 640 1
134 889 1
134 1666 1
134 1853 1
135 114 1
135 789 1
135 1107 1
135 2045 1
136 309 1
136 448 1
137 1 1
137 206 1
137 918 1
137 1154 1
138 19 1
138 26 1
138 40 1
138 587 1
138 1944 1
138 2048 1
140 4 1
140 391 1
142 10 1
142 13 1
142 27 1
142 611 1
143 670 1
143 1482 1
144 2 1
144 22 1
144 41 1
144 953 1
146 18 1
146 33 1
146 97 1
147 33 1
147 1985 1
148 1005 1
148 2015 1
149 26 1
149 1363 1
150 4 1
150 9 1
150 17 1
150 362 1
150 1516 1
151 1228 1
152 1549 1
152 1591 1
152 1605 1
153 941 1
153 1288 1
154 914 1
154 2002 1
156 1613 1
157 461 1
157 806 1
158 548 1
159 349 1
159 1165 1
159 1172 1
159 1891 1
159 2039 1
160 158 1
160 424 1
160 1388 1
160 1680 1
161 161 1
161 408 1
161 1018 1
161 1176 1
161 1662 1
161 1898 1
162 316 1
162 747 1
162 1108 1
163 405 1
163 530 1
163 659 1
164 473 1
164 805 1
166 487 1
168 141 1
168 201 1
169 368 1
169 557 1
170 1112 1
173 372 1
173 1250 1
175 977 1
176 2008 1
177 1485 1
178 1272 1
182 1483 1
185 154 1
187 739 1
190 1801 1
190 1824 1
195 1694 1
197 323 1
201 562 1
202 1357 1
204 268 1
206 1223 1
209 187 1
209 787 1
210 1782 1
212 841 1
212 1331 1
212 1777 1
215 1489 1
218 1590 1
221 574 1
222 1725 1
223 1141 1
224 686 1
225 243 1
225 669 1
226 1050 1
227 556 1
227 1864 1
240 620 1
253 756 1
258 1308 1
272 1540 1
273 136 1
273 171 1
284 1486 1
285 633 1
286 260 1
286 1958 1
287 442 1
287 671 1
288 946 1
288 1840 1
293 1092 1
301 693 1
307 1001 1
320 651 1
321 135 1
322 522 1
322 745 1
323 595 1
750 2048 0
