1 3 1
1 14 1
1 91 1
1 166 1
1 206 1
1 254 1
1 266 1
1 286 1
1 307 1
1 314 1
1 345 1
1 396 1
1 439 1
1 466 1
1 470 1
1 476 1
1 480 1
1 513 1
1 526 1
1 566 1
1 597 1
1 612 1
1 675 1
1 722 1
1 846 1
1 908 1
1 925 1
1 1018 1
1 1037 1
1 1046 1
1 1064 1
1 1092 1
1 1107 1
1 1113 1
1 1117 1
1 1130 1
1 1134 1
1 1200 1
1 1241 1
1 1293 1
1 1332 1
1 1393 1
1 1426 1
1 1467 1
1 1575 1
1 1606 1
1 1664 1
1 1714 1
1 1725 1
1 1843 1
1 1872 1
1 1895 1
1 1913 1
1 1920 1
1 2004 1
2 61 1
2 258 1
2 317 1
2 362 1
2 442 1
2 471 1
2 518 1
2 528 1
2 642 1
2 645 1
2 714 1
2 760 1
2 867 1
2 882 1
2 885 1
2 886 1
2 979 1
2 1026 1
2 1045 1
2 1100 1
2 1102 1
2 1179 1
2 1209 1
2 1226 1
2 1291 1
2 1312 1
2 1357 1
2 1385 1
2 1509 1
2 1547 1
2 1706 1
2 1739 1
2 1808 1
2 1914 1
2 1945 1
2 1989 1
3 230 1
3 259 1
3 260 1
3 301 1
3 302 1
3 609 1
3 784 1
3 851 1
3 1215 1
3 1217 1
3 1390 1
3 1391 1
3 1510 1
3 1527 1
3 1549 1
3 1614 1
3 1801 1
3 1896 1
4 4 1
4 9 1
4 143 1
4 321 1
4 334 1
4 371 1
4 407 1
4 529 1
4 711 1
4 758 1
4 833 1
4 861 1
4 994 1
4 1152 1
4 1323 1
4 1619 1
4 1711 1
4 1728 1
5 13 1
5 311 1
5 318 1
5 351 1
5 1053 1
5 1082 1
5 1098 1
5 1156 1
5 1289 1
5 1366 1
5 1490 1
5 1688 1
5 1761 1
5 1810 1
5 1955 1
5 1967 1
6 225 1
6 346 1
6 813 1
6 1513 1
6 1659 1
6 1993 1
7 24 1
7 102 1
7 203 1
7 236 1
7 360 1
7 380 1
7 1085 1
7 1487 1
7 1800 1
7 1888 1
7 2007 1
8 26 1
8 39 1
8 40 1
8 123 1
8 1014 1
8 1172 1
8 1236 1
8 1383 1
8 1831 1
8 1883 1
8 2016 1
9 13 1
9 35 1
9 164 1
9 211 1
9 246 1
9 347 1
9 618 1
9 654 1
9 911 1
9 932 1
9 1072 1
9 1186 1
9 1345 1
9 1408 1
9 1638 1
9 1640 1
9 1738 1
9 1779 1
9 1807 1
9 1917 1
9 1948 1
9 1983 1
10 7 1
10 9 1
10 63 1
10 121 1
10 141 1
10 218 1
10 271 1
10 275 1
10 375 1
10 379 1
10 472 1
10 504 1
10 536 1
10 558 1
10 625 1
10 661 1
10 718 1
10 761 1
10 991 1
10 1162 1
10 1164 1
10 1311 1
10 1483 1
10 1536 1
10 1628 1
10 1637 1
10 1669 1
10 1696 1
10 1775 1
10 1849 1
10 1871 1
10 1934 1
10 2026 1
11 6 1
11 22 1
11 28 1
11 33 1
11 46 1
11 55 1
11 57 1
11 65 1
11 75 1
11 79 1
11 81 1
11 87 1
11 165 1
11 167 1
11 189 1
11 205 1
11 212 1
11 250 1
11 273 1
11 292 1
11 312 1
11 332 1
11 335 1
11 349 1
11 388 1
11 395 1
11 408 1
11 417 1
11 427 1
11 428 1
11 429 1
11 434 1
11 488 1
11 490 1
11 503 1
11 533 1
11 548 1
11 553 1
11 581 1
11 588 1
11 594 1
11 610 1
11 613 1
11 626 1
11 633 1
11 719 1
11 750 1
11 752 1
11 775 1
11 778 1
11 788 1
11 789 1
11 810 1
11 811 1
11 820 1
11 837 1
11 853 1
11 873 1
11 914 1
11 926 1
11 928 1
11 934 1
11 939 1
11 961 1
11 980 1
11 1035 1
11 1055 1
11 1066 1
11 1081 1
11 1087 1
11 1116 1
11 1119 1
11 1128 1
11 1146 1
11 1155 1
11 1182 1
11 1189 1
11 1196 1
11 1213 1
11 1214 1
11 1248 1
11 1275 1
11 1294 1
11 1298 1
11 1302 1
11 1341 1
11 1373 1
11 1379 1
11 1380 1
11 1402 1
11 1404 1
11 1409 1
11 1418 1
11 1437 1
11 1441 1
11 1455 1
11 1456 1
11 1463 1
11 1464 1
11 1492 1
11 1500 1
11 1506 1
11 1516 1
11 1532 1
11 1560 1
11 1584 1
11 1586 1
11 1627 1
11 1636 1
11 1642 1
11 1645 1
11 1655 1
11 1658 1
11 1662 1
11 1668 1
11 1684 1
11 1690 1
11 1727 1
11 1729 1
11 1737 1
11 1742 1
11 1750 1
11 1787 1
11 1793 1
11 1812 1
11 1816 1
11 1826 1
11 1832 1
11 1847 1
11 1850 1
11 1857 1
11 1885 1
11 1905 1
11 1922 1
11 1926 1
11 1932 1
11 1935 1
11 1936 1
11 1960 1
11 1973 1
11 1976 1
11 1977 1
11 2024 1
11 2029 1
11 2031 1
11 2039 1
12 10 1
12 25 1
12 41 1
12 51 1
12 52 1
12 53 1
12 72 1
12 73 1
12 78 1
12 80 1
12 89 1
12 93 1
12 95 1
12 97 1
12 112 1
12 113 1
12 124 1
12 126 1
12 132 1
12 136 1
12 147 1
12 151 1
12 152 1
12 163 1
12 172 1
12 173 1
12 181 1
12 193 1
12 200 1
12 214 1
12 219 1
12 224 1
12 226 1
12 229 1
12 235 1
12 241 1
12 243 1
12 247 1
12 257 1
12 274 1
12 277 1
12 283 1
12 295 1
12 306 1
12 310 1
12 320 1
12 327 1
12 331 1
12 336 1
12 357 1
12 364 1
12 366 1
12 381 1
12 390 1
12 400 1
12 415 1
12 421 1
12 422 1
12 437 1
12 444 1
12 445 1
12 448 1
12 456 1
12 458 1
12 460 1
12 463 1
12 482 1
12 492 1
12 495 1
12 498 1
12 500 1
12 502 1
12 507 1
12 511 1
12 512 1
12 516 1
12 532 1
12 540 1
12 554 1
12 561 1
12 573 1
12 582 1
12 587 1
12 590 1
12 600 1
12 601 1
12 604 1
12 627 1
12 628 1
12 630 1
12 635 1
12 639 1
12 640 1
12 649 1
12 652 1
12 672 1
12 682 1
12 683 1
12 686 1
12 689 1
12 691 1
12 693 1
12 698 1
12 702 1
12 721 1
12 726 1
12 729 1
12 735 1
12 736 1
12 740 1
12 747 1
12 766 1
12 769 1
12 773 1
12 787 1
12 796 1
12 800 1
12 803 1
12 808 1
12 818 1
12 819 1
12 828 1
12 839 1
12 841 1
12 844 1
12 852 1
12 864 1
12 870 1
12 877 1
12 878 1
12 892 1
12 894 1
12 895 1
12 915 1
12 922 1
12 935 1
12 943 1
12 952 1
12 958 1
12 962 1
12 965 1
12 966 1
12 967 1
12 978 1
12 986 1
12 992 1
12 1002 1
12 1003 1
12 1009 1
12 1022 1
12 1029 1
12 1034 1
12 1042 1
12 1060 1
12 1069 1
12 1073 1
12 1080 1
12 1088 1
12 1093 1
12 1101 1
12 1103 1
12 1106 1
12 1112 1
12 1114 1
12 1115 1
12 1126 1
12 1132 1
12 1136 1
12 1151 1
12 1167 1
12 1171 1
12 1173 1
12 1187 1
12 1203 1
12 1220 1
12 1222 1
12 1223 1
12 1232 1
12 1234 1
12 1244 1
12 1251 1
12 1254 1
12 1257 1
12 1259 1
12 1281 1
12 1284 1
12 1296 1
12 1303 1
12 1306 1
12 1313 1
12 1325 1
12 1330 1
12 1335 1
12 1344 1
12 1346 1
12 1354 1
12 1369 1
12 1370 1
12 1381 1
12 1382 1
12 1400 1
12 1407 1
12 1419 1
12 1425 1
12 1428 1
12 1429 1
12 1430 1
12 1433 1
12 1434 1
12 1435 1
12 1438 1
12 1442 1
12 1452 1
12 1459 1
12 1474 1
12 1478 1
12 1504 1
12 1505 1
12 1515 1
12 1517 1
12 1524 1
12 1531 1
12 1533 1
12 1543 1
12 1544 1
12 1548 1
12 1550 1
12 1554 1
12 1558 1
12 1561 1
12 1563 1
12 1573 1
12 1574 1
12 1581 1
12 1585 1
12 1595 1
12 1603 1
12 1604 1
12 1612 1
12 1622 1
12 1623 1
12 1632 1
12 1634 1
12 1643 1
12 1657 1
12 1666 1
12 1667 1
12 1673 1
12 1677 1
12 1678 1
12 1695 1
12 1717 1
12 1724 1
12 1730 1
12 1735 1
12 1743 1
12 1746 1
12 1747 1
12 1766 1
12 1773 1
12 1790 1
12 1791 1
12 1792 1
12 1794 1
12 1796 1
12 1798 1
12 1818 1
12 1833 1
12 1834 1
12 1835 1
12 1855 1
12 1869 1
12 1877 1
12 1878 1
12 1881 1
12 1898 1
12 1900 1
12 1902 1
12 1906 1
12 1933 1
12 1937 1
12 1953 1
12 1965 1
12 1966 1
12 1982 1
12 1985 1
12 1995 1
12 1996 1
12 2011 1
12 2012 1
12 2013 1
12 2023 1
12 2033 1
12 2034 1
13 3 1
13 7 1
13 11 1
13 15 1
13 16 1
13 23 1
13 32 1
13 34 1
13 40 1
13 50 1
13 58 1
13 59 1
13 64 1
13 71 1
13 84 1
13 88 1
13 92 1
13 114 1
13 119 1
13 127 1
13 130 1
13 149 1
13 178 1
13 180 1
13 194 1
13 215 1
13 216 1
13 228 1
13 238 1
13 242 1
13 244 1
13 253 1
13 261 1
13 272 1
13 281 1
13 282 1
13 300 1
13 344 1
13 359 1
13 377 1
13 378 1
13 384 1
13 393 1
13 416 1
13 436 1
13 441 1
13 447 1
13 450 1
13 455 1
13 483 1
13 517 1
13 525 1
13 527 1
13 530 1
13 538 1
13 542 1
13 565 1
13 567 1
13 580 1
13 592 1
13 623 1
13 631 1
13 641 1
13 644 1
13 657 1
13 665 1
13 666 1
13 667 1
13 670 1
13 671 1
13 673 1
13 692 1
13 699 1
13 703 1
13 716 1
13 720 1
13 734 1
13 737 1
13 746 1
13 756 1
13 765 1
13 785 1
13 812 1
13 849 1
13 859 1
13 869 1
13 871 1
13 897 1
13 903 1
13 933 1
13 938 1
13 963 1
13 964 1
13 976 1
13 999 1
13 1005 1
13 1013 1
13 1051 1
13 1059 1
13 1061 1
13 1065 1
13 1068 1
13 1071 1
13 1076 1
13 1078 1
13 1105 1
13 1118 1
13 1123 1
13 1138 1
13 1139 1
13 1145 1
13 1166 1
13 1180 1
13 1184 1
13 1195 1
13 1205 1
13 1212 1
13 1224 1
13 1225 1
13 1233 1
13 1239 1
13 1246 1
13 1249 1
13 1264 1
13 1290 1
13 1307 1
13 1309 1
13 1322 1
13 1328 1
13 1331 1
13 1334 1
13 1348 1
13 1350 1
13 1359 1
13 1387 1
13 1427 1
13 1436 1
13 1439 1
13 1447 1
13 1450 1
13 1468 1
13 1470 1
13 1491 1
13 1507 1
13 1508 1
13 1514 1
13 1518 1
13 1521 1
13 1542 1
13 1566 1
13 1590 1
13 1594 1
13 1596 1
13 1601 1
13 1602 1
13 1610 1
13 1618 1
13 1626 1
13 1633 1
13 1653 1
13 1674 1
13 1691 1
13 1693 1
13 1701 1
13 1703 1
13 1712 1
13 1718 1
13 1721 1
13 1744 1
13 1745 1
13 1755 1
13 1768 1
13 1772 1
13 1780 1
13 1784 1
13 1821 1
13 1823 1
13 1828 1
13 1861 1
13 1865 1
13 1868 1
13 1870 1
13 1890 1
13 1893 1
13 1923 1
13 1925 1
13 1931 1
13 1939 1
13 1940 1
13 1958 1
13 1959 1
13 1974 1
13 1984 1
13 2003 1
13 2006 1
13 2008 1
13 2035 1
13 2041 1
13 2044 1
14 37 1
14 96 1
14 104 1
14 105 1
14 117 1
14 148 1
14 185 1
14 256 1
14 298 1
14 305 1
14 308 1
14 322 1
14 323 1
14 326 1
14 328 1
14 369 1
14 457 1
14 467 1
14 557 1
14 571 1
14 643 1
14 662 1
14 757 1
14 825 1
14 836 1
14 855 1
14 875 1
14 881 1
14 904 1
14 910 1
14 912 1
14 924 1
14 944 1
14 960 1
14 968 1
14 974 1
14 982 1
14 983 1
14 989 1
14 1001 1
14 1047 1
14 1153 1
14 1185 1
14 1237 1
14 1299 1
14 1321 1
14 1338 1
14 1347 1
14 1358 1
14 1378 1
14 1417 1
14 1458 1
14 1462 1
14 1484 1
14 1493 1
14 1526 1
14 1534 1
14 1565 1
14 1568 1
14 1607 1
14 1630 1
14 1663 1
14 1708 1
14 1740 1
14 1757 1
14 1802 1
14 1829 1
14 1837 1
14 1844 1
14 1845 1
14 1862 1
14 1873 1
14 1886 1
14 1951 1
14 1994 1
14 1999 1
14 2005 1
14 2014 1
14 2028 1
15 25 1
15 129 1
15 191 1
15 208 1
15 248 1
15 270 1
15 356 1
15 383 1
15 469 1
15 479 1
15 552 1
15 564 1
15 579 1
15 595 1
15 700 1
15 815 1
15 860 1
15 893 1
15 972 1
15 981 1
15 1011 1
15 1181 1
15 1197 1
15 1245 1
15 1256 1
15 1261 1
15 1268 1
15 1273 1
15 1316 1
15 1320 1
15 1351 1
15 1363 1
15 1384 1
15 1395 1
15 1397 1
15 1449 1
15 1519 1
15 1546 1
15 1569 1
15 1580 1
15 1616 1
15 1635 1
15 1683 1
15 1770 1
15 1820 1
15 1830 1
15 1876 1
15 1942 1
16 14 1
16 44 1
16 231 1
16 291 1
16 419 1
16 494 1
16 550 1
16 551 1
16 606 1
16 629 1
16 946 1
16 1028 1
16 1228 1
16 1405 1
16 1486 1
16 1570 1
16 1943 1
17 333 1
17 461 1
17 589 1
17 738 1
17 805 1
17 823 1
17 902 1
17 1036 1
17 1040 1
17 1283 1
17 1314 1
17 1707 1
17 1732 1
17 1762 1
18 3 1
18 9 1
18 86 1
18 1074 1
18 1276 1
18 1741 1
18 1815 1
19 1012 1
19 1444 1
19 1811 1
19 2025 1
20 862 1
20 883 1
20 896 1
20 990 1
21 30 1
21 779 1
21 1295 1
22 2 1
22 19 1
22 959 1
22 1190 1
22 1315 1
22 1448 1
22 1454 1
22 1841 1
22 1975 1
23 3 1
23 8 1
23 420 1
23 842 1
23 1809 1
24 33 1
24 111 1
24 131 1
24 157 1
24 316 1
24 401 1
24 485 1
24 501 1
24 509 1
24 572 1
24 936 1
24 996 1
24 1477 1
24 1523 1
24 1559 1
24 1702 1
24 2010 1
25 3 1
25 262 1
25 352 1
25 593 1
25 664 1
25 906 1
25 1686 1
25 1765 1
27 376 1
27 1615 1
28 2 1
28 3 1
28 16 1
28 19 1
28 1000 1
28 1140 1
28 1255 1
29 435 1
29 531 1
30 17 1
30 66 1
30 956 1
32 265 1
34 11 1
35 9 1
35 28 1
36 23 1
36 34 1
38 23 1
39 21 1
40 18 1
41 2 1
41 5 1
43 3 1
44 6 1
44 15 1
44 36 1
46 7 1
47 17 1
48 19 1
48 27 1
49 37 1
50 15 1
51 24 1
51 28 1
53 28 1
55 1804 1
57 21 1
57 27 1
57 37 1
59 1 1
59 13 1
59 33 1
59 717 1
59 1805 1
60 3 1
60 15 1
60 23 1
60 1699 1
61 1651 1
62 1413 1
62 1579 1
62 1719 1
62 1733 1
62 2004 1
63 21 1
63 284 1
63 1095 1
63 1135 1
63 1494 1
63 1680 1
64 1 1
64 184 1
64 505 1
64 799 1
64 889 1
64 1061 1
64 1297 1
64 1310 1
64 1424 1
64 1895 1
65 790 1
65 866 1
65 1944 1
66 4 1
66 30 1
66 195 1
66 611 1
66 709 1
66 1125 1
66 1148 1
67 813 1
67 1083 1
67 1100 1
67 1850 1
68 7 1
68 12 1
68 309 1
69 5 1
69 15 1
69 382 1
69 1781 1
70 13 1
70 771 1
70 1573 1
70 1709 1
71 1204 1
71 1753 1
72 1557 1
73 1 1
73 12 1
73 128 1
73 418 1
73 858 1
73 1863 1
74 190 1
74 209 1
74 694 1
74 1015 1
74 1147 1
75 210 1
75 285 1
75 339 1
75 440 1
75 453 1
75 545 1
75 677 1
75 807 1
75 827 1
75 909 1
75 1175 1
75 1867 1
75 1969 1
75 2046 1
76 99 1
76 562 1
76 578 1
76 723 1
76 783 1
76 847 1
76 1058 1
76 1242 1
76 1578 1
76 1605 1
76 1676 1
76 1838 1
76 1988 1
77 7 1
77 22 1
77 51 1
77 213 1
77 364 1
77 365 1
77 656 1
77 669 1
77 806 1
77 854 1
77 856 1
77 947 1
77 1010 1
77 1096 1
77 1137 1
77 1158 1
77 1495 1
77 1652 1
77 1714 1
77 1853 1
77 2038 1
78 7 1
78 18 1
78 62 1
78 140 1
78 325 1
78 370 1
78 385 1
78 399 1
78 456 1
78 585 1
78 588 1
78 646 1
78 781 1
78 835 1
78 1094 1
78 1122 1
78 1227 1
78 1267 1
78 1330 1
78 1355 1
78 1363 1
78 1453 1
78 1482 1
78 1564 1
78 1672 1
78 1698 1
78 1852 1
78 1858 1
78 1897 1
78 1899 1
78 1928 1
78 1968 1
78 1990 1
78 2030 1
79 14 1
79 20 1
79 22 1
79 413 1
79 451 1
79 524 1
79 690 1
79 754 1
79 868 1
79 1027 1
79 1048 1
79 1090 1
79 1143 1
79 1193 1
79 1287 1
79 1438 1
79 1549 1
79 1720 1
79 1978 1
79 2040 1
80 16 1
80 222 1
80 459 1
80 481 1
80 568 1
80 607 1
80 749 1
80 816 1
80 826 1
80 898 1
80 916 1
80 927 1
80 993 1
80 1116 1
80 1169 1
80 1262 1
80 1322 1
80 2039 1
81 16 1
81 19 1
81 70 1
81 149 1
81 447 1
81 945 1
81 971 1
81 979 1
81 1461 1
81 1653 1
81 1763 1
81 1764 1
81 1768 1
81 1848 1
82 60 1
82 280 1
82 636 1
82 772 1
82 938 1
82 1280 1
82 1619 1
82 1846 1
82 1908 1
82 1981 1
83 292 1
83 315 1
83 559 1
83 705 1
83 843 1
83 1032 1
83 1420 1
83 1884 1
84 3 1
84 42 1
84 246 1
84 918 1
84 1756 1
84 2037 1
85 37 1
85 429 1
85 464 1
85 802 1
85 874 1
85 907 1
85 987 1
85 1045 1
85 1353 1
85 1356 1
85 1675 1
85 1800 1
85 1819 1
86 973 1
86 1305 1
86 1456 1
87 710 1
87 1228 1
87 1367 1
87 1700 1
88 2 1
88 6 1
88 529 1
88 1993 1
89 150 1
89 397 1
89 890 1
89 1474 1
89 1692 1
89 1723 1
89 1797 1
90 7 1
90 24 1
90 25 1
90 56 1
90 103 1
90 696 1
90 1014 1
90 1052 1
90 1178 1
90 1343 1
90 1411 1
90 1503 1
90 1716 1
90 1803 1
90 1822 1
90 1962 1
91 1 1
91 142 1
91 196 1
91 278 1
91 319 1
91 391 1
91 412 1
91 424 1
91 425 1
91 515 1
91 930 1
91 937 1
91 1081 1
91 1089 1
91 1176 1
91 1207 1
91 1252 1
91 1260 1
91 1271 1
91 1319 1
91 1368 1
91 1371 1
91 1374 1
91 1422 1
91 1440 1
91 1460 1
91 1571 1
91 1734 1
91 1842 1
91 1941 1
91 1961 1
91 2018 1
91 2045 1
92 16 1
92 110 1
92 176 1
92 217 1
92 233 1
92 251 1
92 313 1
92 354 1
92 386 1
92 462 1
92 465 1
92 475 1
92 487 1
92 506 1
92 541 1
92 608 1
92 615 1
92 674 1
92 720 1
92 741 1
92 755 1
92 809 1
92 840 1
92 917 1
92 998 1
92 1018 1
92 1041 1
92 1086 1
92 1162 1
92 1266 1
92 1292 1
92 1349 1
92 1412 1
92 1423 1
92 1465 1
92 1577 1
92 1638 1
92 1670 1
92 1697 1
92 1704 1
92 1754 1
92 1882 1
92 1883 1
92 1937 1
92 1997 1
92 2027 1
93 25 1
93 67 1
93 118 1
93 145 1
93 152 1
93 154 1
93 164 1
93 179 1
93 188 1
93 201 1
93 221 1
93 239 1
93 245 1
93 338 1
93 398 1
93 402 1
93 404 1
93 409 1
93 446 1
93 499 1
93 539 1
93 544 1
93 560 1
93 575 1
93 576 1
93 658 1
93 685 1
93 704 1
93 721 1
93 748 1
93 764 1
93 767 1
93 768 1
93 774 1
93 863 1
93 976 1
93 1022 1
93 1054 1
93 1097 1
93 1104 1
93 1208 1
93 1235 1
93 1250 1
93 1257 1
93 1270 1
93 1278 1
93 1296 1
93 1312 1
93 1377 1
93 1416 1
93 1515 1
93 1525 1
93 1644 1
93 1649 1
93 1713 1
93 1782 1
93 1786 1
93 1787 1
93 1807 1
93 1872 1
93 1912 1
93 1930 1
93 1936 1
93 1995 1
93 2032 1
93 2047 1
94 18 1
94 41 1
94 85 1
94 102 1
94 106 1
94 159 1
94 170 1
94 249 1
94 264 1
94 304 1
94 329 1
94 353 1
94 394 1
94 466 1
94 563 1
94 695 1
94 728 1
94 794 1
94 922 1
94 931 1
94 955 1
94 957 1
94 1031 1
94 1033 1
94 1110 1
94 1127 1
94 1133 1
94 1134 1
94 1201 1
94 1210 1
94 1272 1
94 1317 1
94 1360 1
94 1476 1
94 1587 1
94 1606 1
94 1611 1
94 1617 1
94 1687 1
94 1694 1
94 1710 1
94 1777 1
94 1814 1
94 1909 1
94 1911 1
94 1921 1
94 1946 1
94 2042 1
95 52 1
95 94 1
95 122 1
95 148 1
95 198 1
95 199 1
95 321 1
95 389 1
95 405 1
95 443 1
95 468 1
95 581 1
95 602 1
95 637 1
95 700 1
95 707 1
95 715 1
95 739 1
95 786 1
95 831 1
95 878 1
95 940 1
95 1042 1
95 1070 1
95 1099 1
95 1144 1
95 1150 1
95 1154 1
95 1211 1
95 1293 1
95 1311 1
95 1329 1
95 1392 1
95 1432 1
95 1441 1
95 1471 1
95 1527 1
95 1545 1
95 1550 1
95 1556 1
95 1593 1
95 1614 1
95 1641 1
95 1752 1
95 1767 1
95 1771 1
95 1831 1
95 1856 1
95 1874 1
95 1904 1
95 1972 1
95 1986 1
96 2 1
96 234 1
96 449 1
96 514 1
96 584 1
96 621 1
96 708 1
96 734 1
96 750 1
96 761 1
96 766 1
96 905 1
96 935 1
96 965 1
96 1075 1
96 1079 1
96 1120 1
96 1168 1
96 1327 1
96 1362 1
96 1484 1
96 1498 1
96 1517 1
96 1540 1
96 1581 1
96 1643 1
96 1647 1
96 1748 1
96 1866 1
96 1918 1
96 1951 1
96 1976 1
96 2021 1
96 2048 1
97 6 1
97 24 1
97 43 1
97 146 1
97 161 1
97 274 1
97 341 1
97 552 1
97 570 1
97 730 1
97 797 1
97 822 1
97 829 1
97 846 1
97 997 1
97 1046 1
97 1131 1
97 1156 1
97 1165 1
97 1217 1
97 1223 1
97 1233 1
97 1426 1
97 1492 1
97 1572 1
97 1620 1
97 1789 1
97 1876 1
97 1879 1
97 1971 1
97 1991 1
97 2002 1
98 74 1
98 134 1
98 423 1
98 533 1
98 634 1
98 737 1
98 814 1
98 876 1
98 1074 1
98 1077 1
98 1592 1
98 1706 1
98 1851 1
98 1901 1
98 1949 1
98 2041 1
99 47 1
99 171 1
99 273 1
99 294 1
99 651 1
99 880 1
99 919 1
99 1040 1
99 1050 1
99 1196 1
99 1213 1
99 1215 1
99 1403 1
99 1501 1
99 1530 1
99 1656 1
99 1681 1
99 1891 1
100 22 1
100 232 1
100 403 1
100 470 1
100 804 1
100 1021 1
100 1049 1
100 1927 1
100 1987 1
100 2017 1
101 16 1
101 21 1
101 38 1
101 362 1
101 510 1
101 1366 1
101 1414 1
101 1475 1
101 1827 1
102 120 1
102 279 1
102 1026 1
102 1705 1
102 1970 1
102 2003 1
103 31 1
103 486 1
103 605 1
103 1199 1
103 1445 1
103 1759 1
104 10 1
104 31 1
104 504 1
104 948 1
104 1510 1
104 1661 1
104 1715 1
105 35 1
105 45 1
105 408 1
105 780 1
105 824 1
105 859 1
105 1062 1
105 1512 1
105 1824 1
106 38 1
106 83 1
106 202 1
106 204 1
106 212 1
106 254 1
106 268 1
106 296 1
106 454 1
106 480 1
106 520 1
106 555 1
106 583 1
106 616 1
106 653 1
106 798 1
106 821 1
106 857 1
106 954 1
106 1008 1
106 1038 1
106 1057 1
106 1269 1
106 1277 1
106 1323 1
106 1336 1
106 1372 1
106 1391 1
106 1401 1
106 1591 1
106 1629 1
106 1679 1
106 1907 1
107 9 1
107 16 1
107 29 1
107 69 1
107 82 1
107 90 1
107 98 1
107 153 1
107 158 1
107 165 1
107 183 1
107 225 1
107 288 1
107 293 1
107 297 1
107 302 1
107 349 1
107 355 1
107 358 1
107 410 1
107 411 1
107 473 1
107 474 1
107 476 1
107 477 1
107 491 1
107 519 1
107 617 1
107 648 1
107 650 1
107 687 1
107 691 1
107 725 1
107 731 1
107 776 1
107 839 1
107 850 1
107 879 1
107 899 1
107 913 1
107 950 1
107 977 1
107 1006 1
107 1067 1
107 1101 1
107 1109 1
107 1163 1
107 1206 1
107 1226 1
107 1230 1
107 1231 1
107 1241 1
107 1258 1
107 1288 1
107 1289 1
107 1301 1
107 1304 1
107 1324 1
107 1337 1
107 1364 1
107 1365 1
107 1388 1
107 1393 1
107 1394 1
107 1447 1
107 1469 1
107 1472 1
107 1516 1
107 1520 1
107 1541 1
107 1597 1
107 1624 1
107 1631 1
107 1639 1
107 1650 1
107 1722 1
107 1728 1
107 1736 1
107 1749 1
107 1760 1
107 1795 1
107 1839 1
107 1843 1
107 1844 1
107 1859 1
107 1919 1
107 1929 1
107 1963 1
107 1998 1
107 2000 1
107 2001 1
108 48 1
108 81 1
108 100 1
108 109 1
108 125 1
108 143 1
108 169 1
108 174 1
108 186 1
108 192 1
108 203 1
108 220 1
108 266 1
108 299 1
108 301 1
108 320 1
108 343 1
108 346 1
108 348 1
108 350 1
108 351 1
108 371 1
108 407 1
108 414 1
108 426 1
108 431 1
108 442 1
108 478 1
108 497 1
108 513 1
108 522 1
108 523 1
108 543 1
108 597 1
108 612 1
108 632 1
108 638 1
108 655 1
108 679 1
108 688 1
108 701 1
108 718 1
108 726 1
108 727 1
108 861 1
108 872 1
108 887 1
108 891 1
108 939 1
108 966 1
108 970 1
108 1007 1
108 1011 1
108 1017 1
108 1025 1
108 1030 1
108 1039 1
108 1056 1
108 1069 1
108 1107 1
108 1153 1
108 1160 1
108 1167 1
108 1170 1
108 1174 1
108 1209 1
108 1248 1
108 1285 1
108 1385 1
108 1386 1
108 1415 1
108 1421 1
108 1437 1
108 1488 1
108 1511 1
108 1551 1
108 1555 1
108 1562 1
108 1567 1
108 1583 1
108 1588 1
108 1598 1
108 1599 1
108 1603 1
108 1613 1
108 1665 1
108 1727 1
108 1776 1
108 1783 1
108 1801 1
108 1808 1
108 1813 1
108 1817 1
108 1875 1
108 1916 1
108 1947 1
108 1955 1
108 1956 1
108 1979 1
108 2013 1
109 57 1
109 72 1
109 84 1
109 101 1
109 105 1
109 112 1
109 115 1
109 132 1
109 137 1
109 177 1
109 197 1
109 226 1
109 230 1
109 252 1
109 258 1
109 340 1
109 359 1
109 361 1
109 363 1
109 367 1
109 406 1
109 427 1
109 430 1
109 432 1
109 460 1
109 484 1
109 511 1
109 526 1
109 546 1
109 574 1
109 577 1
109 591 1
109 604 1
109 614 1
109 647 1
109 659 1
109 666 1
109 682 1
109 683 1
109 697 1
109 711 1
109 753 1
109 792 1
109 801 1
109 832 1
109 884 1
109 901 1
109 920 1
109 953 1
109 961 1
109 1023 1
109 1060 1
109 1064 1
109 1114 1
109 1115 1
109 1130 1
109 1192 1
109 1229 1
109 1243 1
109 1245 1
109 1247 1
109 1265 1
109 1274 1
109 1279 1
109 1282 1
109 1308 1
109 1321 1
109 1342 1
109 1410 1
109 1419 1
109 1497 1
109 1500 1
109 1507 1
109 1609 1
109 1632 1
109 1645 1
109 1662 1
109 1674 1
109 1682 1
109 1726 1
109 1729 1
109 1737 1
109 1746 1
109 1769 1
109 1788 1
109 1825 1
109 1869 1
109 1871 1
109 1885 1
109 1892 1
109 1910 1
109 1945 1
109 1948 1
109 1950 1
109 1954 1
109 1980 1
109 2026 1
109 2036 1
110 13 1
110 25 1
110 63 1
110 75 1
110 78 1
110 116 1
110 117 1
110 133 1
110 156 1
110 162 1
110 166 1
110 167 1
110 168 1
110 207 1
110 218 1
110 223 1
110 255 1
110 263 1
110 290 1
110 334 1
110 366 1
110 388 1
110 437 1
110 438 1
110 548 1
110 549 1
110 620 1
110 627 1
110 642 1
110 661 1
110 676 1
110 680 1
110 698 1
110 703 1
110 719 1
110 733 1
110 745 1
110 751 1
110 758 1
110 759 1
110 763 1
110 770 1
110 778 1
110 818 1
110 834 1
110 865 1
110 873 1
110 886 1
110 894 1
110 911 1
110 942 1
110 985 1
110 991 1
110 1005 1
110 1024 1
110 1091 1
110 1098 1
110 1111 1
110 1151 1
110 1225 1
110 1254 1
110 1259 1
110 1339 1
110 1361 1
110 1396 1
110 1409 1
110 1431 1
110 1455 1
110 1529 1
110 1531 1
110 1558 1
110 1610 1
110 1642 1
110 1669 1
110 1684 1
110 1688 1
110 1689 1
110 1731 1
110 1750 1
110 1785 1
110 1837 1
110 1864 1
110 1887 1
110 1889 1
110 1938 1
110 1943 1
110 1982 1
110 2008 1
110 2022 1
111 12 1
111 32 1
111 55 1
111 71 1
111 108 1
111 286 1
111 287 1
111 318 1
111 330 1
111 337 1
111 347 1
111 392 1
111 434 1
111 455 1
111 489 1
111 536 1
111 596 1
111 624 1
111 667 1
111 681 1
111 712 1
111 714 1
111 724 1
111 742 1
111 757 1
111 782 1
111 830 1
111 902 1
111 941 1
111 995 1
111 1003 1
111 1037 1
111 1063 1
111 1082 1
111 1084 1
111 1088 1
111 1102 1
111 1112 1
111 1149 1
111 1157 1
111 1186 1
111 1198 1
111 1218 1
111 1238 1
111 1291 1
111 1300 1
111 1333 1
111 1418 1
111 1434 1
111 1463 1
111 1496 1
111 1513 1
111 1544 1
111 1568 1
111 1574 1
111 1586 1
111 1589 1
111 1600 1
111 1640 1
111 1646 1
111 1648 1
111 1655 1
111 1683 1
111 1739 1
111 1758 1
111 1798 1
111 1829 1
111 1833 1
111 1861 1
111 1873 1
111 1903 1
111 1906 1
111 1957 1
111 2020 1
112 11 1
112 39 1
112 46 1
112 126 1
112 139 1
112 147 1
112 175 1
112 332 1
112 381 1
112 450 1
112 458 1
112 518 1
112 660 1
112 684 1
112 773 1
112 784 1
112 870 1
112 882 1
112 897 1
112 926 1
112 943 1
112 975 1
112 980 1
112 984 1
112 1002 1
112 1055 1
112 1118 1
112 1152 1
112 1184 1
112 1194 1
112 1240 1
112 1338 1
112 1347 1
112 1390 1
112 1480 1
112 1490 1
112 1499 1
112 1575 1
112 1576 1
112 1604 1
112 1626 1
112 1628 1
112 1654 1
112 1685 1
112 1691 1
112 1924 1
112 1952 1
112 2007 1
113 19 1
113 34 1
113 107 1
113 181 1
113 206 1
113 395 1
113 521 1
113 582 1
113 619 1
113 706 1
113 732 1
113 855 1
113 888 1
113 908 1
113 944 1
113 1136 1
113 1141 1
113 1191 1
113 1286 1
113 1585 1
113 1634 1
113 1799 1
113 1810 1
113 1840 1
113 1849 1
113 1966 1
113 1989 1
113 2028 1
114 37 1
114 91 1
114 121 1
114 387 1
114 493 1
114 495 1
114 496 1
114 530 1
114 600 1
114 622 1
114 623 1
114 722 1
114 743 1
114 762 1
114 769 1
114 777 1
114 893 1
114 1087 1
114 1108 1
114 1436 1
114 1479 1
114 1539 1
114 1636 1
114 1659 1
114 1725 1
114 1778 1
114 2016 1
115 372 1
115 512 1
115 527 1
115 601 1
115 851 1
115 885 1
115 994 1
115 1016 1
115 1020 1
115 1161 1
115 1220 1
115 1232 1
115 1402 1
115 1534 1
115 1658 1
115 1667 1
115 1791 1
115 1965 1
116 194 1
116 298 1
116 540 1
116 844 1
116 862 1
116 910 1
116 1132 1
116 1344 1
116 1376 1
116 1712 1
117 28 1
117 68 1
117 342 1
117 853 1
117 1044 1
117 1093 1
117 1129 1
117 1535 1
117 1920 1
117 2034 1
118 9 1
118 18 1
118 227 1
118 333 1
118 373 1
118 461 1
118 791 1
118 1521 1
118 1532 1
118 1751 1
118 1914 1
118 1915 1
118 1999 1
119 29 1
119 271 1
119 587 1
119 662 1
119 1408 1
119 1443 1
119 1621 1
119 1660 1
119 1668 1
119 1890 1
119 2023 1
120 29 1
120 235 1
120 558 1
120 914 1
120 925 1
120 1318 1
120 1399 1
120 1451 1
120 1506 1
120 1601 1
120 1630 1
120 2011 1
121 77 1
121 276 1
121 380 1
121 396 1
121 452 1
121 498 1
121 534 1
121 735 1
121 845 1
121 903 1
121 1446 1
121 1528 1
121 1582 1
121 1696 1
121 1847 1
121 1860 1
121 1880 1
121 1896 1
121 2043 1
122 8 1
122 27 1
122 34 1
122 53 1
122 124 1
122 160 1
122 180 1
122 182 1
122 187 1
122 193 1
122 216 1
122 259 1
122 267 1
122 303 1
122 345 1
122 368 1
122 374 1
122 375 1
122 417 1
122 463 1
122 503 1
122 508 1
122 517 1
122 535 1
122 599 1
122 633 1
122 639 1
122 675 1
122 736 1
122 789 1
122 795 1
122 820 1
122 848 1
122 849 1
122 875 1
122 929 1
122 951 1
122 969 1
122 999 1
122 1034 1
122 1072 1
122 1085 1
122 1092 1
122 1106 1
122 1113 1
122 1121 1
122 1124 1
122 1159 1
122 1177 1
122 1182 1
122 1183 1
122 1188 1
122 1203 1
122 1219 1
122 1244 1
122 1249 1
122 1253 1
122 1256 1
122 1302 1
122 1332 1
122 1382 1
122 1398 1
122 1435 1
122 1450 1
122 1457 1
122 1459 1
122 1467 1
122 1473 1
122 1481 1
122 1487 1
122 1489 1
122 1502 1
122 1505 1
122 1607 1
122 1664 1
122 1806 1
122 1832 1
122 1854 1
122 1855 1
122 1925 1
122 1931 1
122 1960 1
122 1985 1
122 1992 1
122 1996 1
122 2012 1
122 2019 1
123 13 1
123 49 1
123 54 1
123 61 1
123 79 1
123 88 1
123 89 1
123 104 1
123 123 1
123 135 1
123 144 1
123 151 1
123 155 1
123 172 1
123 189 1
123 219 1
123 224 1
123 237 1
123 242 1
123 244 1
123 307 1
123 310 1
123 312 1
123 324 1
123 327 1
123 335 1
123 336 1
123 344 1
123 357 1
123 390 1
123 419 1
123 421 1
123 433 1
123 436 1
123 439 1
123 471 1
123 482 1
123 488 1
123 516 1
123 537 1
123 538 1
123 547 1
123 586 1
123 603 1
123 613 1
123 618 1
123 631 1
123 645 1
123 652 1
123 663 1
123 668 1
123 671 1
123 686 1
123 689 1
123 713 1
123 744 1
123 752 1
123 760 1
123 796 1
123 800 1
123 808 1
123 811 1
123 823 1
123 833 1
123 837 1
123 838 1
123 852 1
123 860 1
123 923 1
123 932 1
123 933 1
123 934 1
123 952 1
123 960 1
123 964 1
123 967 1
123 968 1
123 974 1
123 978 1
123 986 1
123 988 1
123 1009 1
123 1019 1
123 1029 1
123 1053 1
123 1071 1
123 1078 1
123 1117 1
123 1128 1
123 1142 1
123 1164 1
123 1171 1
123 1173 1
123 1205 1
123 1214 1
123 1246 1
123 1251 1
123 1263 1
123 1284 1
123 1326 1
123 1346 1
123 1348 1
123 1352 1
123 1357 1
123 1370 1
123 1375 1
123 1380 1
123 1383 1
123 1387 1
123 1389 1
123 1404 1
123 1430 1
123 1433 1
123 1452 1
123 1464 1
123 1491 1
123 1493 1
123 1547 1
123 1552 1
123 1594 1
123 1595 1
123 1608 1
123 1627 1
123 1635 1
123 1666 1
123 1671 1
123 1711 1
123 1742 1
123 1747 1
123 1774 1
123 1775 1
123 1812 1
123 1816 1
123 1836 1
123 1857 1
123 1862 1
123 1877 1
123 1894 1
123 1900 1
123 1913 1
123 1917 1
123 1932 1
123 1964 1
123 1973 1
123 2006 1
123 2009 1
123 2024 1
123 2031 1
124 25 1
124 87 1
124 96 1
124 97 1
124 127 1
124 214 1
124 247 1
124 250 1
124 257 1
124 272 1
124 275 1
124 282 1
124 283 1
124 291 1
124 295 1
124 300 1
124 305 1
124 311 1
124 314 1
124 317 1
124 326 1
124 360 1
124 400 1
124 428 1
124 444 1
124 445 1
124 479 1
124 490 1
124 492 1
124 502 1
124 507 1
124 532 1
124 542 1
124 556 1
124 564 1
124 566 1
124 571 1
124 609 1
124 610 1
124 628 1
124 630 1
124 635 1
124 654 1
124 670 1
124 672 1
124 678 1
124 702 1
124 716 1
124 746 1
124 765 1
124 793 1
124 810 1
124 815 1
124 817 1
124 819 1
124 869 1
124 877 1
124 881 1
124 895 1
124 896 1
124 915 1
124 949 1
124 962 1
124 963 1
124 982 1
124 1001 1
124 1013 1
124 1043 1
124 1051 1
124 1066 1
124 1073 1
124 1119 1
124 1172 1
124 1179 1
124 1187 1
124 1195 1
124 1202 1
124 1224 1
124 1236 1
124 1275 1
124 1294 1
124 1298 1
124 1325 1
124 1340 1
124 1341 1
124 1373 1
124 1381 1
124 1384 1
124 1397 1
124 1406 1
124 1407 1
124 1449 1
124 1458 1
124 1468 1
124 1477 1
124 1485 1
124 1522 1
124 1526 1
124 1537 1
124 1538 1
124 1546 1
124 1553 1
124 1561 1
124 1565 1
124 1566 1
124 1569 1
124 1615 1
124 1622 1
124 1677 1
124 1678 1
124 1690 1
124 1695 1
124 1701 1
124 1735 1
124 1744 1
124 1773 1
124 1779 1
124 1780 1
124 1790 1
124 1796 1
124 1818 1
124 1823 1
124 1826 1
124 1834 1
124 1865 1
124 1870 1
124 1878 1
124 1898 1
124 1933 1
124 1940 1
124 1959 1
124 1967 1
124 1983 1
124 1984 1
124 1994 1
124 2014 1
124 2015 1
124 2029 1
125 58 1
125 73 1
125 93 1
125 111 1
125 113 1
125 136 1
125 138 1
125 141 1
125 163 1
125 185 1
125 191 1
125 205 1
125 211 1
125 215 1
125 243 1
125 260 1
125 269 1
125 277 1
125 281 1
125 289 1
125 306 1
125 308 1
125 323 1
125 467 1
125 469 1
125 483 1
125 525 1
125 528 1
125 531 1
125 590 1
125 629 1
125 641 1
125 649 1
125 692 1
125 864 1
125 892 1
125 928 1
125 1004 1
125 1035 1
125 1076 1
125 1103 1
125 1123 1
125 1180 1
125 1189 1
125 1190 1
125 1200 1
125 1216 1
125 1237 1
125 1264 1
125 1303 1
125 1314 1
125 1328 1
125 1331 1
125 1334 1
125 1345 1
125 1354 1
125 1359 1
125 1378 1
125 1478 1
125 1483 1
125 1509 1
125 1514 1
125 1518 1
125 1524 1
125 1548 1
125 1554 1
125 1563 1
125 1590 1
125 1596 1
125 1623 1
125 1625 1
125 1633 1
125 1637 1
125 1663 1
125 1673 1
125 1703 1
125 1717 1
125 1718 1
125 1730 1
125 1732 1
125 1743 1
125 1755 1
125 1761 1
125 1766 1
125 1772 1
125 1792 1
125 1793 1
125 1809 1
125 1841 1
125 1845 1
125 1922 1
125 1934 1
125 1977 1
126 11 1
126 31 1
126 130 1
126 178 1
126 228 1
126 248 1
126 261 1
126 356 1
126 378 1
126 416 1
126 441 1
126 472 1
126 494 1
126 551 1
126 554 1
126 561 1
126 572 1
126 573 1
126 579 1
126 589 1
126 592 1
126 626 1
126 673 1
126 699 1
126 740 1
126 788 1
126 828 1
126 867 1
126 900 1
126 981 1
126 1028 1
126 1080 1
126 1126 1
126 1181 1
126 1185 1
126 1222 1
126 1281 1
126 1306 1
126 1309 1
126 1320 1
126 1369 1
126 1428 1
126 1439 1
126 1454 1
126 1466 1
126 1533 1
126 1560 1
126 1602 1
126 1616 1
126 1835 1
126 1881 1
126 1886 1
126 1888 1
126 1902 1
126 1905 1
126 1935 1
126 1958 1
127 12 1
127 64 1
127 114 1
127 157 1
127 173 1
127 200 1
127 369 1
127 509 1
127 569 1
127 598 1
127 606 1
127 657 1
127 756 1
127 775 1
127 803 1
127 904 1
127 958 1
127 1068 1
127 1166 1
127 1212 1
127 1261 1
127 1276 1
127 1283 1
127 1351 1
127 1395 1
127 1400 1
127 1417 1
127 1462 1
127 1504 1
127 1559 1
127 1724 1
127 1745 1
127 1770 1
127 1784 1
127 1821 1
127 1953 1
127 1974 1
128 22 1
128 65 1
128 208 1
128 240 1
128 253 1
128 256 1
128 422 1
128 457 1
128 565 1
128 729 1
128 836 1
128 912 1
128 1065 1
128 1335 1
128 1542 1
128 1612 1
128 1708 1
128 1868 1
128 2010 1
129 9 1
129 59 1
129 66 1
129 379 1
129 415 1
129 448 1
129 640 1
129 665 1
129 693 1
129 785 1
129 841 1
129 972 1
129 1139 1
129 1295 1
129 1741 1
129 1926 1
130 328 1
130 594 1
130 787 1
130 921 1
131 14 1
131 95 1
131 238 1
131 906 1
131 1350 1
131 1536 1
131 1543 1
131 1757 1
131 1762 1
132 30 1
132 485 1
132 959 1
132 1379 1
133 23 1
133 50 1
133 129 1
133 322 1
133 384 1
133 924 1
133 1794 1
133 2033 1
134 13 1
134 23 1
134 236 1
134 393 1
134 580 1
134 1036 1
134 1145 1
134 1315 1
134 1584 1
134 1657 1
134 1738 1
134 2035 1
134 2044 1
135 3 1
135 383 1
135 557 1
135 825 1
135 983 1
135 1155 1
135 1221 1
135 1316 1
135 1425 1
135 1828 1
135 1830 1
135 1939 1
136 30 1
136 80 1
136 92 1
136 119 1
136 229 1
136 231 1
136 241 1
136 331 1
136 500 1
136 567 1
136 643 1
136 644 1
136 812 1
136 871 1
136 936 1
136 946 1
136 992 1
136 1047 1
136 1059 1
136 1105 1
136 1146 1
136 1234 1
136 1239 1
136 1358 1
136 1405 1
136 1427 1
136 1429 1
136 1442 1
136 1444 1
136 1470 1
136 1570 1
136 1580 1
136 1618 1
136 1693 1
136 1721 1
136 1740 1
136 1811 1
136 1923 1
136 2005 1
136 2025 1
137 44 1
137 86 1
137 131 1
137 270 1
137 316 1
137 377 1
137 401 1
137 420 1
137 550 1
137 553 1
137 625 1
137 738 1
137 747 1
137 779 1
137 805 1
137 842 1
137 1012 1
137 1138 1
137 1197 1
137 1268 1
137 1273 1
137 1290 1
137 1313 1
137 1448 1
137 1486 1
137 1508 1
137 1519 1
137 1523 1
137 1686 1
137 1707 1
137 1802 1
137 1815 1
137 1820 1
137 1893 1
137 1975 1
138 2 1
138 76 1
138 265 1
138 435 1
138 501 1
138 593 1
138 595 1
138 664 1
138 883 1
138 989 1
138 990 1
138 996 1
138 1000 1
138 1299 1
138 1307 1
138 1702 1
138 1765 1
138 1942 1
139 35 1
139 38 1
139 262 1
139 352 1
139 956 1
139 1140 1
140 17 1
140 376 1
141 26 1
146 1 1
148 10 1
149 15 1
149 16 1
150 39 1
750 2048 0
