1 552 1
2 1076 1
3 1261 1
3 1366 1
4 7 1
4 16 1
4 648 1
4 856 1
5 41 1
5 650 1
6 29 1
6 759 1
7 127 1
7 619 1
7 632 1
7 806 1
7 858 1
7 1146 1
7 1533 1
7 1872 1
8 367 1
8 623 1
8 655 1
8 1313 1
8 1577 1
9 7 1
9 21 1
9 1220 1
10 28 1
10 218 1
10 300 1
10 605 1
10 1750 1
11 652 1
11 1289 1
11 1990 1
12 27 1
12 564 1
12 615 1
12 753 1
12 1024 1
12 1127 1
12 1405 1
12 1428 1
12 1477 1
12 1702 1
12 1775 1
12 1860 1
13 506 1
13 1029 1
13 1252 1
13 1770 1
13 1956 1
13 2003 1
13 2034 1
13 2037 1
14 30 1
14 1013 1
14 1025 1
14 1097 1
14 1244 1
14 1297 1
14 1795 1
14 1952 1
15 2 1
15 145 1
15 1131 1
15 1284 1
15 1777 1
16 18 1
16 65 1
16 137 1
16 875 1
16 1852 1
17 3 1
17 417 1
17 609 1
17 975 1
17 1328 1
17 1878 1
18 30 1
18 787 1
18 879 1
19 168 1
19 249 1
19 414 1
19 886 1
19 1402 1
19 2001 1
20 34 1
20 1857 1
21 20 1
22 27 1
22 72 1
22 205 1
22 1031 1
22 1977 1
23 60 1
23 677 1
23 842 1
23 1404 1
23 1805 1
23 2019 1
24 28 1
24 903 1
24 1100 1
24 1155 1
24 1556 1
24 1721 1
25 88 1
25 613 1
25 631 1
25 802 1
25 1140 1
26 25 1
26 33 1
26 87 1
26 331 1
26 509 1
26 530 1
26 544 1
26 989 1
26 1367 1
26 1608 1
26 1628 1
27 9 1
27 22 1
27 889 1
27 905 1
27 1083 1
27 1413 1
27 1452 1
27 1506 1
27 1530 1
27 1621 1
27 1774 1
27 1922 1
28 6 1
28 107 1
28 268 1
28 277 1
28 472 1
28 599 1
28 995 1
28 1379 1
28 1469 1
28 1564 1
28 1674 1
28 1687 1
28 1746 1
29 8 1
29 332 1
29 629 1
29 980 1
29 1061 1
29 1154 1
29 1163 1
29 1217 1
29 1368 1
29 1865 1
29 2010 1
29 2046 1
30 13 1
30 866 1
30 1115 1
30 1256 1
30 1623 1
30 1933 1
31 35 1
31 40 1
31 173 1
31 620 1
31 641 1
31 1064 1
31 1156 1
31 1242 1
31 1804 1
32 186 1
32 329 1
32 541 1
32 568 1
32 1165 1
32 1698 1
32 1704 1
32 1930 1
33 129 1
33 275 1
33 395 1
33 489 1
33 718 1
33 785 1
33 971 1
33 1223 1
33 1512 1
33 1602 1
33 1982 1
34 19 1
34 1082 1
34 1307 1
34 1411 1
34 1761 1
34 1884 1
35 21 1
35 212 1
35 328 1
35 529 1
35 1723 1
35 1983 1
36 10 1
36 1480 1
36 1911 1
37 5 1
37 13 1
37 27 1
37 1748 1
38 602 1
38 1473 1
39 3 1
39 419 1
40 21 1
40 35 1
40 1254 1
40 1662 1
41 69 1
41 400 1
42 18 1
42 29 1
42 58 1
42 438 1
42 453 1
42 516 1
42 1052 1
42 1077 1
42 1178 1
42 1583 1
42 1976 1
43 39 1
43 40 1
43 163 1
43 675 1
43 769 1
43 815 1
43 873 1
43 901 1
43 1558 1
43 1562 1
43 1757 1
43 1853 1
43 2043 1
44 1 1
44 371 1
44 674 1
44 738 1
44 758 1
44 906 1
44 945 1
44 1209 1
44 1306 1
44 1521 1
44 1614 1
44 1620 1
44 1675 1
44 1841 1
44 1904 1
45 4 1
45 138 1
45 164 1
45 180 1
45 251 1
45 287 1
45 522 1
45 606 1
45 763 1
45 800 1
45 916 1
45 954 1
45 990 1
45 1008 1
45 1014 1
45 1018 1
45 1245 1
45 1288 1
45 1458 1
45 1707 1
45 1712 1
45 1994 1
45 2004 1
46 9 1
46 124 1
46 259 1
46 467 1
46 486 1
46 640 1
46 747 1
46 773 1
46 813 1
46 985 1
46 1149 1
46 1498 1
46 1500 1
46 1630 1
46 1651 1
46 1726 1
46 2002 1
47 17 1
47 31 1
47 37 1
47 161 1
47 225 1
47 229 1
47 594 1
47 791 1
47 821 1
47 826 1
47 833 1
47 867 1
47 963 1
47 1021 1
47 1437 1
47 1464 1
47 1487 1
47 1600 1
47 1705 1
47 1714 1
48 14 1
48 152 1
48 175 1
48 322 1
48 480 1
48 587 1
48 670 1
48 797 1
48 883 1
48 1228 1
48 1693 1
48 1958 1
48 1999 1
49 25 1
49 52 1
49 151 1
49 433 1
49 518 1
49 1072 1
49 1666 1
49 1959 1
50 8 1
50 15 1
50 23 1
50 89 1
50 258 1
50 779 1
50 1348 1
50 1355 1
50 1369 1
50 1567 1
50 1576 1
51 761 1
51 857 1
51 872 1
51 1496 1
51 1672 1
51 1703 1
51 1792 1
52 206 1
52 344 1
52 551 1
52 684 1
52 691 1
52 1331 1
53 31 1
53 315 1
53 1932 1
54 21 1
54 320 1
54 1168 1
55 781 1
56 13 1
57 3 1
57 23 1
57 34 1
57 216 1
57 1073 1
57 1137 1
58 17 1
58 20 1
58 48 1
58 106 1
58 700 1
58 1075 1
58 1141 1
58 1343 1
58 1788 1
58 1816 1
58 1961 1
59 13 1
59 33 1
59 49 1
59 136 1
59 309 1
59 384 1
59 656 1
59 930 1
59 1059 1
59 1126 1
59 1176 1
59 1462 1
59 1514 1
59 1578 1
59 1595 1
59 1694 1
59 1810 1
59 1867 1
60 19 1
60 158 1
60 213 1
60 276 1
60 402 1
60 536 1
60 596 1
60 830 1
60 959 1
60 1066 1
60 1090 1
60 1108 1
60 1134 1
60 1215 1
60 1442 1
60 1499 1
60 1549 1
60 1604 1
60 1708 1
60 1758 1
61 20 1
61 113 1
61 288 1
61 303 1
61 307 1
61 709 1
61 823 1
61 827 1
61 846 1
61 1000 1
61 1020 1
61 1028 1
61 1045 1
61 1087 1
61 1224 1
61 1329 1
61 1410 1
61 1697 1
61 1779 1
61 1796 1
61 1832 1
61 1906 1
61 1936 1
61 1948 1
61 1966 1
62 8 1
62 16 1
62 22 1
62 32 1
62 70 1
62 86 1
62 339 1
62 397 1
62 455 1
62 580 1
62 651 1
62 697 1
62 766 1
62 811 1
62 849 1
62 943 1
62 997 1
62 1088 1
62 1122 1
62 1227 1
62 1324 1
62 1353 1
62 1373 1
62 1374 1
62 1389 1
62 1478 1
62 1550 1
62 1679 1
62 1843 1
62 1844 1
62 1849 1
62 1850 1
62 1870 1
62 1881 1
62 1915 1
62 1929 1
62 1964 1
62 1998 1
63 16 1
63 32 1
63 73 1
63 96 1
63 100 1
63 110 1
63 130 1
63 162 1
63 405 1
63 415 1
63 567 1
63 682 1
63 777 1
63 852 1
63 976 1
63 999 1
63 1010 1
63 1026 1
63 1033 1
63 1084 1
63 1111 1
63 1150 1
63 1162 1
63 1225 1
63 1396 1
63 1424 1
63 1461 1
63 1589 1
63 1685 1
63 1771 1
63 1813 1
63 1824 1
63 1898 1
63 1902 1
63 2008 1
64 98 1
64 149 1
64 356 1
64 404 1
64 436 1
64 499 1
64 524 1
64 539 1
64 714 1
64 719 1
64 801 1
64 936 1
64 942 1
64 1241 1
64 1294 1
64 1314 1
64 1492 1
64 1539 1
64 1546 1
64 1585 1
64 1883 1
64 1928 1
64 1997 1
64 2012 1
65 20 1
65 37 1
65 255 1
65 360 1
65 425 1
65 565 1
65 582 1
65 616 1
65 695 1
65 704 1
65 946 1
65 1079 1
65 1362 1
65 1466 1
65 1545 1
65 1659 1
65 1926 1
66 5 1
66 8 1
66 24 1
66 102 1
66 153 1
66 380 1
66 672 1
66 710 1
66 731 1
66 914 1
66 1625 1
66 1638 1
66 1655 1
66 1739 1
66 1830 1
66 1873 1
67 35 1
67 236 1
67 398 1
67 676 1
67 722 1
67 771 1
67 949 1
67 1352 1
67 1632 1
67 1725 1
67 2000 1
68 5 1
68 528 1
68 689 1
68 911 1
69 192 1
69 422 1
69 502 1
69 554 1
69 589 1
69 706 1
70 28 1
70 126 1
70 751 1
70 1468 1
70 1554 1
71 116 1
71 364 1
71 907 1
72 34 1
73 37 1
73 160 1
73 611 1
73 737 1
73 1584 1
74 3 1
74 26 1
74 454 1
74 760 1
74 1505 1
74 1944 1
75 16 1
75 82 1
75 196 1
75 712 1
75 725 1
75 893 1
75 1004 1
75 1078 1
75 1143 1
75 1701 1
75 1954 1
76 6 1
76 36 1
76 134 1
76 227 1
76 304 1
76 345 1
76 393 1
76 511 1
76 637 1
76 661 1
76 717 1
76 765 1
76 807 1
76 809 1
76 843 1
76 860 1
76 910 1
76 1022 1
76 1232 1
76 1303 1
76 1333 1
76 1474 1
76 1502 1
76 1510 1
76 1572 1
76 1605 1
76 1615 1
76 1643 1
76 1682 1
76 1691 1
76 1741 1
76 1753 1
76 1806 1
76 1847 1
77 36 1
77 41 1
77 97 1
77 143 1
77 178 1
77 199 1
77 244 1
77 279 1
77 318 1
77 323 1
77 337 1
77 338 1
77 410 1
77 420 1
77 429 1
77 465 1
77 487 1
77 507 1
77 604 1
77 681 1
77 793 1
77 822 1
77 847 1
77 853 1
77 880 1
77 896 1
77 904 1
77 950 1
77 952 1
77 984 1
77 1023 1
77 1050 1
77 1112 1
77 1159 1
77 1160 1
77 1247 1
77 1340 1
77 1344 1
77 1381 1
77 1471 1
77 1548 1
77 1619 1
77 1738 1
77 1808 1
77 1845 1
77 1882 1
77 1894 1
78 19 1
78 42 1
78 140 1
78 147 1
78 274 1
78 293 1
78 346 1
78 362 1
78 387 1
78 413 1
78 424 1
78 450 1
78 474 1
78 495 1
78 508 1
78 542 1
78 546 1
78 550 1
78 560 1
78 638 1
78 660 1
78 666 1
78 755 1
78 845 1
78 854 1
78 887 1
78 970 1
78 1044 1
78 1081 1
78 1102 1
78 1153 1
78 1276 1
78 1528 1
78 1542 1
78 1573 1
78 1579 1
78 1606 1
78 1613 1
78 1671 1
78 1676 1
78 1711 1
78 1745 1
78 1916 1
78 1917 1
78 1935 1
78 1960 1
78 1968 1
78 1984 1
79 7 1
79 56 1
79 182 1
79 202 1
79 270 1
79 319 1
79 449 1
79 456 1
79 476 1
79 482 1
79 488 1
79 523 1
79 547 1
79 559 1
79 654 1
79 715 1
79 729 1
79 818 1
79 820 1
79 913 1
79 920 1
79 927 1
79 955 1
79 979 1
79 1009 1
79 1043 1
79 1068 1
79 1080 1
79 1173 1
79 1233 1
79 1388 1
79 1436 1
79 1441 1
79 1472 1
79 1501 1
79 1509 1
79 1626 1
79 1893 1
79 1905 1
79 1907 1
79 1924 1
79 1925 1
79 1955 1
80 14 1
80 94 1
80 172 1
80 469 1
80 483 1
80 493 1
80 504 1
80 515 1
80 669 1
80 698 1
80 743 1
80 840 1
80 868 1
80 921 1
80 939 1
80 969 1
80 1074 1
80 1161 1
80 1420 1
80 1463 1
80 1490 1
80 1503 1
80 1547 1
80 1622 1
80 1636 1
80 1799 1
80 1861 1
80 1888 1
80 2013 1
81 4 1
81 13 1
81 24 1
81 31 1
81 40 1
81 351 1
81 377 1
81 475 1
81 479 1
81 553 1
81 576 1
81 692 1
81 693 1
81 702 1
81 768 1
81 1038 1
81 1071 1
81 1117 1
81 1201 1
81 1231 1
81 1235 1
81 1298 1
81 1399 1
81 1439 1
81 1641 1
81 1829 1
81 1903 1
81 1978 1
82 14 1
82 92 1
82 327 1
82 333 1
82 512 1
82 621 1
82 685 1
82 690 1
82 694 1
82 808 1
82 973 1
82 1446 1
82 1566 1
82 1569 1
82 1594 1
82 1654 1
82 1864 1
82 1972 1
82 2015 1
82 2026 1
83 15 1
83 36 1
83 38 1
83 62 1
83 490 1
83 630 1
83 764 1
83 805 1
83 1184 1
83 1341 1
83 1483 1
83 1618 1
83 1781 1
84 194 1
84 200 1
84 441 1
84 577 1
84 752 1
84 1482 1
84 1657 1
84 1749 1
84 2041 1
85 28 1
85 30 1
85 593 1
85 612 1
85 686 1
85 1486 1
86 25 1
86 36 1
86 282 1
86 799 1
86 1559 1
86 1631 1
86 1837 1
86 1946 1
87 35 1
87 142 1
87 464 1
87 742 1
87 1012 1
87 1529 1
87 1688 1
87 1782 1
88 150 1
88 350 1
88 732 1
89 7 1
89 12 1
89 109 1
89 810 1
89 1742 1
89 1790 1
89 1900 1
89 1967 1
90 556 1
90 1027 1
90 1531 1
90 1640 1
90 2017 1
91 39 1
91 208 1
91 301 1
91 430 1
91 934 1
91 1005 1
91 1148 1
91 1272 1
91 1377 1
91 1384 1
91 1565 1
92 47 1
92 61 1
92 93 1
92 146 1
92 187 1
92 207 1
92 210 1
92 220 1
92 262 1
92 265 1
92 434 1
92 466 1
92 514 1
92 598 1
92 647 1
92 836 1
92 937 1
92 1164 1
92 1185 1
92 1263 1
92 1296 1
92 1431 1
92 1611 1
92 1692 1
92 1755 1
92 1776 1
92 2039 1
93 29 1
93 44 1
93 118 1
93 128 1
93 133 1
93 181 1
93 190 1
93 197 1
93 283 1
93 317 1
93 368 1
93 451 1
93 498 1
93 520 1
93 534 1
93 558 1
93 625 1
93 864 1
93 885 1
93 897 1
93 926 1
93 978 1
93 1048 1
93 1145 1
93 1182 1
93 1195 1
93 1316 1
93 1319 1
93 1349 1
93 1382 1
93 1392 1
93 1526 1
93 1645 1
93 1720 1
93 1754 1
93 1809 1
93 1887 1
93 1957 1
93 1993 1
94 155 1
94 219 1
94 302 1
94 407 1
94 428 1
94 446 1
94 470 1
94 491 1
94 592 1
94 664 1
94 688 1
94 778 1
94 796 1
94 855 1
94 863 1
94 881 1
94 918 1
94 925 1
94 1051 1
94 1121 1
94 1167 1
94 1172 1
94 1192 1
94 1205 1
94 1206 1
94 1239 1
94 1251 1
94 1274 1
94 1414 1
94 1440 1
94 1644 1
94 1766 1
94 1835 1
94 1858 1
94 1877 1
94 1938 1
94 1949 1
94 2005 1
95 43 1
95 231 1
95 243 1
95 245 1
95 247 1
95 264 1
95 267 1
95 326 1
95 355 1
95 358 1
95 409 1
95 607 1
95 662 1
95 663 1
95 683 1
95 744 1
95 862 1
95 876 1
95 891 1
95 1086 1
95 1114 1
95 1187 1
95 1207 1
95 1260 1
95 1304 1
95 1312 1
95 1356 1
95 1612 1
95 1667 1
95 1736 1
95 1798 1
95 1901 1
95 2018 1
95 2028 1
95 2032 1
95 2045 1
96 4 1
96 41 1
96 112 1
96 135 1
96 165 1
96 183 1
96 230 1
96 237 1
96 271 1
96 389 1
96 501 1
96 545 1
96 548 1
96 563 1
96 720 1
96 724 1
96 734 1
96 812 1
96 861 1
96 1096 1
96 1198 1
96 1199 1
96 1213 1
96 1259 1
96 1281 1
96 1300 1
96 1305 1
96 1338 1
96 1460 1
96 1597 1
96 1607 1
96 1716 1
96 1722 1
96 1735 1
96 1743 1
96 1772 1
96 1811 1
96 1815 1
96 1838 1
96 1866 1
96 1909 1
96 2009 1
96 2035 1
97 12 1
97 20 1
97 185 1
97 263 1
97 284 1
97 370 1
97 432 1
97 526 1
97 586 1
97 721 1
97 859 1
97 870 1
97 895 1
97 898 1
97 899 1
97 933 1
97 967 1
97 1105 1
97 1129 1
97 1191 1
97 1212 1
97 1237 1
97 1287 1
97 1449 1
97 1476 1
97 1586 1
97 1648 1
97 1818 1
97 1846 1
97 1985 1
98 369 1
98 570 1
98 790 1
98 1116 1
98 1248 1
98 1332 1
98 1419 1
98 1435 1
98 1484 1
98 1541 1
98 1598 1
98 1780 1
98 1803 1
98 2006 1
98 2033 1
99 26 1
99 195 1
99 234 1
99 305 1
99 462 1
99 571 1
99 643 1
99 705 1
99 707 1
99 723 1
99 745 1
99 798 1
99 931 1
99 965 1
99 982 1
99 987 1
99 998 1
99 1124 1
99 1249 1
99 1250 1
99 1337 1
99 1493 1
99 1582 1
99 1927 1
99 1937 1
100 103 1
100 226 1
100 739 1
100 1107 1
100 1398 1
100 1637 1
100 1794 1
100 1974 1
100 1995 1
101 19 1
101 27 1
101 32 1
101 421 1
101 1258 1
101 1393 1
101 1663 1
102 308 1
102 386 1
102 733 1
102 789 1
102 804 1
102 890 1
102 1590 1
103 285 1
103 1104 1
103 1136 1
104 1060 1
104 1179 1
104 1868 1
105 38 1
105 272 1
105 468 1
105 1634 1
106 144 1
106 392 1
106 442 1
106 1403 1
106 1734 1
106 1889 1
107 27 1
107 85 1
107 884 1
107 1221 1
107 1769 1
108 289 1
108 347 1
108 848 1
108 1058 1
108 1347 1
108 1552 1
108 1713 1
108 1802 1
108 2040 1
109 9 1
109 64 1
109 348 1
109 519 1
109 597 1
109 626 1
109 665 1
109 741 1
109 756 1
109 991 1
109 1035 1
109 1109 1
109 1351 1
109 1387 1
109 1418 1
109 1421 1
109 1507 1
109 1532 1
109 1680 1
109 1710 1
109 1728 1
109 1729 1
109 1825 1
109 1827 1
109 1828 1
110 115 1
110 157 1
110 203 1
110 215 1
110 241 1
110 296 1
110 357 1
110 473 1
110 500 1
110 1055 1
110 1094 1
110 1222 1
110 1291 1
110 1302 1
110 1309 1
110 1397 1
110 1538 1
110 1563 1
110 1568 1
110 1587 1
110 1700 1
110 1765 1
110 1784 1
110 1817 1
110 1892 1
110 1912 1
110 2011 1
110 2022 1
110 2023 1
111 10 1
111 15 1
111 63 1
111 75 1
111 78 1
111 101 1
111 123 1
111 167 1
111 189 1
111 209 1
111 248 1
111 335 1
111 342 1
111 343 1
111 412 1
111 440 1
111 452 1
111 460 1
111 573 1
111 591 1
111 735 1
111 748 1
111 803 1
111 831 1
111 923 1
111 924 1
111 958 1
111 966 1
111 1006 1
111 1069 1
111 1095 1
111 1216 1
111 1230 1
111 1292 1
111 1323 1
111 1354 1
111 1407 1
111 1448 1
111 1467 1
111 1511 1
111 1515 1
111 1535 1
111 1581 1
111 1601 1
111 1646 1
111 1686 1
111 1695 1
111 1696 1
111 1730 1
111 1752 1
111 1831 1
112 59 1
112 66 1
112 95 1
112 104 1
112 188 1
112 224 1
112 239 1
112 246 1
112 260 1
112 298 1
112 311 1
112 385 1
112 399 1
112 426 1
112 521 1
112 543 1
112 617 1
112 618 1
112 673 1
112 728 1
112 736 1
112 929 1
112 1118 1
112 1169 1
112 1219 1
112 1317 1
112 1360 1
112 1380 1
112 1415 1
112 1453 1
112 1479 1
112 1504 1
112 1537 1
112 1592 1
112 1665 1
112 1733 1
112 1760 1
112 1897 1
112 1920 1
112 1941 1
112 1947 1
112 1963 1
112 2025 1
113 1 1
113 38 1
113 51 1
113 222 1
113 223 1
113 235 1
113 238 1
113 269 1
113 352 1
113 354 1
113 390 1
113 497 1
113 569 1
113 639 1
113 767 1
113 878 1
113 947 1
113 956 1
113 1041 1
113 1098 1
113 1101 1
113 1174 1
113 1335 1
113 1345 1
113 1391 1
113 1409 1
113 1454 1
113 1660 1
113 1826 1
113 1836 1
113 1842 1
113 1921 1
113 1986 1
114 37 1
114 111 1
114 166 1
114 176 1
114 191 1
114 408 1
114 418 1
114 443 1
114 481 1
114 492 1
114 533 1
114 601 1
114 653 1
114 783 1
114 816 1
114 844 1
114 1054 1
114 1151 1
114 1210 1
114 1283 1
114 1432 1
114 1495 1
114 1593 1
114 1658 1
114 1669 1
114 1839 1
114 1965 1
114 1970 1
114 2007 1
115 1 1
115 20 1
115 23 1
115 30 1
115 105 1
115 117 1
115 121 1
115 411 1
115 416 1
115 459 1
115 477 1
115 1180 1
115 1322 1
115 1390 1
115 1401 1
115 1426 1
115 1444 1
115 1455 1
115 1527 1
115 1534 1
115 1668 1
115 1678 1
116 30 1
116 294 1
116 583 1
116 646 1
116 1139 1
116 1211 1
116 1375 1
116 1386 1
116 1523 1
116 1536 1
116 1677 1
116 1931 1
117 148 1
117 379 1
117 687 1
117 794 1
117 834 1
117 837 1
117 941 1
117 1171 1
117 1200 1
117 1342 1
117 1494 1
118 38 1
118 496 1
118 1320 1
118 1359 1
118 1588 1
118 1951 1
118 2021 1
119 22 1
119 32 1
119 381 1
119 953 1
119 1039 1
120 667 1
120 774 1
120 944 1
120 1065 1
120 1617 1
120 1767 1
121 713 1
121 727 1
121 1063 1
121 1318 1
121 1330 1
121 1336 1
122 2 1
122 716 1
122 900 1
122 908 1
122 1017 1
122 1731 1
122 1876 1
122 1914 1
123 1 1
123 21 1
123 427 1
123 680 1
123 1459 1
123 1489 1
123 1737 1
123 1890 1
124 11 1
124 29 1
124 340 1
124 981 1
124 1089 1
124 1103 1
124 1400 1
124 1633 1
124 1891 1
125 16 1
125 79 1
125 91 1
125 250 1
125 254 1
125 286 1
125 292 1
125 313 1
125 336 1
125 401 1
125 471 1
125 535 1
125 614 1
125 627 1
125 628 1
125 696 1
125 703 1
125 726 1
125 1001 1
125 1037 1
125 1152 1
125 1194 1
125 1285 1
125 1327 1
125 1358 1
125 1371 1
125 1408 1
125 1423 1
125 1497 1
125 1609 1
125 1642 1
125 1681 1
125 1740 1
125 1859 1
125 1992 1
126 108 1
126 125 1
126 132 1
126 240 1
126 361 1
126 366 1
126 406 1
126 431 1
126 437 1
126 458 1
126 503 1
126 537 1
126 562 1
126 572 1
126 644 1
126 772 1
126 782 1
126 841 1
126 938 1
126 962 1
126 983 1
126 1170 1
126 1226 1
126 1236 1
126 1264 1
126 1346 1
126 1372 1
126 1561 1
126 1635 1
126 1652 1
126 1664 1
126 1683 1
126 1717 1
126 1732 1
126 1786 1
126 1848 1
126 1855 1
126 1945 1
126 1962 1
126 1969 1
126 1975 1
126 1981 1
126 2038 1
127 10 1
127 14 1
127 57 1
127 80 1
127 119 1
127 131 1
127 204 1
127 217 1
127 242 1
127 266 1
127 341 1
127 510 1
127 531 1
127 575 1
127 588 1
127 634 1
127 869 1
127 935 1
127 972 1
127 996 1
127 1015 1
127 1016 1
127 1106 1
127 1133 1
127 1204 1
127 1243 1
127 1271 1
127 1279 1
127 1280 1
127 1422 1
127 1429 1
127 1430 1
127 1445 1
127 1475 1
127 1551 1
127 1555 1
127 1557 1
127 1616 1
127 1690 1
127 1715 1
127 1800 1
127 1854 1
127 1862 1
127 1863 1
127 1934 1
127 1939 1
127 2020 1
127 2024 1
127 2044 1
128 30 1
128 114 1
128 184 1
128 193 1
128 198 1
128 299 1
128 349 1
128 365 1
128 391 1
128 595 1
128 600 1
128 603 1
128 645 1
128 701 1
128 762 1
128 932 1
128 948 1
128 992 1
128 1002 1
128 1091 1
128 1177 1
128 1218 1
128 1265 1
128 1311 1
128 1364 1
128 1456 1
128 1491 1
128 1508 1
128 1522 1
128 1629 1
128 1670 1
128 1744 1
128 1778 1
128 1789 1
128 1851 1
128 1856 1
128 1908 1
128 2016 1
129 9 1
129 26 1
129 53 1
129 90 1
129 122 1
129 253 1
129 256 1
129 261 1
129 363 1
129 403 1
129 423 1
129 457 1
129 478 1
129 590 1
129 610 1
129 659 1
129 678 1
129 740 1
129 757 1
129 888 1
129 902 1
129 977 1
129 1128 1
129 1166 1
129 1175 1
129 1189 1
129 1229 1
129 1277 1
129 1370 1
129 1438 1
129 1447 1
129 1457 1
129 1465 1
129 1519 1
129 1689 1
129 1719 1
129 1783 1
129 1797 1
129 1879 1
129 1913 1
129 1919 1
129 1942 1
129 2014 1
130 29 1
130 169 1
130 170 1
130 330 1
130 334 1
130 439 1
130 561 1
130 584 1
130 746 1
130 871 1
130 1093 1
130 1208 1
130 1246 1
130 1266 1
130 1326 1
130 1361 1
130 1416 1
130 1425 1
130 1599 1
130 1773 1
130 1899 1
130 1918 1
130 1991 1
130 2027 1
131 13 1
131 18 1
131 20 1
131 25 1
131 29 1
131 30 1
131 324 1
131 540 1
131 658 1
131 839 1
131 964 1
131 974 1
131 1030 1
131 1042 1
131 1062 1
131 1119 1
131 1157 1
131 1197 1
131 1293 1
131 1299 1
131 1350 1
131 1517 1
131 1833 1
132 396 1
132 505 1
132 635 1
132 657 1
132 814 1
132 922 1
132 988 1
132 1034 1
132 1070 1
132 1543 1
132 1571 1
132 1580 1
132 1820 1
132 1840 1
132 1953 1
133 228 1
133 273 1
133 280 1
133 828 1
133 829 1
133 838 1
133 865 1
133 1910 1
134 6 1
134 538 1
134 792 1
134 1181 1
134 1196 1
134 1310 1
134 1450 1
134 1488 1
134 1544 1
134 1762 1
135 21 1
135 578 1
135 1295 1
136 40 1
136 1147 1
136 1603 1
136 1647 1
136 1834 1
137 892 1
137 1158 1
137 1282 1
137 1525 1
138 14 1
138 353 1
138 909 1
138 919 1
138 1275 1
138 1286 1
138 1290 1
138 1301 1
138 1791 1
139 19 1
139 25 1
139 383 1
139 394 1
139 711 1
139 1036 1
139 1684 1
140 15 1
140 291 1
140 375 1
140 624 1
140 1339 1
140 1417 1
140 1540 1
140 1699 1
140 1718 1
140 1756 1
140 1871 1
141 29 1
141 55 1
141 221 1
141 281 1
141 374 1
141 461 1
141 494 1
141 649 1
141 850 1
141 877 1
141 940 1
141 1110 1
141 1123 1
141 1203 1
141 1240 1
141 1257 1
141 1262 1
141 1524 1
141 1570 1
141 1793 1
141 1875 1
141 1880 1
141 1923 1
141 1996 1
142 83 1
142 99 1
142 179 1
142 278 1
142 306 1
142 325 1
142 373 1
142 388 1
142 581 1
142 776 1
142 915 1
142 1132 1
142 1144 1
142 1238 1
142 1365 1
142 1394 1
142 1443 1
142 1724 1
142 1727 1
142 1980 1
143 14 1
143 46 1
143 67 1
143 171 1
143 177 1
143 297 1
143 372 1
143 633 1
143 730 1
143 795 1
143 951 1
143 1047 1
143 1053 1
143 1183 1
143 1255 1
143 1315 1
143 1363 1
143 1639 1
143 1661 1
143 1706 1
143 1819 1
143 1869 1
144 14 1
144 31 1
144 74 1
144 154 1
144 257 1
144 310 1
144 316 1
144 444 1
144 622 1
144 636 1
144 642 1
144 770 1
144 928 1
144 1040 1
144 1125 1
144 1308 1
144 1412 1
144 1427 1
144 1575 1
144 1747 1
144 1759 1
144 1763 1
144 1764 1
144 1971 1
145 2 1
145 35 1
145 68 1
145 77 1
145 211 1
145 445 1
145 832 1
145 957 1
145 960 1
145 961 1
145 1019 1
145 1049 1
145 1120 1
145 1253 1
145 1321 1
145 1378 1
145 1624 1
145 1801 1
145 1886 1
145 1988 1
145 2048 1
146 252 1
146 463 1
146 485 1
146 549 1
146 566 1
146 1067 1
146 1385 1
146 1553 1
146 1560 1
146 1973 1
146 2034 1
147 50 1
147 1057 1
147 1270 1
147 1470 1
147 1650 1
147 1673 1
148 23 1
148 36 1
148 40 1
148 76 1
148 525 1
148 648 1
148 817 1
148 1135 1
148 1188 1
148 1278 1
148 1785 1
148 1989 1
149 29 1
149 37 1
149 141 1
149 290 1
149 448 1
149 749 1
149 1268 1
149 1751 1
150 10 1
151 174 1
151 321 1
151 1130 1
151 1234 1
152 54 1
152 127 1
152 232 1
152 579 1
152 754 1
152 2029 1
153 314 1
153 1574 1
153 1885 1
153 1895 1
153 2047 1
154 1202 1
155 527 1
156 45 1
156 824 1
156 1099 1
156 1485 1
156 1610 1
156 1627 1
156 2036 1
157 557 1
157 986 1
157 993 1
157 1003 1
157 1190 1
157 1376 1
157 1406 1
158 835 1
158 1032 1
158 1591 1
158 1814 1
159 71 1
159 81 1
159 139 1
159 312 1
159 382 1
159 699 1
159 1056 1
159 1481 1
159 2030 1
160 156 1
160 750 1
160 780 1
161 650 1
161 1142 1
161 1395 1
161 1428 1
162 214 1
162 894 1
162 917 1
162 1186 1
162 1284 1
162 1357 1
162 1750 1
163 574 1
163 585 1
163 806 1
163 889 1
163 1046 1
163 1709 1
164 564 1
164 1334 1
166 668 1
166 1653 1
168 1289 1
169 1214 1
170 201 1
171 1821 1
172 173 1
172 532 1
172 1013 1
172 1064 1
172 1774 1
172 1950 1
173 84 1
173 606 1
173 708 1
173 1193 1
173 1860 1
174 447 1
174 1082 1
174 1404 1
174 1768 1
174 1815 1
174 1884 1
174 1952 1
175 550 1
175 652 1
175 1273 1
175 1516 1
175 1520 1
175 1533 1
175 1807 1
175 1940 1
175 1979 1
175 2042 1
176 159 1
176 393 1
176 886 1
176 952 1
176 1007 1
176 1433 1
176 1739 1
177 842 1
177 1100 1
177 1556 1
177 1894 1
178 513 1
178 968 1
178 1770 1
179 753 1
179 1558 1
180 718 1
180 994 1
180 1104 1
180 1933 1
181 73 1
181 483 1
181 906 1
182 959 1
183 120 1
183 791 1
183 963 1
183 1146 1
184 615 1
185 484 1
185 1748 1
186 70 1
186 378 1
186 435 1
186 438 1
186 517 1
186 670 1
186 1223 1
186 1256 1
186 1473 1
187 65 1
187 206 1
187 283 1
187 331 1
187 359 1
187 414 1
187 506 1
187 609 1
187 784 1
187 787 1
187 873 1
187 971 1
187 1178 1
187 1252 1
187 1434 1
187 1977 1
187 2019 1
188 137 1
188 472 1
188 486 1
188 608 1
188 619 1
188 647 1
188 786 1
188 883 1
188 903 1
188 1031 1
188 1078 1
188 1267 1
188 1307 1
188 1314 1
188 1325 1
188 1348 1
188 1622 1
188 1623 1
188 1628 1
188 1649 1
188 1705 1
188 1936 1
188 2046 1
189 69 1
189 161 1
189 163 1
189 415 1
189 605 1
189 679 1
189 1085 1
189 1220 1
189 1224 1
189 1402 1
189 1480 1
189 1513 1
189 1545 1
189 1577 1
189 1698 1
189 1701 1
189 1755 1
189 1832 1
189 1841 1
189 1844 1
189 1997 1
189 2012 1
189 2031 1
190 323 1
190 344 1
190 821 1
190 823 1
190 1244 1
190 1274 1
190 1355 1
190 1362 1
190 1383 1
190 1469 1
190 1787 1
191 168 1
191 433 1
191 509 1
191 555 1
191 632 1
191 641 1
191 697 1
191 722 1
191 751 1
191 759 1
191 833 1
191 882 1
191 1134 1
191 1413 1
191 1424 1
191 1656 1
191 1712 1
191 1788 1
191 1852 1
191 1932 1
192 377 1
192 402 1
192 530 1
192 541 1
192 655 1
192 765 1
192 807 1
192 1115 1
192 1153 1
192 1154 1
192 1261 1
192 1369 1
192 1530 1
192 1672 1
192 1812 1
193 58 1
193 213 1
193 356 1
193 511 1
193 1029 1
193 1506 1
193 1702 1
193 1746 1
193 1808 1
194 89 1
194 172 1
194 275 1
194 760 1
194 898 1
194 1512 1
194 1990 1
194 2004 1
195 96 1
195 249 1
195 482 1
195 773 1
195 1235 1
195 1288 1
195 1872 1
195 1896 1
195 1941 1
195 2003 1
196 251 1
196 529 1
196 1138 1
196 1857 1
197 160 1
197 875 1
197 2002 1
198 97 1
198 218 1
198 1094 1
198 1564 1
199 282 1
199 360 1
199 825 1
200 775 1
200 851 1
200 1092 1
200 1721 1
200 1976 1
201 72 1
201 329 1
201 376 1
201 620 1
201 946 1
201 995 1
201 1127 1
201 1602 1
201 1898 1
201 2010 1
202 225 1
202 287 1
202 552 1
202 788 1
202 802 1
202 905 1
202 989 1
202 1024 1
202 1374 1
202 1518 1
202 1521 1
203 205 1
203 212 1
203 417 1
203 436 1
203 524 1
203 551 1
203 587 1
203 599 1
203 700 1
203 710 1
203 826 1
203 858 1
203 1072 1
203 1076 1
203 1124 1
203 1131 1
203 1217 1
203 1313 1
203 1411 1
203 1442 1
203 1500 1
203 1594 1
203 1600 1
203 1605 1
203 1810 1
203 1878 1
203 1982 1
203 1987 1
204 129 1
204 153 1
204 164 1
204 180 1
204 303 1
204 307 1
204 631 1
204 769 1
204 815 1
204 912 1
204 1083 1
204 1141 1
204 1368 1
204 1405 1
204 1464 1
204 1472 1
204 1477 1
204 1562 1
204 1714 1
204 1805 1
204 2043 1
205 49 1
205 88 1
205 229 1
205 277 1
205 567 1
205 674 1
205 684 1
205 819 1
205 874 1
205 907 1
205 1008 1
205 1033 1
205 1090 1
205 1113 1
205 1410 1
205 1550 1
205 1590 1
205 1608 1
205 1621 1
205 1687 1
205 1707 1
205 1758 1
205 1777 1
205 1829 1
205 1843 1
205 1964 1
205 2001 1
206 499 1
206 560 1
206 613 1
206 623 1
206 677 1
206 690 1
206 758 1
206 785 1
206 805 1
206 904 1
206 936 1
206 1010 1
206 1439 1
206 1584 1
206 1795 1
206 1930 1
207 33 1
207 151 1
207 493 1
207 675 1
207 714 1
207 742 1
207 916 1
207 950 1
207 1097 1
207 1163 1
207 1392 1
207 1761 1
207 1792 1
207 1796 1
207 1823 1
207 1825 1
207 1961 1
208 162 1
208 419 1
208 476 1
208 480 1
208 515 1
208 565 1
208 747 1
208 1014 1
209 107 1
209 491 1
209 570 1
209 691 1
209 719 1
209 827 1
209 984 1
209 999 1
209 1059 1
209 1137 1
209 1446 1
209 1461 1
209 1824 1
210 629 1
210 779 1
210 1025 1
210 1075 1
210 1088 1
210 1595 1
210 1926 1
211 60 1
211 186 1
211 320 1
211 594 1
211 1066 1
211 1077 1
211 1168 1
211 1379 1
211 1864 1
211 1870 1
212 432 1
212 456 1
212 536 1
213 1155 1
213 1643 1
213 1816 1
214 596 1
214 879 1
214 1096 1
214 1636 1
214 1983 1
214 1994 1
215 300 1
215 704 1
215 852 1
215 1140 1
215 1437 1
216 797 1
216 822 1
216 1254 1
216 1297 1
216 1596 1
216 2037 1
217 332 1
217 763 1
217 930 1
217 975 1
217 1149 1
217 1156 1
217 1822 1
217 1999 1
218 124 1
218 145 1
218 420 1
218 489 1
218 518 1
218 695 1
218 800 1
218 990 1
218 1026 1
218 1028 1
218 1108 1
218 1269 1
218 1389 1
218 1583 1
218 1693 1
218 1723 1
218 1757 1
218 1799 1
219 100 1
219 136 1
219 270 1
219 288 1
219 309 1
219 315 1
219 453 1
219 467 1
219 544 1
219 693 1
219 777 1
219 799 1
219 810 1
219 856 1
219 901 1
219 945 1
219 985 1
219 1000 1
219 1087 1
219 1165 1
219 1250 1
219 1251 1
219 1830 1
219 1922 1
220 86 1
220 233 1
220 276 1
220 384 1
220 474 1
220 568 1
220 589 1
220 612 1
220 671 1
220 761 1
220 1021 1
220 1073 1
220 1373 1
220 1436 1
220 1451 1
220 1499 1
220 1578 1
220 1849 1
220 1883 1
220 1958 1
221 126 1
221 274 1
221 395 1
221 516 1
221 604 1
221 660 1
221 676 1
221 706 1
221 895 1
221 914 1
221 980 1
221 1143 1
221 1209 1
221 1496 1
221 1509 1
221 1542 1
221 1598 1
221 1651 1
221 1654 1
221 1904 1
221 1924 1
221 1948 1
222 130 1
222 319 1
222 322 1
222 487 1
222 502 1
222 616 1
222 651 1
222 738 1
222 857 1
222 1011 1
222 1117 1
222 1306 1
222 1529 1
222 1775 1
222 1804 1
222 1818 1
223 199 1
223 327 1
223 781 1
223 913 1
223 1498 1
223 1505 1
223 1662 1
223 1882 1
223 1915 1
223 1943 1
224 48 1
224 220 1
224 766 1
224 881 1
224 891 1
224 931 1
224 955 1
224 1648 1
224 1745 1
224 1781 1
224 1858 1
224 1893 1
224 1928 1
225 258 1
225 546 1
225 1366 1
225 1625 1
225 1729 1
225 1881 1
225 1955 1
226 110 1
226 152 1
226 339 1
226 454 1
226 867 1
226 1294 1
226 1333 1
227 175 1
227 367 1
227 669 1
227 1272 1
227 1463 1
227 1664 1
228 872 1
228 1874 1
229 368 1
229 689 1
229 1020 1
229 1352 1
229 1567 1
229 1779 1
230 1466 1
230 1865 1
231 1245 1
231 1630 1
231 1853 1
232 528 1
232 682 1
232 943 1
232 1184 1
232 1329 1
232 1468 1
233 116 1
233 138 1
233 268 1
233 345 1
233 421 1
233 425 1
233 508 1
233 1084 1
233 1720 1
233 1873 1
233 1889 1
233 1925 1
233 1935 1
234 147 1
234 150 1
234 424 1
234 638 1
234 809 1
234 843 1
234 866 1
234 976 1
234 1192 1
234 1452 1
234 1604 1
234 1782 1
235 92 1
235 106 1
235 178 1
235 216 1
235 293 1
235 295 1
235 337 1
235 577 1
235 597 1
235 625 1
235 712 1
235 715 1
235 727 1
235 731 1
235 849 1
235 1126 1
235 1396 1
235 1490 1
235 1541 1
235 1579 1
235 1725 1
235 1946 1
235 1959 1
235 2009 1
236 52 1
236 230 1
236 381 1
236 434 1
236 507 1
236 580 1
236 602 1
236 855 1
236 890 1
236 893 1
236 1150 1
236 1228 1
236 1331 1
236 1343 1
236 1474 1
236 1503 1
236 1531 1
236 1694 1
236 1790 1
236 1803 1
236 1836 1
236 1902 1
236 1929 1
237 191 1
237 371 1
237 412 1
237 611 1
237 698 1
237 709 1
237 813 1
237 860 1
237 911 1
237 942 1
237 1061 1
237 1198 1
237 1205 1
237 1227 1
237 1281 1
237 1367 1
237 1546 1
237 1585 1
237 1614 1
237 1659 1
237 1674 1
237 1726 1
237 1960 1
237 1972 1
238 192 1
238 333 1
238 409 1
238 413 1
238 450 1
238 553 1
238 725 1
238 798 1
238 862 1
238 921 1
238 969 1
238 979 1
238 1045 1
238 1071 1
238 1089 1
238 1212 1
238 1259 1
238 1349 1
238 1403 1
238 1539 1
238 1589 1
238 1682 1
238 1691 1
238 1867 1
238 2028 1
238 2041 1
239 149 1
239 370 1
239 387 1
239 455 1
239 539 1
239 593 1
239 830 1
239 987 1
239 997 1
239 1018 1
239 1023 1
239 1109 1
239 1122 1
239 1239 1
239 1241 1
239 1344 1
239 1381 1
239 1487 1
239 1510 1
239 1736 1
239 1741 1
240 207 1
240 397 1
240 400 1
240 1050 1
240 1102 1
240 1172 1
240 1230 1
240 1304 1
240 1432 1
240 1966 1
241 17 1
241 1174 1
241 1704 1
241 1866 1
241 1956 1
242 554 1
242 745 1
242 1081 1
242 1303 1
242 1471 1
242 1813 1
243 694 1
243 741 1
243 811 1
244 134 1
244 442 1
244 1213 1
244 1247 1
244 1887 1
246 854 1
246 1457 1
247 1478 1
247 1484 1
248 717 1
248 973 1
248 1201 1
248 1911 1
249 47 1
249 187 1
249 338 1
249 364 1
249 547 1
249 764 1
249 846 1
249 910 1
249 1159 1
249 1420 1
249 1641 1
249 1655 1
249 1798 1
250 102 1
250 140 1
250 181 1
250 200 1
250 255 1
250 422 1
250 443 1
250 543 1
250 592 1
250 637 1
250 820 1
250 896 1
250 1009 1
250 1121 1
250 1287 1
250 1292 1
250 1328 1
250 1340 1
250 1353 1
250 1501 1
250 1514 1
250 1547 1
250 1576 1
250 1638 1
250 1665 1
250 1754 1
250 1835 1
250 1838 1
251 56 1
251 82 1
251 103 1
251 202 1
251 219 1
251 236 1
251 244 1
251 328 1
251 341 1
251 346 1
251 350 1
251 630 1
251 756 1
251 818 1
251 859 1
251 880 1
251 920 1
251 1004 1
251 1012 1
251 1043 1
251 1079 1
251 1112 1
251 1182 1
251 1233 1
251 1324 1
251 1341 1
251 1384 1
251 1431 1
251 1435 1
251 1482 1
251 1493 1
251 1523 1
251 1586 1
251 1611 1
251 1613 1
251 1697 1
251 1951 1
251 1954 1
252 87 1
252 112 1
252 118 1
252 189 1
252 248 1
252 272 1
252 326 1
252 410 1
252 468 1
252 469 1
252 512 1
252 680 1
252 685 1
252 721 1
252 808 1
252 853 1
252 897 1
252 899 1
252 939 1
252 1116 1
252 1162 1
252 1462 1
252 1492 1
252 1700 1
252 1766 1
252 1769 1
252 1776 1
252 1847 1
252 1901 1
252 1906 1
252 1917 1
252 1938 1
252 1962 1
252 2000 1
252 2015 1
253 42 1
253 109 1
253 113 1
253 165 1
253 208 1
253 317 1
253 479 1
253 497 1
253 522 1
253 523 1
253 526 1
253 582 1
253 598 1
253 640 1
253 663 1
253 733 1
253 737 1
253 746 1
253 768 1
253 1185 1
253 1215 1
253 1258 1
253 1323 1
253 1382 1
253 1388 1
253 1549 1
253 1581 1
253 1634 1
253 1676 1
253 1713 1
253 1735 1
253 1783 1
253 1845 1
253 1868 1
253 1963 1
253 1968 1
253 1984 1
253 1993 1
253 2006 1
253 2008 1
253 2017 1
254 44 1
254 104 1
254 115 1
254 128 1
254 155 1
254 182 1
254 196 1
254 239 1
254 240 1
254 398 1
254 441 1
254 466 1
254 542 1
254 621 1
254 929 1
254 958 1
254 1038 1
254 1158 1
254 1173 1
254 1187 1
254 1225 1
254 1320 1
254 1710 1
254 1753 1
254 1850 1
254 1903 1
254 2022 1
255 261 1
255 705 1
255 790 1
255 803 1
255 845 1
255 938 1
255 1316 1
255 1332 1
255 1675 1
255 1679 1
255 1722 1
255 1742 1
255 1771 1
255 1905 1
255 1957 1
256 259 1
256 296 1
256 351 1
256 463 1
256 465 1
256 473 1
256 558 1
256 949 1
256 1145 1
256 1347 1
256 1497 1
256 1528 1
256 1563 1
256 1692 1
256 1817 1
257 143 1
257 183 1
257 197 1
257 449 1
257 672 1
257 982 1
257 1236 1
257 1780 1
257 1965 1
257 2005 1
258 366 1
258 656 1
258 681 1
258 801 1
258 861 1
258 908 1
258 1263 1
258 1399 1
258 1582 1
258 1899 1
259 63 1
259 94 1
259 369 1
259 793 1
259 1129 1
259 2032 1
260 190 1
260 429 1
260 1322 1
260 1408 1
260 1559 1
260 1967 1
261 1206 1
261 1207 1
261 1242 1
261 1511 1
262 265 1
262 267 1
262 358 1
263 407 1
263 573 1
263 692 1
263 1170 1
264 847 1
264 1022 1
264 1231 1
264 1300 1
264 1305 1
264 1626 1
264 1862 1
265 405 1
265 495 1
265 545 1
265 626 1
265 1044 1
265 1566 1
265 1806 1
266 61 1
266 85 1
266 241 1
266 243 1
266 253 1
266 279 1
266 352 1
266 440 1
266 514 1
266 520 1
266 535 1
266 556 1
266 664 1
266 734 1
266 748 1
266 864 1
266 876 1
266 918 1
266 933 1
266 1319 1
266 1364 1
266 1398 1
266 1414 1
266 1415 1
266 1441 1
266 1483 1
266 1554 1
266 1612 1
266 1619 1
266 1644 1
266 1666 1
266 1671 1
266 1716 1
266 1738 1
266 1947 1
266 2027 1
267 64 1
267 93 1
267 157 1
267 304 1
267 475 1
267 490 1
267 500 1
267 559 1
267 707 1
267 752 1
267 755 1
267 778 1
267 840 1
267 937 1
267 970 1
267 1041 1
267 1103 1
267 1179 1
267 1296 1
267 1337 1
267 1454 1
267 1535 1
267 1548 1
267 1552 1
267 1568 1
267 1632 1
267 1640 1
267 1645 1
267 1658 1
267 1688 1
267 1703 1
267 1708 1
267 1711 1
267 1743 1
267 1802 1
267 1909 1
267 1978 1
267 2035 1
268 11 1
268 117 1
268 263 1
268 335 1
268 534 1
268 548 1
268 562 1
268 569 1
268 658 1
268 665 1
268 743 1
268 744 1
268 762 1
268 767 1
268 796 1
268 804 1
268 841 1
268 884 1
268 1111 1
268 1160 1
268 1232 1
268 1249 1
268 1338 1
268 1393 1
268 1494 1
268 1538 1
268 1794 1
268 1811 1
268 1888 1
268 1907 1
268 1908 1
268 1912 1
268 1995 1
268 2040 1
269 50 1
269 91 1
269 123 1
269 215 1
269 231 1
269 234 1
269 247 1
269 318 1
269 361 1
269 430 1
269 446 1
269 501 1
269 571 1
269 584 1
269 683 1
269 736 1
269 739 1
269 771 1
269 1148 1
269 1164 1
269 1176 1
269 1181 1
269 1377 1
269 1419 1
269 1421 1
269 1491 1
269 1526 1
269 1565 1
269 1569 1
269 1580 1
269 1618 1
269 1660 1
269 1667 1
269 1685 1
269 1686 1
269 1762 1
269 1837 1
269 1927 1
269 1937 1
270 62 1
270 75 1
270 194 1
270 195 1
270 264 1
270 316 1
270 643 1
270 661 1
270 836 1
270 978 1
270 1015 1
270 1048 1
270 1068 1
270 1074 1
270 1351 1
270 1360 1
270 1409 1
270 1426 1
270 1429 1
270 1515 1
270 1527 1
270 1560 1
270 1657 1
270 1773 1
270 1944 1
270 1974 1
270 2013 1
271 5 1
271 76 1
271 146 1
271 289 1
271 386 1
271 521 1
271 531 1
271 563 1
271 730 1
271 1035 1
271 1058 1
271 1144 1
271 1276 1
271 1475 1
271 1572 1
271 1678 1
271 1696 1
272 43 1
272 166 1
272 380 1
272 464 1
272 496 1
272 654 1
272 1169 1
272 1204 1
272 1359 1
272 1465 1
272 1695 1
272 1772 1
272 1851 1
272 1913 1
273 167 1
273 269 1
273 285 1
273 365 1
273 457 1
273 729 1
273 926 1
273 1055 1
273 1248 1
273 1440 1
273 1826 1
273 1846 1
274 119 1
274 659 1
274 954 1
274 1298 1
274 1615 1
274 1916 1
274 2047 1
275 404 1
275 688 1
275 1034 1
275 1448 1
275 1486 1
275 1609 1
276 133 1
276 591 1
276 900 1
276 1221 1
276 1317 1
277 600 1
277 966 1
277 1597 1
277 1876 1
277 2048 1
278 399 1
278 614 1
278 1265 1
278 1789 1
279 7 1
279 607 1
279 924 1
279 1460 1
280 347 1
280 503 1
280 1749 1
280 1939 1
280 2025 1
281 66 1
281 311 1
281 334 1
281 885 1
281 1005 1
281 1060 1
281 1730 1
281 1897 1
281 1998 1
282 34 1
282 158 1
282 169 1
282 305 1
282 342 1
282 362 1
282 392 1
282 783 1
282 870 1
282 1105 1
282 1458 1
282 1606 1
282 1877 1
282 1892 1
282 1918 1
282 1949 1
282 2026 1
283 170 1
283 210 1
283 227 1
283 273 1
283 298 1
283 406 1
283 416 1
283 428 1
283 452 1
283 471 1
283 576 1
283 653 1
283 662 1
283 816 1
283 834 1
283 1051 1
283 1086 1
283 1106 1
283 1167 1
283 1219 1
283 1246 1
283 1312 1
283 1345 1
283 1476 1
283 1620 1
283 1635 1
283 1663 1
283 1680 1
283 1690 1
283 1717 1
283 1767 1
283 1828 1
283 1861 1
283 2018 1
283 2023 1
284 99 1
284 101 1
284 121 1
284 131 1
284 226 1
284 245 1
284 281 1
284 301 1
284 349 1
284 390 1
284 439 1
284 477 1
284 519 1
284 628 1
284 646 1
284 701 1
284 869 1
284 925 1
284 956 1
284 962 1
284 1049 1
284 1069 1
284 1133 1
284 1151 1
284 1161 1
284 1194 1
284 1260 1
284 1380 1
284 1390 1
284 1453 1
284 1479 1
284 1489 1
284 1502 1
284 1593 1
284 1607 1
284 1633 1
284 1646 1
284 1724 1
284 1734 1
284 1855 1
284 1875 1
284 1920 1
284 2011 1
284 2024 1
284 2033 1
285 78 1
285 135 1
285 237 1
285 250 1
285 271 1
285 383 1
285 385 1
285 426 1
285 462 1
285 485 1
285 498 1
285 617 1
285 720 1
285 878 1
285 977 1
285 1052 1
285 1054 1
285 1195 1
285 1222 1
285 1237 1
285 1339 1
285 1418 1
285 1449 1
285 1459 1
285 1599 1
285 1637 1
285 1647 1
285 1733 1
285 1759 1
286 198 1
286 238 1
286 321 1
286 451 1
286 538 1
286 581 1
286 622 1
286 666 1
286 667 1
286 888 1
286 934 1
286 965 1
286 1016 1
286 1039 1
286 1592 1
286 1827 1
286 1891 1
286 1921 1
287 59 1
287 418 1
287 437 1
287 460 1
287 586 1
287 601 1
287 618 1
287 998 1
287 1199 1
287 1253 1
287 1262 1
287 1342 1
287 1370 1
287 1456 1
287 1760 1
287 1900 1
287 1973 1
287 2045 1
288 12 1
288 302 1
288 408 1
288 470 1
288 488 1
288 686 1
288 723 1
288 922 1
288 1354 1
288 1401 1
288 1985 1
289 144 1
289 286 1
289 313 1
289 355 1
289 848 1
289 1200 1
289 1257 1
289 1302 1
289 1756 1
289 2007 1
289 2034 1
290 176 1
290 222 1
290 702 1
290 1315 1
290 1335 1
290 1445 1
291 51 1
291 111 1
291 411 1
291 549 1
291 935 1
291 967 1
291 1371 1
291 1495 1
291 1652 1
292 148 1
293 46 1
293 1189 1
293 1603 1
293 1848 1
294 2020 1
295 262 1
295 266 1
295 357 1
295 774 1
296 242 1
296 294 1
296 389 1
296 673 1
296 887 1
296 1166 1
296 1291 1
296 1524 1
296 1544 1
296 1732 1
296 1831 1
296 1842 1
296 1986 1
297 284 1
297 603 1
297 711 1
297 863 1
297 1019 1
297 1631 1
297 1715 1
297 1820 1
297 1931 1
297 2014 1
298 185 1
298 223 1
298 260 1
298 308 1
298 354 1
298 478 1
298 481 1
298 696 1
298 713 1
298 726 1
298 735 1
298 812 1
298 919 1
298 941 1
298 944 1
298 981 1
298 1070 1
298 1093 1
298 1285 1
298 1330 1
298 1346 1
298 1386 1
298 1391 1
298 1397 1
298 1447 1
298 1504 1
298 1540 1
298 1728 1
298 1923 1
298 1975 1
298 2021 1
299 95 1
299 142 1
299 217 1
299 353 1
299 444 1
299 510 1
299 575 1
299 724 1
299 732 1
299 772 1
299 868 1
299 927 1
299 953 1
299 1080 1
299 1101 1
299 1107 1
299 1114 1
299 1171 1
299 1191 1
299 1238 1
299 1243 1
299 1423 1
299 1425 1
299 1525 1
299 1532 1
299 1534 1
299 1537 1
299 1573 1
299 1617 1
299 1786 1
299 1871 1
299 1879 1
299 1890 1
299 1981 1
299 2044 1
300 105 1
300 184 1
300 235 1
300 372 1
300 431 1
300 504 1
300 561 1
300 588 1
300 610 1
300 639 1
300 795 1
300 832 1
300 923 1
300 932 1
300 1017 1
300 1098 1
300 1128 1
300 1139 1
300 1147 1
300 1152 1
300 1211 1
300 1218 1
300 1308 1
300 1361 1
300 1387 1
300 1668 1
300 1839 1
300 1945 1
300 1996 1
300 2016 1
300 2038 1
301 90 1
301 203 1
301 228 1
301 254 1
301 299 1
301 375 1
301 391 1
301 403 1
301 494 1
301 837 1
301 844 1
301 877 1
301 974 1
301 991 1
301 993 1
301 1042 1
301 1091 1
301 1119 1
301 1132 1
301 1177 1
301 1264 1
301 1283 1
301 1309 1
301 1318 1
301 1350 1
301 1467 1
301 1470 1
301 1551 1
301 1601 1
301 1653 1
301 1681 1
301 1740 1
301 1763 1
301 1809 1
301 1934 1
301 1988 1
301 2039 1
302 67 1
302 98 1
302 114 1
302 174 1
302 595 1
302 794 1
302 948 1
302 1006 1
302 1030 1
302 1255 1
302 1326 1
302 1372 1
302 1519 1
302 1536 1
302 1557 1
302 1785 1
302 1942 1
302 1953 1
303 132 1
303 256 1
303 310 1
303 348 1
303 363 1
303 394 1
303 687 1
303 1197 1
303 1273 1
303 1356 1
303 1444 1
303 1574 1
303 1629 1
303 1719 1
303 1784 1
303 1970 1
304 73 1
304 306 1
304 343 1
304 448 1
304 527 1
304 740 1
304 960 1
304 986 1
304 1065 1
304 1136 1
304 1880 1
305 57 1
305 1001 1
305 1110 1
305 1186 1
305 1689 1
305 1834 1
305 1919 1
306 108 1
306 314 1
306 492 1
306 1282 1
306 1833 1
307 24 1
307 79 1
307 80 1
307 791 1
307 1801 1
308 557 1
309 204 1
309 564 1
309 757 1
309 1290 1
309 1394 1
309 1517 1
310 782 1
310 839 1
310 1428 1
311 505 1
311 1416 1
312 340 1
312 828 1
312 1271 1
312 1588 1
312 1683 1
313 53 1
313 154 1
313 246 1
313 257 1
313 292 1
313 336 1
313 427 1
313 583 1
313 678 1
313 716 1
313 728 1
313 902 1
313 992 1
313 1123 1
313 1183 1
313 1196 1
313 1210 1
313 1226 1
313 1301 1
313 1455 1
313 1616 1
313 1642 1
313 1744 1
313 1765 1
313 1791 1
313 1800 1
313 1863 1
313 1914 1
314 39 1
314 193 1
314 221 1
314 232 1
314 290 1
314 423 1
314 525 1
314 540 1
314 578 1
314 792 1
314 814 1
314 824 1
314 831 1
314 838 1
314 964 1
314 1027 1
314 1047 1
314 1118 1
314 1120 1
314 1336 1
314 1358 1
314 1363 1
314 1417 1
314 1427 1
314 1555 1
314 1571 1
314 1718 1
314 1731 1
314 1752 1
314 1778 1
314 1793 1
314 1854 1
314 1856 1
315 122 1
315 127 1
315 156 1
315 171 1
315 177 1
315 330 1
315 458 1
315 537 1
315 627 1
315 645 1
315 894 1
315 988 1
315 1062 1
315 1208 1
315 1216 1
315 1278 1
315 1365 1
315 1400 1
315 1407 1
315 1430 1
315 1624 1
315 1684 1
315 1797 1
315 1840 1
315 1859 1
315 1910 1
316 54 1
316 83 1
316 125 1
316 209 1
316 280 1
316 312 1
316 324 1
316 379 1
316 635 1
316 789 1
316 865 1
316 915 1
316 947 1
316 951 1
316 1180 1
316 1279 1
316 1375 1
316 1378 1
316 1422 1
316 1561 1
316 1627 1
316 1886 1
317 3 1
317 4 1
317 74 1
317 206 1
317 461 1
317 608 1
317 634 1
317 770 1
317 776 1
317 802 1
317 972 1
317 1270 1
317 1639 1
318 27 1
318 139 1
318 291 1
318 325 1
318 459 1
318 572 1
318 590 1
318 644 1
318 871 1
318 957 1
318 1036 1
318 1175 1
318 1229 1
318 1240 1
318 1299 1
318 1327 1
318 1508 1
318 1991 1
318 1992 1
319 211 1
319 252 1
319 445 1
319 624 1
319 636 1
319 648 1
319 892 1
319 1146 1
319 1507 1
319 1677 1
320 297 1
320 928 1
320 1522 1
320 1670 1
320 1673 1
321 373 1
321 754 1
321 917 1
321 940 1
321 1002 1
321 1266 1
322 401 1
323 188 1
323 1040 1
323 1202 1
323 1203 1
325 1450 1
326 699 1
326 1295 1
326 1699 1
326 1869 1
327 633 1
327 1188 1
327 1587 1
328 224 1
328 574 1
328 996 1
328 1067 1
328 1277 1
328 1311 1
329 32 1
329 81 1
329 159 1
329 278 1
329 374 1
329 396 1
329 533 1
329 961 1
329 1053 1
329 1438 1
329 1488 1
329 1521 1
329 1553 1
329 1575 1
329 1969 1
329 1971 1
330 16 1
330 22 1
330 77 1
330 179 1
330 378 1
330 649 1
330 786 1
330 829 1
330 850 1
330 1037 1
330 1046 1
330 1099 1
330 1135 1
330 1244 1
330 1268 1
330 1376 1
330 1402 1
330 1443 1
330 1600 1
330 1650 1
330 1727 1
330 1737 1
330 1770 1
330 1821 1
330 1885 1
330 1980 1
331 180 1
331 214 1
331 657 1
331 749 1
331 817 1
331 1010 1
331 1280 1
331 1385 1
331 1406 1
331 1543 1
331 1545 1
331 1669 1
331 1705 1
332 382 1
332 388 1
332 415 1
332 511 1
332 650 1
332 674 1
332 708 1
332 886 1
332 983 1
332 1003 1
332 1057 1
332 1214 1
332 1321 1
332 1355 1
332 1368 1
332 1395 1
332 1485 1
332 1706 1
332 1819 1
333 141 1
333 773 1
333 1256 1
333 1275 1
333 1709 1
333 1761 1
334 26 1
334 55 1
334 71 1
334 909 1
334 1095 1
334 1558 1
334 1895 1
335 579 1
335 642 1
335 1193 1
335 1310 1
335 1404 1
336 377 1
336 668 1
337 18 1
337 225 1
337 1024 1
337 1100 1
337 1940 1
337 1997 1
337 2029 1
338 1570 1
339 65 1
339 1063 1
339 1750 1
339 2036 1
342 41 1
342 45 1
342 718 1
342 1286 1
342 1747 1
343 532 1
343 882 1
343 889 1
343 1812 1
343 1814 1
343 1894 1
344 172 1
344 173 1
344 201 1
344 585 1
344 703 1
344 750 1
344 763 1
344 780 1
344 835 1
344 842 1
344 952 1
344 1142 1
344 1533 1
344 1758 1
344 1764 1
345 329 1
345 438 1
345 480 1
345 484 1
345 647 1
345 753 1
345 822 1
345 999 1
345 1064 1
345 1087 1
345 1130 1
345 1190 1
345 1293 1
345 1362 1
345 1413 1
345 1610 1
345 1702 1
345 1768 1
345 1775 1
345 1989 1
346 21 1
346 68 1
346 70 1
346 163 1
346 435 1
346 447 1
346 450 1
346 454 1
346 858 1
346 875 1
346 904 1
346 905 1
346 946 1
346 950 1
346 963 1
346 1008 1
346 1178 1
346 1184 1
346 1223 1
346 1410 1
346 1481 1
346 1513 1
346 1556 1
346 1751 1
347 160 1
347 332 1
347 502 1
347 506 1
347 550 1
347 652 1
347 709 1
347 775 1
347 1014 1
347 1029 1
347 1056 1
347 1083 1
347 1090 1
347 1124 1
347 1348 1
347 1492 1
347 1499 1
347 1591 1
347 1594 1
347 1649 1
347 1815 1
347 1860 1
347 1872 1
347 1932 1
347 1950 1
348 136 1
348 606 1
348 758 1
348 769 1
348 1032 1
348 1104 1
348 1155 1
348 1288 1
348 1433 1
348 1437 1
348 1510 1
348 1774 1
348 1874 1
348 1952 1
348 1982 1
349 88 1
349 513 1
349 555 1
349 722 1
349 1357 1
349 1739 1
349 2043 1
350 178 1
350 436 1
350 619 1
350 916 1
350 1602 1
350 1721 1
350 1896 1
350 1977 1
351 2 1
351 84 1
352 120 1
352 124 1
352 806 1
353 315 1
353 679 1
353 1075 1
353 1884 1
353 1898 1
353 2030 1
354 509 1
354 1434 1
355 96 1
355 251 1
355 815 1
356 1157 1
356 1516 1
357 518 1
357 968 1
357 1007 1
357 1078 1
357 1192 1
357 1325 1
357 1748 1
358 8 1
358 28 1
358 788 1
358 903 1
358 1082 1
358 1234 1
358 1267 1
358 1622 1
358 1628 1
358 2046 1
359 20 1
359 168 1
359 283 1
359 331 1
359 337 1
359 524 1
359 560 1
359 670 1
359 695 1
359 700 1
359 747 1
359 807 1
359 873 1
359 883 1
359 930 1
359 1072 1
359 1115 1
359 1134 1
359 1154 1
359 1220 1
359 1289 1
359 1412 1
359 1473 1
359 1509 1
359 1518 1
359 1661 1
359 1787 1
359 1961 1
359 1990 1
360 72 1
360 97 1
360 161 1
360 212 1
360 282 1
360 287 1
360 417 1
360 433 1
360 455 1
360 536 1
360 605 1
360 684 1
360 799 1
360 893 1
360 1076 1
360 1092 1
360 1224 1
360 1274 1
360 1374 1
360 1442 1
360 1461 1
360 1512 1
360 1621 1
360 1651 1
360 1712 1
360 1870 1
361 31 1
361 100 1
361 110 1
361 344 1
361 356 1
361 486 1
361 517 1
361 620 1
361 625 1
361 631 1
361 651 1
361 751 1
361 760 1
361 823 1
361 825 1
361 1013 1
361 1031 1
361 1077 1
361 1138 1
361 1252 1
361 1307 1
361 1477 1
361 1562 1
361 1577 1
361 1701 1
361 1777 1
361 1781 1
361 1841 1
361 1902 1
362 1 1
362 113 1
362 150 1
362 152 1
362 270 1
362 529 1
362 565 1
362 697 1
362 777 1
362 787 1
362 959 1
362 987 1
362 1026 1
362 1096 1
362 1506 1
362 1672 1
362 1676 1
362 1723 1
362 1844 1
362 1847 1
362 1858 1
362 1881 1
362 1936 1
362 2001 1
363 10 1
363 25 1
363 35 1
363 49 1
363 86 1
363 277 1
363 393 1
363 453 1
363 714 1
363 995 1
363 1201 1
363 1254 1
363 1294 1
363 1306 1
363 1392 1
363 1469 1
363 1520 1
363 1530 1
363 1714 1
363 1822 1
363 1972 1
363 1994 1
364 58 1
364 60 1
364 129 1
364 474 1
364 482 1
364 587 1
364 857 1
364 862 1
364 1018 1
364 1059 1
364 1097 1
364 1424 1
364 1531 1
364 1630 1
364 1648 1
364 1788 1
364 1807 1
364 1987 1
365 6 1
365 629 1
365 691 1
365 707 1
365 1028 1
365 1796 1
365 1810 1
365 1816 1
365 1979 1
366 359 1
366 552 1
366 1314 1
367 467 1
367 515 1
368 546 1
368 920 1
368 1463 1
368 1904 1
369 38 1
369 300 1
369 582 1
369 1933 1
370 69 1
370 508 1
371 1127 1
372 213 1
372 566 1
372 1094 1
372 1137 1
372 1832 1
372 1852 1
372 1964 1
373 89 1
373 229 1
373 309 1
373 602 1
373 609 1
373 710 1
373 851 1
373 975 1
373 989 1
373 1023 1
373 1141 1
373 1411 1
373 1643 1
373 1808 1
373 1926 1
373 2010 1
374 37 1
374 153 1
374 641 1
374 655 1
374 742 1
374 779 1
374 819 1
374 1108 1
374 1217 1
374 1284 1
374 1333 1
374 1550 1
374 1687 1
374 1857 1
374 1864 1
375 192 1
375 275 1
375 303 1
375 397 1
375 402 1
375 414 1
375 456 1
375 599 1
375 638 1
375 675 1
375 690 1
375 813 1
375 898 1
375 907 1
375 971 1
375 1000 1
375 1025 1
375 1071 1
375 1073 1
375 1117 1
375 1125 1
375 1251 1
375 1304 1
375 1313 1
375 1334 1
375 1439 1
375 1500 1
375 1792 1
375 1799 1
375 1829 1
375 1925 1
375 1976 1
375 2031 1
375 2037 1
376 13 1
376 40 1
376 107 1
376 112 1
376 138 1
376 147 1
376 149 1
376 151 1
376 249 1
376 276 1
376 360 1
376 384 1
376 419 1
376 420 1
376 487 1
376 530 1
376 541 1
376 613 1
376 725 1
376 731 1
376 759 1
376 833 1
376 895 1
376 901 1
376 921 1
376 945 1
376 985 1
376 990 1
376 994 1
376 1033 1
376 1212 1
376 1235 1
376 1261 1
376 1373 1
376 1396 1
376 1403 1
376 1431 1
376 1505 1
376 1583 1
376 1584 1
376 1608 1
376 1654 1
376 1656 1
376 1698 1
376 1795 1
376 1924 1
377 137 1
377 472 1
377 493 1
377 499 1
377 867 1
377 912 1
377 936 1
377 979 1
377 984 1
377 1241 1
377 1297 1
377 1466 1
377 1579 1
377 1596 1
377 1707 1
377 1804 1
377 1835 1
377 1887 1
377 1955 1
378 36 1
378 92 1
378 106 1
378 320 1
378 516 1
378 551 1
378 568 1
378 570 1
378 632 1
378 719 1
378 737 1
378 852 1
378 913 1
378 997 1
378 1131 1
378 1150 1
378 1156 1
378 1230 1
378 1245 1
378 1332 1
378 1352 1
378 1578 1
378 1595 1
378 1605 1
378 1757 1
378 1818 1
378 1824 1
378 1866 1
378 1878 1
378 1922 1
378 1929 1
378 1948 1
378 2042 1
379 567 1
379 766 1
379 890 1
379 1011 1
379 1140 1
379 1143 1
379 1213 1
379 1415 1
379 1436 1
379 1474 1
379 1720 1
379 1830 1
379 1915 1
379 2012 1
380 118 1
380 268 1
380 339 1
380 345 1
380 781 1
380 874 1
380 1160 1
380 1379 1
380 1514 1
380 1694 1
380 1722 1
380 1849 1
381 175 1
381 612 1
381 830 1
381 1369 1
381 1882 1
382 23 1
382 255 1
382 810 1
382 1158 1
382 1451 1
382 1753 1
382 1999 1
383 164 1
383 604 1
383 727 1
383 1250 1
383 1983 1
383 2019 1
384 1149 1
384 1946 1
385 589 1
385 821 1
385 1498 1
385 1823 1
386 9 1
386 899 1
387 685 1
387 1586 1
387 1843 1
387 1883 1
387 2002 1
388 205 1
388 319 1
388 424 1
388 483 1
388 491 1
388 1564 1
388 1585 1
389 128 1
389 288 1
389 307 1
389 489 1
389 596 1
389 797 1
389 843 1
389 891 1
389 1163 1
389 1281 1
389 1383 1
389 1472 1
389 1590 1
389 1625 1
389 1662 1
389 1691 1
389 1693 1
389 1853 1
389 1889 1
390 130 1
390 162 1
390 187 1
390 233 1
390 258 1
390 274 1
390 293 1
390 425 1
390 741 1
390 856 1
390 881 1
390 906 1
390 980 1
390 1113 1
390 1198 1
390 1269 1
390 1303 1
390 1623 1
390 1729 1
390 1790 1
390 1805 1
391 48 1
391 145 1
391 199 1
391 218 1
391 514 1
391 558 1
391 580 1
391 671 1
391 677 1
391 715 1
391 784 1
391 826 1
391 855 1
391 1020 1
391 1021 1
391 1050 1
391 1084 1
391 1480 1
391 1482 1
391 1501 1
391 1725 1
391 1838 1
391 1908 1
391 1930 1
391 2003 1
392 341 1
392 376 1
392 615 1
392 616 1
392 669 1
392 712 1
392 1038 1
392 1088 1
392 1159 1
392 1239 1
392 1247 1
392 1329 1
392 1542 1
392 1589 1
392 1735 1
392 1803 1
392 1813 1
392 1865 1
392 1888 1
392 1935 1
392 1943 1
392 2004 1
392 2032 1
393 14 1
393 17 1
393 52 1
393 123 1
393 165 1
393 220 1
393 295 1
393 333 1
393 432 1
393 676 1
393 694 1
393 827 1
393 931 1
393 1405 1
393 1511 1
393 1736 1
393 1746 1
393 1771 1
393 1893 1
393 2041 1
394 140 1
394 207 1
394 544 1
394 623 1
394 660 1
394 682 1
394 765 1
394 785 1
394 845 1
394 872 1
394 910 1
394 1126 1
394 1464 1
394 1674 1
395 327 1
395 328 1
395 507 1
395 798 1
395 818 1
395 1343 1
395 1393 1
395 1432 1
395 1446 1
396 658 1
396 1659 1
396 1745 1
396 1951 1
397 62 1
397 323 1
397 387 1
397 412 1
397 476 1
397 528 1
397 571 1
397 1085 1
397 1165 1
397 1331 1
397 1529 1
397 1598 1
398 30 1
398 809 1
398 879 1
399 134 1
399 195 1
399 1457 1
400 186 1
400 371 1
400 1004 1
401 577 1
402 704 1
403 434 1
403 800 1
403 1341 1
404 126 1
404 208 1
404 929 1
404 1009 1
404 1207 1
404 1582 1
404 1755 1
404 1825 1
405 19 1
405 182 1
405 191 1
405 350 1
405 706 1
405 721 1
405 738 1
405 745 1
405 866 1
405 1079 1
405 1174 1
405 1272 1
405 1287 1
405 1541 1
405 1565 1
405 1614 1
405 1664 1
405 1959 1
405 2009 1
406 42 1
406 322 1
406 358 1
406 368 1
406 381 1
406 410 1
406 539 1
406 593 1
406 693 1
406 805 1
406 846 1
406 849 1
406 943 1
406 1060 1
406 1121 1
406 1153 1
406 1389 1
406 1435 1
406 1496 1
406 1576 1
406 1966 1
407 321 1
407 548 1
407 554 1
407 663 1
407 748 1
407 756 1
407 860 1
407 897 1
407 976 1
407 1209 1
407 1259 1
407 1323 1
407 1636 1
407 1682 1
407 1776 1
407 1779 1
407 1941 1
407 1958 1
408 317 1
408 421 1
408 446 1
408 469 1
408 475 1
408 512 1
408 592 1
408 594 1
408 611 1
408 640 1
408 739 1
408 761 1
408 796 1
408 908 1
408 911 1
408 953 1
408 969 1
408 1317 1
408 1382 1
408 1408 1
408 1468 1
408 1484 1
408 1640 1
408 1798 1
408 1962 1
409 15 1
409 33 1
409 189 1
409 296 1
409 542 1
409 543 1
409 680 1
409 853 1
409 914 1
409 1349 1
409 1367 1
409 1487 1
409 1528 1
409 1641 1
409 1679 1
409 2016 1
409 2022 1
410 87 1
410 848 1
410 1012 1
410 1172 1
410 1225 1
410 1227 1
410 1236 1
410 1366 1
410 1490 1
410 1547 1
410 1665 1
410 1783 1
411 326 1
411 395 1
411 744 1
411 1061 1
411 1112 1
411 1258 1
411 1420 1
411 1566 1
411 1604 1
411 1686 1
411 1700 1
411 1845 1
411 1873 1
411 1907 1
411 2006 1
411 2027 1
412 442 1
412 1741 1
412 1928 1
413 689 1
413 1613 1
414 231 1
414 1560 1
414 1937 1
415 47 1
415 1205 1
415 1471 1
416 370 1
416 497 1
416 1708 1
417 61 1
417 238 1
417 847 1
417 1106 1
418 743 1
418 1704 1
418 1836 1
419 801 1
419 1102 1
419 1409 1
419 1655 1
419 1906 1
419 2008 1
420 146 1
420 157 1
420 200 1
420 216 1
420 243 1
420 338 1
420 367 1
420 405 1
420 531 1
420 717 1
420 746 1
420 768 1
420 854 1
420 1122 1
420 1173 1
420 1322 1
420 1580 1
420 1782 1
420 1957 1
420 1965 1
421 94 1
421 202 1
421 219 1
421 316 1
421 366 1
421 398 1
421 429 1
421 468 1
421 495 1
421 573 1
421 597 1
421 637 1
421 880 1
421 896 1
421 1360 1
421 1364 1
421 1462 1
421 1567 1
421 1697 1
421 1868 1
421 2040 1
422 103 1
422 261 1
422 272 1
422 279 1
422 363 1
422 364 1
422 407 1
422 501 1
422 535 1
422 576 1
422 767 1
422 793 1
422 878 1
422 949 1
422 955 1
422 1022 1
422 1034 1
422 1045 1
422 1231 1
422 1300 1
422 1324 1
422 1354 1
422 1399 1
422 1493 1
422 1546 1
422 1581 1
422 1619 1
422 1634 1
422 1644 1
422 1666 1
422 1719 1
422 1772 1
422 1780 1
422 1968 1
422 1978 1
422 2000 1
422 2035 1
423 75 1
423 116 1
423 190 1
423 259 1
423 369 1
423 443 1
423 471 1
423 503 1
423 581 1
423 698 1
423 720 1
423 864 1
423 958 1
423 1058 1
423 1066 1
423 1109 1
423 1148 1
423 1215 1
423 1335 1
423 1460 1
423 1523 1
423 1559 1
423 1620 1
423 1802 1
423 1867 1
423 1903 1
423 1938 1
423 1954 1
423 1960 1
424 7 1
424 11 1
424 82 1
424 85 1
424 155 1
424 181 1
424 227 1
424 234 1
424 244 1
424 289 1
424 351 1
424 365 1
424 409 1
424 557 1
424 562 1
424 626 1
424 702 1
424 736 1
424 938 1
424 977 1
424 982 1
424 1044 1
424 1161 1
424 1170 1
424 1185 1
424 1206 1
424 1491 1
424 1549 1
424 1749 1
424 1923 1
424 1993 1
425 56 1
425 117 1
425 490 1
425 523 1
425 621 1
425 840 1
425 973 1
425 1103 1
425 1116 1
425 1381 1
425 1440 1
425 1452 1
425 1465 1
425 1503 1
425 1901 1
425 1984 1
426 194 1
426 267 1
426 400 1
426 401 1
426 462 1
426 630 1
426 841 1
426 1001 1
426 1089 1
426 1328 1
426 1339 1
426 1430 1
426 1526 1
426 1675 1
426 1685 1
426 1726 1
426 1905 1
427 343 1
427 357 1
427 465 1
427 569 1
427 661 1
427 1169 1
427 1292 1
427 1414 1
427 1563 1
427 1754 1
428 726 1
428 937 1
428 1257 1
428 1699 1
429 422 1
429 681 1
429 2024 1
430 253 1
430 1851 1
430 1899 1
431 59 1
431 264 1
431 811 1
431 1483 1
432 1233 1
433 466 1
433 664 1
433 1228 1
433 1398 1
433 1769 1
433 1911 1
433 1947 1
433 2034 1
434 196 1
434 269 1
434 1296 1
434 1340 1
435 34 1
435 520 1
435 584 1
435 600 1
435 672 1
435 970 1
435 1162 1
435 1265 1
435 1384 1
435 1388 1
435 1532 1
435 1710 1
435 1716 1
436 50 1
436 76 1
436 230 1
436 301 1
436 311 1
436 386 1
436 771 1
436 778 1
436 844 1
436 876 1
436 1043 1
436 1179 1
436 1221 1
436 1353 1
436 1441 1
436 1658 1
436 2005 1
437 5 1
437 252 1
437 335 1
437 347 1
437 449 1
437 534 1
437 662 1
437 861 1
437 939 1
437 966 1
437 967 1
437 1068 1
437 1081 1
437 1145 1
437 1248 1
437 1337 1
437 1548 1
437 1552 1
437 1606 1
437 1611 1
437 1703 1
437 1730 1
437 1734 1
437 1759 1
437 1811 1
437 1913 1
437 1920 1
437 1963 1
437 1973 1
437 1995 1
438 12 1
438 46 1
438 64 1
438 101 1
438 104 1
438 236 1
438 239 1
438 263 1
438 281 1
438 352 1
438 380 1
438 477 1
438 547 1
438 553 1
438 563 1
438 575 1
438 692 1
438 713 1
438 752 1
438 755 1
438 790 1
438 954 1
438 1086 1
438 1167 1
438 1168 1
438 1249 1
438 1347 1
438 1377 1
438 1538 1
438 1540 1
438 1645 1
438 1688 1
438 1695 1
438 1766 1
438 1848 1
438 1855 1
438 1891 1
438 1909 1
438 2028 1
439 169 1
439 355 1
439 430 1
439 496 1
439 628 1
439 733 1
439 762 1
439 808 1
439 1151 1
439 1200 1
439 1255 1
439 1312 1
439 1319 1
439 1378 1
439 1454 1
439 1459 1
439 1478 1
439 1494 1
439 1497 1
439 1569 1
439 1626 1
439 1680 1
439 1711 1
439 1733 1
439 1773 1
439 1806 1
439 1862 1
439 1956 1
439 2045 1
440 44 1
440 121 1
440 135 1
440 226 1
440 247 1
440 298 1
440 464 1
440 653 1
440 774 1
440 792 1
440 816 1
440 942 1
440 1164 1
440 1290 1
440 1338 1
440 1351 1
440 1361 1
440 1453 1
440 1593 1
440 1635 1
440 1638 1
440 1647 1
440 1678 1
440 1696 1
440 1897 1
440 2047 1
441 109 1
441 260 1
441 304 1
441 473 1
441 479 1
441 510 1
441 549 1
441 1129 1
441 1189 1
441 1401 1
441 1445 1
441 1527 1
441 1671 1
441 1794 1
441 2017 1
442 210 1
442 556 1
442 734 1
442 1048 1
442 1181 1
442 1182 1
442 1204 1
442 1535 1
442 1767 1
442 1828 1
442 1876 1
442 1914 1
442 1927 1
442 2048 1
443 240 1
443 349 1
443 1316 1
443 1344 1
443 1426 1
443 1789 1
444 143 1
444 646 1
444 724 1
444 1093 1
444 1917 1
444 2033 1
445 859 1
445 1568 1
445 1660 1
446 318 1
446 444 1
446 924 1
446 1176 1
446 1537 1
447 170 1
447 598 1
447 1005 1
447 1724 1
447 1949 1
448 399 1
448 1846 1
449 286 1
449 416 1
449 545 1
449 978 1
449 1187 1
449 2038 1
450 63 1
450 705 1
450 1479 1
451 66 1
451 241 1
451 245 1
451 404 1
451 439 1
451 559 1
451 918 1
451 1144 1
451 1320 1
451 1717 1
451 1743 1
452 102 1
452 115 1
452 273 1
452 463 1
452 729 1
452 783 1
452 888 1
452 962 1
452 1041 1
452 1342 1
452 1359 1
452 1371 1
452 1421 1
452 1515 1
452 1599 1
452 1817 1
452 1826 1
452 1837 1
452 1967 1
452 1974 1
452 2011 1
452 2026 1
453 197 1
453 248 1
453 290 1
453 392 1
453 418 1
453 481 1
453 614 1
453 667 1
453 723 1
453 869 1
453 925 1
453 965 1
453 1039 1
453 1049 1
453 1330 1
453 1419 1
453 1539 1
453 1612 1
453 1615 1
453 1631 1
453 1690 1
453 1742 1
453 1850 1
453 1916 1
453 2020 1
454 29 1
454 91 1
454 132 1
454 204 1
454 428 1
454 440 1
454 617 1
454 673 1
454 772 1
454 820 1
454 884 1
454 1070 1
454 1105 1
454 1110 1
454 1114 1
454 1133 1
454 1195 1
454 1242 1
454 1246 1
454 1282 1
454 1397 1
454 1603 1
454 1653 1
454 1756 1
454 1762 1
454 1863 1
454 1875 1
454 1892 1
454 1900 1
454 1918 1
454 1931 1
454 1985 1
454 2044 1
455 131 1
455 198 1
455 250 1
455 256 1
455 305 1
455 342 1
455 411 1
455 426 1
455 478 1
455 522 1
455 525 1
455 591 1
455 696 1
455 740 1
455 803 1
455 956 1
455 1232 1
455 1263 1
455 1298 1
455 1345 1
455 1476 1
455 1557 1
455 1609 1
455 1646 1
455 1657 1
455 1763 1
455 1785 1
456 228 1
456 262 1
456 306 1
456 336 1
456 431 1
456 654 1
456 836 1
456 928 1
456 935 1
456 1147 1
456 1380 1
456 1456 1
456 1489 1
456 1632 1
456 1667 1
456 1689 1
456 1861 1
456 1879 1
456 2014 1
457 215 1
457 266 1
457 285 1
457 870 1
457 900 1
457 1055 1
457 1279 1
457 1444 1
457 1572 1
457 1842 1
457 1939 1
457 1988 1
458 79 1
458 144 1
458 526 1
458 1111 1
458 1670 1
458 1945 1
458 2013 1
459 93 1
459 330 1
459 519 1
459 639 1
459 1683 1
460 133 1
460 354 1
460 413 1
460 452 1
460 643 1
460 885 1
460 1016 1
460 1395 1
460 1525 1
461 683 1
461 877 1
461 1650 1
461 1692 1
462 183 1
462 1387 1
462 1760 1
463 313 1
463 361 1
463 586 1
463 1544 1
464 521 1
464 1054 1
465 607 1
465 770 1
465 1390 1
465 1554 1
465 1618 1
465 1713 1
466 90 1
466 441 1
466 460 1
466 624 1
466 656 1
466 665 1
466 735 1
466 922 1
466 964 1
466 1139 1
466 1219 1
467 158 1
467 294 1
467 379 1
467 403 1
467 408 1
467 437 1
467 451 1
467 500 1
467 804 1
467 812 1
467 863 1
467 1101 1
467 1285 1
467 1425 1
467 1429 1
467 1448 1
467 1504 1
467 1831 1
467 2018 1
468 95 1
468 105 1
468 237 1
468 485 1
468 537 1
468 588 1
468 618 1
468 659 1
468 764 1
468 832 1
468 837 1
468 838 1
468 868 1
468 887 1
468 1035 1
468 1166 1
468 1262 1
468 1291 1
468 1363 1
468 1418 1
468 1458 1
468 1517 1
468 1624 1
468 1637 1
468 1738 1
468 1827 1
468 1869 1
468 1912 1
468 1981 1
468 2007 1
469 16 1
469 22 1
469 57 1
469 67 1
469 99 1
469 271 1
469 603 1
469 610 1
469 711 1
469 834 1
469 933 1
469 998 1
469 1238 1
469 1243 1
469 1302 1
469 1305 1
469 1309 1
469 1536 1
469 1833 1
469 1910 1
469 1944 1
469 1953 1
469 1996 1
469 2039 1
470 108 1
470 292 1
470 299 1
470 310 1
470 312 1
470 340 1
470 388 1
470 389 1
470 394 1
470 561 1
470 666 1
470 795 1
470 957 1
470 993 1
470 1042 1
470 1069 1
470 1091 1
470 1146 1
470 1391 1
470 1519 1
470 1592 1
470 1633 1
470 1642 1
470 1715 1
470 1728 1
470 1784 1
470 1877 1
470 1970 1
471 119 1
471 176 1
471 177 1
471 390 1
471 406 1
471 427 1
471 488 1
471 622 1
471 730 1
471 839 1
471 902 1
471 1136 1
471 1191 1
471 1203 1
471 1346 1
471 1447 1
471 1449 1
471 1732 1
471 1747 1
471 1809 1
471 2025 1
472 77 1
472 174 1
472 291 1
472 678 1
472 991 1
472 1010 1
472 1107 1
472 1223 1
472 1237 1
472 1276 1
472 1278 1
472 1315 1
472 1486 1
472 1495 1
472 1561 1
472 1616 1
472 1627 1
472 1820 1
472 1856 1
473 32 1
473 73 1
473 154 1
473 232 1
473 278 1
473 564 1
473 1080 1
473 1199 1
473 1461 1
473 1639 1
473 1663 1
473 1793 1
474 172 1
474 254 1
474 506 1
474 538 1
474 688 1
474 695 1
474 923 1
474 1027 1
474 1407 1
474 1668 1
474 1800 1
474 1885 1
475 27 1
475 223 1
475 886 1
475 1118 1
475 1240 1
475 1986 1
476 932 1
476 952 1
476 1283 1
476 1295 1
476 1871 1
476 1890 1
477 1336 1
477 1423 1
477 1705 1
478 39 1
478 78 1
478 179 1
478 284 1
478 919 1
478 1017 1
478 1128 1
478 1202 1
478 2015 1
479 871 1
479 1177 1
480 701 1
480 1253 1
480 1718 1
481 98 1
481 111 1
481 221 1
481 242 1
481 391 1
481 590 1
481 1222 1
482 167 1
482 171 1
482 302 1
482 372 1
482 595 1
482 831 1
482 1194 1
482 1218 1
482 1372 1
482 1386 1
482 1427 1
482 1428 1
482 1588 1
482 1597 1
482 1607 1
482 1744 1
483 43 1
483 53 1
483 142 1
483 148 1
483 346 1
483 353 1
483 574 1
483 608 1
483 645 1
483 824 1
483 926 1
483 934 1
483 1006 1
483 1123 1
483 1268 1
483 1273 1
483 1370 1
483 1534 1
483 1617 1
483 1652 1
483 1752 1
483 1765 1
483 1786 1
483 1991 1
484 45 1
484 74 1
484 80 1
484 225 1
484 492 1
484 578 1
484 601 1
484 687 1
484 782 1
484 794 1
484 828 1
484 850 1
484 941 1
484 974 1
484 1074 1
484 1216 1
484 1311 1
484 1350 1
484 1404 1
484 1417 1
484 1601 1
484 1834 1
484 1934 1
484 2021 1
485 203 1
485 217 1
485 251 1
485 282 1
485 457 1
485 529 1
485 583 1
485 889 1
485 1014 1
485 1047 1
485 1051 1
485 1098 1
485 1171 1
485 1190 1
485 1507 1
485 1573 1
485 1778 1
485 1791 1
485 1797 1
485 1839 1
485 1880 1
485 1998 1
486 68 1
486 114 1
486 180 1
486 209 1
486 222 1
486 235 1
486 246 1
486 308 1
486 334 1
486 373 1
486 540 1
486 634 1
486 749 1
486 754 1
486 865 1
486 1065 1
486 1327 1
486 1502 1
486 1551 1
486 1574 1
486 1587 1
486 1731 1
486 1740 1
486 1854 1
486 2023 1
487 54 1
487 72 1
487 125 1
487 159 1
487 193 1
487 579 1
487 732 1
487 757 1
487 947 1
487 951 1
487 963 1
487 1003 1
487 1052 1
487 1152 1
487 1229 1
487 1358 1
487 1375 1
488 3 1
488 504 1
488 572 1
488 635 1
488 786 1
488 802 1
488 894 1
488 1132 1
488 1416 1
488 1467 1
489 51 1
489 382 1
489 1197 1
489 1277 1
489 1455 1
489 1475 1
489 1488 1
489 1706 1
489 1895 1
490 348 1
490 1119 1
490 1422 1
490 1942 1
491 892 1
491 917 1
491 988 1
491 1571 1
491 1737 1
491 1940 1
491 2029 1
492 166 1
492 362 1
492 1376 1
492 1750 1
493 445 1
493 470 1
493 822 1
493 1019 1
494 972 1
495 97 1
495 265 1
495 649 1
495 1801 1
496 329 1
496 627 1
496 981 1
496 1356 1
496 1362 1
497 127 1
497 459 1
497 633 1
497 686 1
497 703 1
497 1015 1
497 1301 1
497 1442 1
498 297 1
498 375 1
498 650 1
498 814 1
498 829 1
498 904 1
498 960 1
498 1037 1
498 1057 1
498 1226 1
498 1992 1
499 81 1
499 184 1
499 314 1
499 383 1
499 385 1
499 716 1
499 789 1
499 940 1
499 946 1
499 1030 1
499 1175 1
499 1266 1
499 1318 1
499 1365 1
499 1400 1
499 1481 1
499 1524 1
499 1558 1
499 1681 1
499 1684 1
499 1840 1
499 1886 1
499 1975 1
499 2046 1
500 4 1
500 71 1
500 156 1
500 280 1
500 331 1
500 415 1
500 458 1
500 480 1
500 502 1
500 776 1
500 968 1
500 1032 1
500 1100 1
500 1208 1
500 1256 1
500 1368 1
500 1545 1
500 1651 1
500 1761 1
500 1774 1
500 1919 1
500 2036 1
501 40 1
501 214 1
501 224 1
501 493 1
501 511 1
501 668 1
501 898 1
501 948 1
501 959 1
501 992 1
501 1046 1
501 1210 1
501 1308 1
501 1326 1
501 1355 1
501 1648 1
501 1739 1
502 65 1
502 137 1
502 141 1
502 201 1
502 498 1
502 619 1
502 674 1
502 753 1
502 806 1
502 1062 1
502 1188 1
502 1271 1
502 1575 1
502 1722 1
502 1841 1
502 1933 1
502 2030 1
503 636 1
503 699 1
503 1142 1
503 1270 1
503 1702 1
503 1748 1
503 1859 1
504 211 1
504 396 1
504 1090 1
504 1394 1
504 1438 1
504 1649 1
504 1694 1
504 1971 1
505 83 1
505 122 1
505 447 1
505 505 1
505 1286 1
505 1357 1
505 1921 1
506 769 1
506 791 1
506 986 1
506 1260 1
506 1555 1
507 106 1
507 996 1
507 1002 1
507 1673 1
507 1982 1
508 532 1
508 546 1
508 747 1
509 377 1
509 1629 1
509 1821 1
510 527 1
510 1040 1
510 1078 1
511 374 1
511 1013 1
511 1437 1
511 1492 1
511 1727 1
512 206 1
512 585 1
512 927 1
512 961 1
512 1083 1
512 1087 1
512 1196 1
512 1211 1
513 160 1
513 461 1
513 550 1
513 644 1
513 1274 1
513 1275 1
513 1450 1
513 1509 1
513 1521 1
513 1677 1
513 1812 1
514 275 1
514 332 1
514 423 1
514 602 1
514 606 1
514 1120 1
514 1186 1
514 1234 1
514 1244 1
514 1433 1
514 1470 1
514 1553 1
514 1600 1
514 1669 1
514 1884 1
515 25 1
515 92 1
515 185 1
515 257 1
515 339 1
515 454 1
515 474 1
515 494 1
515 555 1
515 647 1
515 648 1
515 657 1
515 708 1
515 780 1
515 895 1
515 1008 1
515 1029 1
515 1099 1
515 1280 1
515 1307 1
515 1385 1
515 1474 1
515 1533 1
515 1577 1
515 1622 1
515 1874 1
515 1922 1
515 1932 1
515 1950 1
515 1997 1
516 438 1
516 565 1
516 620 1
516 707 1
516 728 1
516 842 1
516 987 1
516 1059 1
516 1067 1
516 1178 1
516 1180 1
516 1183 1
516 1214 1
516 1254 1
516 1485 1
516 1751 1
516 1829 1
516 1961 1
516 1980 1
516 1990 1
517 163 1
517 360 1
517 670 1
517 709 1
517 971 1
517 999 1
517 1023 1
517 1220 1
517 1406 1
517 1410 1
517 1602 1
517 1814 1
517 1864 1
518 2 1
518 107 1
518 136 1
518 139 1
518 359 1
518 599 1
518 690 1
518 799 1
518 835 1
518 913 1
518 1154 1
518 1860 1
518 1902 1
519 192 1
519 435 1
519 448 1
519 882 1
519 903 1
519 1264 1
519 1530 1
520 270 1
520 287 1
520 544 1
520 642 1
520 875 1
520 921 1
520 1026 1
520 1088 1
520 1510 1
520 1687 1
520 1709 1
521 533 1
521 775 1
521 1506 1
521 1764 1
521 1898 1
522 18 1
522 378 1
522 731 1
522 825 1
522 1075 1
522 1299 1
522 2006 1
523 1095 1
523 1192 1
523 1570 1
523 1758 1
524 1109 1
525 324 1
525 587 1
525 788 1
525 893 1
525 1036 1
525 1777 1
526 1289 1
526 1594 1
527 283 1
527 509 1
527 518 1
527 773 1
527 817 1
527 936 1
527 1072 1
527 1520 1
528 13 1
528 55 1
528 515 1
528 883 1
528 1000 1
528 1024 1
528 1031 1
528 1134 1
528 1135 1
528 1267 1
528 1411 1
528 1514 1
528 1516 1
528 1768 1
529 41 1
529 150 1
529 173 1
529 277 1
529 358 1
529 450 1
529 517 1
529 567 1
529 652 1
529 679 1
529 989 1
529 1064 1
529 1097 1
529 1325 1
529 1412 1
529 1499 1
529 1628 1
529 1661 1
529 1753 1
529 1770 1
529 1894 1
529 2043 1
530 21 1
530 168 1
530 315 1
530 320 1
530 433 1
530 455 1
530 482 1
530 605 1
530 763 1
530 823 1
530 843 1
530 916 1
530 944 1
530 950 1
530 1082 1
530 1310 1
530 1373 1
530 1477 1
530 1621 1
530 1781 1
530 1832 1
530 1857 1
531 393 1
531 436 1
531 625 1
531 669 1
531 750 1
531 983 1
531 1077 1
531 1113 1
531 1117 1
531 1141 1
531 1160 1
531 1184 1
531 1392 1
531 1457 1
531 1531 1
531 1543 1
531 1610 1
531 1656 1
531 1714 1
531 1792 1
531 2001 1
532 24 1
532 84 1
532 116 1
532 276 1
532 397 1
532 410 1
532 484 1
532 582 1
532 609 1
532 751 1
532 766 1
532 800 1
532 855 1
532 980 1
532 995 1
532 1115 1
532 1158 1
532 1284 1
532 1360 1
532 1496 1
532 1691 1
532 1815 1
532 1872 1
532 1929 1
533 20 1
533 52 1
533 182 1
533 268 1
533 476 1
533 541 1
533 589 1
533 677 1
533 685 1
533 697 1
533 718 1
533 1096 1
533 1104 1
533 1155 1
533 1217 1
533 1224 1
533 1379 1
533 1413 1
533 1518 1
533 1712 1
533 1799 1
533 1866 1
533 1926 1
534 6 1
534 17 1
534 161 1
534 453 1
534 530 1
534 632 1
534 931 1
534 1127 1
534 1149 1
534 1212 1
534 1288 1
534 1297 1
534 1643 1
534 1790 1
534 1796 1
534 1870 1
534 1883 1
534 1976 1
535 129 1
535 337 1
535 909 1
535 930 1
535 1159 1
535 1198 1
535 1707 1
535 1787 1
535 1816 1
535 1819 1
536 60 1
536 229 1
536 467 1
536 560 1
536 568 1
536 684 1
536 1076 1
536 1137 1
536 1472 1
536 1542 1
536 1556 1
536 1596 1
536 1721 1
536 1810 1
536 1994 1
537 37 1
537 153 1
537 487 1
537 873 1
537 1025 1
537 1092 1
537 1317 1
537 1451 1
537 1508 1
537 1586 1
537 1915 1
538 414 1
539 274 1
539 710 1
539 1028 1
539 1306 1
539 1654 1
539 1955 1
540 810 1
540 851 1
540 1402 1
541 138 1
541 295 1
541 748 1
541 1174 1
541 1313 1
541 1844 1
543 325 1
543 858 1
543 1434 1
543 1513 1
543 1835 1
543 1936 1
544 524 1
544 641 1
544 655 1
544 1251 1
544 1443 1
544 1701 1
544 1795 1
544 1818 1
545 1 1
545 10 1
545 69 1
545 110 1
545 124 1
545 212 1
545 213 1
545 255 1
545 327 1
545 417 1
545 536 1
545 623 1
545 631 1
545 651 1
545 714 1
545 722 1
545 1108 1
545 1138 1
545 1348 1
545 1591 1
545 1720 1
545 1852 1
545 1858 1
545 1878 1
545 1924 1
545 1925 1
545 1969 1
546 28 1
546 86 1
546 89 1
546 96 1
546 319 1
546 344 1
546 419 1
546 420 1
546 424 1
546 516 1
546 551 1
546 596 1
546 616 1
546 760 1
546 915 1
546 945 1
546 990 1
546 997 1
546 1201 1
546 1241 1
546 1252 1
546 1431 1
546 1564 1
546 1672 1
546 1771 1
546 1775 1
546 1838 1
546 1881 1
547 164 1
547 175 1
547 333 1
547 421 1
547 486 1
547 682 1
547 787 1
547 815 1
547 821 1
547 857 1
547 905 1
547 908 1
547 979 1
547 985 1
547 1007 1
547 1121 1
547 1130 1
547 1261 1
547 1293 1
547 1321 1
547 1369 1
547 1393 1
547 1505 1
547 1589 1
547 1676 1
547 1847 1
547 1977 1
548 26 1
548 30 1
548 100 1
548 188 1
548 258 1
548 552 1
548 611 1
548 629 1
548 700 1
548 715 1
548 781 1
548 819 1
548 890 1
548 912 1
548 1011 1
548 1056 1
548 1245 1
548 1250 1
548 1314 1
548 1473 1
548 1498 1
548 1522 1
548 1562 1
548 1595 1
548 1625 1
548 1725 1
548 1804 1
548 1882 1
548 2037 1
549 178 1
549 207 1
549 456 1
549 491 1
549 660 1
549 807 1
549 907 1
549 1150 1
549 1352 1
549 1403 1
549 1529 1
549 1550 1
549 1590 1
549 1849 1
549 1887 1
549 1889 1
549 1951 1
549 1979 1
549 1999 1
550 126 1
550 149 1
550 719 1
550 759 1
550 975 1
550 1038 1
550 1323 1
550 1343 1
550 1824 1
550 2010 1
550 2031 1
551 220 1
551 309 1
551 592 1
551 852 1
551 1071 1
551 1081 1
551 1126 1
551 1272 1
551 1304 1
551 1464 1
551 1578 1
551 1698 1
552 118 1
552 205 1
552 356 1
552 612 1
552 663 1
552 862 1
552 872 1
552 1247 1
552 1830 1
553 219 1
553 472 1
553 513 1
553 712 1
553 758 1
553 1094 1
553 1463 1
553 1693 1
553 1908 1
554 23 1
554 151 1
554 694 1
554 1303 1
554 1873 1
554 1987 1
554 2003 1
555 1584 1
556 387 1
556 1063 1
556 1383 1
556 1576 1
556 1851 1
557 120 1
557 293 1
557 539 1
557 867 1
557 1225 1
557 1469 1
558 8 1
558 984 1
558 1585 1
559 49 1
559 82 1
559 145 1
559 727 1
559 779 1
559 848 1
559 1125 1
559 1415 1
559 1424 1
559 1579 1
559 1843 1
560 14 1
560 48 1
560 88 1
560 113 1
560 194 1
560 288 1
560 303 1
560 412 1
560 475 1
560 483 1
560 725 1
560 798 1
560 813 1
560 891 1
560 1021 1
560 1053 1
560 1124 1
560 1439 1
560 1511 1
560 1641 1
560 1896 1
561 58 1
561 147 1
561 152 1
561 321 1
561 345 1
561 402 1
561 442 1
561 777 1
561 826 1
561 866 1
561 969 1
561 1012 1
561 1018 1
561 1230 1
561 1239 1
561 1396 1
561 1436 1
561 1501 1
561 1605 1
561 1655 1
561 1989 1
561 2002 1
562 31 1
562 123 1
562 249 1
562 381 1
562 479 1
562 558 1
562 570 1
562 638 1
562 691 1
562 785 1
562 809 1
562 1009 1
562 1033 1
562 1073 1
562 1157 1
562 1281 1
562 1294 1
562 1389 1
562 1432 1
562 1466 1
562 1500 1
562 1623 1
562 1736 1
562 1803 1
562 1813 1
562 1868 1
562 1893 1
562 1930 1
562 1952 1
562 2004 1
562 2012 1
563 35 1
563 195 1
563 199 1
563 208 1
563 307 1
563 322 1
563 328 1
563 469 1
563 499 1
563 543 1
563 554 1
563 577 1
563 784 1
563 856 1
563 899 1
563 1004 1
563 1084 1
563 1103 1
563 1156 1
563 1207 1
563 1213 1
563 1235 1
563 1258 1
563 1332 1
563 1608 1
563 1662 1
563 1708 1
563 1719 1
563 1723 1
563 1746 1
563 1757 1
563 1865 1
563 1888 1
563 1907 1
563 1935 1
563 1967 1
563 2009 1
563 2032 1
564 62 1
564 162 1
564 341 1
564 416 1
564 471 1
564 738 1
564 1050 1
564 1143 1
564 1193 1
564 1287 1
564 1331 1
564 1468 1
564 1503 1
564 1582 1
564 1583 1
564 1685 1
564 1788 1
564 1802 1
564 1808 1
564 1822 1
564 1946 1
564 1959 1
564 2041 1
565 317 1
565 604 1
565 704 1
565 849 1
565 864 1
565 920 1
565 1329 1
565 1490 1
565 1546 1
565 1783 1
565 1904 1
566 38 1
566 405 1
566 566 1
566 613 1
566 693 1
566 741 1
566 911 1
566 1335 1
566 1409 1
566 1549 1
566 1604 1
566 1619 1
566 1700 1
566 1973 1
566 2042 1
567 87 1
567 227 1
567 233 1
567 573 1
567 906 1
568 384 1
568 742 1
568 929 1
568 1140 1
568 1341 1
568 1374 1
568 1598 1
569 130 1
569 1523 1
570 56 1
570 112 1
570 350 1
570 1131 1
570 1491 1
570 1566 1
570 1745 1
570 1892 1
571 1165 1
571 1269 1
571 1960 1
572 323 1
572 675 1
572 1983 1
573 846 1
573 910 1
574 508 1
574 833 1
574 1805 1
575 19 1
575 189 1
575 218 1
575 231 1
575 434 1
575 594 1
575 671 1
575 720 1
575 745 1
575 796 1
575 818 1
575 896 1
575 897 1
575 1020 1
575 1206 1
575 1227 1
575 1292 1
575 1565 1
575 1798 1
575 1807 1
575 1825 1
576 47 1
576 70 1
576 326 1
576 507 1
576 514 1
576 528 1
576 562 1
576 689 1
576 737 1
576 860 1
576 943 1
576 1163 1
576 1328 1
576 1333 1
576 1430 1
576 1440 1
576 1482 1
576 1512 1
576 1563 1
576 1948 1
576 2040 1
577 134 1
577 187 1
577 238 1
577 300 1
577 398 1
577 580 1
577 676 1
577 736 1
577 746 1
577 765 1
577 797 1
577 827 1
577 830 1
577 881 1
577 901 1
577 953 1
577 955 1
577 1085 1
577 1172 1
577 1228 1
577 1259 1
577 1381 1
577 1679 1
577 1704 1
577 1729 1
577 1769 1
577 1772 1
577 1943 1
577 1954 1
577 1966 1
578 44 1
578 202 1
578 240 1
578 361 1
578 422 1
578 640 1
578 743 1
578 967 1
578 1060 1
578 1231 1
578 1236 1
578 1334 1
578 1435 1
578 1674 1
578 1682 1
578 1845 1
578 1965 1
578 1972 1
578 2008 1
578 2022 1
578 2027 1
579 7 1
579 42 1
579 61 1
579 117 1
579 128 1
579 186 1
579 200 1
579 267 1
579 386 1
579 495 1
579 497 1
579 548 1
579 874 1
579 876 1
579 1068 1
579 1185 1
579 1541 1
579 1630 1
579 1867 1
580 183 1
580 395 1
580 432 1
580 520 1
580 1300 1
580 1420 1
580 1484 1
580 1528 1
580 1635 1
580 1636 1
580 1741 1
580 1782 1
580 1968 1
581 190 1
581 191 1
581 463 1
581 464 1
581 630 1
581 805 1
581 925 1
581 994 1
581 1066 1
581 1532 1
581 1660 1
581 1755 1
581 1779 1
581 2017 1
582 181 1
582 355 1
582 370 1
582 449 1
582 621 1
582 717 1
582 721 1
582 847 1
582 1001 1
582 1195 1
582 1349 1
582 1465 1
582 1735 1
582 1853 1
582 2034 1
583 400 1
583 431 1
583 706 1
583 1444 1
583 1905 1
584 351 1
584 726 1
584 768 1
584 845 1
584 859 1
584 1367 1
584 1525 1
584 1547 1
584 1614 1
584 2047 1
585 490 1
585 761 1
585 956 1
585 1640 1
585 1686 1
586 744 1
586 1767 1
586 2019 1
587 169 1
587 510 1
587 571 1
587 1209 1
588 658 1
588 1233 1
588 1405 1
588 1703 1
589 409 1
589 535 1
590 363 1
590 425 1
590 615 1
590 1173 1
590 1487 1
590 1560 1
590 1978 1
590 1984 1
591 296 1
591 316 1
591 352 1
591 376 1
591 512 1
591 549 1
591 593 1
591 879 1
591 1079 1
591 1384 1
591 1480 1
591 1664 1
591 1697 1
591 1941 1
592 226 1
592 243 1
592 368 1
592 371 1
592 503 1
592 545 1
592 597 1
592 739 1
592 1022 1
592 1105 1
592 1164 1
592 1170 1
592 1221 1
592 1382 1
592 1489 1
592 1644 1
592 1671 1
592 1823 1
592 1906 1
593 101 1
593 155 1
593 236 1
593 244 1
593 269 1
593 365 1
593 854 1
593 954 1
593 1161 1
593 1364 1
593 1421 1
593 1659 1
593 1734 1
593 1811 1
593 1901 1
593 1958 1
594 75 1
594 85 1
594 165 1
594 230 1
594 263 1
594 279 1
594 473 1
594 756 1
594 790 1
594 938 1
594 958 1
594 1034 1
594 1153 1
594 1182 1
594 1203 1
594 1249 1
594 1426 1
594 1460 1
594 1535 1
594 1613 1
594 1690 1
594 1776 1
594 1938 1
595 9 1
595 33 1
595 146 1
595 170 1
595 347 1
595 466 1
595 496 1
595 557 1
595 584 1
595 692 1
595 801 1
595 861 1
595 1048 1
595 1145 1
595 1148 1
595 1181 1
595 1353 1
595 1359 1
595 1366 1
595 1462 1
595 1634 1
595 1646 1
595 1699 1
595 1749 1
595 1785 1
595 1855 1
595 1957 1
595 1962 1
595 1993 1
596 135 1
596 216 1
596 272 1
596 301 1
596 465 1
596 489 1
596 542 1
596 556 1
596 937 1
596 1061 1
596 1205 1
596 1215 1
596 1347 1
596 1606 1
596 1620 1
596 2014 1
596 2045 1
597 36 1
597 222 1
597 399 1
597 724 1
597 844 1
597 1399 1
597 1419 1
597 1569 1
597 1618 1
597 1738 1
597 1766 1
597 1937 1
598 121 1
598 446 1
598 586 1
598 628 1
598 1114 1
598 1552 1
598 1611 1
598 1717 1
599 661 1
599 672 1
599 1052 1
599 1102 1
599 1637 1
599 1667 1
599 1939 1
600 1089 1
601 50 1
601 569 1
601 771 1
601 820 1
601 1665 1
601 2000 1
602 289 1
602 1441 1
602 1780 1
603 298 1
603 1631 1
603 1666 1
603 1912 1
603 2007 1
604 581 1
604 1162 1
605 626 1
605 840 1
605 976 1
605 1580 1
606 15 1
606 157 1
606 248 1
606 407 1
606 559 1
606 1044 1
606 1257 1
606 1401 1
606 1911 1
607 63 1
607 94 1
607 311 1
607 367 1
607 380 1
607 430 1
607 531 1
607 622 1
607 683 1
607 853 1
607 1176 1
607 1248 1
607 1322 1
607 1338 1
607 1378 1
607 1446 1
607 1615 1
607 1696 1
607 1710 1
607 1730 1
607 1773 1
607 1806 1
607 2016 1
608 204 1
608 239 1
608 247 1
608 330 1
608 443 1
608 444 1
608 462 1
608 600 1
608 662 1
608 698 1
608 713 1
608 752 1
608 841 1
608 914 1
608 966 1
608 1045 1
608 1111 1
608 1144 1
608 1246 1
608 1337 1
608 1351 1
608 1452 1
608 1483 1
608 1537 1
608 1567 1
608 1581 1
608 1658 1
608 1688 1
608 1695 1
608 1985 1
608 2028 1
609 34 1
609 241 1
609 260 1
609 286 1
609 401 1
609 767 1
609 774 1
609 964 1
609 1054 1
609 1055 1
609 1058 1
609 1129 1
609 1189 1
609 1279 1
609 1305 1
609 1316 1
609 1319 1
609 1354 1
609 1388 1
609 1479 1
609 1526 1
609 1540 1
609 1609 1
609 1645 1
609 1678 1
609 1680 1
609 1760 1
609 1909 1
610 64 1
610 335 1
610 440 1
610 534 1
610 884 1
610 982 1
610 1222 1
610 1397 1
610 1454 1
610 1559 1
610 1612 1
610 1837 1
611 5 1
611 46 1
611 103 1
611 210 1
611 252 1
611 259 1
611 281 1
611 428 1
611 522 1
611 553 1
611 654 1
611 755 1
611 783 1
611 803 1
611 973 1
611 1106 1
611 1169 1
611 1344 1
611 1647 1
611 1675 1
611 1724 1
611 1759 1
611 1848 1
612 133 1
612 250 1
612 256 1
612 523 1
612 665 1
612 729 1
612 1017 1
612 1110 1
612 1197 1
612 1276 1
612 1515 1
612 1846 1
613 228 1
613 234 1
613 291 1
613 406 1
613 575 1
613 869 1
613 977 1
613 1407 1
613 1642 1
613 1733 1
613 2035 1
614 115 1
614 271 1
614 408 1
614 477 1
614 887 1
614 939 1
614 1263 1
614 1453 1
614 1538 1
614 1931 1
614 2011 1
615 132 1
615 369 1
615 1005 1
615 1093 1
615 1763 1
615 1963 1
615 2013 1
616 109 1
616 1340 1
616 1862 1
617 1897 1
618 67 1
618 158 1
618 576 1
618 1716 1
618 1914 1
619 563 1
619 637 1
619 965 1
619 1049 1
619 1756 1
620 66 1
620 284 1
620 357 1
620 547 1
620 610 1
620 643 1
620 1494 1
621 140 1
621 349 1
621 1187 1
621 1320 1
621 1324 1
621 1916 1
622 343 1
622 392 1
622 429 1
622 653 1
622 778 1
622 922 1
622 935 1
622 1200 1
622 1265 1
622 1312 1
622 1342 1
622 1371 1
622 1449 1
622 1456 1
622 1471 1
622 1652 1
622 1928 1
623 73 1
623 292 1
623 364 1
623 439 1
623 702 1
623 949 1
623 993 1
623 1179 1
623 1202 1
623 1290 1
623 1330 1
623 1445 1
623 1459 1
623 1561 1
623 1726 1
623 1742 1
623 1885 1
623 1891 1
623 2005 1
623 2020 1
624 79 1
624 197 1
624 310 1
624 366 1
624 403 1
624 468 1
624 598 1
624 733 1
624 793 1
624 998 1
624 1229 1
624 1255 1
624 1345 1
624 1390 1
624 1478 1
624 1593 1
624 1650 1
624 1762 1
624 1817 1
624 1836 1
624 1850 1
624 1863 1
624 1876 1
624 1900 1
624 1947 1
625 59 1
625 76 1
625 91 1
625 262 1
625 264 1
625 318 1
625 354 1
625 437 1
625 734 1
625 792 1
625 957 1
625 970 1
625 1010 1
625 1043 1
625 1168 1
625 1285 1
625 1361 1
625 1395 1
625 1425 1
625 1493 1
625 1789 1
625 1794 1
625 1826 1
625 1920 1
625 1923 1
625 1956 1
625 2038 1
626 245 1
626 253 1
626 261 1
626 273 1
626 460 1
626 618 1
626 664 1
626 667 1
626 888 1
626 991 1
626 1100 1
626 1123 1
626 1136 1
626 1339 1
626 1391 1
626 1599 1
626 1607 1
626 1663 1
626 1711 1
626 1740 1
626 1856 1
626 1918 1
627 111 1
627 280 1
627 306 1
627 478 1
627 624 1
627 656 1
627 696 1
627 705 1
627 770 1
627 978 1
627 1006 1
627 1080 1
627 1632 1
627 1732 1
627 1877 1
627 1945 1
627 1964 1
627 1974 1
627 2021 1
628 29 1
628 172 1
628 174 1
628 285 1
628 379 1
628 735 1
628 772 1
628 1476 1
628 1548 1
629 105 1
629 196 1
629 878 1
629 924 1
629 1133 1
629 1988 1
630 223 1
630 521 1
630 1404 1
630 1842 1
631 1495 1
632 102 1
632 418 1
632 1027 1
632 1527 1
632 1800 1
633 39 1
633 336 1
633 342 1
633 538 1
633 1070 1
633 1101 1
633 1116 1
633 1151 1
633 1296 1
633 1458 1
633 1689 1
633 1743 1
633 1874 1
634 485 1
634 1653 1
634 1869 1
635 32 1
635 537 1
635 1282 1
635 1358 1
635 1557 1
635 1715 1
635 1949 1
636 11 1
636 617 1
636 942 1
636 1016 1
636 1041 1
636 1504 1
636 1603 1
636 1627 1
636 2044 1
637 98 1
637 254 1
637 294 1
637 313 1
637 338 1
637 481 1
637 639 1
637 680 1
637 1122 1
637 1414 1
637 1519 1
637 1554 1
637 1828 1
637 2018 1
638 179 1
638 203 1
638 340 1
638 500 1
638 506 1
638 519 1
638 627 1
638 762 1
638 839 1
638 1086 1
638 1429 1
638 1448 1
638 1517 1
638 1617 1
638 1754 1
638 1831 1
638 1839 1
638 1879 1
638 1917 1
638 2024 1
638 2026 1
639 104 1
639 119 1
639 131 1
639 501 1
639 546 1
639 614 1
639 650 1
639 673 1
639 701 1
639 723 1
639 816 1
639 863 1
639 871 1
639 932 1
639 946 1
639 974 1
639 1107 1
639 1171 1
639 1191 1
639 1302 1
639 1377 1
639 1418 1
639 1447 1
639 1572 1
639 1575 1
639 1670 1
639 1801 1
639 1827 1
639 1927 1
639 1981 1
639 1996 1
640 22 1
640 95 1
640 242 1
640 251 1
640 266 1
640 372 1
640 389 1
640 452 1
640 525 1
640 595 1
640 831 1
640 836 1
640 868 1
640 877 1
640 880 1
640 918 1
640 919 1
640 923 1
640 1199 1
640 1232 1
640 1291 1
640 1336 1
640 1368 1
640 1375 1
640 1408 1
640 1913 1
640 1942 1
640 1953 1
640 1970 1
640 2033 1
641 43 1
641 154 1
641 237 1
641 282 1
641 290 1
641 413 1
641 711 1
641 782 1
641 885 1
641 904 1
641 962 1
641 1039 1
641 1139 1
641 1146 1
641 1180 1
641 1219 1
641 1254 1
641 1327 1
641 1363 1
641 1571 1
641 1683 1
641 1744 1
642 308 1
642 391 1
642 591 1
642 814 1
642 829 1
642 832 1
642 1423 1
642 1544 1
642 1903 1
642 1934 1
642 1944 1
642 2039 1
642 2048 1
643 193 1
643 246 1
643 278 1
643 390 1
643 394 1
643 426 1
643 837 1
643 902 1
643 952 1
643 1035 1
643 1051 1
643 1237 1
643 1262 1
643 1387 1
643 1428 1
643 1668 1
643 1933 1
643 1995 1
644 16 1
644 90 1
644 299 1
644 451 1
644 681 1
644 707 1
644 1486 1
644 1784 1
644 1899 1
645 388 1
645 457 1
645 459 1
645 889 1
645 933 1
645 1023 1
645 1042 1
646 27 1
646 209 1
646 217 1
646 1166 1
647 1309 1
647 1488 1
648 97 1
648 221 1
648 1167 1
648 1398 1
649 305 1
649 659 1
649 730 1
649 1534 1
649 1536 1
649 1705 1
650 373 1
650 404 1
650 488 1
650 1626 1
650 1748 1
651 54 1
651 572 1
651 811 1
651 1273 1
651 1639 1
652 74 1
652 201 1
652 740 1
652 941 1
652 1204 1
652 1223 1
652 1298 1
652 1380 1
652 1616 1
653 57 1
653 143 1
653 144 1
653 148 1
653 198 1
653 302 1
653 353 1
653 526 1
653 588 1
653 601 1
653 894 1
653 940 1
653 1240 1
653 1307 1
653 1318 1
653 1793 1
653 1871 1
654 99 1
654 156 1
654 185 1
654 215 1
654 304 1
654 334 1
654 346 1
654 441 1
654 527 1
654 608 1
654 635 1
654 645 1
654 666 1
654 747 1
654 865 1
654 996 1
654 1037 1
654 1057 1
654 1069 1
654 1216 1
654 1271 1
654 1283 1
654 1427 1
654 1568 1
654 1624 1
654 1706 1
654 1718 1
654 1728 1
654 1739 1
654 1791 1
654 1820 1
654 1833 1
654 1986 1
654 1998 1
655 108 1
655 125 1
655 167 1
655 225 1
655 427 1
655 564 1
655 590 1
655 926 1
655 1003 1
655 1118 1
655 1132 1
655 1194 1
655 1208 1
655 1242 1
655 1657 1
655 1673 1
655 1737 1
655 1761 1
655 1778 1
655 1797 1
655 1809 1
655 1861 1
655 1875 1
655 1980 1
656 53 1
656 93 1
656 166 1
656 171 1
656 176 1
656 636 1
656 678 1
656 838 1
656 892 1
656 951 1
656 1002 1
656 1014 1
656 1112 1
656 1370 1
656 1400 1
656 1497 1
656 1597 1
656 1638 1
656 1651 1
656 1786 1
657 127 1
657 184 1
657 332 1
657 529 1
657 583 1
657 646 1
657 1083 1
657 1295 1
657 1417 1
657 1731 1
657 1752 1
657 1975 1
657 2015 1
658 12 1
658 139 1
658 297 1
658 438 1
658 647 1
658 1077 1
658 1119 1
658 1226 1
658 1278 1
658 1326 1
658 1372 1
658 1394 1
658 1467 1
658 1588 1
658 1594 1
658 1692 1
658 1910 1
659 502 1
659 766 1
659 804 1
659 1015 1
659 1128 1
659 1152 1
659 1243 1
659 1350 1
659 1355 1
659 1386 1
659 1416 1
659 1880 1
660 177 1
660 329 1
660 1376 1
660 1841 1
660 1857 1
661 51 1
661 934 1
661 1455 1
662 72 1
662 362 1
662 1301 1
663 40 1
663 461 1
663 574 1
663 603 1
663 629 1
663 1267 1
663 2025 1
663 2036 1
664 812 1
664 1177 1
664 1238 1
666 314 1
666 383 1
666 795 1
667 192 1
667 235 1
667 687 1
667 870 1
667 1218 1
667 1315 1
667 1521 1
667 1895 1
668 668 1
668 776 1
668 947 1
668 1032 1
668 1178 1
668 1422 1
668 1596 1
668 1713 1
669 3 1
669 80 1
669 159 1
669 374 1
669 385 1
669 568 1
669 578 1
669 607 1
669 749 1
669 753 1
669 834 1
669 900 1
669 972 1
669 1030 1
669 1120 1
669 1188 1
669 1346 1
669 1437 1
669 1714 1
669 1747 1
669 1796 1
670 142 1
670 447 1
670 492 1
670 540 1
670 686 1
670 688 1
670 754 1
670 903 1
670 1013 1
670 1046 1
670 1078 1
670 1183 1
670 1184 1
670 1220 1
670 1266 1
670 1362 1
670 1502 1
670 1558 1
670 1587 1
670 1758 1
670 1834 1
670 1840 1
670 1932 1
671 213 1
671 348 1
671 470 1
671 699 1
671 968 1
671 988 1
671 992 1
671 1019 1
671 1029 1
671 1074 1
671 1147 1
671 1268 1
671 1277 1
671 1288 1
671 1311 1
671 1356 1
671 1442 1
671 1633 1
671 1890 1
671 1991 1
671 2023 1
672 141 1
672 180 1
672 214 1
672 375 1
672 474 1
672 634 1
672 695 1
672 764 1
672 822 1
672 898 1
672 1109 1
672 1186 1
672 1190 1
672 1450 1
672 1509 1
672 1524 1
672 1573 1
672 1622 1
672 1765 1
672 1774 1
672 1971 1
673 2 1
673 150 1
673 325 1
673 808 1
673 1047 1
673 1062 1
673 1210 1
673 1578 1
673 1764 1
674 411 1
674 544 1
674 716 1
674 799 1
674 824 1
674 1113 1
674 1275 1
674 1280 1
674 1539 1
674 1832 1
675 360 1
675 633 1
675 945 1
675 1270 1
675 1601 1
675 1681 1
675 1886 1
676 25 1
676 71 1
676 1555 1
677 620 1
677 1815 1
678 963 1
678 981 1
678 1443 1
678 1712 1
678 1835 1
679 331 1
679 1684 1
680 265 1
680 493 1
680 498 1
680 794 1
680 960 1
680 1461 1
681 1000 1
682 599 1
682 828 1
682 1241 1
682 2030 1
683 78 1
683 81 1
683 160 1
683 324 1
683 458 1
683 806 1
683 961 1
683 1065 1
683 1385 1
683 1434 1
683 1481 1
683 1545 1
683 1649 1
683 1709 1
684 4 1
684 89 1
684 229 1
684 312 1
684 359 1
684 396 1
684 561 1
684 948 1
684 959 1
684 1090 1
684 1142 1
684 1175 1
684 1256 1
684 1510 1
684 1533 1
684 1574 1
684 1629 1
684 1656 1
684 1672 1
684 1750 1
684 1814 1
684 1902 1
684 1926 1
684 1955 1
684 1997 1
685 77 1
685 84 1
685 106 1
685 137 1
685 377 1
685 393 1
685 757 1
685 895 1
685 930 1
685 1098 1
685 1115 1
685 1286 1
685 1411 1
685 1475 1
685 1507 1
685 1592 1
685 1722 1
685 1751 1
685 1894 1
686 455 1
686 518 1
686 555 1
686 560 1
686 565 1
686 619 1
686 917 1
686 936 1
686 1253 1
686 1274 1
686 1308 1
686 1687 1
686 1919 1
686 1982 1
687 68 1
687 211 1
687 434 1
687 579 1
687 670 1
687 718 1
687 751 1
687 842 1
687 848 1
687 1008 1
687 1087 1
687 1117 1
687 1135 1
687 1155 1
687 1174 1
687 1543 1
687 1992 1
688 122 1
688 541 1
688 585 1
688 587 1
688 596 1
688 694 1
688 748 1
688 788 1
688 886 1
688 983 1
688 995 1
688 1264 1
688 1586 1
688 1602 1
688 1787 1
688 1872 1
688 1929 1
688 2037 1
688 2043 1
688 2046 1
689 18 1
689 45 1
689 182 1
689 287 1
689 382 1
689 651 1
689 700 1
689 712 1
689 775 1
689 802 1
689 810 1
689 944 1
689 1091 1
689 1159 1
689 1260 1
689 1669 1
689 1694 1
689 1821 1
690 136 1
690 606 1
690 787 1
690 906 1
690 915 1
690 1234 1
690 1247 1
690 1438 1
690 1477 1
690 1523 1
690 1591 1
690 1725 1
690 1898 1
691 515 1
691 704 1
691 913 1
691 986 1
691 1024 1
691 1026 1
691 1198 1
691 1214 1
691 1289 1
691 1707 1
691 1961 1
691 1976 1
691 1990 1
692 55 1
692 129 1
692 1025 1
692 1088 1
692 1392 1
692 1553 1
692 1790 1
693 445 1
693 674 1
693 1033 1
693 1293 1
693 1702 1
695 504 1
695 1081 1
695 1211 1
695 1922 1
696 769 1
696 1075 1
696 1485 1
696 1506 1
697 107 1
698 909 1
698 1357 1
698 1373 1
698 1950 1
699 92 1
699 161 1
699 999 1
699 1040 1
699 1551 1
699 1643 1
700 28 1
700 41 1
700 288 1
700 397 1
700 417 1
700 536 1
700 679 1
700 858 1
700 928 1
700 1134 1
700 1297 1
700 1365 1
700 1499 1
700 1628 1
700 1779 1
700 1852 1
700 1864 1
700 1921 1
701 65 1
701 327 1
701 433 1
701 435 1
701 454 1
701 589 1
701 669 1
701 786 1
701 855 1
701 882 1
701 893 1
701 1082 1
701 1192 1
701 1196 1
701 1299 1
701 1433 1
701 1531 1
701 1727 1
701 1736 1
701 1768 1
701 1818 1
702 52 1
702 83 1
702 86 1
702 173 1
702 178 1
702 194 1
702 270 1
702 277 1
702 356 1
702 511 1
702 567 1
702 652 1
702 697 1
702 708 1
702 710 1
702 750 1
702 760 1
702 825 1
702 987 1
702 990 1
702 1011 1
702 1099 1
702 1103 1
702 1360 1
702 1412 1
702 1474 1
702 1505 1
702 1516 1
702 1816 1
702 1870 1
703 123 1
703 220 1
703 274 1
703 328 1
703 339 1
703 516 1
703 625 1
703 649 1
703 684 1
703 791 1
703 817 1
703 843 1
703 883 1
703 908 1
703 989 1
703 1036 1
703 1059 1
703 1141 1
703 1212 1
703 1225 1
703 1251 1
703 1306 1
703 1314 1
703 1335 1
703 1393 1
703 1396 1
703 1570 1
703 1604 1
703 1654 1
703 1777 1
703 1866 1
703 1924 1
703 1940 1
703 1979 1
703 2010 1
704 88 1
704 113 1
704 255 1
704 482 1
704 582 1
704 592 1
704 612 1
704 632 1
704 671 1
704 677 1
704 781 1
704 835 1
704 979 1
704 1160 1
704 1195 1
704 1272 1
704 1503 1
704 1582 1
704 1952 1
705 21 1
705 69 1
705 82 1
705 126 1
705 164 1
705 358 1
705 657 1
705 953 1
705 997 1
705 1466 1
705 1577 1
705 1610 1
705 1641 1
705 1720 1
705 1847 1
706 405 1
706 467 1
706 487 1
706 609 1
706 616 1
706 703 1
706 728 1
706 1121 1
706 1348 1
706 1369 1
706 1508 1
706 1745 1
706 1858 1
706 1860 1
706 1882 1
706 1884 1
706 2003 1
707 258 1
707 351 1
707 494 1
707 736 1
707 912 1
707 916 1
707 1149 1
707 1158 1
707 1317 1
707 1349 1
707 1556 1
707 1600 1
707 1664 1
707 1883 1
707 1896 1
707 1989 1
708 187 1
708 232 1
708 276 1
708 484 1
708 905 1
708 929 1
708 1410 1
708 1562 1
709 409 1
709 1782 1
710 100 1
710 168 1
710 867 1
710 1067 1
710 1648 1
710 1888 1
710 2029 1
711 268 1
711 505 1
711 950 1
711 1795 1
712 532 1
712 548 1
712 1124 1
712 1383 1
712 1691 1
713 153 1
713 283 1
713 456 1
713 690 1
714 1451 1
715 60 1
715 114 1
715 453 1
715 486 1
715 873 1
715 1066 1
715 1463 1
716 224 1
716 275 1
716 381 1
716 416 1
716 602 1
716 611 1
716 655 1
716 709 1
716 732 1
716 773 1
716 780 1
716 851 1
716 971 1
716 1092 1
716 1104 1
716 1130 1
716 1137 1
716 1281 1
716 1542 1
716 1584 1
716 1824 1
717 47 1
717 96 1
717 138 1
717 162 1
717 163 1
717 295 1
717 319 1
717 410 1
717 423 1
717 442 1
717 480 1
717 509 1
717 642 1
717 644 1
717 660 1
717 800 1
717 819 1
717 875 1
717 1021 1
717 1089 1
717 1095 1
717 1127 1
717 1217 1
717 1413 1
717 1470 1
717 1473 1
717 1492 1
717 1677 1
717 1753 1
717 1781 1
717 1812 1
717 1854 1
718 10 1
718 87 1
718 147 1
718 152 1
718 206 1
718 257 1
718 300 1
718 309 1
718 321 1
718 344 1
718 464 1
718 479 1
718 517 1
718 530 1
718 621 1
718 815 1
718 821 1
718 1071 1
718 1084 1
718 1097 1
718 1261 1
718 1379 1
718 1484 1
718 1518 1
718 1550 1
718 1621 1
718 1676 1
718 1843 1
718 1844 1
718 1859 1
718 1878 1
718 1936 1
718 1973 1
719 130 1
719 151 1
719 191 1
719 293 1
719 448 1
719 524 1
719 550 1
719 577 1
719 648 1
719 789 1
719 850 1
719 864 1
719 921 1
719 975 1
719 1313 1
719 1464 1
719 1655 1
719 1701 1
719 1721 1
719 1746 1
719 1805 1
719 1808 1
719 1838 1
719 1868 1
719 1908 1
719 1959 1
719 1977 1
719 1994 1
720 6 1
720 26 1
720 49 1
720 476 1
720 508 1
720 520 1
720 552 1
720 663 1
720 685 1
720 1102 1
720 1230 1
720 1325 1
720 1457 1
720 1530 1
720 1595 1
720 1623 1
720 1625 1
720 1659 1
720 1704 1
720 1802 1
720 1829 1
720 1851 1
720 1855 1
720 2006 1
721 13 1
721 218 1
721 303 1
721 350 1
721 378 1
721 533 1
721 566 1
721 570 1
721 682 1
721 862 1
721 1064 1
721 1469 1
721 1511 1
721 1589 1
721 1640 1
721 1723 1
721 1873 1
721 2001 1
721 2013 1
722 472 1
722 495 1
722 689 1
722 767 1
722 790 1
722 847 1
722 984 1
722 1096 1
722 1108 1
722 1244 1
722 1565 1
722 1619 1
722 1783 1
722 1819 1
722 1849 1
722 1969 1
723 37 1
723 116 1
723 715 1
723 1007 1
723 1172 1
723 1674 1
724 738 1
724 743 1
724 807 1
725 551 1
725 1239 1
725 1343 1
725 1792 1
726 450 1
726 859 1
726 1063 1
726 1138 1
726 1353 1
726 1460 1
726 1660 1
726 2002 1
727 1406 1
727 1496 1
727 1590 1
728 784 1
728 857 1
728 1154 1
728 1409 1
728 2012 1
729 1004 1
729 1094 1
729 1157 1
729 1799 1
730 320 1
730 731 1
730 763 1
731 58 1
731 149 1
731 307 1
731 317 1
731 415 1
731 604 1
731 641 1
731 890 1
731 1050 1
731 1076 1
731 1352 1
731 1465 1
731 1576 1
731 1693 1
731 1698 1
731 1775 1
731 1803 1
731 1881 1
732 199 1
732 205 1
732 414 1
732 475 1
732 722 1
732 798 1
732 860 1
732 1009 1
732 1056 1
732 1207 1
732 1227 1
732 1245 1
732 1250 1
732 1321 1
732 1419 1
732 1424 1
732 1436 1
732 1513 1
732 1583 1
732 1772 1
732 1804 1
732 1887 1
732 1935 1
733 23 1
733 42 1
733 207 1
733 345 1
733 400 1
733 436 1
733 573 1
733 640 1
733 693 1
733 742 1
733 746 1
733 759 1
733 777 1
733 833 1
733 943 1
733 985 1
733 1072 1
733 1143 1
733 1284 1
733 1316 1
733 1329 1
733 1431 1
733 1435 1
733 1700 1
733 1767 1
733 1810 1
733 1865 1
733 1893 1
733 1954 1
733 2040 1
734 124 1
734 165 1
734 212 1
734 230 1
734 341 1
734 556 1
734 584 1
734 631 1
734 692 1
734 725 1
734 727 1
734 741 1
734 823 1
734 852 1
734 891 1
734 911 1
734 927 1
734 1235 1
734 1500 1
734 1520 1
734 1608 1
734 1661 1
734 1972 1
734 2031 1
734 2041 1
735 17 1
735 202 1
735 267 1
735 420 1
735 424 1
735 431 1
735 490 1
735 543 1
735 805 1
735 846 1
735 1053 1
735 1269 1
735 1310 1
735 1402 1
735 1420 1
735 1708 1
735 1719 1
735 1798 1
735 1807 1
735 1904 1
735 2032 1
736 35 1
736 219 1
736 249 1
736 263 1
736 368 1
736 412 1
736 528 1
736 613 1
736 623 1
736 638 1
736 691 1
736 797 1
736 907 1
736 910 1
736 1028 1
736 1073 1
736 1193 1
736 1197 1
736 1304 1
736 1389 1
736 1729 1
736 1813 1
736 2004 1
737 1 1
737 145 1
737 188 1
737 208 1
737 238 1
737 240 1
737 539 1
737 849 1
737 872 1
737 931 1
737 1131 1
737 1163 1
737 1294 1
737 1501 1
737 1780 1
737 1905 1
737 1983 1
738 14 1
738 31 1
738 315 1
738 323 1
738 384 1
738 421 1
738 469 1
738 491 1
738 955 1
738 1259 1
738 1430 1
738 1749 1
738 1925 1
739 402 1
739 724 1
740 286 1
740 897 1
740 1012 1
740 1060 1
740 1125 1
740 1359 1
740 1403 1
740 1636 1
740 1662 1
740 1937 1
741 20 1
741 1276 1
742 672 1
742 796 1
742 1185 1
743 483 1
743 489 1
743 720 1
743 1165 1
744 120 1
744 562 1
744 605 1
744 719 1
744 1224 1
745 920 1
746 110 1
746 419 1
746 818 1
746 977 1
746 1105 1
746 1126 1
746 1213 1
746 1472 1
746 1563 1
746 1598 1
746 1605 1
746 1630 1
746 1830 1
746 1892 1
746 1946 1
746 1987 1
746 1999 1
747 62 1
747 195 1
747 499 1
747 675 1
747 714 1
747 758 1
747 956 1
747 1203 1
747 1323 1
747 1490 1
747 1491 1
747 1498 1
747 1512 1
747 1606 1
748 8 1
748 48 1
748 175 1
748 190 1
748 233 1
748 337 1
748 371 1
748 387 1
748 398 1
748 744 1
748 827 1
748 881 1
748 896 1
748 899 1
748 1341 1
748 1415 1
748 1439 1
748 1514 1
748 1560 1
748 1564 1
748 1585 1
748 1948 1
748 1966 1
749 128 1
749 386 1
749 496 1
749 514 1
749 717 1
749 785 1
749 826 1
749 901 1
749 969 1
749 1031 1
749 1085 1
749 1150 1
749 1156 1
749 1228 1
749 1252 1
749 1332 1
749 1440 1
749 1522 1
749 1755 1
749 1771 1
749 1845 1
749 1943 1
749 1967 1
749 2000 1
750 7 1
750 19 1
750 121 1
750 134 1
750 189 1
750 296 1
750 301 1
750 333 1
750 507 1
750 537 1
750 676 1
750 737 1
750 801 1
750 809 1
750 879 1
750 967 1
750 980 1
750 1001 1
750 1038 1
750 1140 1
750 1209 1
750 1236 1
750 1287 1
750 1303 1
750 1347 1
750 1384 1
750 1399 1
750 1468 1
750 1525 1
750 1637 1
750 1658 1
750 1682 1
750 1685 1
750 1766 1
750 1769 1
750 1907 1
750 1949 1
750 1965 1
750 2048 0
