2 26 1
3 6 1
5 8 1
7 18 1
8 7 1
9 23 1
10 27 1
11 8 1
11 557 1
13 3 1
13 4 1
13 8 1
13 39 1
13 903 1
13 1112 1
13 1811 1
13 1871 1
13 1999 1
14 10 1
14 13 1
14 473 1
14 493 1
14 775 1
14 1125 1
14 1675 1
15 12 1
15 41 1
15 249 1
15 328 1
15 468 1
15 475 1
15 660 1
15 882 1
15 1043 1
15 1053 1
15 1457 1
15 1804 1
16 13 1
16 38 1
16 345 1
16 528 1
16 773 1
16 830 1
16 1250 1
16 1310 1
16 1531 1
16 1566 1
16 1753 1
16 1962 1
17 26 1
17 351 1
17 681 1
17 1116 1
17 1453 1
17 1534 1
18 178 1
18 207 1
18 608 1
18 805 1
18 823 1
18 1420 1
18 1445 1
18 1586 1
18 1672 1
19 31 1
19 725 1
19 796 1
19 1313 1
19 1374 1
19 1670 1
20 10 1
20 112 1
20 195 1
20 405 1
20 860 1
20 1021 1
20 1710 1
20 2008 1
20 2045 1
21 39 1
21 962 1
22 6 1
22 8 1
22 34 1
22 161 1
22 190 1
22 663 1
22 1165 1
22 1713 1
22 1932 1
23 30 1
23 41 1
24 2 1
24 914 1
24 986 1
25 1820 1
25 1970 1
26 12 1
26 15 1
26 30 1
26 1349 1
26 1380 1
27 8 1
27 152 1
27 239 1
27 1741 1
28 1646 1
29 22 1
29 1592 1
30 16 1
30 420 1
30 1432 1
30 1850 1
31 1 1
31 40 1
31 332 1
34 25 1
35 316 1
35 982 1
35 1203 1
35 1331 1
36 1 1
36 12 1
36 13 1
37 3 1
37 26 1
37 27 1
37 30 1
37 1402 1
37 1998 1
38 29 1
38 32 1
38 459 1
38 1638 1
39 17 1
39 508 1
39 644 1
39 855 1
39 1271 1
39 1500 1
40 184 1
40 558 1
40 719 1
40 1330 1
40 1723 1
40 1928 1
40 1966 1
41 197 1
41 1261 1
41 1908 1
42 776 1
42 1175 1
42 1891 1
43 36 1
43 741 1
43 928 1
44 1055 1
44 1176 1
45 27 1
45 34 1
45 35 1
45 1235 1
46 38 1
46 213 1
46 917 1
47 38 1
47 909 1
48 1412 1
49 34 1
49 35 1
49 1482 1
49 1645 1
50 8 1
50 285 1
50 690 1
50 2037 1
51 149 1
51 1063 1
53 7 1
53 423 1
53 1449 1
54 106 1
54 845 1
55 573 1
55 623 1
55 847 1
55 953 1
56 4 1
56 40 1
56 732 1
56 951 1
56 1162 1
57 2 1
57 28 1
57 32 1
57 534 1
57 578 1
58 904 1
58 1068 1
58 1118 1
58 1272 1
58 1709 1
59 1 1
59 8 1
59 17 1
59 29 1
59 355 1
59 436 1
59 677 1
59 983 1
59 1456 1
59 1704 1
60 3 1
60 146 1
60 487 1
60 757 1
60 822 1
61 4 1
61 114 1
61 362 1
61 611 1
61 1605 1
61 1630 1
61 1985 1
62 675 1
62 2029 1
63 242 1
63 769 1
63 853 1
63 871 1
63 974 1
63 996 1
64 88 1
64 1620 1
65 27 1
65 1501 1
65 1516 1
67 24 1
67 33 1
67 322 1
67 632 1
68 30 1
68 829 1
69 28 1
69 187 1
69 1547 1
71 19 1
71 36 1
71 994 1
71 1027 1
71 1474 1
72 30 1
72 1363 1
72 1866 1
72 1876 1
73 11 1
73 30 1
73 1329 1
73 1981 1
75 9 1
75 24 1
75 38 1
75 806 1
76 1641 1
78 5 1
78 879 1
79 40 1
79 544 1
80 23 1
81 16 1
81 717 1
81 1591 1
82 1358 1
82 1556 1
83 91 1
83 93 1
83 236 1
83 372 1
83 629 1
83 1064 1
83 1460 1
83 1549 1
84 38 1
84 39 1
84 412 1
84 587 1
84 1083 1
84 2012 1
85 17 1
85 373 1
85 380 1
85 889 1
85 927 1
85 980 1
85 1074 1
85 1154 1
85 1171 1
85 1428 1
85 1698 1
85 1831 1
86 1167 1
86 1293 1
86 1766 1
86 1801 1
87 21 1
87 590 1
87 613 1
87 1251 1
87 1492 1
88 670 1
88 683 1
88 770 1
88 1050 1
88 1284 1
89 427 1
89 892 1
89 972 1
89 1289 1
89 1951 1
90 334 1
90 1341 1
90 1546 1
90 2018 1
90 2041 1
91 1588 1
92 12 1
93 33 1
94 9 1
94 33 1
94 38 1
95 1 1
95 1061 1
97 9 1
97 18 1
97 20 1
99 28 1
99 1816 1
99 1885 1
100 10 1
100 659 1
101 40 1
101 128 1
103 16 1
103 23 1
103 41 1
103 1059 1
104 36 1
104 1045 1
104 1775 1
105 40 1
105 947 1
106 20 1
106 441 1
106 476 1
106 1458 1
107 21 1
107 158 1
107 1570 1
107 1943 1
108 16 1
108 167 1
108 453 1
108 563 1
108 591 1
108 702 1
108 930 1
108 1018 1
108 1099 1
108 2038 1
109 3 1
109 4 1
109 408 1
109 600 1
109 1108 1
109 1462 1
109 1615 1
109 1628 1
110 7 1
110 31 1
110 37 1
110 384 1
111 6 1
111 13 1
111 639 1
111 1619 1
112 23 1
112 1688 1
113 28 1
113 564 1
113 1503 1
113 1514 1
113 1961 1
113 1976 1
114 118 1
114 151 1
115 192 1
116 39 1
116 1079 1
117 4 1
117 14 1
117 20 1
117 815 1
118 1097 1
118 1274 1
118 1371 1
118 1978 1
119 505 1
119 538 1
119 1571 1
119 1737 1
120 336 1
120 1228 1
120 1832 1
121 147 1
121 1443 1
122 2 1
122 9 1
122 304 1
122 652 1
122 1101 1
122 1600 1
123 621 1
123 1107 1
124 18 1
124 309 1
124 910 1
124 1132 1
124 1587 1
125 3 1
125 24 1
125 404 1
125 475 1
125 488 1
125 1863 1
125 1971 1
125 2048 1
126 19 1
126 36 1
126 1525 1
126 1532 1
127 9 1
127 38 1
127 305 1
127 561 1
127 750 1
127 820 1
128 4 1
128 19 1
128 365 1
128 628 1
129 1292 1
129 1576 1
130 4 1
130 15 1
130 1809 1
132 12 1
133 1410 1
134 25 1
135 12 1
135 29 1
136 22 1
136 548 1
138 480 1
138 1010 1
138 1344 1
138 1476 1
139 8 1
139 29 1
139 41 1
139 129 1
139 781 1
139 794 1
139 856 1
139 1296 1
139 1319 1
139 1452 1
140 196 1
140 1597 1
141 116 1
141 141 1
141 150 1
141 1853 1
141 1997 1
142 3 1
142 206 1
142 316 1
142 689 1
142 1505 1
142 1780 1
143 417 1
143 1095 1
143 1262 1
143 1914 1
144 2 1
144 98 1
144 525 1
144 831 1
144 1164 1
144 1804 1
145 1 1
145 31 1
145 419 1
145 1025 1
146 25 1
146 332 1
146 1302 1
147 33 1
147 34 1
147 109 1
147 582 1
147 993 1
148 752 1
149 13 1
149 17 1
149 30 1
150 36 1
151 796 1
151 1014 1
152 1033 1
152 1364 1
153 391 1
154 1736 1
154 1788 1
156 1830 1
157 1156 1
158 1254 1
158 1824 1
159 1405 1
159 1952 1
160 276 1
160 886 1
160 1147 1
160 1330 1
161 97 1
161 981 1
162 456 1
163 424 1
163 1646 1
164 609 1
165 351 1
165 925 1
165 1496 1
165 1858 1
169 1411 1
173 513 1
174 1841 1
175 201 1
175 1208 1
177 1485 1
178 1457 1
179 658 1
180 207 1
180 932 1
180 1230 1
181 367 1
182 1400 1
186 287 1
189 515 1
204 1899 1
217 1352 1
221 263 1
221 1934 1
221 1969 1
233 1379 1
234 457 1
236 1560 1
250 1964 1
252 1326 1
263 211 1
265 1408 1
265 1614 1
265 1668 1
266 291 1
266 325 1
267 1659 1
269 298 1
273 467 1
284 174 1
285 746 1
287 921 1
289 1192 1
300 669 1
301 1406 1
301 1984 1
314 188 1
316 1017 1
317 588 1
327 931 1
329 1012 1
329 1285 1
331 180 1
332 885 1
332 1347 1
333 988 1
333 1434 1
346 1119 1
346 1752 1
358 824 1
361 1477 1
363 751 1
375 271 1
376 255 1
383 539 1
389 2031 1
392 1868 1
398 971 1
399 1959 1
401 532 1
403 1552 1
404 593 1
415 1082 1
415 1232 1
417 514 1
417 1267 1
429 1136 1
429 1299 1
431 1860 1
431 1929 1
444 997 1
445 1800 1
451 631 1
457 705 1
459 134 1
462 181 1
467 1781 1
469 642 1
475 1210 1
477 877 1
490 816 1
491 812 1
506 1325 1
507 491 1
517 1611 1
518 440 1
519 1442 1
521 688 1
521 1184 1
523 110 1
524 1621 1
526 223 1
526 1659 1
750 2048 0
