1 4 1
1 67 1
1 89 1
1 222 1
1 234 1
1 878 1
1 929 1
1 940 1
1 1136 1
1 1305 1
1 1543 1
1 1595 1
1 1690 1
1 1719 1
1 1802 1
2 15 1
2 27 1
2 432 1
2 627 1
2 812 1
2 1037 1
2 1471 1
2 1768 1
2 1827 1
2 1921 1
3 143 1
3 957 1
3 1022 1
3 1097 1
3 1285 1
3 1573 1
3 1704 1
3 1800 1
3 1833 1
4 10 1
4 27 1
4 274 1
4 1256 1
4 1758 1
4 2032 1
5 8 1
5 295 1
5 310 1
5 1227 1
5 1580 1
5 2009 1
6 19 1
6 32 1
6 589 1
6 776 1
6 919 1
6 1180 1
6 1714 1
7 784 1
7 1866 1
8 1 1
8 7 1
8 23 1
8 646 1
8 1087 1
8 1381 1
9 31 1
9 285 1
9 1194 1
9 1444 1
10 244 1
10 253 1
10 1270 1
11 17 1
11 654 1
11 704 1
11 1045 1
11 1223 1
11 1232 1
11 1419 1
11 1427 1
11 1759 1
11 1764 1
12 696 1
12 856 1
12 1034 1
12 1379 1
12 1615 1
12 1944 1
12 1947 1
13 377 1
13 514 1
13 858 1
13 1406 1
13 1674 1
14 3 1
14 36 1
14 527 1
14 671 1
14 1649 1
14 1672 1
14 1677 1
14 1862 1
14 1904 1
14 2035 1
15 21 1
15 53 1
15 211 1
15 399 1
15 411 1
15 455 1
15 582 1
15 1349 1
16 3 1
16 400 1
16 765 1
16 1084 1
16 1546 1
17 8 1
17 242 1
17 347 1
17 543 1
17 1241 1
17 1355 1
18 132 1
18 298 1
18 581 1
18 649 1
18 713 1
18 1271 1
18 1274 1
18 1392 1
18 1818 1
19 311 1
19 702 1
20 8 1
20 24 1
20 32 1
20 35 1
20 39 1
21 26 1
21 385 1
21 853 1
21 996 1
21 1948 1
22 972 1
22 1051 1
22 1356 1
22 1682 1
23 29 1
23 33 1
23 1200 1
24 38 1
24 1659 1
24 2011 1
25 7 1
25 17 1
25 398 1
25 482 1
25 832 1
25 900 1
25 1738 1
27 5 1
27 160 1
27 721 1
27 1788 1
28 12 1
28 13 1
29 15 1
29 30 1
29 325 1
29 593 1
29 838 1
29 1366 1
29 1777 1
30 10 1
30 41 1
30 198 1
30 566 1
30 575 1
30 644 1
30 735 1
30 808 1
30 913 1
30 992 1
30 1060 1
30 1259 1
31 694 1
31 796 1
32 27 1
32 507 1
33 33 1
33 34 1
33 965 1
33 1630 1
34 11 1
34 165 1
34 190 1
34 1962 1
35 11 1
35 27 1
35 777 1
36 1348 1
36 1872 1
37 11 1
37 19 1
37 1058 1
38 7 1
38 1193 1
38 1989 1
39 3 1
39 29 1
39 733 1
39 964 1
39 1172 1
39 1936 1
39 2019 1
40 35 1
40 461 1
41 11 1
42 3 1
42 551 1
42 591 1
42 1375 1
43 2 1
43 25 1
43 245 1
43 1114 1
43 1852 1
43 1971 1
44 5 1
44 18 1
44 334 1
44 437 1
44 573 1
44 1964 1
45 231 1
45 415 1
45 1175 1
45 1458 1
45 1742 1
46 1576 1
46 1949 1
46 1952 1
47 39 1
47 372 1
47 541 1
47 608 1
47 968 1
47 1706 1
48 32 1
48 39 1
48 505 1
49 13 1
49 28 1
49 39 1
49 127 1
49 691 1
50 139 1
50 337 1
50 481 1
50 717 1
50 1077 1
51 1432 1
51 1683 1
51 1932 1
51 1954 1
52 181 1
52 396 1
52 1038 1
53 1361 1
53 1549 1
54 38 1
54 140 1
54 1151 1
54 1883 1
54 1998 1
55 2 1
55 226 1
55 1839 1
56 6 1
56 892 1
56 1226 1
56 1555 1
56 1645 1
57 10 1
57 259 1
57 1005 1
57 1152 1
57 1185 1
57 1648 1
57 1658 1
57 1849 1
58 161 1
58 1099 1
58 1435 1
58 1724 1
59 15 1
59 20 1
59 109 1
59 883 1
59 963 1
59 1182 1
59 1562 1
59 1579 1
59 1766 1
59 1985 1
59 1993 1
60 27 1
60 33 1
60 55 1
60 380 1
60 436 1
60 588 1
60 773 1
60 1001 1
60 1124 1
60 1346 1
60 1638 1
60 1858 1
61 32 1
61 223 1
61 281 1
61 375 1
61 488 1
61 870 1
61 987 1
61 1627 1
62 158 1
62 185 1
62 197 1
62 419 1
62 540 1
62 837 1
62 877 1
62 1606 1
62 1712 1
63 93 1
63 1338 1
63 1380 1
63 1667 1
63 1792 1
64 354 1
64 811 1
64 1028 1
64 1307 1
64 1393 1
64 1873 1
65 6 1
65 449 1
65 727 1
65 750 1
65 918 1
65 1300 1
65 1903 1
66 36 1
66 76 1
66 178 1
66 1737 1
67 18 1
67 34 1
67 349 1
67 1445 1
67 1476 1
68 8 1
68 518 1
68 1414 1
68 1535 1
70 27 1
70 391 1
71 22 1
71 28 1
71 550 1
71 1306 1
71 1850 1
72 4 1
72 7 1
72 1459 1
72 1686 1
72 1825 1
72 1987 1
73 7 1
73 34 1
73 90 1
73 473 1
73 638 1
73 664 1
73 1441 1
73 1854 1
73 1934 1
74 3 1
74 7 1
74 196 1
74 783 1
74 1915 1
75 147 1
75 333 1
75 559 1
75 560 1
75 663 1
75 888 1
75 927 1
75 1013 1
75 1162 1
75 1442 1
75 1446 1
75 1481 1
75 1894 1
75 1917 1
76 5 1
76 19 1
76 65 1
76 100 1
76 131 1
76 213 1
76 410 1
76 763 1
76 787 1
76 823 1
76 875 1
76 980 1
76 995 1
76 1362 1
76 1387 1
76 1542 1
76 1816 1
76 1838 1
77 41 1
77 99 1
77 148 1
77 313 1
77 594 1
77 615 1
77 684 1
77 792 1
77 807 1
77 1426 1
77 1431 1
77 1613 1
77 1821 1
77 1871 1
77 1905 1
77 2013 1
77 2042 1
78 98 1
78 230 1
78 725 1
78 1538 1
78 1541 1
78 1741 1
78 1796 1
78 2047 1
79 27 1
79 108 1
79 775 1
79 1024 1
79 1101 1
79 1261 1
79 1640 1
79 1972 1
80 1160 1
80 1257 1
80 1367 1
80 1931 1
81 73 1
81 75 1
81 602 1
81 1143 1
81 1785 1
82 9 1
82 291 1
82 301 1
83 26 1
83 184 1
83 786 1
83 863 1
83 1945 1
84 35 1
84 309 1
84 1129 1
85 13 1
85 151 1
85 1125 1
86 16 1
86 20 1
86 56 1
86 125 1
87 37 1
87 441 1
87 547 1
87 1196 1
88 4 1
88 5 1
88 19 1
88 23 1
88 129 1
88 236 1
88 509 1
88 767 1
88 1052 1
88 1325 1
88 1623 1
88 1723 1
88 1848 1
89 990 1
89 1209 1
89 1453 1
89 1685 1
89 1841 1
89 1914 1
90 14 1
90 33 1
90 77 1
90 577 1
90 587 1
90 670 1
90 679 1
90 744 1
90 761 1
90 781 1
90 782 1
90 891 1
90 1145 1
90 1369 1
90 1404 1
90 1424 1
90 1567 1
90 1817 1
90 1924 1
90 1925 1
90 1938 1
91 11 1
91 327 1
91 583 1
91 950 1
91 953 1
91 1127 1
91 1533 1
91 1605 1
91 1642 1
91 1859 1
91 1974 1
92 276 1
92 363 1
92 420 1
92 525 1
92 797 1
92 868 1
92 1203 1
92 1290 1
92 1316 1
92 1574 1
92 1612 1
92 1684 1
92 1808 1
93 37 1
93 40 1
93 69 1
93 88 1
93 112 1
93 189 1
93 328 1
93 357 1
93 402 1
93 478 1
93 546 1
93 864 1
93 873 1
93 975 1
93 1108 1
93 1697 1
93 1731 1
93 1876 1
93 1919 1
93 1926 1
93 1978 1
94 1 1
94 11 1
94 41 1
94 49 1
94 221 1
94 741 1
94 903 1
94 931 1
94 1046 1
94 1184 1
94 1368 1
94 1590 1
94 1853 1
95 38 1
95 224 1
95 289 1
95 522 1
95 563 1
95 1492 1
95 1523 1
95 1556 1
95 1744 1
95 1798 1
96 35 1
96 609 1
96 714 1
96 951 1
96 1014 1
96 1482 1
96 1794 1
96 1869 1
97 41 1
97 142 1
97 789 1
97 1547 1
98 7 1
98 640 1
98 1663 1
98 1783 1
99 7 1
99 38 1
99 1632 1
100 988 1
100 1503 1
101 173 1
101 1963 1
102 932 1
102 1999 1
103 24 1
103 27 1
103 851 1
104 9 1
104 135 1
104 562 1
104 690 1
104 1992 1
105 8 1
105 20 1
105 61 1
105 124 1
105 544 1
105 771 1
105 801 1
105 829 1
105 943 1
105 1035 1
105 1462 1
105 1720 1
106 9 1
106 92 1
106 107 1
106 164 1
106 324 1
106 412 1
106 516 1
106 724 1
106 1021 1
106 1055 1
106 1345 1
106 1528 1
106 1624 1
106 1765 1
106 1906 1
107 22 1
107 35 1
107 84 1
107 192 1
107 439 1
107 472 1
107 683 1
107 788 1
107 889 1
107 1138 1
107 1141 1
107 1213 1
107 1288 1
107 1402 1
107 1443 1
107 1463 1
107 1597 1
108 24 1
108 336 1
108 373 1
108 424 1
108 648 1
108 977 1
108 985 1
108 1012 1
108 1126 1
108 1148 1
108 1262 1
108 1341 1
108 1496 1
108 1501 1
108 1961 1
108 2002 1
108 2046 1
109 27 1
109 163 1
109 423 1
109 443 1
109 681 1
109 806 1
109 815 1
109 879 1
109 910 1
109 1100 1
109 1372 1
109 1499 1
109 1540 1
109 1560 1
109 1583 1
109 1698 1
109 1888 1
109 2003 1
110 8 1
110 308 1
110 474 1
110 494 1
110 532 1
110 949 1
110 999 1
110 1165 1
110 1167 1
110 1169 1
110 1385 1
110 1774 1
110 1968 1
110 1991 1
110 2004 1
111 40 1
111 171 1
111 652 1
111 731 1
111 911 1
111 914 1
111 1116 1
111 1507 1
111 1544 1
112 307 1
112 329 1
112 1103 1
112 1230 1
112 1472 1
112 1644 1
112 1647 1
112 1740 1
112 1997 1
113 20 1
113 831 1
113 1386 1
113 1407 1
113 1430 1
113 1434 1
113 1475 1
113 1506 1
113 1603 1
114 83 1
114 94 1
114 1811 1
115 34 1
115 1269 1
115 1589 1
116 95 1
116 413 1
117 34 1
117 35 1
117 809 1
117 1486 1
117 1616 1
117 1756 1
118 18 1
118 39 1
118 370 1
119 41 1
119 657 1
119 941 1
120 3 1
120 1168 1
120 1815 1
121 37 1
121 539 1
121 800 1
121 1197 1
121 1374 1
121 1775 1
122 345 1
122 508 1
122 537 1
122 572 1
122 619 1
122 785 1
122 848 1
122 922 1
122 1063 1
122 1377 1
122 1401 1
122 1591 1
122 1749 1
122 1875 1
122 1912 1
122 1979 1
123 2 1
123 33 1
123 87 1
123 138 1
123 156 1
123 162 1
123 180 1
123 480 1
123 580 1
123 610 1
123 855 1
123 939 1
123 945 1
123 982 1
123 1283 1
123 1342 1
123 1371 1
123 1376 1
123 1552 1
123 1602 1
123 1975 1
123 2010 1
124 1 1
124 3 1
124 14 1
124 20 1
124 146 1
124 384 1
124 528 1
124 600 1
124 692 1
124 703 1
124 805 1
124 847 1
124 906 1
124 1026 1
124 1249 1
124 1302 1
124 1327 1
124 1347 1
124 1559 1
124 1687 1
124 1750 1
124 1900 1
124 2008 1
125 6 1
125 13 1
125 14 1
125 37 1
125 321 1
125 860 1
125 1066 1
125 1094 1
125 1110 1
125 1383 1
125 1396 1
125 1505 1
125 1510 1
125 1650 1
125 1921 1
125 1933 1
125 1946 1
126 7 1
126 227 1
126 641 1
126 710 1
126 830 1
126 872 1
126 1025 1
126 1053 1
126 1135 1
126 1178 1
126 1384 1
126 1391 1
126 1415 1
126 1713 1
126 1969 1
126 2044 1
127 149 1
127 266 1
127 685 1
127 751 1
127 760 1
127 824 1
127 846 1
127 1071 1
127 1215 1
127 1412 1
127 1487 1
127 1553 1
128 13 1
128 41 1
128 159 1
128 176 1
128 200 1
128 389 1
128 495 1
128 1033 1
128 1289 1
128 1313 1
128 1332 1
128 1405 1
129 218 1
129 232 1
129 604 1
129 920 1
129 1000 1
129 1081 1
129 1176 1
129 1477 1
129 1512 1
129 1855 1
130 933 1
130 1068 1
130 1079 1
130 1298 1
130 1333 1
130 1470 1
130 1646 1
130 1671 1
131 2 1
131 25 1
131 378 1
131 884 1
131 1389 1
131 1497 1
132 8 1
132 23 1
132 27 1
132 38 1
132 46 1
132 209 1
132 344 1
132 821 1
132 1835 1
133 272 1
133 1877 1
133 2000 1
134 15 1
134 19 1
134 21 1
134 1128 1
134 1782 1
134 2048 1
135 248 1
135 302 1
135 711 1
135 1170 1
136 3 1
136 13 1
136 835 1
136 1390 1
136 1895 1
137 9 1
137 210 1
137 749 1
137 925 1
137 1534 1
138 40 1
138 43 1
138 70 1
138 916 1
138 1064 1
138 1320 1
138 1643 1
138 2045 1
139 2 1
139 30 1
139 82 1
139 130 1
139 674 1
139 707 1
139 819 1
139 842 1
139 849 1
139 986 1
139 998 1
139 1016 1
139 1308 1
139 1587 1
139 1865 1
139 1955 1
140 62 1
140 96 1
140 144 1
140 205 1
140 238 1
140 351 1
140 517 1
140 578 1
140 736 1
140 893 1
140 1078 1
140 1134 1
140 1157 1
140 1399 1
140 1662 1
140 2031 1
141 32 1
141 54 1
141 128 1
141 199 1
141 257 1
141 558 1
141 584 1
141 700 1
141 715 1
141 742 1
141 746 1
141 769 1
141 770 1
141 928 1
141 1019 1
141 1420 1
141 1480 1
141 1728 1
141 1880 1
141 1896 1
141 1908 1
141 2041 1
142 113 1
142 172 1
142 468 1
142 565 1
142 689 1
142 804 1
142 878 1
142 887 1
142 947 1
142 1280 1
142 1483 1
142 1694 1
142 1902 1
142 1994 1
142 2037 1
143 115 1
143 348 1
143 556 1
143 659 1
143 660 1
143 677 1
143 798 1
143 1029 1
143 1199 1
143 1231 1
143 1582 1
143 1586 1
143 1631 1
143 1651 1
144 5 1
144 30 1
144 36 1
144 126 1
144 466 1
144 504 1
144 576 1
144 726 1
144 793 1
144 818 1
144 1428 1
144 1465 1
145 8 1
145 355 1
145 374 1
145 706 1
145 1454 1
145 1676 1
145 1990 1
146 6 1
146 137 1
146 524 1
146 553 1
146 719 1
146 1027 1
146 1032 1
146 1096 1
146 1244 1
146 1509 1
146 1654 1
146 1721 1
146 1801 1
146 1966 1
147 20 1
147 35 1
147 1123 1
147 1449 1
148 30 1
148 1804 1
149 31 1
149 1246 1
150 12 1
150 1519 1
152 271 1
152 795 1
152 1272 1
152 1358 1
153 1397 1
153 1633 1
154 168 1
154 1090 1
154 1133 1
154 1489 1
154 1517 1
154 1898 1
155 104 1
155 330 1
155 435 1
155 492 1
155 794 1
155 1485 1
155 1524 1
155 1689 1
155 1746 1
155 1829 1
156 243 1
156 342 1
156 418 1
156 454 1
156 463 1
156 487 1
156 626 1
156 867 1
156 973 1
156 1002 1
156 1030 1
156 1059 1
156 1065 1
156 1086 1
156 1189 1
156 1207 1
156 1329 1
156 1491 1
156 1725 1
156 1956 1
157 48 1
157 233 1
157 280 1
157 284 1
157 304 1
157 316 1
157 358 1
157 362 1
157 568 1
157 569 1
157 611 1
157 666 1
157 899 1
157 907 1
157 970 1
157 1107 1
157 1111 1
157 1255 1
157 1334 1
157 1531 1
157 1806 1
157 1831 1
157 1887 1
158 123 1
158 332 1
158 371 1
158 433 1
158 442 1
158 475 1
158 723 1
158 869 1
158 908 1
158 923 1
158 983 1
158 1043 1
158 1073 1
158 1254 1
158 1336 1
158 1359 1
158 1436 1
158 1569 1
158 1614 1
158 1629 1
158 1637 1
158 1688 1
158 1754 1
158 1803 1
158 1920 1
158 2029 1
159 45 1
159 188 1
159 251 1
159 285 1
159 590 1
159 762 1
159 768 1
159 820 1
159 902 1
159 1102 1
159 1181 1
159 1212 1
159 1250 1
159 1295 1
159 1335 1
159 1373 1
159 1530 1
159 1593 1
159 1611 1
159 1707 1
159 1753 1
159 1757 1
159 1892 1
160 161 1
160 183 1
160 326 1
160 353 1
160 428 1
160 501 1
160 520 1
160 845 1
160 937 1
160 979 1
160 1159 1
160 1238 1
160 1330 1
160 1675 1
160 1704 1
160 1739 1
160 1857 1
160 1927 1
160 1967 1
161 114 1
161 215 1
161 382 1
161 662 1
161 688 1
161 754 1
161 1121 1
161 1267 1
161 1479 1
161 1550 1
161 1610 1
161 1669 1
161 1863 1
162 175 1
162 256 1
162 319 1
162 534 1
162 701 1
162 1089 1
162 1468 1
162 1864 1
163 417 1
163 622 1
163 645 1
163 755 1
163 1010 1
163 1617 1
163 1641 1
163 2021 1
164 169 1
164 416 1
164 1191 1
164 1942 1
165 512 1
165 530 1
165 917 1
165 1117 1
166 386 1
166 479 1
166 1301 1
167 260 1
167 323 1
167 1115 1
167 1142 1
167 1635 1
167 1772 1
168 871 1
168 1639 1
168 1970 1
169 305 1
169 1105 1
170 465 1
170 790 1
170 1339 1
170 1655 1
170 1734 1
171 219 1
171 235 1
171 237 1
171 255 1
171 404 1
171 502 1
171 738 1
171 926 1
171 952 1
171 997 1
171 1085 1
171 1113 1
171 1177 1
171 1217 1
171 1473 1
171 1493 1
171 1504 1
171 1521 1
171 1577 1
171 1620 1
171 1819 1
171 1826 1
171 1846 1
171 1847 1
172 145 1
172 206 1
172 346 1
172 368 1
172 407 1
172 459 1
172 570 1
172 616 1
172 718 1
172 799 1
172 822 1
172 890 1
172 942 1
172 1057 1
172 1173 1
172 1183 1
172 1188 1
172 1229 1
172 1235 1
172 1281 1
172 1411 1
172 1488 1
172 1516 1
172 1539 1
172 1584 1
172 1732 1
172 1743 1
172 1929 1
173 105 1
173 117 1
173 177 1
173 261 1
173 388 1
173 458 1
173 621 1
173 628 1
173 665 1
173 699 1
173 758 1
173 816 1
173 839 1
173 876 1
173 1023 1
173 1039 1
173 1075 1
173 1083 1
173 1163 1
173 1206 1
173 1319 1
173 1337 1
173 1378 1
173 1395 1
173 1419 1
173 1440 1
173 1520 1
173 1529 1
173 1543 1
173 1566 1
173 1670 1
173 1674 1
173 1722 1
173 1795 1
173 1830 1
173 1870 1
173 1882 1
173 1899 1
173 1935 1
173 2007 1
173 2018 1
174 60 1
174 106 1
174 187 1
174 229 1
174 250 1
174 361 1
174 426 1
174 446 1
174 452 1
174 482 1
174 535 1
174 536 1
174 612 1
174 618 1
174 625 1
174 634 1
174 934 1
174 962 1
174 1008 1
174 1050 1
174 1112 1
174 1146 1
174 1214 1
174 1266 1
174 1299 1
174 1344 1
174 1370 1
174 1382 1
174 1467 1
174 1478 1
174 1502 1
174 1563 1
174 1693 1
174 1767 1
174 2016 1
175 63 1
175 202 1
175 295 1
175 317 1
175 360 1
175 448 1
175 589 1
175 607 1
175 614 1
175 620 1
175 629 1
175 921 1
175 1031 1
175 1041 1
175 1228 1
175 1258 1
175 1268 1
175 1291 1
175 1421 1
175 1691 1
175 1703 1
175 1874 1
175 1878 1
175 1916 1
175 1923 1
175 2012 1
175 2030 1
175 2036 1
176 68 1
176 79 1
176 153 1
176 212 1
176 270 1
176 277 1
176 381 1
176 408 1
176 485 1
176 623 1
176 676 1
176 1003 1
176 1061 1
176 1069 1
176 1119 1
176 1284 1
176 1326 1
176 1398 1
176 1406 1
176 1410 1
176 1508 1
176 1548 1
176 1564 1
176 1609 1
176 1619 1
176 1625 1
176 1692 1
176 1761 1
176 1910 1
177 64 1
177 241 1
177 263 1
177 315 1
177 366 1
177 529 1
177 696 1
177 705 1
177 796 1
177 813 1
177 1018 1
177 1239 1
177 1260 1
177 1331 1
177 1418 1
177 1427 1
177 1469 1
177 1930 1
177 2039 1
178 239 1
178 422 1
178 430 1
178 457 1
178 464 1
178 486 1
178 642 1
178 745 1
178 834 1
178 840 1
178 1015 1
178 1149 1
178 1575 1
178 1599 1
178 1660 1
178 1695 1
178 1718 1
178 1745 1
178 1776 1
178 1799 1
178 1828 1
178 1836 1
178 1861 1
178 1941 1
178 1950 1
178 1953 1
179 91 1
179 287 1
179 364 1
179 385 1
179 513 1
179 646 1
179 774 1
179 981 1
179 1004 1
179 1048 1
179 1156 1
179 1679 1
179 1771 1
179 1843 1
179 2023 1
179 2027 1
180 552 1
180 555 1
180 606 1
180 1118 1
180 1571 1
181 624 1
181 687 1
181 991 1
181 1294 1
181 1594 1
181 1736 1
182 335 1
182 803 1
182 936 1
182 993 1
182 1365 1
183 409 1
183 561 1
183 1711 1
183 1716 1
184 119 1
184 885 1
184 974 1
184 1009 1
184 1318 1
184 1672 1
184 1885 1
184 1893 1
185 122 1
185 207 1
185 268 1
185 350 1
185 395 1
185 1451 1
186 510 1
186 832 1
186 852 1
187 167 1
187 1122 1
187 1526 1
188 150 1
188 390 1
188 470 1
188 862 1
188 1701 1
188 1805 1
188 1976 1
188 1980 1
188 2009 1
189 217 1
189 246 1
189 545 1
189 603 1
189 896 1
189 960 1
189 1044 1
189 1140 1
189 1264 1
189 1310 1
189 1312 1
189 1324 1
189 1400 1
189 1452 1
189 1596 1
189 1729 1
189 1780 1
189 1834 1
189 1940 1
189 2026 1
190 58 1
190 110 1
190 174 1
190 292 1
190 493 1
190 833 1
190 946 1
190 948 1
190 1011 1
190 1067 1
190 1095 1
190 1120 1
190 1166 1
190 1201 1
190 1278 1
190 1286 1
190 1304 1
190 1328 1
190 1363 1
190 1416 1
190 1417 1
190 1448 1
190 1457 1
190 1511 1
190 1561 1
190 1578 1
190 1585 1
190 1622 1
190 1708 1
190 1760 1
190 1911 1
191 59 1
191 194 1
191 273 1
191 290 1
191 367 1
191 369 1
191 456 1
191 469 1
191 499 1
191 542 1
191 567 1
191 669 1
191 874 1
191 915 1
191 944 1
191 976 1
191 1098 1
191 1216 1
191 1225 1
191 1311 1
191 1425 1
191 1532 1
191 1554 1
191 1659 1
191 1668 1
191 1715 1
191 1797 1
191 1881 1
191 1960 1
191 1981 1
192 299 1
192 318 1
192 352 1
192 531 1
192 597 1
192 617 1
192 630 1
192 655 1
192 772 1
192 844 1
192 958 1
192 984 1
192 1263 1
192 1270 1
192 1292 1
192 1322 1
192 1352 1
192 1665 1
192 1673 1
192 1709 1
192 1786 1
192 1793 1
192 1809 1
192 1832 1
192 1922 1
192 1928 1
193 133 1
193 635 1
193 636 1
193 650 1
193 668 1
193 713 1
193 817 1
193 841 1
193 857 1
193 905 1
193 1042 1
193 1062 1
193 1109 1
193 1161 1
193 1192 1
193 1248 1
193 1464 1
193 1525 1
193 1678 1
193 1742 1
193 1844 1
193 1973 1
193 2020 1
194 80 1
194 269 1
194 379 1
194 403 1
194 592 1
194 633 1
194 637 1
194 743 1
194 1104 1
194 1194 1
194 1285 1
194 1460 1
194 1498 1
194 1789 1
194 1866 1
194 1965 1
195 170 1
195 406 1
195 564 1
195 720 1
195 955 1
195 1287 1
195 1455 1
195 1598 1
195 1812 1
195 1884 1
195 1913 1
195 2001 1
196 264 1
196 467 1
196 477 1
196 515 1
196 579 1
196 1171 1
196 1221 1
196 1282 1
197 282 1
198 521 1
198 766 1
198 1265 1
198 1364 1
198 1588 1
198 1690 1
199 186 1
199 574 1
199 956 1
199 1252 1
199 1340 1
200 2024 1
201 2014 1
202 434 1
202 658 1
203 1074 1
203 1088 1
203 1600 1
203 1702 1
203 2033 1
204 320 1
204 339 1
204 365 1
204 476 1
204 506 1
204 1317 1
204 1983 1
204 2015 1
205 191 1
205 203 1
205 254 1
205 294 1
205 427 1
205 850 1
205 854 1
205 1020 1
205 1047 1
205 1303 1
205 1886 1
205 1957 1
206 78 1
206 121 1
206 240 1
206 249 1
206 274 1
206 447 1
206 453 1
206 543 1
206 613 1
206 643 1
206 778 1
206 1080 1
206 1132 1
206 1155 1
206 1273 1
206 1297 1
206 1527 1
206 1733 1
206 1752 1
206 1788 1
206 1840 1
206 1856 1
206 1867 1
206 1907 1
207 57 1
207 86 1
207 214 1
207 288 1
207 377 1
207 471 1
207 526 1
207 654 1
207 672 1
207 729 1
207 880 1
207 904 1
207 966 1
207 1174 1
207 1236 1
207 1279 1
207 1355 1
207 1551 1
207 1557 1
207 1601 1
207 1748 1
207 1814 1
207 1868 1
207 1947 1
207 2040 1
208 103 1
208 394 1
208 500 1
208 519 1
208 1136 1
208 1277 1
208 1314 1
208 1350 1
208 1438 1
208 1545 1
208 1661 1
208 1818 1
208 1842 1
208 1988 1
208 2038 1
209 179 1
209 312 1
209 322 1
209 414 1
209 425 1
209 483 1
209 498 1
209 557 1
209 675 1
209 748 1
209 825 1
209 886 1
209 994 1
209 1034 1
209 1036 1
209 1037 1
209 1054 1
209 1097 1
209 1154 1
209 1179 1
209 1315 1
209 1592 1
209 1652 1
209 1705 1
209 1837 1
209 1860 1
209 1951 1
209 1986 1
210 44 1
210 306 1
210 314 1
210 695 1
210 1084 1
210 1091 1
210 1180 1
210 1186 1
210 1274 1
210 1354 1
210 1423 1
210 1822 1
211 548 1
211 647 1
211 810 1
211 930 1
211 1049 1
211 1051 1
211 1158 1
211 1484 1
211 1518 1
211 1758 1
211 1891 1
211 1996 1
211 2034 1
212 141 1
212 283 1
212 405 1
212 722 1
212 961 1
212 1093 1
212 1309 1
212 1570 1
212 1807 1
213 265 1
213 387 1
213 1608 1
213 1769 1
214 154 1
214 444 1
214 599 1
214 605 1
214 1202 1
214 1305 1
214 1513 1
214 1657 1
214 1764 1
215 97 1
215 673 1
215 1205 1
215 1394 1
216 595 1
216 730 1
216 1403 1
217 1439 1
218 1187 1
218 1939 1
218 1959 1
219 193 1
219 223 1
219 1791 1
220 166 1
220 1220 1
220 1293 1
220 1450 1
220 1565 1
220 1653 1
220 1890 1
220 1977 1
221 222 1
221 523 1
221 667 1
221 732 1
221 866 1
221 1204 1
221 1447 1
222 253 1
222 632 1
222 661 1
222 671 1
222 752 1
222 780 1
222 1144 1
222 1208 1
222 1247 1
222 1422 1
222 1536 1
222 1537 1
222 1626 1
222 1682 1
222 1810 1
222 1820 1
222 1944 1
223 51 1
223 247 1
223 252 1
223 331 1
223 598 1
223 686 1
223 712 1
223 898 1
223 919 1
223 1070 1
223 1147 1
223 1595 1
223 1717 1
223 1747 1
223 1759 1
223 1943 1
223 2025 1
224 136 1
224 340 1
224 343 1
224 533 1
224 680 1
224 753 1
224 757 1
224 843 1
224 882 1
224 901 1
224 969 1
224 971 1
224 1092 1
224 1195 1
224 1218 1
224 1232 1
224 1240 1
224 1276 1
224 1604 1
224 1621 1
224 1768 1
224 1879 1
224 1937 1
224 2043 1
225 42 1
225 50 1
225 72 1
225 81 1
225 152 1
225 383 1
225 397 1
225 421 1
225 566 1
225 639 1
225 759 1
225 1087 1
225 1130 1
225 1211 1
225 1219 1
225 1242 1
225 1456 1
225 1471 1
225 1568 1
225 1770 1
225 1784 1
225 1889 1
225 1918 1
225 1982 1
226 157 1
226 234 1
226 341 1
226 462 1
226 596 1
226 627 1
226 631 1
226 739 1
226 1150 1
226 1719 1
226 1727 1
226 1730 1
226 1858 1
227 67 1
227 278 1
227 450 1
227 496 1
227 1056 1
227 1243 1
227 1408 1
227 1495 1
228 120 1
228 140 1
228 155 1
228 554 1
228 678 1
228 858 1
228 861 1
228 1343 1
228 1353 1
228 1738 1
228 1824 1
229 481 1
229 484 1
229 511 1
229 924 1
229 2005 1
230 52 1
230 74 1
230 491 1
230 1198 1
230 2022 1
231 53 1
231 286 1
231 310 1
231 586 1
231 693 1
231 776 1
231 1664 1
232 195 1
232 297 1
233 197 1
233 1909 1
234 1190 1
235 497 1
235 1045 1
236 978 1
236 989 1
236 1393 1
236 1444 1
237 71 1
237 1007 1
237 1040 1
237 1437 1
237 1958 1
238 102 1
238 111 1
238 275 1
238 438 1
238 783 1
238 802 1
238 909 1
238 1139 1
238 1253 1
238 1379 1
238 1762 1
238 1785 1
238 1802 1
238 1904 1
239 160 1
239 204 1
239 258 1
239 293 1
239 300 1
239 376 1
239 392 1
239 411 1
239 651 1
239 728 1
239 737 1
239 747 1
239 827 1
239 888 1
239 1082 1
239 1175 1
239 1233 1
239 1256 1
239 1321 1
239 1433 1
239 1474 1
239 1500 1
239 1628 1
239 1677 1
239 1735 1
239 1833 1
239 1862 1
240 85 1
240 198 1
240 399 1
240 445 1
240 503 1
240 575 1
240 764 1
240 792 1
240 959 1
240 1006 1
240 1185 1
240 1200 1
240 1413 1
240 1461 1
240 1481 1
240 1514 1
240 1581 1
240 1634 1
240 1755 1
240 1800 1
240 1851 1
240 1948 1
240 2017 1
241 131 1
241 402 1
241 440 1
241 527 1
241 740 1
241 894 1
241 929 1
241 964 1
241 1241 1
241 1323 1
241 1696 1
241 1763 1
241 1790 1
242 75 1
242 143 1
242 451 1
242 538 1
242 560 1
242 615 1
242 1153 1
242 1275 1
242 1409 1
242 1434 1
242 1522 1
242 1546 1
242 1680 1
242 1984 1
242 1995 1
242 1998 1
243 89 1
243 431 1
243 460 1
243 784 1
243 814 1
243 826 1
243 1076 1
243 1164 1
243 1306 1
243 1726 1
243 2028 1
244 296 1
244 549 1
244 582 1
244 593 1
244 741 1
244 801 1
244 859 1
244 1137 1
244 1237 1
244 2006 1
245 151 1
245 429 1
245 682 1
245 1271 1
245 1446 1
245 1558 1
246 47 1
246 767 1
246 779 1
246 856 1
246 1490 1
246 1562 1
246 1700 1
247 1106 1
247 1466 1
248 116 1
248 393 1
248 1143 1
248 1615 1
249 1751 1
251 338 1
251 507 1
251 1714 1
251 1925 1
252 489 1
252 828 1
252 1618 1
252 2047 1
253 228 1
253 242 1
253 704 1
253 1357 1
253 1573 1
253 1636 1
253 1823 1
253 1852 1
253 1872 1
253 1883 1
253 1964 1
254 101 1
254 127 1
254 201 1
254 337 1
254 432 1
254 551 1
254 653 1
254 709 1
254 985 1
254 1349 1
254 1351 1
254 1494 1
254 1580 1
254 2032 1
255 66 1
255 134 1
255 224 1
255 354 1
255 649 1
255 708 1
255 734 1
255 735 1
255 777 1
255 943 1
255 967 1
255 1038 1
255 1193 1
255 1224 1
255 1346 1
255 1777 1
255 1813 1
255 1827 1
255 1894 1
255 1931 1
256 211 1
256 236 1
256 303 1
256 396 1
256 400 1
256 490 1
256 571 1
256 573 1
256 895 1
256 957 1
256 1001 1
256 1024 1
256 1052 1
256 1099 1
256 1114 1
256 1131 1
256 1222 1
256 1515 1
256 1576 1
256 1658 1
256 1681 1
256 1766 1
256 2011 1
257 92 1
257 165 1
257 347 1
257 419 1
257 581 1
257 808 1
257 992 1
257 1227 1
257 1251 1
257 1710 1
257 1774 1
258 132 1
258 401 1
258 436 1
258 698 1
258 756 1
258 965 1
258 1366 1
258 1388 1
258 1572 1
258 1666 1
258 1741 1
258 1936 1
258 1971 1
259 158 1
259 279 1
259 505 1
259 518 1
259 891 1
259 996 1
259 1077 1
259 1151 1
259 1914 1
259 1926 1
259 1945 1
260 245 1
260 547 1
260 773 1
260 1496 1
262 267 1
262 298 1
262 1773 1
264 812 1
264 1426 1
264 1917 1
265 182 1
265 1226 1
265 1367 1
266 29 1
266 100 1
266 1375 1
267 697 1
268 208 1
268 334 1
268 359 1
268 733 1
268 838 1
268 881 1
268 938 1
268 954 1
268 1234 1
268 1463 1
268 1663 1
268 1781 1
268 1954 1
268 1989 1
269 118 1
269 181 1
269 398 1
269 514 1
269 811 1
269 927 1
269 935 1
269 950 1
269 1012 1
269 1013 1
269 1016 1
269 1210 1
269 1325 1
269 1579 1
269 1627 1
269 1683 1
269 1845 1
269 1985 1
270 225 1
270 231 1
270 259 1
270 356 1
270 585 1
270 656 1
270 765 1
270 853 1
270 865 1
270 932 1
270 987 1
270 1022 1
270 1125 1
270 1223 1
270 1645 1
270 1817 1
270 1838 1
270 1901 1
270 1915 1
270 2003 1
271 109 1
271 311 1
271 357 1
271 644 1
271 953 1
271 980 1
271 1017 1
271 1245 1
271 1296 1
271 1345 1
271 1360 1
271 1414 1
271 1432 1
271 1542 1
271 1706 1
271 1808 1
271 1963 1
271 2013 1
272 226 1
272 372 1
272 494 1
272 509 1
272 691 1
272 968 1
272 1021 1
272 1100 1
272 1169 1
272 1361 1
272 1530 1
272 1535 1
272 1589 1
272 1713 1
272 1787 1
272 1871 1
273 46 1
273 248 1
273 670 1
273 873 1
273 1160 1
273 1184 1
273 1756 1
273 1902 1
273 1938 1
273 1992 1
273 2042 1
274 276 1
274 327 1
274 577 1
274 721 1
274 807 1
274 851 1
274 918 1
274 1060 1
274 1538 1
274 1849 1
274 1855 1
275 56 1
275 325 1
275 940 1
275 1999 1
275 2019 1
276 1441 1
276 1778 1
277 55 1
277 638 1
277 727 1
277 900 1
277 1182 1
277 1591 1
277 1607 1
277 1656 1
278 1850 1
279 775 1
279 1779 1
280 221 1
280 761 1
280 1699 1
281 836 1
281 864 1
281 1962 1
281 1974 1
282 173 1
282 601 1
283 786 1
283 870 1
283 972 1
283 1072 1
283 1442 1
283 1445 1
283 1459 1
283 1540 1
283 1648 1
283 1952 1
284 93 1
284 439 1
284 725 1
284 868 1
284 912 1
284 1380 1
284 1429 1
284 1547 1
284 1686 1
285 69 1
285 108 1
285 147 1
285 189 1
285 213 1
285 216 1
285 220 1
285 244 1
285 349 1
285 437 1
285 455 1
285 522 1
285 541 1
285 619 1
285 694 1
285 1381 1
285 1934 1
286 281 1
286 410 1
286 517 1
286 525 1
286 588 1
286 648 1
286 714 1
286 883 1
286 931 1
286 1152 1
286 1196 1
286 1300 1
286 1348 1
286 1630 1
286 1697 1
286 1740 1
286 1825 1
286 1932 1
287 95 1
287 176 1
287 184 1
287 185 1
287 328 1
287 532 1
287 562 1
287 640 1
287 664 1
287 716 1
287 754 1
287 763 1
287 1102 1
287 1108 1
287 1404 1
287 1472 1
287 1499 1
287 1605 1
287 1638 1
287 1839 1
287 1854 1
287 1869 1
287 1873 1
287 1897 1
287 1946 1
288 88 1
288 139 1
288 180 1
288 251 1
288 539 1
288 1172 1
288 1259 1
288 1373 1
288 1412 1
288 1712 1
288 1924 1
288 1987 1
288 2004 1
289 291 1
289 307 1
289 875 1
289 1560 1
289 1642 1
289 1919 1
290 424 1
290 837 1
290 1101 1
290 1369 1
290 1458 1
291 528 1
291 634 1
291 805 1
291 1257 1
291 2002 1
291 2048 1
292 90 1
292 608 1
292 1737 1
292 1841 1
293 178 1
293 289 1
293 1386 1
293 1443 1
293 1477 1
293 1972 1
293 1975 1
294 1544 1
294 1556 1
294 2035 1
295 333 1
295 903 1
295 1203 1
295 1376 1
296 415 1
296 884 1
296 1723 1
297 271 1
297 478 1
297 1649 1
298 190 1
298 262 1
298 910 1
298 1392 1
298 1796 1
299 164 1
299 380 1
299 540 1
299 684 1
299 702 1
299 877 1
299 951 1
299 1307 1
300 76 1
300 98 1
300 135 1
300 163 1
300 336 1
300 782 1
300 1028 1
300 1103 1
300 1141 1
300 1162 1
300 1209 1
300 1356 1
300 1431 1
300 1505 1
300 1533 1
300 1685 1
300 1724 1
300 1744 1
300 1794 1
301 4 1
301 375 1
301 420 1
301 516 1
301 690 1
301 726 1
301 897 1
301 911 1
301 963 1
301 999 1
301 1387 1
301 1424 1
301 1623 1
301 1811 1
301 1821 1
302 472 1
302 657 1
302 683 1
302 724 1
302 820 1
302 823 1
302 975 1
302 1005 1
302 1031 1
302 1396 1
302 1667 1
302 1692 1
302 1848 1
302 1906 1
303 62 1
303 308 1
303 475 1
303 488 1
303 583 1
303 594 1
303 645 1
303 863 1
303 879 1
303 916 1
303 990 1
303 1124 1
303 1129 1
303 1399 1
303 1473 1
303 1567 1
303 1574 1
303 1624 1
303 1640 1
303 1905 1
304 363 1
304 591 1
304 652 1
304 746 1
304 847 1
304 1230 1
304 1283 1
304 1342 1
304 1549 1
304 1676 1
304 1900 1
304 1903 1
304 1997 1
304 2044 1
305 10 1
305 602 1
305 1035 1
305 1407 1
305 1783 1
305 1888 1
306 77 1
306 107 1
306 129 1
306 230 1
306 576 1
306 770 1
306 1000 1
306 1612 1
307 192 1
307 988 1
307 1362 1
307 1587 1
308 1435 1
308 1529 1
309 65 1
310 933 1
311 99 1
311 1991 1
312 125 1
312 345 1
312 892 1
312 1864 1
312 1955 1
313 1181 1
313 1215 1
313 1520 1
314 49 1
314 441 1
314 474 1
314 580 1
314 1487 1
315 112 1
315 159 1
315 550 1
315 717 1
315 751 1
315 1244 1
315 1262 1
315 1465 1
316 64 1
316 124 1
316 473 1
316 508 1
316 789 1
316 1033 1
316 1058 1
316 1391 1
316 1462 1
316 1590 1
316 1603 1
316 1647 1
316 1816 1
316 2037 1
317 61 1
317 142 1
317 302 1
317 706 1
317 771 1
317 781 1
317 787 1
317 889 1
317 923 1
317 977 1
317 1026 1
317 1059 1
317 1167 1
317 1266 1
317 1347 1
317 1359 1
317 1475 1
317 1555 1
317 1606 1
317 1635 1
317 1671 1
317 1720 1
317 1743 1
318 16 1
318 544 1
318 563 1
318 679 1
318 774 1
318 800 1
318 860 1
318 1138 1
318 1302 1
318 1509 1
318 1523 1
318 1622 1
318 1632 1
318 1643 1
318 1895 1
318 1993 1
319 233 1
319 255 1
319 301 1
319 355 1
319 358 1
319 371 1
319 389 1
319 530 1
319 559 1
319 742 1
319 1055 1
319 1165 1
319 1327 1
319 1332 1
319 1336 1
319 1476 1
319 1507 1
319 1528 1
319 1629 1
319 1725 1
319 1880 1
320 103 1
320 156 1
320 200 1
320 391 1
320 449 1
320 791 1
320 831 1
320 1039 1
320 1115 1
320 1126 1
320 1176 1
320 1400 1
320 1440 1
320 1483 1
320 1767 1
320 1804 1
320 1927 1
321 324 1
321 373 1
321 553 1
321 744 1
321 878 1
321 1025 1
321 1046 1
321 1146 1
321 1148 1
321 1242 1
321 1289 1
321 1384 1
321 1541 1
321 1912 1
322 84 1
322 138 1
322 209 1
322 663 1
322 1048 1
322 1079 1
322 1479 1
322 1501 1
323 54 1
323 1068 1
323 1313 1
323 1639 1
323 1815 1
324 626 1
324 1316 1
324 1368 1
324 1372 1
324 1761 1
324 1967 1
325 1298 1
325 1303 1
325 1486 1
325 1765 1
326 1646 1
326 1687 1
327 630 1
327 795 1
327 1497 1
327 1703 1
328 610 1
328 855 1
329 384 1
329 558 1
329 819 1
329 1374 1
329 1969 1
330 1371 1
330 1859 1
330 1875 1
330 1961 1
331 73 1
331 137 1
331 749 1
331 982 1
331 1470 1
331 1616 1
331 1792 1
332 25 1
332 168 1
332 388 1
332 750 1
332 830 1
332 995 1
332 1168 1
332 1402 1
332 1503 1
332 1569 1
332 1654 1
332 1731 1
333 130 1
333 461 1
333 715 1
333 760 1
333 809 1
333 913 1
333 1170 1
333 1178 1
333 1269 1
333 1308 1
333 1397 1
333 1454 1
333 1553 1
333 1583 1
333 1728 1
333 1750 1
333 2007 1
334 45 1
334 171 1
334 188 1
334 237 1
334 360 1
334 418 1
334 535 1
334 568 1
334 604 1
334 816 1
334 947 1
334 1117 1
334 1127 1
334 1246 1
334 1339 1
334 1586 1
334 1651 1
334 1662 1
334 1769 1
335 22 1
335 26 1
335 83 1
335 332 1
335 463 1
335 479 1
335 480 1
335 620 1
335 818 1
335 821 1
335 833 1
335 849 1
335 1003 1
335 1027 1
335 1032 1
335 1086 1
335 1123 1
335 1197 1
335 1290 1
335 1420 1
335 1525 1
335 1757 1
335 1978 1
335 2027 1
336 28 1
336 106 1
336 123 1
336 146 1
336 227 1
336 443 1
336 466 1
336 572 1
336 842 1
336 1034 1
336 1044 1
336 1057 1
336 1411 1
336 1416 1
336 1771 1
336 1782 1
336 1876 1
337 11 1
337 38 1
337 304 1
337 556 1
337 689 1
337 799 1
337 922 1
337 1116 1
337 1597 1
337 1641 1
337 1650 1
337 1760 1
338 869 1
338 872 1
338 893 1
338 941 1
338 1063 1
338 1338 1
338 1512 1
338 1524 1
338 1672 1
339 196 1
339 606 1
339 710 1
339 1010 1
339 1145 1
340 374 1
340 412 1
340 1829 1
341 973 1
341 1214 1
342 210 1
342 1002 1
343 148 1
343 433 1
343 1019 1
343 1746 1
344 430 1
344 907 1
344 981 1
344 1330 1
345 798 1
345 871 1
346 329 1
346 829 1
346 1415 1
346 1480 1
346 1798 1
346 1898 1
347 326 1
347 633 1
347 908 1
347 986 1
347 1191 1
347 1896 1
348 33 1
348 70 1
348 161 1
348 413 1
348 536 1
348 797 1
348 815 1
348 887 1
348 991 1
348 1053 1
348 1090 1
348 1134 1
348 1281 1
348 1288 1
348 1301 1
348 1334 1
348 1511 1
348 1602 1
348 1801 1
348 2000 1
349 104 1
349 260 1
349 305 1
349 382 1
349 454 1
349 587 1
349 629 1
349 660 1
349 703 1
349 945 1
349 952 1
349 1071 1
349 1078 1
349 1112 1
349 1258 1
349 1318 1
349 1492 1
349 1534 1
349 1610 1
349 1674 1
349 1819 1
349 1831 1
349 1853 1
349 1877 1
349 1933 1
350 23 1
350 94 1
350 175 1
350 257 1
350 513 1
350 597 1
350 628 1
350 655 1
350 677 1
350 723 1
350 793 1
350 920 1
350 970 1
350 1213 1
350 1326 1
350 1508 1
350 1613 1
350 1806 1
350 1866 1
351 96 1
351 145 1
351 266 1
351 309 1
351 313 1
351 319 1
351 501 1
351 622 1
351 688 1
351 794 1
351 822 1
351 949 1
351 979 1
351 1066 1
351 1105 1
351 1163 1
351 1261 1
351 1428 1
351 1455 1
351 1468 1
351 1563 1
351 1593 1
351 1889 1
351 1941 1
351 1970 1
352 43 1
352 219 1
352 641 1
352 650 1
352 790 1
352 1228 1
352 1633 1
352 1684 1
352 1828 1
352 1834 1
352 1968 1
353 59 1
353 121 1
353 149 1
353 269 1
353 284 1
353 321 1
353 495 1
353 504 1
353 946 1
353 993 1
353 1085 1
353 1093 1
353 1516 1
353 1611 1
353 2012 1
353 2031 1
353 2041 1
354 492 1
354 917 1
354 1047 1
354 1065 1
354 1243 1
354 1390 1
354 1870 1
354 1949 1
355 68 1
355 840 1
355 899 1
355 1009 1
355 1110 1
355 1545 1
355 1554 1
355 1776 1
356 238 1
356 316 1
356 1192 1
356 1517 1
356 1878 1
357 172 1
357 194 1
357 1694 1
357 1775 1
357 1966 1
358 205 1
358 1835 1
359 310 1
359 493 1
359 520 1
359 546 1
360 335 1
360 1865 1
361 1749 1
361 2029 1
362 906 1
362 1284 1
362 1401 1
362 1519 1
362 1863 1
363 17 1
363 115 1
363 187 1
363 353 1
363 378 1
363 416 1
363 848 1
363 998 1
363 1270 1
363 1550 1
363 1805 1
364 15 1
364 39 1
364 206 1
364 218 1
364 348 1
364 417 1
364 423 1
364 603 1
364 857 1
364 928 1
364 958 1
364 1014 1
364 1121 1
364 1254 1
364 1430 1
364 1502 1
364 1620 1
364 1754 1
364 1979 1
364 1990 1
364 2008 1
365 18 1
365 79 1
365 128 1
365 144 1
365 235 1
365 407 1
365 446 1
365 555 1
365 578 1
365 699 1
365 758 1
365 824 1
365 867 1
365 1043 1
365 1157 1
365 1173 1
365 1199 1
365 1207 1
365 1238 1
365 1410 1
365 1506 1
365 1548 1
365 1675 1
365 1843 1
365 1893 1
365 1923 1
365 2030 1
365 2046 1
366 435 1
366 701 1
366 768 1
366 804 1
366 915 1
366 1051 1
366 1272 1
366 1287 1
366 1320 1
366 1489 1
366 1582 1
366 1584 1
366 1707 1
366 2026 1
366 2036 1
367 215 1
367 268 1
367 280 1
367 368 1
367 369 1
367 422 1
367 448 1
367 487 1
367 545 1
367 731 1
367 839 1
367 866 1
367 890 1
367 966 1
367 1042 1
367 1329 1
367 1370 1
367 1389 1
367 1493 1
367 1652 1
367 1689 1
367 1733 1
367 1820 1
368 126 1
368 256 1
368 370 1
368 390 1
368 529 1
368 593 1
368 700 1
368 720 1
368 745 1
368 854 1
368 874 1
368 905 1
368 1008 1
368 1081 1
368 1177 1
368 1201 1
368 1231 1
368 1263 1
368 1406 1
368 1594 1
368 1753 1
368 1847 1
368 1892 1
369 177 1
369 351 1
369 623 1
369 926 1
369 937 1
369 1094 1
369 1255 1
369 1291 1
369 1448 1
369 1625 1
369 1795 1
369 1846 1
369 1935 1
369 1956 1
370 31 1
370 202 1
370 661 1
370 983 1
370 1358 1
370 1383 1
370 1485 1
370 1922 1
370 1947 1
370 1950 1
371 113 1
371 524 1
371 643 1
371 685 1
371 934 1
371 1113 1
371 1142 1
371 1488 1
371 1812 1
372 320 1
372 806 1
372 834 1
372 942 1
372 960 1
373 381 1
373 512 1
373 948 1
373 1015 1
373 1669 1
374 1248 1
374 1265 1
376 778 1
377 169 1
378 570 1
378 681 1
378 1229 1
378 1631 1
378 1940 1
378 2021 1
379 117 1
379 217 1
379 442 1
379 627 1
379 674 1
379 1280 1
379 1585 1
379 1688 1
380 195 1
380 612 1
380 835 1
380 1107 1
380 1267 1
380 1273 1
380 1317 1
380 1478 1
380 1552 1
380 1668 1
380 1670 1
380 2034 1
381 270 1
381 346 1
381 385 1
381 469 1
381 554 1
381 621 1
381 687 1
381 880 1
381 1171 1
381 1202 1
381 1239 1
381 1286 1
381 1297 1
381 1319 1
381 1467 1
381 1693 1
381 1695 1
381 1742 1
381 1911 1
381 1921 1
381 1930 1
381 1994 1
381 2045 1
382 48 1
382 122 1
382 315 1
382 330 1
382 331 1
382 425 1
382 452 1
382 467 1
382 470 1
382 499 1
382 659 1
382 666 1
382 718 1
382 862 1
382 924 1
382 1098 1
382 1282 1
382 1331 1
382 1385 1
382 1405 1
382 1460 1
382 1504 1
382 1531 1
382 1566 1
382 1614 1
382 1729 1
382 1857 1
382 1887 1
382 1910 1
383 162 1
383 167 1
383 179 1
383 199 1
383 263 1
383 277 1
383 350 1
383 408 1
383 574 1
383 668 1
383 766 1
383 914 1
383 939 1
383 1050 1
383 1188 1
383 1365 1
383 1419 1
383 1422 1
383 1427 1
383 1482 1
383 1571 1
383 1617 1
383 1886 1
384 20 1
384 153 1
384 174 1
384 352 1
384 561 1
384 722 1
384 779 1
384 896 1
384 1122 1
384 1217 1
384 1250 1
384 1264 1
384 1328 1
384 1588 1
384 1736 1
384 1891 1
384 1980 1
384 2001 1
385 154 1
385 250 1
385 317 1
385 367 1
385 386 1
385 565 1
385 846 1
385 882 1
385 1020 1
385 1096 1
385 1194 1
385 1333 1
385 1732 1
386 342 1
386 366 1
386 471 1
386 537 1
386 567 1
386 569 1
386 1149 1
386 1378 1
386 1711 1
387 78 1
387 80 1
387 502 1
387 772 1
387 1310 1
387 1417 1
387 1498 1
387 2025 1
388 105 1
388 571 1
388 592 1
388 736 1
388 925 1
388 1183 1
388 1578 1
388 1793 1
389 434 1
389 600 1
389 738 1
389 976 1
389 1682 1
389 1899 1
390 752 1
390 769 1
391 692 1
391 1128 1
391 1174 1
391 1521 1
392 114 1
392 1241 1
393 669 1
393 1844 1
394 1861 1
395 214 1
395 287 1
395 456 1
395 785 1
395 845 1
395 1464 1
395 1644 1
396 261 1
396 265 1
396 676 1
396 844 1
396 1208 1
396 1299 1
396 1619 1
396 1716 1
396 1953 1
396 1957 1
396 2010 1
397 34 1
397 87 1
397 186 1
397 232 1
397 290 1
397 323 1
397 426 1
397 459 1
397 465 1
397 584 1
397 607 1
397 707 1
397 755 1
397 974 1
397 984 1
397 1140 1
397 1247 1
397 1249 1
397 1377 1
397 1453 1
397 1661 1
397 1679 1
397 1965 1
397 2024 1
397 2040 1
398 191 1
398 242 1
398 318 1
398 361 1
398 383 1
398 673 1
398 813 1
398 876 1
398 944 1
398 1062 1
398 1074 1
398 1322 1
398 1337 1
398 1471 1
398 1701 1
398 1786 1
398 1973 1
398 2039 1
399 91 1
399 207 1
399 241 1
399 399 1
399 534 1
399 611 1
399 624 1
399 732 1
399 780 1
399 852 1
399 904 1
399 962 1
399 1118 1
399 1166 1
399 1221 1
399 1232 1
399 1260 1
399 1314 1
399 1324 1
399 1357 1
399 1532 1
399 1599 1
399 1718 1
399 1908 1
400 239 1
400 339 1
400 377 1
400 387 1
400 482 1
400 521 1
400 711 1
400 741 1
400 743 1
400 762 1
400 1135 1
400 1236 1
400 1382 1
400 1570 1
400 1655 1
400 1698 1
400 1721 1
400 1730 1
400 1822 1
400 1942 1
400 1977 1
400 2022 1
401 41 1
401 589 1
401 1268 1
401 1274 1
401 1353 1
401 1636 1
401 1734 1
401 1842 1
401 2016 1
402 50 1
402 63 1
402 170 1
402 476 1
402 739 1
402 1155 1
402 1189 1
402 1350 1
402 1469 1
402 1510 1
403 51 1
403 274 1
403 322 1
403 364 1
403 856 1
403 936 1
403 997 1
403 1133 1
403 1158 1
403 1164 1
403 1212 1
403 1344 1
403 1398 1
403 1691 1
403 1814 1
404 53 1
404 737 1
404 1500 1
404 1719 1
404 1791 1
404 1944 1
405 616 1
405 654 1
405 705 1
405 1069 1
405 1425 1
405 1830 1
406 37 1
406 1180 1
406 1833 1
406 1907 1
407 796 1
407 921 1
407 1136 1
407 1293 1
407 1294 1
407 1341 1
408 119 1
408 1011 1
408 1018 1
408 1089 1
409 1295 1
409 1526 1
410 885 1
411 1159 1
411 1275 1
412 2 1
412 223 1
412 403 1
412 510 1
412 609 1
412 1029 1
412 1064 1
412 1436 1
412 1722 1
412 1739 1
413 19 1
413 57 1
413 273 1
413 292 1
413 344 1
413 548 1
413 994 1
413 1104 1
413 1225 1
413 1423 1
413 1449 1
413 1539 1
413 1702 1
413 1826 1
413 1882 1
413 1884 1
413 1916 1
413 2020 1
414 12 1
414 24 1
414 150 1
414 253 1
414 272 1
414 543 1
414 642 1
414 841 1
414 1023 1
414 1041 1
414 1418 1
414 1491 1
414 1780 1
414 1845 1
414 1909 1
414 1913 1
414 1928 1
414 1958 1
414 1976 1
415 60 1
415 243 1
415 362 1
415 484 1
415 614 1
415 647 1
415 658 1
415 662 1
415 665 1
415 708 1
415 712 1
415 898 1
415 1095 1
415 1097 1
415 1205 1
415 1206 1
415 1216 1
415 1354 1
415 1456 1
415 1564 1
415 1608 1
415 1715 1
415 1745 1
415 1995 1
415 2014 1
415 2015 1
415 2018 1
416 97 1
416 404 1
416 531 1
416 693 1
416 1179 1
416 1305 1
416 1355 1
416 1364 1
416 1565 1
416 1658 1
416 1747 1
416 1784 1
416 1785 1
416 1832 1
417 1 1
417 183 1
417 245 1
417 282 1
417 314 1
417 490 1
417 526 1
417 560 1
417 618 1
417 678 1
417 955 1
417 1119 1
417 1451 1
417 1495 1
417 1527 1
417 1543 1
417 1659 1
417 1813 1
417 1874 1
418 30 1
418 42 1
418 299 1
418 457 1
418 515 1
418 637 1
418 713 1
418 1161 1
418 1276 1
418 1683 1
419 133 1
419 166 1
419 447 1
419 538 1
419 730 1
419 1092 1
419 1772 1
420 102 1
420 246 1
420 248 1
420 557 1
420 1154 1
420 1200 1
420 1219 1
420 1457 1
420 1561 1
420 1601 1
420 1680 1
421 198 1
421 440 1
421 1252 1
421 1558 1
422 58 1
422 636 1
422 1836 1
423 7 1
423 468 1
423 496 1
423 671 1
423 788 1
423 1153 1
423 1395 1
423 1717 1
424 82 1
424 376 1
425 858 1
426 254 1
426 542 1
427 283 1
427 1592 1
428 44 1
428 212 1
428 398 1
428 409 1
428 428 1
428 1004 1
428 1981 1
428 2017 1
429 67 1
429 229 1
429 397 1
429 552 1
429 667 1
429 740 1
429 803 1
429 1335 1
429 1363 1
429 1438 1
429 1653 1
429 1727 1
429 1763 1
430 252 1
430 264 1
430 365 1
430 438 1
430 477 1
430 581 1
430 632 1
430 729 1
430 761 1
430 825 1
430 1379 1
430 1450 1
430 1484 1
430 1559 1
430 1637 1
430 1759 1
430 1788 1
430 1807 1
430 1809 1
430 1860 1
430 1936 1
430 1982 1
431 14 1
431 140 1
431 226 1
431 228 1
431 341 1
431 462 1
431 579 1
431 586 1
431 894 1
431 927 1
431 1045 1
431 1075 1
431 1109 1
431 1111 1
431 1186 1
431 1285 1
431 1311 1
431 1343 1
431 1426 1
431 1439 1
431 1752 1
431 1756 1
431 1838 1
431 1840 1
431 1879 1
432 155 1
432 379 1
432 421 1
432 453 1
432 464 1
432 500 1
432 564 1
432 748 1
432 828 1
432 850 1
432 943 1
432 971 1
432 1040 1
432 1054 1
432 1067 1
432 1144 1
432 1304 1
432 1312 1
432 1433 1
432 1600 1
432 1673 1
432 1709 1
432 1818 1
432 1837 1
432 1918 1
432 1996 1
432 2005 1
433 32 1
433 160 1
433 585 1
433 625 1
433 719 1
433 792 1
433 957 1
433 1150 1
433 1522 1
433 1537 1
433 1551 1
433 1577 1
433 1596 1
433 1598 1
433 1704 1
433 1777 1
433 1790 1
433 1988 1
433 2009 1
434 295 1
434 439 1
434 450 1
434 675 1
434 859 1
434 1156 1
434 1325 1
434 1738 1
434 1797 1
434 1959 1
435 27 1
435 136 1
435 400 1
435 566 1
435 651 1
435 764 1
435 827 1
435 956 1
435 964 1
435 1211 1
435 1443 1
435 1518 1
435 1557 1
435 1789 1
435 1827 1
435 1881 1
436 419 1
436 686 1
436 735 1
436 861 1
436 1024 1
436 1437 1
436 1626 1
437 285 1
437 483 1
437 696 1
437 767 1
437 1100 1
438 1939 1
439 1568 1
440 312 1
440 551 1
440 1444 1
440 1799 1
440 1803 1
442 1120 1
442 1278 1
442 1315 1
443 203 1
443 249 1
443 392 1
443 747 1
443 1678 1
443 2019 1
444 21 1
444 294 1
444 963 1
444 1084 1
444 1580 1
444 1615 1
444 1802 1
444 1890 1
445 110 1
445 134 1
445 222 1
445 485 1
445 590 1
445 615 1
445 961 1
445 1073 1
445 1193 1
445 1233 1
445 1366 1
445 1447 1
445 1634 1
446 52 1
446 111 1
446 303 1
446 491 1
446 497 1
446 575 1
446 598 1
446 613 1
446 646 1
446 757 1
446 783 1
446 826 1
446 895 1
446 902 1
446 999 1
446 1037 1
446 1056 1
446 1080 1
446 1082 1
446 1160 1
446 1277 1
446 1349 1
446 1367 1
446 1388 1
446 1573 1
446 1581 1
446 1660 1
446 1764 1
446 1983 1
447 9 1
447 40 1
447 100 1
447 444 1
447 489 1
447 506 1
447 617 1
447 672 1
447 691 1
447 721 1
447 734 1
447 814 1
447 838 1
447 886 1
447 950 1
447 978 1
447 1070 1
447 1088 1
447 1226 1
447 1240 1
447 1256 1
447 1340 1
447 1408 1
447 1696 1
447 1768 1
447 1867 1
447 1868 1
447 1931 1
447 2023 1
448 178 1
448 193 1
448 240 1
448 247 1
448 334 1
448 337 1
448 395 1
448 503 1
448 523 1
448 599 1
448 820 1
448 832 1
448 919 1
448 1114 1
448 1139 1
448 1369 1
448 1403 1
448 1432 1
448 1514 1
448 1604 1
448 1657 1
448 1706 1
448 1960 1
448 1975 1
448 2047 1
449 288 1
449 389 1
449 486 1
449 527 1
449 595 1
449 784 1
449 909 1
449 1345 1
449 1360 1
449 1474 1
449 1664 1
449 1751 1
449 1852 1
449 1858 1
449 1885 1
449 1974 1
450 131 1
450 158 1
450 338 1
450 460 1
450 709 1
450 728 1
450 802 1
450 916 1
450 930 1
450 985 1
450 1006 1
450 1452 1
450 1609 1
450 1762 1
450 1770 1
450 2003 1
451 278 1
451 354 1
451 414 1
451 808 1
451 969 1
451 1083 1
451 1373 1
451 1546 1
451 1817 1
452 81 1
452 393 1
452 507 1
452 511 1
452 777 1
452 883 1
452 1017 1
452 1061 1
452 1132 1
452 1380 1
452 1700 1
452 1986 1
453 225 1
453 405 1
453 1421 1
454 35 1
454 436 1
454 1237 1
455 109 1
455 525 1
455 1052 1
455 1309 1
455 1649 1
456 698 1
456 1595 1
456 1848 1
457 211 1
457 992 1
457 1007 1
458 402 1
458 980 1
458 1106 1
459 1434 1
459 1937 1
460 394 1
460 1030 1
460 1823 1
460 1883 1
461 86 1
461 286 1
461 296 1
461 697 1
461 929 1
461 1049 1
461 1091 1
461 1175 1
461 1409 1
461 1513 1
461 1948 1
462 71 1
462 201 1
462 306 1
462 522 1
462 605 1
462 817 1
462 989 1
462 1147 1
462 1195 1
462 1224 1
462 1627 1
462 1810 1
462 1964 1
463 3 1
463 5 1
463 13 1
463 47 1
463 72 1
463 74 1
463 120 1
463 143 1
463 147 1
463 152 1
463 157 1
463 189 1
463 596 1
463 634 1
463 695 1
463 704 1
463 965 1
463 1130 1
463 1218 1
463 1251 1
463 1361 1
463 1424 1
463 1496 1
463 1804 1
463 1902 1
463 1914 1
463 1920 1
463 1951 1
463 1963 1
464 141 1
464 359 1
464 372 1
464 406 1
464 429 1
464 445 1
464 458 1
464 776 1
464 1005 1
464 1035 1
464 1184 1
464 1306 1
464 1307 1
464 1348 1
464 1494 1
464 1530 1
464 1800 1
464 1873 1
464 1929 1
465 92 1
465 289 1
465 509 1
465 645 1
465 727 1
465 733 1
465 754 1
465 789 1
465 901 1
465 968 1
465 1038 1
465 1677 1
465 1781 1
465 1915 1
465 2042 1
466 132 1
466 163 1
466 234 1
466 427 1
466 653 1
466 682 1
466 1137 1
466 1220 1
466 1393 1
466 1463 1
466 1481 1
466 1665 1
466 1851 1
466 1954 1
466 1989 1
467 267 1
467 1735 1
467 1972 1
467 2043 1
468 204 1
468 1099 1
469 441 1
469 539 1
469 765 1
469 801 1
469 1190 1
469 1222 1
469 1445 1
469 1642 1
469 1748 1
469 1758 1
469 1856 1
470 8 1
470 325 1
470 639 1
470 1774 1
470 2011 1
471 601 1
471 870 1
471 1235 1
471 1708 1
471 1726 1
472 480 1
472 795 1
472 1203 1
472 1575 1
473 1087 1
473 1466 1
473 1945 1
474 573 1
474 1077 1
475 36 1
475 340 1
475 635 1
476 275 1
476 279 1
476 481 1
476 519 1
476 996 1
476 1321 1
476 1381 1
476 1855 1
476 1925 1
477 85 1
477 197 1
477 1013 1
477 1021 1
477 1227 1
477 1461 1
477 1714 1
477 1824 1
477 1894 1
477 1904 1
477 1998 1
478 297 1
478 300 1
478 478 1
478 790 1
478 810 1
478 847 1
478 923 1
478 1187 1
478 1375 1
478 1407 1
478 1446 1
478 1536 1
478 1705 1
478 1926 1
479 95 1
479 176 1
479 631 1
479 851 1
479 1257 1
479 1292 1
479 1501 1
479 1681 1
479 1690 1
480 127 1
480 488 1
480 517 1
480 518 1
480 540 1
480 644 1
480 690 1
480 864 1
480 918 1
480 1033 1
480 1196 1
481 6 1
481 251 1
481 357 1
481 514 1
481 753 1
481 773 1
481 812 1
481 951 1
481 1001 1
481 1076 1
481 1346 1
481 1356 1
481 1490 1
481 1638 1
481 1697 1
481 2032 1
482 88 1
482 180 1
482 380 1
482 549 1
482 563 1
482 746 1
482 853 1
482 1162 1
482 1394 1
482 1607 1
482 1713 1
482 1869 1
482 1917 1
482 2028 1
483 107 1
483 135 1
483 384 1
483 451 1
483 759 1
483 863 1
483 903 1
483 912 1
483 1072 1
483 1198 1
483 1712 1
483 1765 1
484 259 1
484 587 1
484 843 1
484 1572 1
484 1586 1
484 1692 1
484 1871 1
484 1962 1
485 56 1
485 89 1
485 208 1
485 281 1
485 291 1
485 474 1
485 619 1
485 1888 1
486 18 1
486 375 1
486 1271 1
486 1326 1
486 1576 1
486 1724 1
487 953 1
487 1624 1
488 244 1
488 602 1
490 1783 1
491 182 1
491 1663 1
492 432 1
492 900 1
492 1131 1
492 1535 1
492 1744 1
493 46 1
493 93 1
493 173 1
493 343 1
493 410 1
493 891 1
493 1176 1
493 1204 1
493 1808 1
493 1872 1
494 213 1
494 533 1
494 680 1
494 805 1
494 1058 1
494 1323 1
494 1821 1
494 1943 1
494 2037 1
495 101 1
495 159 1
495 164 1
495 347 1
495 431 1
495 437 1
495 528 1
495 547 1
495 577 1
495 725 1
495 892 1
495 987 1
495 1012 1
495 1101 1
495 1182 1
495 1244 1
495 1279 1
495 1351 1
495 1387 1
495 1547 1
495 1590 1
495 1591 1
495 1656 1
495 1740 1
495 1755 1
495 1924 1
495 2033 1
496 45 1
496 69 1
496 108 1
496 125 1
496 594 1
496 781 1
496 819 1
496 836 1
496 875 1
496 954 1
496 1255 1
496 1296 1
496 1397 1
496 1486 1
496 1538 1
496 1540 1
496 1710 1
496 1849 1
496 1906 1
496 1938 1
496 1987 1
496 1999 1
497 4 1
497 64 1
497 184 1
497 262 1
497 336 1
497 424 1
497 580 1
497 640 1
497 786 1
497 807 1
497 811 1
497 913 1
497 1031 1
497 1036 1
497 1103 1
497 1108 1
497 1116 1
497 1124 1
497 1412 1
497 1413 1
497 1420 1
497 1477 1
497 1505 1
497 1562 1
497 1622 1
497 1728 1
497 2013 1
498 29 1
498 236 1
498 411 1
498 656 1
498 664 1
498 889 1
498 1151 1
498 1165 1
498 1215 1
498 1283 1
498 1435 1
498 1618 1
498 1645 1
498 1825 1
499 702 1
499 1253 1
499 1327 1
499 1374 1
499 1414 1
499 1458 1
499 1757 1
500 475 1
500 582 1
500 756 1
500 848 1
500 873 1
500 1057 1
500 1126 1
500 1541 1
500 1589 1
500 1946 1
501 608 1
501 660 1
501 716 1
501 742 1
501 979 1
501 1146 1
501 1404 1
501 1795 1
502 66 1
502 328 1
502 420 1
502 472 1
502 771 1
502 800 1
502 1242 1
502 1991 1
503 1152 1
503 1472 1
504 91 1
504 348 1
504 865 1
504 1169 1
504 1720 1
505 1060 1
506 1479 1
507 356 1
507 648 1
507 922 1
507 1647 1
507 1895 1
508 258 1
508 473 1
508 630 1
508 657 1
508 679 1
508 1396 1
508 1648 1
509 192 1
509 327 1
509 345 1
509 559 1
509 726 1
509 884 1
509 940 1
509 967 1
509 1000 1
509 1209 1
509 1528 1
509 1685 1
510 151 1
510 209 1
510 620 1
510 628 1
510 879 1
510 888 1
510 1468 1
510 1470 1
510 1497 1
510 1544 1
510 1560 1
510 1766 1
510 2038 1
511 73 1
511 118 1
511 139 1
511 271 1
511 308 1
511 401 1
511 868 1
511 972 1
511 1112 1
511 1185 1
511 1202 1
511 1234 1
511 1262 1
511 1376 1
511 1431 1
511 1441 1
511 1459 1
511 1605 1
511 1630 1
511 1952 1
511 1955 1
511 1984 1
512 75 1
512 83 1
512 129 1
512 224 1
512 230 1
512 255 1
512 293 1
512 349 1
512 416 1
512 418 1
512 498 1
512 830 1
512 872 1
512 946 1
512 1027 1
512 1125 1
512 1399 1
512 1473 1
512 1492 1
512 1587 1
512 1672 1
512 1816 1
512 1877 1
512 1927 1
512 1934 1
512 2004 1
513 49 1
513 190 1
513 221 1
513 276 1
513 321 1
513 568 1
513 763 1
513 842 1
513 933 1
513 1034 1
513 1336 1
513 1370 1
513 1392 1
513 1462 1
513 1483 1
513 1487 1
513 1507 1
513 1811 1
513 1985 1
513 2044 1
514 77 1
514 217 1
514 307 1
514 479 1
514 532 1
514 683 1
514 688 1
514 724 1
514 932 1
514 1028 1
514 1032 1
514 1047 1
514 1246 1
514 1266 1
514 1442 1
514 1617 1
514 1621 1
514 1746 1
514 1880 1
514 1992 1
514 2035 1
515 156 1
515 495 1
515 782 1
515 907 1
515 949 1
515 990 1
515 1059 1
515 1517 1
515 1534 1
515 1779 1
516 760 1
516 854 1
516 877 1
516 1628 1
517 280 1
517 849 1
517 1520 1
517 1616 1
517 1900 1
517 1971 1
518 123 1
518 711 1
518 787 1
518 1008 1
518 1324 1
518 1932 1
519 583 1
519 775 1
519 1068 1
520 1623 1
521 391 1
521 501 1
521 1499 1
522 798 1
523 1117 1
523 1676 1
524 90 1
524 1214 1
525 62 1
525 216 1
525 311 1
525 396 1
525 415 1
525 433 1
525 670 1
525 1300 1
525 1767 1
525 1787 1
526 138 1
526 284 1
526 371 1
526 516 1
526 541 1
526 881 1
526 959 1
526 975 1
526 977 1
526 1148 1
526 1230 1
526 1245 1
526 1302 1
526 1352 1
526 1383 1
526 1415 1
526 1511 1
526 1515 1
526 1542 1
526 1549 1
526 1632 1
526 1737 1
526 1750 1
526 1850 1
526 1961 1
526 1993 1
526 2002 1
527 65 1
527 172 1
527 185 1
527 231 1
527 360 1
527 558 1
527 626 1
527 633 1
527 684 1
527 694 1
527 910 1
527 973 1
527 1102 1
527 1143 1
527 1228 1
527 1633 1
527 1643 1
527 1671 1
527 1699 1
527 1896 1
527 2048 1
528 54 1
528 76 1
528 124 1
528 324 1
528 332 1
528 355 1
528 494 1
528 536 1
528 544 1
528 649 1
528 652 1
528 676 1
528 878 1
528 893 1
528 1025 1
528 1063 1
528 1191 1
528 1223 1
528 1254 1
528 1386 1
528 1465 1
528 1488 1
528 1509 1
528 1635 1
528 1661 1
528 1662 1
528 1725 1
528 1761 1
528 1829 1
528 1846 1
528 1897 1
528 1905 1
528 1912 1
528 1970 1
528 2006 1
529 25 1
529 104 1
529 487 1
529 550 1
529 638 1
529 852 1
529 948 1
529 1086 1
529 1163 1
529 1330 1
529 1342 1
529 1359 1
529 1554 1
529 1629 1
529 1749 1
529 1778 1
529 1854 1
529 1969 1
529 1979 1
530 137 1
530 148 1
530 161 1
530 316 1
530 455 1
530 505 1
530 546 1
530 562 1
530 659 1
530 751 1
530 831 1
530 995 1
530 1014 1
530 1263 1
530 1313 1
530 1475 1
531 70 1
531 508 1
531 1016 1
531 1055 1
531 1141 1
531 1686 1
531 1793 1
532 799 1
532 1267 1
532 1316 1
532 1371 1
532 1389 1
532 1569 1
532 1602 1
532 2012 1
532 2031 1
533 738 1
533 762 1
533 1172 1
533 1378 1
533 1429 1
533 1862 1
534 84 1
534 373 1
534 974 1
534 1231 1
534 1716 1
535 988 1
535 1723 1
536 1314 1
537 16 1
537 103 1
537 1138 1
537 1741 1
538 175 1
538 982 1
539 833 1
539 1582 1
539 1666 1
540 188 1
540 463 1
540 770 1
540 837 1
540 871 1
540 1026 1
540 1339 1
540 1773 1
541 106 1
541 305 1
541 663 1
541 744 1
541 911 1
541 2007 1
542 194 1
542 277 1
542 352 1
542 430 1
542 603 1
542 689 1
542 717 1
542 749 1
542 794 1
542 816 1
542 887 1
542 1134 1
542 1261 1
542 1368 1
542 1489 1
542 1524 1
542 1631 1
542 1798 1
542 1875 1
542 2034 1
543 11 1
543 99 1
543 168 1
543 524 1
543 576 1
543 655 1
543 714 1
543 824 1
543 931 1
543 970 1
543 1010 1
543 1048 1
543 1071 1
543 1113 1
543 1145 1
543 1199 1
543 1210 1
543 1272 1
543 1308 1
543 1390 1
543 1402 1
543 1516 1
543 1523 1
543 1533 1
543 1553 1
543 1567 1
543 1574 1
543 1606 1
543 1612 1
543 1640 1
543 1667 1
543 1796 1
543 1835 1
543 1878 1
543 1903 1
544 26 1
544 113 1
544 115 1
544 144 1
544 149 1
544 171 1
544 220 1
544 331 1
544 358 1
544 452 1
544 512 1
544 692 1
544 840 1
544 924 1
544 1003 1
544 1181 1
544 1289 1
544 1347 1
544 1400 1
544 1411 1
544 1428 1
544 1454 1
544 1556 1
544 1650 1
544 1743 1
544 1864 1
544 2000 1
544 2008 1
545 130 1
545 187 1
545 200 1
545 301 1
545 326 1
545 422 1
545 449 1
545 553 1
545 785 1
545 855 1
545 947 1
545 1170 1
545 1194 1
545 1646 1
545 1760 1
545 1792 1
545 1865 1
546 55 1
546 215 1
546 237 1
546 388 1
546 448 1
546 780 1
546 860 1
546 935 1
546 960 1
546 991 1
546 1062 1
546 1081 1
546 1362 1
546 1506 1
546 1525 1
546 1563 1
546 1684 1
546 1711 1
546 1769 1
546 1815 1
546 1866 1
546 2026 1
547 10 1
547 96 1
547 145 1
547 165 1
547 227 1
547 752 1
547 1046 1
547 1050 1
547 1485 1
547 1776 1
547 1921 1
548 78 1
548 250 1
548 346 1
548 607 1
548 629 1
548 1503 1
548 1703 1
548 1935 1
549 745 1
549 791 1
549 825 1
549 1480 1
549 1555 1
549 1828 1
549 1901 1
550 219 1
550 363 1
550 493 1
550 1115 1
551 1022 1
551 1493 1
551 1889 1
551 1956 1
552 588 1
552 981 1
552 1085 1
552 1290 1
552 1303 1
553 169 1
553 591 1
553 1123 1
554 1053 1
554 1861 1
555 1588 1
555 1682 1
557 298 1
557 1009 1
557 1476 1
557 1771 1
557 1941 1
558 33 1
558 38 1
558 412 1
558 466 1
558 723 1
558 823 1
558 829 1
558 866 1
558 986 1
558 1002 1
558 1051 1
558 1599 1
558 1863 1
558 1898 1
559 260 1
559 454 1
559 622 1
559 668 1
559 809 1
559 822 1
559 908 1
559 1044 1
559 1239 1
559 1334 1
559 1338 1
559 1384 1
559 1512 1
559 1583 1
559 1611 1
559 1639 1
559 1641 1
559 1651 1
559 1753 1
559 1801 1
559 1812 1
559 1839 1
559 1841 1
559 1859 1
560 167 1
560 333 1
560 385 1
560 461 1
560 535 1
560 869 1
560 938 1
560 1042 1
560 1043 1
560 1121 1
560 1197 1
560 1217 1
560 1318 1
560 1332 1
560 1613 1
560 1732 1
560 1742 1
560 1782 1
560 1794 1
560 1806 1
560 1819 1
560 1911 1
560 1978 1
560 2027 1
561 87 1
561 142 1
561 146 1
561 270 1
561 390 1
561 530 1
561 606 1
561 707 1
561 944 1
561 1127 1
561 1455 1
561 1571 1
561 1620 1
561 1698 1
561 1857 1
561 1922 1
562 199 1
562 269 1
562 323 1
562 492 1
562 504 1
562 706 1
562 710 1
562 750 1
562 862 1
562 882 1
562 928 1
562 993 1
562 1065 1
562 1066 1
562 1291 1
562 1430 1
562 1578 1
562 1579 1
563 114 1
563 233 1
563 266 1
563 268 1
563 413 1
563 958 1
563 1168 1
563 1593 1
563 1831 1
564 94 1
564 210 1
564 962 1
564 1129 1
564 1225 1
564 1354 1
564 1619 1
564 1893 1
565 442 1
565 677 1
565 758 1
565 1104 1
565 1201 1
565 1250 1
565 1736 1
565 1967 1
566 556 1
566 636 1
566 1221 1
566 1498 1
567 793 1
567 1281 1
568 1997 1
569 20 1
569 1167 1
570 1015 1
571 545 1
571 1298 1
572 513 1
572 623 1
572 834 1
573 555 1
573 578 1
573 772 1
573 818 1
573 857 1
573 1192 1
573 1243 1
573 1288 1
573 1597 1
573 1731 1
573 1919 1
574 196 1
574 256 1
574 367 1
574 382 1
574 739 1
574 797 1
574 915 1
574 925 1
574 1069 1
574 1097 1
574 1238 1
574 1385 1
574 1584 1
574 1594 1
574 1688 1
574 1876 1
574 1930 1
575 15 1
575 17 1
575 174 1
575 223 1
575 304 1
575 350 1
575 434 1
575 446 1
575 597 1
575 701 1
575 1142 1
575 1183 1
575 1208 1
575 1236 1
575 1269 1
575 1358 1
575 1416 1
575 1654 1
575 1907 1
575 1994 1
575 2046 1
576 23 1
576 121 1
576 177 1
576 206 1
576 407 1
576 560 1
576 890 1
576 921 1
576 934 1
576 1110 1
576 1157 1
576 1173 1
576 1232 1
576 1284 1
576 1329 1
576 1333 1
576 1422 1
576 1427 1
576 1464 1
576 1529 1
576 1625 1
576 1675 1
576 1733 1
576 1818 1
576 1923 1
576 2029 1
577 68 1
577 128 1
577 257 1
577 302 1
577 376 1
577 443 1
577 554 1
577 610 1
577 650 1
577 766 1
577 769 1
577 867 1
577 1019 1
577 1285 1
577 1401 1
577 1655 1
577 1785 1
577 1847 1
577 2022 1
578 59 1
578 98 1
578 126 1
578 335 1
578 369 1
578 731 1
578 983 1
578 1067 1
578 1080 1
578 1207 1
578 1248 1
578 1275 1
578 1287 1
578 1365 1
578 1603 1
579 28 1
579 715 1
579 839 1
579 1317 1
579 1372 1
579 1614 1
579 1644 1
580 1 1
580 564 1
580 1247 1
580 1340 1
580 1521 1
580 1531 1
580 1609 1
580 1674 1
580 1729 1
580 1754 1
581 181 1
581 238 1
581 359 1
581 796 1
581 994 1
581 1140 1
581 1363 1
581 1693 1
581 1853 1
581 1899 1
582 616 1
582 914 1
582 1320 1
583 102 1
583 897 1
583 2010 1
584 1564 1
585 39 1
585 730 1
585 920 1
585 1942 1
586 565 1
587 313 1
587 1328 1
588 718 1
588 1273 1
588 1301 1
589 374 1
589 387 1
589 417 1
589 561 1
589 643 1
589 1928 1
589 1950 1
590 112 1
590 330 1
590 593 1
590 905 1
590 937 1
590 1090 1
590 1098 1
590 1350 1
590 1391 1
590 1469 1
590 1585 1
590 1689 1
590 1791 1
590 1933 1
591 116 1
591 261 1
591 263 1
591 292 1
591 310 1
591 320 1
591 409 1
591 469 1
591 484 1
591 589 1
591 673 1
591 674 1
591 779 1
591 896 1
591 926 1
591 984 1
591 1020 1
591 1105 1
591 1135 1
591 1241 1
591 1532 1
591 1652 1
591 1820 1
591 1836 1
591 2016 1
592 34 1
592 207 1
592 235 1
592 319 1
592 329 1
592 364 1
592 381 1
592 444 1
592 499 1
592 641 1
592 662 1
592 693 1
592 703 1
592 788 1
592 813 1
592 945 1
592 1132 1
592 1161 1
592 1177 1
592 1259 1
592 1280 1
592 1299 1
592 1331 1
592 1669 1
592 1842 1
592 1843 1
592 1892 1
593 31 1
593 43 1
593 117 1
593 425 1
593 681 1
593 936 1
593 1037 1
593 1039 1
593 1180 1
593 1186 1
593 1212 1
593 1460 1
593 1600 1
593 1610 1
593 1694 1
593 1845 1
593 1887 1
593 2045 1
594 97 1
594 119 1
594 317 1
594 551 1
594 621 1
594 978 1
594 1078 1
594 1136 1
594 1252 1
594 1417 1
594 1426 1
594 1482 1
594 1570 1
594 1775 1
594 1809 1
594 1886 1
595 80 1
595 122 1
595 179 1
595 273 1
595 318 1
595 467 1
595 470 1
595 538 1
595 874 1
595 917 1
595 1093 1
595 1344 1
595 1450 1
595 1882 1
595 1949 1
596 153 1
596 322 1
596 482 1
596 612 1
596 966 1
596 998 1
596 1286 1
596 1405 1
597 19 1
597 154 1
597 299 1
597 353 1
597 632 1
597 736 1
597 1200 1
597 1548 1
597 1948 1
598 624 1
598 1089 1
598 1867 1
599 885 1
599 1178 1
599 1410 1
599 2036 1
600 941 1
600 956 1
600 1335 1
601 572 1
601 985 1
602 366 1
602 1096 1
603 661 1
603 720 1
603 904 1
603 1171 1
603 1319 1
604 2030 1
605 287 1
605 339 1
605 459 1
605 952 1
605 1406 1
605 1953 1
605 1980 1
606 50 1
606 399 1
606 604 1
606 844 1
606 880 1
606 1074 1
606 1094 1
606 1353 1
606 1908 1
607 21 1
607 58 1
607 195 1
607 198 1
607 242 1
607 477 1
607 523 1
607 571 1
607 737 1
607 768 1
607 899 1
607 1213 1
607 1218 1
607 1249 1
607 1295 1
607 1545 1
607 1566 1
607 1668 1
607 1695 1
607 1717 1
607 1745 1
607 1822 1
607 1826 1
607 1855 1
607 1884 1
607 1990 1
607 2041 1
608 166 1
608 232 1
608 341 1
608 370 1
608 404 1
608 405 1
608 458 1
608 471 1
608 666 1
608 757 1
608 902 1
608 976 1
608 1079 1
608 1158 1
608 1440 1
608 1478 1
608 1701 1
608 1727 1
608 1747 1
608 1803 1
609 51 1
609 60 1
609 81 1
609 245 1
609 246 1
609 315 1
609 520 1
609 574 1
609 894 1
609 906 1
609 939 1
609 1082 1
609 1156 1
609 1445 1
609 1608 1
609 1719 1
609 1789 1
609 1844 1
609 1940 1
609 1966 1
610 239 1
610 485 1
610 543 1
610 627 1
610 774 1
610 971 1
610 1119 1
610 1139 1
610 1260 1
610 1315 1
610 1382 1
610 1519 1
610 1527 1
610 1813 1
610 2019 1
611 67 1
611 447 1
611 713 1
611 778 1
611 1017 1
611 1833 1
612 82 1
612 279 1
612 898 1
612 1106 1
612 1258 1
612 1297 1
612 1310 1
612 1337 1
613 490 1
613 1270 1
613 1341 1
613 1870 1
614 290 1
614 365 1
614 526 1
614 529 1
614 1508 1
614 1659 1
614 1770 1
615 61 1
615 521 1
616 1739 1
616 2009 1
616 2021 1
617 942 1
617 1219 1
617 1718 1
618 1502 1
618 1916 1
618 2001 1
619 389 1
619 1229 1
619 1539 1
620 678 1
620 721 1
620 876 1
620 1471 1
620 1573 1
620 1981 1
620 2024 1
621 502 1
621 722 1
621 827 1
621 1041 1
621 1122 1
621 1448 1
621 1526 1
621 1568 1
621 1670 1
621 1679 1
621 1968 1
622 53 1
622 79 1
622 170 1
622 214 1
622 570 1
622 654 1
622 740 1
622 953 1
622 1011 1
622 1278 1
622 1357 1
622 1456 1
622 1510 1
622 1680 1
622 1759 1
622 1786 1
622 2005 1
623 22 1
623 110 1
623 294 1
623 309 1
623 312 1
623 362 1
623 377 1
623 685 1
623 927 1
623 1040 1
623 1054 1
623 1064 1
623 1166 1
623 1276 1
623 1395 1
623 1467 1
623 1804 1
623 1910 1
623 1957 1
623 1998 1
624 265 1
624 378 1
624 403 1
624 408 1
624 486 1
624 506 1
624 537 1
624 804 1
624 815 1
624 845 1
624 955 1
624 965 1
624 1095 1
624 1253 1
624 1421 1
624 1683 1
624 1687 1
624 1704 1
624 1768 1
624 1814 1
624 1840 1
624 1977 1
625 44 1
625 57 1
625 63 1
625 131 1
625 152 1
625 202 1
625 225 1
625 436 1
625 510 1
625 548 1
625 567 1
625 592 1
625 719 1
625 1045 1
625 1120 1
625 1155 1
625 1188 1
625 1355 1
625 1457 1
625 1495 1
625 1615 1
625 1637 1
625 1707 1
625 1763 1
625 1838 1
625 1860 1
625 1947 1
625 2047 1
626 14 1
626 226 1
626 325 1
626 615 1
626 764 1
626 806 1
626 1153 1
626 1206 1
626 1264 1
626 1504 1
626 1546 1
626 1904 1
626 1918 1
627 205 1
627 211 1
627 247 1
627 281 1
627 1033 1
627 1293 1
627 1772 1
627 1939 1
627 1958 1
627 1974 1
628 24 1
628 314 1
628 423 1
628 435 1
628 647 1
628 1075 1
628 1216 1
628 1663 1
628 1996 1
629 248 1
629 351 1
629 361 1
629 1550 1
630 218 1
630 658 1
630 1500 1
630 1596 1
630 1982 1
630 1995 1
631 821 1
631 1595 1
631 1972 1
632 48 1
632 368 1
632 421 1
632 428 1
632 569 1
632 575 1
632 709 1
632 1552 1
633 12 1
633 457 1
633 600 1
633 1373 1
633 1518 1
633 1986 1
634 134 1
634 705 1
634 963 1
634 1437 1
634 2025 1
636 667 1
636 712 1
636 735 1
636 846 1
636 1322 1
636 1451 1
636 1805 1
637 176 1
637 264 1
637 646 1
637 741 1
637 828 1
637 1023 1
637 1128 1
637 1268 1
637 1349 1
637 1463 1
637 1802 1
637 1891 1
638 212 1
638 438 1
638 496 1
638 557 1
638 590 1
638 618 1
638 1118 1
638 1174 1
638 1233 1
638 1377 1
638 1398 1
638 1418 1
638 1433 1
638 1522 1
638 1551 1
638 1636 1
638 1874 1
638 1931 1
639 7 1
639 254 1
639 383 1
639 386 1
639 531 1
639 687 1
639 699 1
639 1154 1
639 1179 1
639 1265 1
639 1575 1
639 1581 1
639 1626 1
639 1691 1
639 1788 1
639 1830 1
639 1848 1
640 462 1
640 617 1
640 642 1
640 651 1
640 669 1
640 698 1
640 729 1
640 732 1
640 748 1
640 795 1
640 832 1
640 997 1
640 1077 1
640 1083 1
640 1149 1
640 1189 1
640 1366 1
640 1474 1
640 1561 1
640 1565 1
640 1721 1
640 1784 1
640 1810 1
640 1851 1
640 2014 1
640 2018 1
640 2020 1
641 101 1
641 133 1
641 160 1
641 700 1
641 755 1
641 835 1
641 1380 1
641 1580 1
641 1696 1
641 1751 1
641 1834 1
641 1902 1
641 1965 1
642 228 1
642 334 1
642 431 1
642 743 1
642 753 1
642 783 1
642 803 1
642 951 1
642 992 1
642 999 1
642 1001 1
642 1343 1
642 1558 1
642 1577 1
642 1657 1
642 1944 1
642 1983 1
643 105 1
643 191 1
643 439 1
643 1031 1
643 1196 1
643 1274 1
643 1305 1
643 1560 1
643 2017 1
643 2033 1
643 2040 1
644 274 1
644 450 1
644 517 1
644 919 1
644 1092 1
644 1114 1
644 1653 1
644 2039 1
645 183 1
645 186 1
645 379 1
646 419 1
646 426 1
646 614 1
646 808 1
646 1444 1
646 1638 1
646 1677 1
647 820 1
647 1360 1
648 272 1
648 464 1
648 1975 1
649 283 1
649 1256 1
649 1311 1
650 1702 1
651 765 1
651 1147 1
652 665 1
652 870 1
652 950 1
652 1282 1
652 1449 1
653 35 1
653 397 1
653 609 1
653 637 1
653 1084 1
653 1294 1
653 1436 1
653 1484 1
653 1559 1
653 1730 1
653 1777 1
653 1780 1
653 1858 1
653 1926 1
654 27 1
654 278 1
654 581 1
654 584 1
654 611 1
654 1030 1
654 1160 1
654 1346 1
654 1447 1
654 1543 1
654 1660 1
654 1706 1
654 1937 1
654 1976 1
655 111 1
655 132 1
655 253 1
655 295 1
655 456 1
655 542 1
655 552 1
655 595 1
655 598 1
655 645 1
655 691 1
655 903 1
655 968 1
655 1052 1
655 1061 1
655 1107 1
655 1111 1
655 1150 1
655 1369 1
655 1622 1
655 1647 1
655 1709 1
655 1735 1
655 1852 1
655 1856 1
655 2015 1
656 163 1
656 241 1
656 440 1
656 483 1
656 511 1
656 514 1
656 580 1
656 696 1
656 776 1
656 792 1
656 943 1
656 969 1
656 1205 1
656 1240 1
656 1715 1
656 1783 1
656 1879 1
656 1936 1
656 1963 1
656 1964 1
656 2028 1
657 3 1
657 9 1
657 234 1
657 249 1
657 282 1
657 344 1
657 375 1
657 503 1
657 695 1
657 761 1
657 777 1
657 858 1
657 1004 1
657 1047 1
657 1361 1
657 1873 1
657 1883 1
658 190 1
658 465 1
658 527 1
658 577 1
658 619 1
658 652 1
658 675 1
658 841 1
658 1056 1
658 1073 1
658 1396 1
658 1800 1
658 1962 1
658 2032 1
659 52 1
659 497 1
659 989 1
659 1130 1
659 1544 1
659 1658 1
659 1989 1
660 37 1
660 85 1
660 391 1
660 886 1
660 909 1
660 1162 1
660 1209 1
660 1304 1
660 1438 1
660 1536 1
660 1604 1
660 1722 1
661 2 1
661 500 1
661 1592 1
662 418 1
662 585 1
662 1827 1
663 1227 1
663 1452 1
663 1885 1
664 193 1
664 251 1
664 583 1
665 441 1
665 473 1
665 1242 1
666 222 1
666 817 1
666 1423 1
667 1419 1
667 1634 1
668 162 1
668 178 1
668 229 1
668 354 1
668 534 1
668 579 1
668 1038 1
668 1133 1
668 1364 1
668 1713 1
669 158 1
669 259 1
669 586 1
669 1013 1
669 1091 1
669 1100 1
669 1193 1
669 1439 1
669 1799 1
670 41 1
670 147 1
670 201 1
670 289 1
670 303 1
670 400 1
670 445 1
670 599 1
670 613 1
670 653 1
670 659 1
670 812 1
670 996 1
670 1005 1
670 1491 1
670 1513 1
670 1598 1
670 1678 1
670 1925 1
671 92 1
671 93 1
671 140 1
671 143 1
671 203 1
671 468 1
671 476 1
671 481 1
671 566 1
671 635 1
671 767 1
671 826 1
671 892 1
671 1109 1
671 1144 1
671 1367 1
671 1514 1
671 1530 1
671 1557 1
671 1673 1
671 1734 1
671 1807 1
671 1890 1
671 1985 1
672 30 1
672 95 1
672 297 1
672 357 1
672 406 1
672 453 1
672 539 1
672 727 1
672 850 1
672 961 1
672 1024 1
672 1088 1
672 1407 1
672 1823 1
672 2042 1
673 18 1
673 120 1
673 185 1
673 243 1
673 275 1
673 300 1
673 393 1
673 429 1
673 733 1
673 849 1
673 865 1
673 1222 1
673 1496 1
673 1617 1
673 1685 1
673 1740 1
673 1825 1
674 125 1
674 306 1
674 629 1
674 861 1
674 1187 1
674 1224 1
674 1453 1
674 1624 1
674 1765 1
674 1888 1
675 64 1
675 343 1
675 414 1
675 1068 1
675 1244 1
675 1309 1
675 1326 1
675 1752 1
675 1756 1
676 410 1
676 918 1
676 1137 1
676 1424 1
677 66 1
677 296 1
677 372 1
677 540 1
677 784 1
677 1251 1
677 1443 1
678 747 1
678 754 1
678 851 1
678 980 1
678 1175 1
678 1211 1
678 1374 1
678 1914 1
679 734 1
679 1220 1
679 1954 1
680 1699 1
681 1076 1
681 1112 1
681 1946 1
682 36 1
682 1006 1
682 1960 1
683 639 1
683 728 1
683 872 1
683 1465 1
684 587 1
684 697 1
684 856 1
684 1959 1
685 71 1
685 91 1
685 342 1
685 605 1
685 648 1
685 679 1
685 810 1
685 847 1
685 864 1
685 1434 1
685 1665 1
685 1712 1
685 1920 1
686 46 1
686 69 1
686 240 1
686 395 1
686 694 1
686 802 1
686 805 1
686 916 1
686 1164 1
686 1198 1
686 1345 1
686 1458 1
686 1601 1
686 1697 1
686 1951 1
687 155 1
687 159 1
687 255 1
687 285 1
687 340 1
687 515 1
687 594 1
687 801 1
687 907 1
687 987 1
687 1049 1
687 1087 1
687 1501 1
687 1640 1
687 1690 1
687 1808 1
687 1849 1
687 1865 1
688 5 1
688 96 1
688 136 1
688 175 1
688 182 1
688 460 1
688 528 1
688 573 1
688 671 1
688 682 1
688 690 1
688 782 1
688 1125 1
688 1141 1
688 1146 1
688 1231 1
688 1296 1
688 1414 1
688 1466 1
688 1497 1
688 1664 1
688 1872 1
688 1913 1
688 1991 1
689 40 1
689 124 1
689 208 1
689 262 1
689 402 1
689 518 1
689 519 1
689 790 1
689 814 1
689 836 1
689 1035 1
689 1117 1
689 1190 1
689 1204 1
689 1226 1
689 1306 1
689 1537 1
689 1572 1
689 1649 1
689 2002 1
690 384 1
690 398 1
690 533 1
690 773 1
690 895 1
690 930 1
690 972 1
690 1245 1
690 1351 1
690 1408 1
690 1412 1
690 1943 1
690 2003 1
690 2011 1
690 2023 1
691 150 1
691 657 1
691 688 1
691 875 1
691 922 1
691 1029 1
691 1459 1
691 1479 1
691 1556 1
691 1563 1
691 1832 1
691 1894 1
692 491 1
692 704 1
692 771 1
692 1195 1
692 1988 1
693 267 1
693 838 1
693 901 1
693 1846 1
694 672 1
694 819 1
694 883 1
694 1490 1
695 1101 1
695 1999 1
696 8 1
696 1541 1
696 1915 1
697 157 1
697 1628 1
698 288 1
698 563 1
699 1409 1
699 1481 1
699 1973 1
700 156 1
700 173 1
700 291 1
700 549 1
700 1387 1
700 1738 1
700 1924 1
701 77 1
701 189 1
701 252 1
701 284 1
701 327 1
701 338 1
701 392 1
701 525 1
701 596 1
701 964 1
701 1018 1
701 1356 1
701 1379 1
701 1383 1
701 1399 1
701 1748 1
702 83 1
702 138 1
702 197 1
702 213 1
702 394 1
702 472 1
702 509 1
702 634 1
702 640 1
702 725 1
702 742 1
702 746 1
702 873 1
702 954 1
702 1131 1
702 1159 1
702 1321 1
702 1446 1
702 1486 1
702 1590 1
702 1616 1
702 1758 1
702 1829 1
702 1881 1
702 2013 1
702 2031 1
703 72 1
703 129 1
703 311 1
703 356 1
703 853 1
703 957 1
703 1060 1
703 1070 1
703 1203 1
703 1257 1
703 1283 1
703 1307 1
703 1477 1
703 1562 1
703 1611 1
703 1642 1
703 1755 1
703 1781 1
703 1790 1
703 1835 1
703 1837 1
704 6 1
704 32 1
704 135 1
704 432 1
704 522 1
704 726 1
704 762 1
704 859 1
704 877 1
704 912 1
704 1057 1
704 1143 1
704 1151 1
704 1184 1
704 1235 1
704 1246 1
704 1279 1
704 1381 1
704 1547 1
704 1681 1
704 1692 1
704 1878 1
704 1987 1
704 2048 1
705 13 1
705 74 1
705 277 1
705 420 1
705 474 1
705 508 1
705 663 1
705 708 1
705 1072 1
705 1115 1
705 1163 1
705 1393 1
705 1428 1
705 1509 1
705 1606 1
705 1648 1
705 1764 1
705 1774 1
705 1979 1
705 2044 1
706 141 1
706 336 1
706 401 1
706 478 1
706 532 1
706 601 1
706 602 1
706 660 1
706 1169 1
706 1403 1
706 1432 1
706 1461 1
706 1499 1
706 1535 1
706 1769 1
706 1992 1
707 347 1
707 889 1
707 940 1
707 945 1
707 1034 1
707 1255 1
707 1392 1
707 1868 1
707 1903 1
707 1905 1
708 680 1
708 929 1
708 949 1
708 973 1
708 1248 1
709 236 1
709 244 1
709 266 1
709 337 1
709 547 1
709 1724 1
709 1821 1
710 413 1
710 1138 1
710 1228 1
710 1607 1
710 1771 1
711 45 1
711 217 1
711 868 1
711 990 1
711 1672 1
711 1932 1
712 301 1
712 830 1
712 854 1
712 923 1
713 507 1
713 625 1
713 759 1
713 1108 1
713 1605 1
713 1700 1
713 1757 1
714 430 1
714 745 1
715 192 1
715 1127 1
716 62 1
716 231 1
716 1312 1
716 1323 1
716 1487 1
716 1728 1
716 1795 1
717 107 1
717 209 1
717 328 1
717 559 1
717 664 1
717 702 1
717 816 1
717 967 1
717 1010 1
717 1021 1
717 1036 1
717 1059 1
717 1099 1
717 1230 1
717 1292 1
717 1348 1
717 1586 1
717 1645 1
717 1871 1
717 1921 1
717 1952 1
718 55 1
718 56 1
718 437 1
718 489 1
718 683 1
718 789 1
718 837 1
718 842 1
718 1007 1
718 1046 1
718 1368 1
718 1390 1
718 1643 1
718 1646 1
719 103 1
719 180 1
719 220 1
719 451 1
719 479 1
719 608 1
719 620 1
719 879 1
719 891 1
719 1058 1
719 1176 1
719 1182 1
719 1199 1
719 1234 1
719 1277 1
719 1378 1
719 1420 1
719 1483 1
719 1585 1
719 1589 1
719 1591 1
719 1710 1
719 1824 1
719 1869 1
719 1934 1
719 2043 1
720 86 1
720 118 1
720 123 1
720 139 1
720 345 1
720 369 1
720 427 1
720 644 1
720 756 1
720 807 1
720 823 1
720 924 1
720 1103 1
720 1239 1
720 1425 1
720 1472 1
720 1582 1
720 1627 1
720 2037 1
721 25 1
721 100 1
721 591 1
721 760 1
721 770 1
721 913 1
721 932 1
721 946 1
721 979 1
721 1012 1
721 1116 1
721 1313 1
721 1318 1
721 1342 1
721 1376 1
721 1435 1
721 1494 1
721 1538 1
721 1708 1
721 1720 1
721 1762 1
721 1766 1
721 1779 1
721 1922 1
721 1929 1
721 1970 1
721 2016 1
722 230 1
722 258 1
722 516 1
722 568 1
722 781 1
722 796 1
722 862 1
722 866 1
722 881 1
722 933 1
722 1124 1
722 1462 1
722 1511 1
722 1578 1
722 1750 1
723 250 1
723 360 1
723 603 1
723 1633 1
723 1817 1
723 2038 1
724 554 1
724 1026 1
724 1207 1
724 1261 1
724 1327 1
724 1335 1
724 1404 1
725 1065 1
725 1746 1
725 1938 1
725 2004 1
726 98 1
726 630 1
726 811 1
726 833 1
726 1237 1
726 1314 1
726 1325 1
727 308 1
728 415 1
728 982 1
728 1889 1
729 1126 1
730 307 1
730 798 1
730 1650 1
731 75 1
731 582 1
731 1263 1
732 184 1
732 475 1
732 1632 1
733 286 1
733 348 1
733 396 1
733 504 1
733 626 1
733 686 1
733 786 1
733 834 1
733 863 1
733 1063 1
733 1324 1
733 1336 1
733 1411 1
733 1415 1
733 1473 1
733 1587 1
733 1880 1
733 1927 1
733 1993 1
734 11 1
734 233 1
734 349 1
734 495 1
734 843 1
734 991 1
734 1370 1
734 1375 1
734 1470 1
734 1542 1
734 1618 1
734 1787 1
734 1895 1
735 78 1
735 84 1
735 102 1
735 108 1
735 127 1
735 137 1
735 210 1
735 355 1
735 433 1
735 553 1
735 670 1
735 724 1
735 785 1
735 809 1
735 974 1
735 1000 1
735 1191 1
735 1289 1
735 1300 1
735 1394 1
735 1505 1
735 1520 1
735 1620 1
735 1656 1
735 1863 1
735 1917 1
736 49 1
736 88 1
736 316 1
736 324 1
736 416 1
736 424 1
736 607 1
736 910 1
736 1262 1
736 1400 1
736 1540 1
736 1651 1
736 1714 1
736 1736 1
736 1742 1
736 1744 1
736 1861 1
736 1882 1
736 1906 1
736 1961 1
736 2008 1
737 204 1
737 321 1
737 505 1
737 616 1
737 711 1
737 860 1
737 887 1
737 1080 1
737 1142 1
737 1359 1
737 1468 1
737 1528 1
737 1630 1
737 1726 1
737 1775 1
737 1778 1
737 1812 1
738 167 1
738 305 1
738 544 1
738 938 1
738 1202 1
738 1517 1
738 1639 1
738 1776 1
738 1969 1
739 89 1
739 90 1
739 188 1
739 387 1
739 628 1
739 744 1
739 1402 1
739 1405 1
739 1492 1
739 1612 1
739 1621 1
740 633 1
740 1441 1
740 1507 1
740 1576 1
740 1631 1
740 1760 1
741 116 1
741 1215 1
742 54 1
742 655 1
742 716 1
742 1984 1
743 323 1
743 1389 1
744 145 1
744 1223 1
744 1267 1
745 293 1
745 452 1
745 562 1
745 848 1
746 200 1
747 221 1
747 831 1
748 109 1
748 174 1
748 224 1
748 332 1
748 536 1
748 981 1
748 1025 1
748 1165 1
748 1185 1
748 1197 1
748 1214 1
748 1732 1
748 1797 1
749 47 1
749 76 1
749 172 1
749 194 1
749 487 1
749 684 1
749 714 1
749 960 1
749 1290 1
749 1340 1
749 1671 1
749 1705 1
749 1850 1
749 1955 1
749 2034 1
750 149 1
750 488 1
750 656 1
750 677 1
750 689 1
750 818 1
750 824 1
750 878 1
750 888 1
750 1022 1
750 1339 1
750 1347 1
750 1431 1
750 1749 1
750 1994 1
750 2048 0
