1 25 1
1 28 1
1 53 1
1 129 1
1 227 1
1 348 1
1 417 1
1 429 1
1 442 1
1 504 1
1 821 1
1 906 1
1 963 1
1 1083 1
1 1301 1
1 1481 1
1 1565 1
1 1945 1
2 23 1
2 186 1
2 252 1
2 431 1
2 659 1
2 691 1
2 911 1
2 1161 1
2 1337 1
2 1485 1
2 1743 1
2 1757 1
2 1781 1
3 31 1
3 265 1
3 868 1
3 1047 1
3 1116 1
3 1210 1
3 1567 1
4 214 1
4 481 1
4 644 1
4 1023 1
4 1106 1
4 1188 1
4 1393 1
4 1618 1
5 25 1
5 309 1
5 455 1
5 825 1
5 1088 1
5 1179 1
5 1575 1
5 1688 1
5 1963 1
6 41 1
6 371 1
6 853 1
6 1361 1
6 1397 1
6 1681 1
6 1857 1
7 153 1
7 1584 1
7 1658 1
8 36 1
8 314 1
8 701 1
8 1069 1
8 1237 1
8 1336 1
8 1535 1
8 1665 1
9 2 1
9 483 1
9 1269 1
9 1871 1
10 158 1
10 588 1
10 641 1
10 1463 1
10 1470 1
11 38 1
11 87 1
11 133 1
11 571 1
11 721 1
11 1259 1
11 1820 1
11 1902 1
12 1 1
12 12 1
12 27 1
12 180 1
12 370 1
12 477 1
12 489 1
12 713 1
12 1358 1
12 2046 1
13 76 1
13 406 1
13 469 1
13 661 1
13 748 1
13 880 1
13 907 1
13 971 1
13 1149 1
13 1253 1
13 1280 1
13 1322 1
13 1424 1
13 1439 1
13 1895 1
13 1977 1
14 6 1
14 26 1
14 328 1
14 759 1
14 844 1
14 866 1
14 1190 1
14 1378 1
14 1413 1
14 1465 1
14 1522 1
14 1610 1
14 1745 1
15 11 1
15 81 1
15 255 1
15 311 1
15 521 1
15 652 1
15 672 1
15 959 1
15 1660 1
15 1687 1
15 1815 1
15 1912 1
15 1936 1
15 1998 1
16 27 1
16 146 1
16 179 1
16 206 1
16 356 1
16 393 1
16 1187 1
16 1256 1
16 2016 1
17 149 1
17 753 1
17 1780 1
17 1782 1
18 18 1
18 910 1
18 1255 1
19 11 1
19 593 1
19 1982 1
20 14 1
20 26 1
20 35 1
20 925 1
20 1697 1
21 166 1
21 610 1
21 746 1
21 912 1
21 1054 1
21 1519 1
21 1524 1
21 1699 1
22 13 1
22 32 1
22 946 1
23 18 1
23 1482 1
24 23 1
24 25 1
24 299 1
24 1458 1
25 25 1
25 550 1
25 1033 1
25 1457 1
26 67 1
26 100 1
26 1045 1
26 1296 1
26 1417 1
26 1866 1
27 2 1
27 4 1
27 15 1
27 42 1
27 141 1
27 1141 1
28 17 1
28 35 1
28 334 1
28 418 1
28 1612 1
29 12 1
29 38 1
29 110 1
29 1683 1
30 1762 1
30 1898 1
31 2 1
31 19 1
31 26 1
31 2037 1
32 1844 1
32 1976 1
33 1528 1
34 38 1
34 41 1
34 2011 1
35 52 1
36 1177 1
38 3 1
38 7 1
38 14 1
38 904 1
39 11 1
39 78 1
39 1662 1
40 17 1
40 37 1
40 273 1
40 556 1
41 4 1
41 25 1
42 25 1
42 32 1
42 40 1
42 575 1
42 625 1
42 689 1
42 717 1
42 1231 1
43 13 1
43 24 1
43 29 1
43 132 1
43 560 1
44 27 1
44 487 1
44 491 1
44 1097 1
44 1212 1
44 1750 1
45 15 1
46 325 1
47 6 1
47 32 1
47 1648 1
47 1869 1
49 1 1
49 250 1
50 30 1
50 613 1
51 355 1
51 1164 1
51 1896 1
52 13 1
52 829 1
52 1739 1
53 30 1
53 567 1
53 1016 1
54 28 1
54 845 1
54 935 1
54 1005 1
54 1415 1
54 1498 1
54 1728 1
55 2 1
55 28 1
55 65 1
55 364 1
55 396 1
55 619 1
55 1013 1
55 1122 1
55 1272 1
55 1573 1
55 1736 1
56 5 1
56 37 1
56 335 1
56 338 1
56 1185 1
56 1323 1
56 1521 1
56 1613 1
56 1727 1
56 1804 1
56 1855 1
56 1860 1
57 12 1
57 548 1
57 578 1
57 632 1
57 1027 1
57 1601 1
57 1852 1
58 57 1
58 196 1
58 291 1
58 318 1
58 608 1
58 615 1
58 1180 1
58 1382 1
58 1444 1
58 1579 1
59 387 1
59 602 1
59 705 1
59 943 1
59 1025 1
59 1061 1
59 1070 1
59 1207 1
59 1454 1
59 1539 1
59 1927 1
59 1928 1
59 1956 1
60 17 1
60 369 1
60 498 1
60 554 1
60 732 1
60 773 1
60 1641 1
61 58 1
61 847 1
61 882 1
62 5 1
62 21 1
62 23 1
62 28 1
62 31 1
62 1751 1
63 20 1
63 645 1
64 16 1
64 107 1
64 1388 1
65 313 1
65 339 1
65 690 1
65 762 1
65 1666 1
66 22 1
66 836 1
67 322 1
67 1202 1
67 1392 1
68 8 1
68 552 1
68 630 1
68 1602 1
69 8 1
69 24 1
69 41 1
69 323 1
69 421 1
69 1206 1
70 7 1
70 41 1
70 937 1
70 1330 1
71 48 1
71 407 1
71 424 1
71 764 1
71 875 1
71 985 1
71 996 1
71 1044 1
71 1170 1
71 1196 1
71 1338 1
71 1395 1
71 1429 1
71 1655 1
71 1850 1
72 161 1
72 185 1
72 331 1
72 419 1
72 606 1
72 838 1
72 978 1
72 1102 1
72 1181 1
72 1208 1
72 1242 1
72 1411 1
72 1633 1
72 1694 1
72 1823 1
72 1933 1
73 13 1
73 15 1
73 237 1
73 379 1
73 538 1
73 716 1
73 813 1
73 903 1
73 995 1
73 1022 1
73 1380 1
73 1428 1
73 1569 1
73 1588 1
73 1707 1
73 1801 1
74 17 1
74 41 1
74 152 1
74 278 1
74 327 1
74 352 1
74 677 1
74 682 1
74 763 1
74 826 1
74 1028 1
74 1130 1
74 1148 1
74 1156 1
74 1211 1
74 1254 1
74 1642 1
74 1890 1
74 1903 1
74 2030 1
75 697 1
75 711 1
75 1079 1
75 1081 1
75 1453 1
75 1504 1
75 1516 1
75 1529 1
75 1704 1
75 1858 1
76 5 1
76 118 1
76 709 1
76 783 1
76 1046 1
76 1555 1
76 1772 1
76 1792 1
77 33 1
77 36 1
77 102 1
77 530 1
78 3 1
78 19 1
78 476 1
78 720 1
78 1279 1
78 1798 1
79 681 1
79 1085 1
79 1992 1
80 1 1
80 401 1
80 587 1
80 889 1
81 8 1
81 21 1
81 31 1
81 945 1
81 1000 1
82 39 1
82 1107 1
83 32 1
83 501 1
83 749 1
84 28 1
84 36 1
84 1777 1
85 9 1
85 11 1
85 15 1
85 207 1
85 460 1
85 776 1
85 850 1
85 1072 1
85 2027 1
86 32 1
86 205 1
86 213 1
86 616 1
86 646 1
86 714 1
86 1064 1
86 1271 1
86 1474 1
86 1735 1
87 28 1
87 236 1
87 358 1
87 605 1
87 770 1
87 930 1
87 999 1
87 1193 1
87 1204 1
87 1329 1
87 1442 1
87 1450 1
87 1600 1
87 1788 1
87 1796 1
87 1839 1
87 2005 1
88 101 1
88 151 1
88 295 1
88 598 1
88 766 1
88 769 1
88 982 1
88 1052 1
88 1172 1
88 1287 1
88 1947 1
88 1968 1
89 96 1
89 239 1
89 452 1
89 496 1
89 841 1
89 905 1
89 1002 1
89 1019 1
89 1291 1
89 1309 1
89 1310 1
89 1793 1
89 1883 1
89 1884 1
89 1930 1
89 1967 1
89 1972 1
89 2042 1
90 289 1
90 420 1
90 551 1
90 576 1
90 584 1
90 647 1
90 723 1
90 936 1
90 1320 1
90 1434 1
90 1578 1
90 1720 1
90 1987 1
91 8 1
91 34 1
91 103 1
91 525 1
91 544 1
91 1104 1
91 1228 1
91 1412 1
91 1580 1
91 1914 1
92 3 1
92 98 1
92 528 1
92 678 1
92 754 1
92 1251 1
92 1398 1
92 1556 1
92 1932 1
93 39 1
93 438 1
93 532 1
93 898 1
93 1731 1
93 1867 1
94 27 1
94 37 1
94 120 1
94 454 1
94 1118 1
94 1288 1
94 1407 1
95 743 1
95 1734 1
95 1753 1
95 2048 1
96 25 1
96 41 1
96 1076 1
96 1692 1
96 1715 1
97 19 1
97 41 1
97 340 1
97 507 1
97 1175 1
97 2045 1
98 167 1
99 193 1
99 969 1
100 77 1
100 1062 1
100 1916 1
101 5 1
101 16 1
101 33 1
101 37 1
101 303 1
101 326 1
101 1284 1
101 1638 1
102 30 1
102 33 1
102 144 1
102 246 1
102 648 1
102 694 1
102 747 1
102 792 1
102 1060 1
102 1353 1
103 12 1
103 33 1
103 60 1
103 128 1
103 284 1
103 380 1
103 415 1
103 700 1
103 953 1
103 1199 1
103 1344 1
103 1686 1
103 1997 1
104 8 1
104 274 1
104 547 1
104 774 1
104 777 1
104 1125 1
104 1194 1
104 1445 1
104 1494 1
104 1824 1
104 1948 1
104 2013 1
104 2028 1
105 21 1
105 89 1
105 121 1
105 337 1
105 549 1
105 710 1
105 761 1
105 974 1
105 1100 1
105 1456 1
105 1826 1
105 1834 1
105 1887 1
105 1962 1
106 6 1
106 35 1
106 61 1
106 139 1
106 163 1
106 183 1
106 192 1
106 222 1
106 453 1
106 604 1
106 771 1
106 1036 1
106 1068 1
106 1113 1
106 1162 1
106 1246 1
106 1495 1
106 1515 1
106 1527 1
106 1533 1
106 1726 1
106 1789 1
106 1939 1
106 1953 1
107 111 1
107 534 1
107 657 1
107 669 1
107 938 1
107 1173 1
107 1404 1
107 1822 1
107 1921 1
107 2041 1
108 3 1
108 30 1
108 209 1
108 376 1
108 664 1
108 1140 1
108 1298 1
108 1490 1
108 1583 1
108 1587 1
108 1741 1
108 1894 1
108 1954 1
109 2 1
109 59 1
109 558 1
109 609 1
109 939 1
109 1267 1
109 1350 1
109 1427 1
109 2003 1
109 2032 1
110 16 1
110 23 1
110 886 1
110 1153 1
110 1337 1
110 1905 1
111 19 1
111 254 1
111 896 1
111 964 1
111 1252 1
111 1629 1
111 1900 1
112 1297 1
113 16 1
113 27 1
113 269 1
113 1043 1
113 1913 1
114 9 1
114 272 1
114 505 1
114 894 1
114 1091 1
114 1950 1
116 7 1
116 1906 1
117 11 1
117 34 1
117 600 1
117 902 1
118 18 1
118 1167 1
118 1385 1
118 1615 1
118 1828 1
118 1832 1
119 3 1
119 230 1
119 305 1
119 643 1
119 663 1
119 722 1
119 1020 1
119 1021 1
119 1325 1
119 1418 1
119 1570 1
119 1624 1
119 1849 1
119 1901 1
120 38 1
120 109 1
120 508 1
120 725 1
120 885 1
120 1131 1
120 1154 1
120 1958 1
121 16 1
121 29 1
121 316 1
121 391 1
121 752 1
121 822 1
121 1011 1
121 1030 1
121 1058 1
121 1089 1
121 1321 1
121 1379 1
121 1387 1
121 1829 1
121 2036 1
122 140 1
122 168 1
122 178 1
122 204 1
122 362 1
122 580 1
122 802 1
122 839 1
122 976 1
122 1224 1
122 1290 1
122 1305 1
122 1377 1
122 1432 1
122 1540 1
122 1553 1
122 1748 1
122 1779 1
122 1790 1
123 448 1
123 537 1
123 557 1
123 673 1
123 744 1
123 787 1
123 1077 1
123 1158 1
123 1402 1
123 1486 1
123 1634 1
123 1645 1
123 1674 1
123 1838 1
123 1862 1
123 1889 1
123 1969 1
123 2038 1
124 302 1
124 626 1
124 1160 1
124 1440 1
124 1532 1
124 1769 1
125 10 1
125 15 1
125 19 1
125 124 1
125 484 1
125 941 1
125 975 1
125 1115 1
125 1203 1
125 1499 1
125 1733 1
125 1770 1
125 1892 1
125 1971 1
126 32 1
126 39 1
126 383 1
126 854 1
126 1112 1
126 1277 1
126 1422 1
126 1659 1
127 35 1
127 51 1
127 257 1
127 621 1
127 724 1
127 968 1
127 1250 1
127 1607 1
127 1703 1
127 1876 1
128 20 1
128 22 1
128 26 1
128 37 1
128 39 1
128 726 1
128 843 1
128 1116 1
128 1437 1
129 26 1
129 32 1
129 74 1
129 248 1
129 957 1
129 1354 1
129 1609 1
130 1 1
130 1664 1
131 16 1
131 1319 1
131 1700 1
132 688 1
132 879 1
132 1891 1
133 19 1
133 30 1
133 36 1
134 38 1
134 232 1
134 461 1
134 1589 1
135 11 1
135 27 1
135 242 1
135 440 1
135 796 1
135 990 1
135 1247 1
135 1293 1
135 1303 1
135 1586 1
136 11 1
136 451 1
136 480 1
136 488 1
136 586 1
136 623 1
136 965 1
136 1101 1
136 1217 1
136 1476 1
136 1543 1
136 1558 1
136 1650 1
136 1706 1
136 1966 1
137 30 1
137 148 1
137 157 1
137 189 1
137 210 1
137 523 1
137 755 1
137 819 1
137 837 1
137 897 1
137 1312 1
137 1488 1
137 1623 1
137 1934 1
138 156 1
138 333 1
138 399 1
138 522 1
138 691 1
138 931 1
138 1014 1
138 1063 1
138 1178 1
138 1342 1
138 1471 1
138 1496 1
138 1591 1
138 1656 1
138 1766 1
138 1784 1
139 9 1
139 31 1
139 260 1
139 329 1
139 412 1
139 430 1
139 515 1
139 520 1
139 618 1
139 628 1
139 640 1
139 919 1
139 1300 1
139 1376 1
139 1441 1
139 1475 1
139 1737 1
139 1842 1
139 1960 1
139 2019 1
140 20 1
140 97 1
140 190 1
140 235 1
140 285 1
140 423 1
140 599 1
140 629 1
140 636 1
140 750 1
140 966 1
140 972 1
140 981 1
140 1001 1
140 1127 1
140 1143 1
140 1384 1
140 1544 1
140 1619 1
140 1635 1
140 1675 1
141 27 1
141 112 1
141 332 1
141 429 1
141 561 1
141 620 1
141 1218 1
141 1229 1
141 1235 1
141 1525 1
141 1571 1
141 1749 1
141 1847 1
141 2004 1
142 18 1
142 38 1
142 473 1
142 865 1
142 893 1
142 1151 1
142 1339 1
142 1881 1
142 2016 1
143 374 1
143 394 1
143 417 1
143 1110 1
143 1135 1
143 1171 1
143 1215 1
143 1285 1
143 1369 1
143 1424 1
143 1435 1
143 1576 1
143 1614 1
143 1984 1
144 704 1
144 1124 1
144 1257 1
144 1318 1
144 1813 1
144 1935 1
144 1961 1
145 502 1
145 1189 1
145 1371 1
145 1808 1
146 244 1
146 541 1
146 687 1
146 848 1
146 1360 1
146 1764 1
147 18 1
147 924 1
147 1717 1
148 188 1
148 441 1
148 570 1
148 733 1
148 735 1
148 804 1
148 1307 1
148 1327 1
149 28 1
149 1278 1
150 545 1
150 651 1
151 490 1
152 84 1
152 125 1
152 184 1
152 341 1
152 365 1
152 427 1
152 992 1
152 1132 1
152 1198 1
152 1492 1
152 1562 1
152 1628 1
152 1742 1
152 1837 1
152 1999 1
152 2021 1
153 72 1
153 122 1
153 310 1
153 568 1
153 591 1
153 860 1
153 876 1
153 892 1
153 1129 1
153 1223 1
153 1443 1
153 1480 1
153 1585 1
153 1632 1
153 1840 1
153 1988 1
153 2018 1
154 127 1
154 202 1
154 336 1
154 347 1
154 367 1
154 385 1
154 494 1
154 509 1
154 635 1
154 693 1
154 707 1
154 729 1
154 849 1
154 873 1
154 884 1
154 920 1
154 951 1
154 952 1
154 1405 1
154 1637 1
154 1680 1
154 1771 1
154 2015 1
155 55 1
155 56 1
155 117 1
155 223 1
155 435 1
155 443 1
155 459 1
155 493 1
155 513 1
155 543 1
155 569 1
155 742 1
155 815 1
155 816 1
155 934 1
155 1093 1
155 1243 1
155 1274 1
155 1332 1
155 1335 1
155 1356 1
155 1436 1
155 1549 1
155 1563 1
155 1605 1
155 1627 1
155 1651 1
155 1670 1
155 1678 1
155 1833 1
155 1859 1
155 1993 1
155 2035 1
156 70 1
156 94 1
156 174 1
156 293 1
156 398 1
156 518 1
156 627 1
156 634 1
156 695 1
156 702 1
156 782 1
156 799 1
156 831 1
156 857 1
156 887 1
156 909 1
156 980 1
156 1324 1
156 1331 1
156 1355 1
156 1403 1
156 1487 1
156 1560 1
156 1626 1
156 1773 1
156 1811 1
156 1985 1
156 2007 1
157 154 1
157 343 1
157 382 1
157 395 1
157 485 1
157 503 1
157 519 1
157 760 1
157 856 1
157 869 1
157 890 1
157 970 1
157 1055 1
157 1489 1
157 1574 1
157 1608 1
157 1630 1
157 1877 1
157 1882 1
157 2000 1
157 2043 1
158 135 1
158 261 1
158 389 1
158 497 1
158 564 1
158 565 1
158 581 1
158 765 1
158 793 1
158 914 1
158 993 1
158 1017 1
158 1053 1
158 1099 1
158 1308 1
158 1314 1
158 1326 1
158 1671 1
158 1775 1
158 1818 1
158 1819 1
158 1959 1
158 1990 1
158 2033 1
159 253 1
159 321 1
159 456 1
159 644 1
159 685 1
159 756 1
159 824 1
159 997 1
159 1366 1
159 1622 1
159 1639 1
159 1787 1
160 197 1
160 319 1
160 823 1
160 961 1
160 984 1
160 1109 1
160 1119 1
160 1168 1
160 1526 1
160 1566 1
160 1848 1
161 521 1
161 1200 1
161 1214 1
161 1249 1
161 1724 1
162 817 1
162 1225 1
162 1408 1
162 1459 1
162 1536 1
163 263 1
163 772 1
163 1409 1
163 1744 1
164 288 1
164 308 1
164 852 1
164 1774 1
165 818 1
165 863 1
165 1042 1
165 1537 1
166 287 1
166 292 1
166 304 1
166 542 1
166 1513 1
166 1899 1
167 234 1
167 1232 1
167 1572 1
167 1597 1
168 182 1
168 225 1
168 279 1
168 811 1
168 861 1
168 2039 1
169 179 1
169 479 1
169 667 1
169 739 1
169 801 1
169 899 1
169 1024 1
169 1150 1
169 1248 1
169 1333 1
169 1370 1
169 1565 1
169 1604 1
169 1980 1
170 86 1
170 126 1
170 206 1
170 252 1
170 447 1
170 450 1
170 533 1
170 572 1
170 658 1
170 737 1
170 758 1
170 800 1
170 987 1
170 1035 1
170 1056 1
170 1065 1
170 1114 1
170 1213 1
170 1283 1
170 1381 1
170 1512 1
170 1542 1
170 1582 1
170 1598 1
170 1620 1
170 1652 1
170 1714 1
170 1730 1
170 1810 1
170 1879 1
170 1909 1
170 2031 1
171 49 1
171 62 1
171 106 1
171 177 1
171 203 1
171 296 1
171 390 1
171 514 1
171 590 1
171 596 1
171 614 1
171 676 1
171 698 1
171 706 1
171 730 1
171 738 1
171 895 1
171 913 1
171 923 1
171 927 1
171 1073 1
171 1108 1
171 1117 1
171 1133 1
171 1139 1
171 1238 1
171 1241 1
171 1328 1
171 1362 1
171 1396 1
171 1502 1
171 1520 1
171 1581 1
171 1653 1
171 1684 1
171 1695 1
171 1713 1
171 1732 1
171 1809 1
171 1845 1
171 1918 1
171 1944 1
171 2010 1
171 2017 1
172 129 1
172 226 1
172 247 1
172 281 1
172 286 1
172 349 1
172 384 1
172 462 1
172 492 1
172 495 1
172 512 1
172 546 1
172 808 1
172 1037 1
172 1136 1
172 1137 1
172 1147 1
172 1159 1
172 1258 1
172 1266 1
172 1334 1
172 1400 1
172 1425 1
172 1431 1
172 1644 1
172 1702 1
172 1761 1
172 1825 1
172 1880 1
172 1981 1
173 90 1
173 186 1
173 201 1
173 298 1
173 408 1
173 428 1
173 517 1
173 540 1
173 624 1
173 718 1
173 727 1
173 751 1
173 933 1
173 1078 1
173 1098 1
173 1237 1
173 1245 1
173 1262 1
173 1306 1
173 1365 1
173 1531 1
173 1551 1
173 1577 1
173 1643 1
173 1729 1
173 1806 1
173 1991 1
173 2006 1
174 299 1
174 411 1
174 439 1
174 449 1
174 611 1
174 617 1
174 745 1
174 809 1
174 877 1
174 916 1
174 1111 1
174 1296 1
174 1311 1
174 1367 1
174 1399 1
174 1416 1
174 1452 1
175 195 1
175 637 1
175 638 1
175 680 1
175 1032 1
175 1084 1
175 1155 1
175 1234 1
175 1292 1
175 1397 1
175 1897 1
175 1924 1
176 162 1
176 344 1
176 511 1
176 708 1
176 1244 1
176 1477 1
176 1673 1
176 1712 1
176 1920 1
177 63 1
177 73 1
177 241 1
177 249 1
177 579 1
177 642 1
177 662 1
177 851 1
177 1756 1
177 1995 1
178 80 1
178 228 1
178 262 1
178 354 1
178 633 1
178 670 1
178 932 1
178 1071 1
178 1086 1
178 1103 1
178 1352 1
178 1469 1
178 1851 1
178 2023 1
179 212 1
179 397 1
179 416 1
179 457 1
179 1018 1
179 1697 1
179 1885 1
180 87 1
180 409 1
180 1096 1
180 1281 1
180 1760 1
180 1816 1
180 1975 1
180 2001 1
181 562 1
181 1010 1
181 1351 1
181 1853 1
182 85 1
182 483 1
182 789 1
182 1448 1
183 320 1
183 1184 1
183 1497 1
183 1514 1
183 1843 1
183 1943 1
184 404 1
184 779 1
184 891 1
184 1169 1
185 147 1
185 194 1
185 217 1
185 833 1
185 1057 1
185 1121 1
185 1299 1
185 1304 1
185 1420 1
185 1449 1
185 1503 1
185 1938 1
186 123 1
186 170 1
186 173 1
186 200 1
186 277 1
186 342 1
186 400 1
186 553 1
186 1092 1
186 1105 1
186 1174 1
186 1195 1
186 1282 1
186 1451 1
186 1696 1
186 1716 1
186 1722 1
186 1767 1
186 1942 1
186 1946 1
186 2040 1
187 44 1
187 119 1
187 172 1
187 280 1
187 405 1
187 426 1
187 486 1
187 504 1
187 573 1
187 734 1
187 834 1
187 929 1
187 948 1
187 989 1
187 1142 1
187 1163 1
187 1315 1
187 1383 1
187 1394 1
187 1557 1
187 1568 1
187 1617 1
187 1830 1
187 2029 1
188 145 1
188 276 1
188 436 1
188 466 1
188 531 1
188 671 1
188 684 1
188 859 1
188 888 1
188 949 1
188 1038 1
188 1040 1
188 1051 1
188 1087 1
188 1138 1
188 1152 1
188 1268 1
188 1302 1
188 1357 1
188 1368 1
188 1505 1
188 1547 1
188 1548 1
188 1710 1
188 1723 1
188 1783 1
188 1846 1
188 1864 1
188 1957 1
188 1965 1
188 1986 1
188 2025 1
189 47 1
189 99 1
189 104 1
189 181 1
189 315 1
189 350 1
189 359 1
189 368 1
189 392 1
189 527 1
189 585 1
189 794 1
189 806 1
189 855 1
189 901 1
189 917 1
189 921 1
189 955 1
189 1029 1
189 1039 1
189 1095 1
189 1205 1
189 1236 1
189 1389 1
189 1401 1
189 1410 1
189 1421 1
189 1517 1
189 1552 1
189 1625 1
189 1691 1
189 1693 1
189 1925 1
190 130 1
190 258 1
190 265 1
190 283 1
190 469 1
190 471 1
190 482 1
190 536 1
190 559 1
190 588 1
190 731 1
190 867 1
190 872 1
190 911 1
190 986 1
190 1157 1
190 1275 1
190 1468 1
190 1596 1
190 1668 1
190 1755 1
190 1865 1
190 1915 1
190 1996 1
191 345 1
191 378 1
191 418 1
191 539 1
191 589 1
191 597 1
191 631 1
191 660 1
191 791 1
191 1074 1
191 1080 1
191 1222 1
191 1611 1
191 1672 1
191 1690 1
191 1721 1
191 1738 1
191 1814 1
191 1821 1
191 1854 1
191 1907 1
192 93 1
192 115 1
192 221 1
192 388 1
192 582 1
192 632 1
192 858 1
192 1088 1
192 1270 1
192 1372 1
192 1500 1
192 1592 1
192 1618 1
192 1711 1
192 1785 1
192 1878 1
192 1888 1
192 1951 1
192 2020 1
193 245 1
193 377 1
193 1049 1
193 1186 1
193 1541 1
193 1677 1
193 1908 1
193 1940 1
194 353 1
194 871 1
194 1145 1
194 1336 1
194 1797 1
194 1973 1
195 950 1
195 2047 1
196 444 1
196 1134 1
197 275 1
197 406 1
197 1209 1
197 1348 1
197 1501 1
197 1511 1
197 1661 1
197 1994 1
198 64 1
198 95 1
198 918 1
198 1719 1
199 481 1
199 1491 1
200 1346 1
200 1817 1
201 372 1
201 524 1
201 665 1
201 741 1
201 1917 1
201 1978 1
202 54 1
202 114 1
202 138 1
202 165 1
202 219 1
202 227 1
202 317 1
202 463 1
202 654 1
202 728 1
202 798 1
202 1090 1
202 1230 1
202 1239 1
202 1260 1
202 1464 1
202 1538 1
202 1922 1
202 2026 1
203 43 1
203 83 1
203 169 1
203 191 1
203 256 1
203 267 1
203 381 1
203 386 1
203 470 1
203 516 1
203 574 1
203 607 1
203 656 1
203 679 1
203 719 1
203 757 1
203 778 1
203 790 1
203 864 1
203 960 1
203 1094 1
203 1386 1
203 1426 1
203 1595 1
203 1610 1
203 1621 1
203 1701 1
203 1752 1
203 1926 1
203 1937 1
203 1979 1
204 69 1
204 220 1
204 290 1
204 361 1
204 437 1
204 499 1
204 601 1
204 692 1
204 812 1
204 825 1
204 835 1
204 840 1
204 1041 1
204 1197 1
204 1210 1
204 1313 1
204 1375 1
204 1419 1
204 1423 1
204 1467 1
204 1550 1
204 1564 1
204 1740 1
204 1754 1
204 1768 1
204 1776 1
204 1831 1
204 2014 1
205 243 1
205 312 1
205 373 1
205 500 1
205 612 1
205 649 1
205 736 1
205 775 1
205 780 1
205 784 1
205 786 1
205 807 1
205 874 1
205 904 1
205 1165 1
205 1176 1
205 1183 1
205 1227 1
205 1263 1
205 1359 1
205 1430 1
205 1447 1
205 1461 1
205 1657 1
205 1705 1
205 1805 1
205 1941 1
206 68 1
206 100 1
206 160 1
206 208 1
206 434 1
206 595 1
206 622 1
206 683 1
206 699 1
206 785 1
206 971 1
206 991 1
206 1007 1
206 1031 1
206 1054 1
206 1144 1
206 1161 1
206 1196 1
206 1219 1
206 1462 1
206 1561 1
206 1687 1
206 1786 1
207 176 1
207 259 1
207 360 1
207 675 1
207 979 1
207 1003 1
207 1220 1
207 1261 1
207 1264 1
207 1294 1
207 1438 1
207 1455 1
207 1522 1
207 1669 1
207 1689 1
207 1778 1
207 1780 1
207 1799 1
207 1923 1
207 2044 1
208 674 1
208 820 1
208 1008 1
208 1192 1
208 1518 1
208 1685 1
208 1945 1
208 2008 1
209 489 1
209 510 1
209 594 1
209 666 1
209 721 1
209 846 1
209 1709 1
209 1800 1
209 1827 1
209 1983 1
210 149 1
210 458 1
210 1280 1
210 1559 1
210 1707 1
211 465 1
211 668 1
211 1004 1
211 1658 1
212 297 1
212 478 1
212 1470 1
212 1841 1
212 1856 1
213 136 1
213 740 1
213 781 1
213 1226 1
214 862 1
214 1123 1
214 1765 1
214 1803 1
214 1870 1
215 1276 1
215 1654 1
216 1667 1
216 1868 1
216 1893 1
217 171 1
217 271 1
217 475 1
217 1663 1
217 1886 1
218 433 1
218 535 1
218 650 1
218 715 1
218 805 1
218 883 1
218 1015 1
218 1066 1
218 1075 1
218 1240 1
218 1286 1
218 1483 1
218 1812 1
218 1872 1
218 1931 1
218 1964 1
219 46 1
219 142 1
219 153 1
219 238 1
219 294 1
219 300 1
219 351 1
219 357 1
219 403 1
219 566 1
219 810 1
219 958 1
219 1048 1
219 1216 1
219 1269 1
219 1317 1
219 1406 1
219 1478 1
219 1510 1
219 1599 1
219 1676 1
219 1688 1
219 1708 1
219 1745 1
219 1762 1
219 1791 1
219 1919 1
219 1949 1
220 199 1
220 224 1
220 231 1
220 240 1
220 307 1
220 366 1
220 571 1
220 659 1
220 773 1
220 915 1
220 947 1
220 1069 1
220 1146 1
220 1182 1
220 1190 1
220 1345 1
220 1415 1
220 1473 1
220 1530 1
220 1636 1
220 1782 1
220 1807 1
220 1861 1
221 66 1
221 155 1
221 164 1
221 255 1
221 402 1
221 425 1
221 446 1
221 767 1
221 803 1
221 954 1
221 1067 1
221 1363 1
221 1458 1
221 1508 1
221 1647 1
221 1815 1
221 1963 1
221 1976 1
222 175 1
222 309 1
222 330 1
222 410 1
222 563 1
222 652 1
222 973 1
222 983 1
222 994 1
222 1126 1
222 1187 1
222 1361 1
222 1479 1
222 1509 1
222 1594 1
222 1646 1
222 1873 1
222 1875 1
222 1896 1
222 1898 1
222 2024 1
222 2046 1
223 105 1
223 134 1
223 215 1
223 414 1
223 442 1
223 472 1
223 578 1
223 712 1
223 814 1
223 870 1
223 878 1
223 946 1
223 1120 1
223 1343 1
223 1378 1
223 1460 1
223 1718 1
223 1747 1
223 1911 1
224 198 1
224 467 1
224 603 1
224 1393 1
224 1417 1
224 1612 1
224 1863 1
224 2002 1
225 158 1
225 370 1
225 393 1
225 477 1
225 963 1
225 1895 1
226 1413 1
226 1465 1
226 1989 1
227 1484 1
227 1584 1
227 1606 1
227 1640 1
229 396 1
229 821 1
229 1631 1
229 1929 1
230 146 1
231 830 1
231 1414 1
232 526 1
232 1273 1
232 1912 1
233 143 1
233 251 1
233 311 1
233 900 1
233 928 1
233 1746 1
233 1758 1
234 150 1
234 264 1
234 268 1
234 282 1
234 348 1
234 474 1
234 907 1
234 926 1
234 959 1
234 988 1
234 1047 1
234 1106 1
234 1191 1
234 1463 1
234 1523 1
234 1666 1
234 1682 1
234 1699 1
234 1835 1
234 1874 1
234 1952 1
234 2012 1
235 71 1
235 229 1
235 233 1
235 314 1
235 346 1
235 363 1
235 422 1
235 506 1
235 661 1
235 880 1
235 1023 1
235 1045 1
235 1083 1
235 1141 1
235 1166 1
235 1179 1
235 1265 1
235 1316 1
235 1411 1
235 1683 1
235 1725 1
235 1739 1
235 1743 1
235 1998 1
236 42 1
236 92 1
236 180 1
236 216 1
236 291 1
236 301 1
236 324 1
236 468 1
236 555 1
236 577 1
236 639 1
236 672 1
236 686 1
236 828 1
236 868 1
236 962 1
236 1012 1
236 1177 1
236 1201 1
236 1233 1
236 1301 1
236 1340 1
236 1534 1
236 1545 1
236 1649 1
236 1660 1
236 1665 1
236 1902 1
237 45 1
237 116 1
237 246 1
237 325 1
237 455 1
237 464 1
237 753 1
237 944 1
237 1295 1
237 1320 1
237 1322 1
237 1391 1
237 1457 1
237 1485 1
237 1507 1
237 1535 1
237 1692 1
237 1763 1
237 1802 1
237 1871 1
238 355 1
238 431 1
238 567 1
238 655 1
238 696 1
238 743 1
238 759 1
238 853 1
238 866 1
238 906 1
238 940 1
238 1259 1
238 1347 1
238 1446 1
238 1466 1
238 1539 1
238 1997 1
239 79 1
239 81 1
239 211 1
239 413 1
239 748 1
239 827 1
239 908 1
239 1082 1
239 1289 1
239 1528 1
239 1795 1
239 1936 1
239 1970 1
240 583 1
240 584 1
240 717 1
240 832 1
240 922 1
240 1025 1
240 1044 1
240 1128 1
240 1341 1
240 1472 1
241 82 1
241 776 1
241 788 1
241 1107 1
241 1181 1
241 1866 1
242 978 1
243 214 1
243 795 1
243 1781 1
243 1836 1
244 1804 1
245 1211 1
246 1050 1
247 1188 1
247 1439 1
247 1554 1
248 445 1
248 554 1
248 1034 1
249 113 1
249 844 1
249 1272 1
249 1364 1
249 1575 1
249 1679 1
249 1681 1
250 108 1
250 328 1
250 356 1
250 690 1
250 697 1
250 746 1
250 881 1
250 1256 1
250 1481 1
250 1567 1
250 1736 1
250 2034 1
251 50 1
251 187 1
251 193 1
251 689 1
251 875 1
251 998 1
251 1130 1
251 1506 1
251 1579 1
251 1974 1
252 53 1
252 75 1
252 76 1
252 88 1
252 132 1
252 491 1
252 556 1
252 560 1
252 630 1
252 847 1
252 956 1
252 977 1
252 1033 1
252 1081 1
252 1122 1
252 1149 1
252 1164 1
252 1255 1
252 1358 1
252 1374 1
252 1454 1
252 1493 1
252 1616 1
252 1820 1
252 1857 1
252 2009 1
252 2011 1
253 270 1
253 318 1
253 407 1
253 498 1
253 592 1
253 610 1
253 768 1
253 1170 1
253 1228 1
253 1271 1
253 1380 1
253 1407 1
253 1587 1
253 1715 1
254 133 1
254 137 1
254 218 1
254 432 1
254 538 1
254 558 1
254 653 1
254 754 1
254 764 1
254 1330 1
254 1590 1
254 1834 1
254 1900 1
254 1904 1
255 110 1
255 593 1
255 608 1
255 910 1
255 1148 1
255 1388 1
255 1967 1
255 2037 1
256 166 1
257 91 1
257 362 1
257 1910 1
258 306 1
258 529 1
258 1373 1
258 1982 1
259 323 1
259 953 1
259 1203 1
259 1615 1
260 1392 1
260 2022 1
261 67 1
261 797 1
261 1482 1
261 1593 1
262 625 1
262 925 1
263 1757 1
264 1221 1
264 1546 1
265 278 1
265 375 1
265 507 1
265 575 1
265 701 1
265 709 1
265 713 1
265 842 1
265 1070 1
265 1167 1
265 1349 1
265 1556 1
265 2045 1
266 131 1
266 222 1
266 641 1
266 678 1
266 792 1
266 845 1
266 1046 1
266 1124 1
266 1140 1
266 1193 1
266 1242 1
266 1450 1
266 1504 1
266 1648 1
266 1703 1
266 1741 1
266 1790 1
266 1928 1
267 159 1
267 178 1
267 250 1
267 619 1
267 769 1
267 1006 1
267 1202 1
267 1207 1
267 1395 1
267 1402 1
267 1429 1
267 1433 1
267 1521 1
267 1662 1
267 1698 1
267 1737 1
267 1772 1
267 1829 1
268 192 1
268 207 1
268 334 1
268 544 1
268 682 1
268 705 1
268 829 1
268 1052 1
268 1113 1
268 1180 1
268 1474 1
268 1527 1
268 1601 1
268 1798 1
268 1947 1
268 2003 1
269 58 1
269 65 1
269 152 1
269 379 1
269 501 1
269 643 1
269 774 1
269 935 1
269 967 1
269 1059 1
269 1076 1
269 1115 1
269 1172 1
269 1178 1
269 1185 1
269 1600 1
269 1602 1
269 1844 1
269 1913 1
270 190 1
270 205 1
270 787 1
270 1116 1
270 1642 1
271 616 1
271 822 1
271 1027 1
271 1751 1
271 1862 1
271 1894 1
272 552 1
272 580 1
272 942 1
272 1231 1
272 1428 1
272 1792 1
273 333 1
273 703 1
273 1323 1
273 1379 1
273 1603 1
273 1852 1
274 167 1
274 669 1
274 677 1
274 1020 1
274 1212 1
274 1516 1
275 496 1
275 1009 1
276 29 1
276 303 1
276 1000 1
276 1750 1
276 2013 1
277 1578 1
278 1043 1
279 96 1
279 487 1
279 749 1
279 762 1
279 783 1
279 1453 1
279 1580 1
279 2032 1
279 2042 1
280 322 1
280 606 1
280 766 1
280 893 1
280 1434 1
280 1613 1
280 1734 1
280 1927 1
281 144 1
281 151 1
281 161 1
281 269 1
281 331 1
281 347 1
281 371 1
281 376 1
281 421 1
281 615 1
281 711 1
281 854 1
281 898 1
281 902 1
281 930 1
281 939 1
281 1206 1
281 1524 1
281 1748 1
281 1914 1
281 2027 1
282 163 1
282 266 1
282 339 1
282 537 1
282 626 1
282 714 1
282 889 1
282 995 1
282 1156 1
282 1204 1
282 1338 1
282 1553 1
282 1664 1
282 1823 1
282 1890 1
283 14 1
283 78 1
283 89 1
283 141 1
283 352 1
283 417 1
283 420 1
283 430 1
283 688 1
283 723 1
283 839 1
283 1019 1
283 1063 1
283 1199 1
283 1253 1
283 1285 1
283 1291 1
283 1353 1
283 1424 1
283 1494 1
283 1495 1
283 1573 1
283 1633 1
283 1731 1
283 1903 1
283 1955 1
283 2004 1
284 419 1
284 528 1
284 620 1
284 700 1
284 1005 1
284 1287 1
284 1444 1
284 1496 1
284 1519 1
284 1569 1
284 1858 1
284 1958 1
285 52 1
285 183 1
285 237 1
285 313 1
285 358 1
285 628 1
285 761 1
285 1022 1
285 1026 1
285 1091 1
285 1293 1
285 1404 1
285 1498 1
285 1639 1
286 924 1
286 936 1
286 1002 1
286 1337 1
286 1382 1
286 1759 1
286 1855 1
286 1860 1
287 148 1
287 387 1
287 440 1
287 460 1
287 508 1
287 747 1
287 770 1
287 938 1
287 999 1
287 1704 1
288 1 1
288 57 1
288 476 1
288 549 1
288 613 1
288 937 1
288 1515 1
288 2041 1
289 185 1
289 836 1
289 1645 1
290 120 1
290 1011 1
290 1013 1
290 1118 1
291 550 1
291 551 1
291 1583 1
292 1028 1
292 1251 1
292 1932 1
293 48 1
293 77 1
294 369 1
294 412 1
294 704 1
294 1624 1
294 1977 1
295 140 1
295 598 1
295 1329 1
295 1390 1
295 1828 1
295 1933 1
296 530 1
296 985 1
296 996 1
296 1102 1
296 1490 1
296 1788 1
296 1950 1
297 98 1
297 209 1
297 273 1
297 335 1
297 340 1
297 548 1
297 600 1
297 945 1
297 1173 1
297 1284 1
297 1309 1
297 1321 1
297 1655 1
297 1728 1
297 1813 1
297 1850 1
297 1987 1
298 40 1
298 168 1
298 196 1
298 274 1
298 289 1
298 316 1
298 321 1
298 338 1
298 364 1
298 547 1
298 557 1
298 561 1
298 602 1
298 621 1
298 647 1
298 765 1
298 873 1
298 1224 1
298 1252 1
298 1298 1
298 1543 1
298 1641 1
298 1777 1
298 1793 1
299 341 1
299 484 1
299 720 1
299 813 1
299 912 1
299 941 1
299 1001 1
299 1085 1
299 1117 1
299 1288 1
299 1440 1
299 1486 1
299 1555 1
299 1774 1
299 1794 1
299 1837 1
299 1869 1
299 1883 1
299 1959 1
300 24 1
300 101 1
300 121 1
300 515 1
300 710 1
300 729 1
300 943 1
300 1014 1
300 1036 1
300 1243 1
300 1254 1
300 1279 1
300 1335 1
300 1422 1
300 1659 1
300 1930 1
301 103 1
301 204 1
301 213 1
301 236 1
301 326 1
301 329 1
301 525 1
301 645 1
301 658 1
301 681 1
301 1064 1
301 1097 1
301 1248 1
301 1350 1
301 1385 1
301 1418 1
301 1540 1
301 1733 1
301 1801 1
301 1838 1
301 2000 1
301 2028 1
302 61 1
302 124 1
302 212 1
302 657 1
302 887 1
302 1312 1
302 1488 1
302 1674 1
302 1700 1
302 1972 1
303 380 1
303 564 1
303 694 1
303 831 1
303 1024 1
303 1217 1
303 1686 1
304 235 1
304 841 1
304 1901 1
304 1993 1
305 295 1
305 957 1
305 2021 1
306 771 1
307 1055 1
307 1072 1
307 1717 1
308 6 1
308 1208 1
308 1992 1
308 2005 1
309 1339 1
310 663 1
310 919 1
310 1218 1
310 1822 1
310 1953 1
311 107 1
311 112 1
311 604 1
311 664 1
311 687 1
311 838 1
311 1905 1
311 2048 1
312 254 1
312 648 1
312 819 1
312 1387 1
312 1694 1
312 1735 1
312 1753 1
312 1954 1
312 2036 1
313 4 1
313 51 1
313 139 1
313 284 1
313 305 1
313 725 1
313 793 1
313 882 1
313 886 1
313 903 1
313 990 1
313 1104 1
313 1114 1
313 1525 1
313 1766 1
313 1818 1
313 1839 1
313 1842 1
313 1881 1
313 1906 1
313 2038 1
314 86 1
314 257 1
314 523 1
314 576 1
314 605 1
314 667 1
314 733 1
314 818 1
314 850 1
314 896 1
314 1079 1
314 1089 1
314 1377 1
314 1571 1
314 1591 1
314 1607 1
314 1789 1
314 1867 1
314 1956 1
315 10 1
315 36 1
315 128 1
315 230 1
315 285 1
315 488 1
315 545 1
315 609 1
315 646 1
315 691 1
315 702 1
315 777 1
315 934 1
315 966 1
315 975 1
315 1112 1
315 1250 1
315 1405 1
315 1436 1
315 1471 1
315 1588 1
315 1629 1
315 1767 1
315 1810 1
315 1847 1
315 1921 1
315 2017 1
316 31 1
316 70 1
316 102 1
316 156 1
316 319 1
316 337 1
316 452 1
316 505 1
316 520 1
316 905 1
316 1060 1
316 1061 1
316 1127 1
316 1158 1
316 1184 1
316 1215 1
316 1267 1
316 1319 1
316 1369 1
316 1532 1
316 1533 1
316 1622 1
316 1635 1
316 1816 1
316 1884 1
316 1975 1
316 1981 1
317 74 1
317 293 1
317 503 1
317 534 1
317 651 1
317 763 1
317 802 1
317 981 1
317 1281 1
317 1307 1
317 1315 1
317 1360 1
317 1714 1
317 1727 1
317 2016 1
317 2035 1
318 202 1
318 232 1
318 327 1
318 493 1
318 522 1
318 532 1
318 676 1
318 708 1
318 1096 1
318 1175 1
318 1332 1
318 1437 1
318 1638 1
318 1962 1
319 570 1
319 636 1
319 1068 1
319 1310 1
319 1541 1
319 1632 1
319 1796 1
320 623 1
320 640 1
320 735 1
320 997 1
320 1589 1
321 80 1
321 1586 1
322 83 1
322 486 1
322 965 1
322 1099 1
322 1143 1
323 480 1
323 857 1
323 1119 1
324 1935 1
325 424 1
325 1308 1
325 1695 1
326 239 1
326 1125 1
326 1939 1
327 826 1
327 1585 1
328 401 1
328 454 1
328 1153 1
328 1412 1
328 1499 1
328 1968 1
329 438 1
329 441 1
329 568 1
329 596 1
329 739 1
329 860 1
329 876 1
329 879 1
329 1154 1
329 1297 1
329 1299 1
329 1328 1
329 1409 1
329 1720 1
329 1887 1
329 2019 1
330 17 1
330 118 1
330 122 1
330 126 1
330 206 1
330 349 1
330 448 1
330 599 1
330 817 1
330 1018 1
330 1030 1
330 1084 1
330 1101 1
330 1194 1
330 1303 1
330 1305 1
330 1344 1
330 1432 1
330 1489 1
330 1529 1
330 1536 1
330 1598 1
330 1656 1
330 1769 1
330 1770 1
330 1784 1
330 1920 1
330 1960 1
330 1971 1
330 2018 1
330 2030 1
331 332 1
331 365 1
331 374 1
331 450 1
331 518 1
331 541 1
331 732 1
331 865 1
331 972 1
331 974 1
331 976 1
331 1249 1
331 1325 1
331 1354 1
331 1502 1
331 1572 1
331 1608 1
331 1644 1
331 1787 1
331 1811 1
331 1978 1
332 56 1
332 228 1
332 391 1
332 427 1
332 453 1
332 586 1
332 736 1
332 760 1
332 843 1
332 877 1
332 984 1
332 1245 1
332 1443 1
332 1461 1
332 1475 1
332 1480 1
332 1520 1
332 1576 1
332 1627 1
332 1634 1
332 1637 1
332 1771 1
332 1882 1
333 244 1
333 383 1
333 398 1
333 403 1
333 437 1
333 779 1
333 1244 1
333 1304 1
333 1675 1
334 109 1
334 642 1
334 693 1
334 800 1
334 816 1
334 1229 1
334 1247 1
334 1334 1
334 1843 1
334 1848 1
335 125 1
335 310 1
335 782 1
335 1445 1
335 1476 1
335 1512 1
335 1684 1
335 1729 1
335 1885 1
335 1889 1
336 38 1
336 189 1
336 479 1
336 533 1
336 634 1
336 1318 1
336 1376 1
336 1877 1
337 848 1
337 961 1
337 1397 1
338 248 1
338 627 1
338 1103 1
338 1459 1
338 2043 1
339 982 1
339 1029 1
339 1160 1
340 737 1
340 1042 1
340 1171 1
341 837 1
341 1016 1
341 1581 1
341 1773 1
342 32 1
342 260 1
344 298 1
344 451 1
344 590 1
344 804 1
344 885 1
344 1189 1
344 1355 1
344 1487 1
344 1830 1
344 1934 1
344 2033 1
345 111 1
345 203 1
345 581 1
345 587 1
345 633 1
345 730 1
345 738 1
345 915 1
345 969 1
345 1274 1
345 1278 1
345 1441 1
345 1469 1
345 1849 1
345 1988 1
346 12 1
346 13 1
346 157 1
346 281 1
346 382 1
346 671 1
346 673 1
346 718 1
346 742 1
346 952 1
346 970 1
346 1057 1
346 1088 1
346 1132 1
346 1174 1
346 1200 1
346 1300 1
346 1314 1
346 1574 1
346 1626 1
346 1819 1
346 1832 1
346 1980 1
347 41 1
347 197 1
347 241 1
347 252 1
347 390 1
347 722 1
347 744 1
347 929 1
347 964 1
347 1021 1
347 1032 1
347 1416 1
347 1442 1
347 1544 1
347 1678 1
347 1760 1
347 1876 1
347 2010 1
348 62 1
348 389 1
348 435 1
348 540 1
348 662 1
348 909 1
348 1056 1
348 1129 1
348 1159 1
348 1371 1
348 1456 1
348 1625 1
348 1690 1
348 1879 1
348 1946 1
348 1984 1
349 7 1
349 49 1
349 173 1
349 225 1
349 292 1
349 384 1
349 456 1
349 465 1
349 789 1
349 917 1
349 1007 1
349 1352 1
349 1696 1
349 1726 1
349 1825 1
349 1970 1
350 84 1
350 87 1
350 429 1
350 457 1
350 497 1
350 542 1
350 772 1
350 1075 1
350 1290 1
350 1381 1
350 1716 1
350 1824 1
350 1854 1
351 201 1
351 415 1
351 492 1
351 1356 1
351 1458 1
351 1605 1
351 1623 1
352 28 1
352 182 1
352 473 1
352 751 1
352 1168 1
352 1399 1
352 1651 1
352 1689 1
353 569 1
353 706 1
353 1100 1
353 1764 1
353 1942 1
354 199 1
354 1366 1
354 1531 1
355 899 1
355 2015 1
356 55 1
356 1775 1
357 174 1
357 894 1
357 1071 1
357 1670 1
358 394 1
358 536 1
358 1237 1
358 1246 1
358 1738 1
359 629 1
359 869 1
359 1131 1
359 1137 1
359 1558 1
360 799 1
360 849 1
360 1150 1
360 1151 1
360 1232 1
360 1427 1
360 1846 1
361 459 1
361 519 1
361 614 1
361 695 1
361 815 1
361 823 1
361 861 1
361 888 1
361 891 1
361 1155 1
361 1235 1
361 1398 1
361 1431 1
361 1435 1
361 1542 1
361 1672 1
361 1680 1
361 1779 1
361 1786 1
361 1891 1
361 1995 1
362 25 1
362 344 1
362 368 1
362 463 1
362 607 1
362 618 1
362 631 1
362 685 1
362 719 1
362 1058 1
362 1062 1
362 1077 1
362 1135 1
362 1302 1
362 1403 1
362 1604 1
362 1657 1
362 1671 1
362 1938 1
362 1943 1
362 2040 1
363 68 1
363 97 1
363 224 1
363 234 1
363 272 1
363 400 1
363 546 1
363 727 1
363 741 1
363 895 1
363 980 1
363 1053 1
363 1241 1
363 1266 1
363 1268 1
363 1292 1
363 1342 1
363 1517 1
363 1845 1
363 1875 1
363 1899 1
363 1957 1
364 219 1
364 279 1
364 402 1
364 423 1
364 443 1
364 483 1
364 490 1
364 504 1
364 635 1
364 707 1
364 791 1
364 1051 1
364 1106 1
364 1108 1
364 1152 1
364 1331 1
364 1384 1
364 1394 1
364 1537 1
364 1549 1
364 1744 1
364 1799 1
364 1961 1
365 20 1
365 404 1
365 502 1
365 683 1
365 786 1
365 884 1
365 1037 1
365 1098 1
365 1142 1
365 1492 1
365 1513 1
365 1654 1
365 1724 1
366 195 1
366 385 1
366 562 1
366 745 1
366 973 1
366 1348 1
366 1401 1
366 1897 1
367 5 1
367 127 1
367 470 1
367 1139 1
367 1396 1
367 1597 1
367 1653 1
367 1851 1
367 1965 1
367 2039 1
368 2 1
368 299 1
368 758 1
368 798 1
368 913 1
368 1327 1
368 1400 1
368 1614 1
368 1865 1
369 679 1
370 1213 1
370 1755 1
370 1892 1
371 756 1
371 1133 1
372 418 1
372 591 1
372 1223 1
372 1924 1
373 573 1
373 1594 1
373 1795 1
374 1500 1
375 210 1
375 223 1
375 859 1
375 931 1
375 1163 1
375 1182 1
375 1333 1
375 1652 1
375 1808 1
375 1880 1
375 2031 1
376 160 1
376 300 1
376 342 1
376 475 1
376 524 1
376 579 1
376 595 1
376 644 1
376 698 1
376 728 1
376 801 1
376 811 1
376 872 1
376 1138 1
376 1311 1
376 1370 1
376 1386 1
376 1628 1
376 1985 1
377 59 1
377 172 1
377 227 1
377 242 1
377 249 1
377 367 1
377 405 1
377 481 1
377 668 1
377 949 1
377 1214 1
377 1294 1
377 1526 1
377 1673 1
377 1713 1
377 1740 1
377 1742 1
377 1840 1
378 16 1
378 154 1
378 184 1
378 238 1
378 253 1
378 354 1
378 439 1
378 512 1
378 553 1
378 649 1
378 660 1
378 794 1
378 835 1
378 1040 1
378 1730 1
378 1826 1
379 9 1
379 22 1
379 63 1
379 99 1
379 194 1
379 297 1
379 350 1
379 416 1
379 469 1
379 517 1
379 527 1
379 684 1
379 901 1
379 932 1
379 948 1
379 1069 1
379 1080 1
379 1192 1
379 1260 1
379 1261 1
379 1270 1
379 1324 1
379 1351 1
379 1423 1
379 1552 1
379 1562 1
379 1563 1
379 1570 1
379 1617 1
379 1918 1
380 72 1
380 186 1
380 386 1
380 395 1
380 428 1
380 436 1
380 461 1
380 726 1
380 752 1
380 834 1
380 897 1
380 992 1
380 1017 1
380 1078 1
380 1105 1
380 1136 1
380 1236 1
380 1367 1
380 1582 1
380 1669 1
380 1749 1
381 622 1
381 638 1
381 796 1
381 809 1
381 1074 1
381 1086 1
381 1176 1
381 1186 1
381 1265 1
381 1269 1
381 1557 1
381 1596 1
381 1619 1
381 1809 1
382 245 1
382 287 1
382 678 1
382 833 1
382 1503 1
382 1909 1
382 1931 1
382 1966 1
383 263 1
383 724 1
383 757 1
383 806 1
383 960 1
383 1038 1
383 1073 1
383 1162 1
383 1362 1
383 1485 1
383 2001 1
383 2007 1
384 193 1
384 373 1
384 449 1
384 1448 1
384 1477 1
384 1780 1
385 559 1
385 566 1
385 780 1
385 810 1
385 951 1
385 955 1
385 1465 1
387 35 1
387 162 1
387 1035 1
387 1372 1
388 1756 1
390 336 1
390 511 1
390 892 1
390 1389 1
391 104 1
391 514 1
391 755 1
391 921 1
391 968 1
391 1283 1
391 1697 1
391 1969 1
392 73 1
392 317 1
392 585 1
392 918 1
392 1110 1
392 1198 1
392 1263 1
392 1462 1
392 1732 1
392 1791 1
392 1841 1
392 1990 1
393 135 1
393 191 1
393 265 1
393 361 1
393 824 1
393 875 1
393 1065 1
393 1220 1
393 1378 1
393 1548 1
393 1630 1
393 1711 1
393 1806 1
393 1999 1
393 2020 1
394 60 1
394 117 1
394 119 1
394 231 1
394 261 1
394 372 1
394 388 1
394 397 1
394 597 1
394 716 1
394 856 1
394 864 1
394 911 1
394 933 1
394 1095 1
394 1197 1
394 1226 1
394 1258 1
394 1364 1
394 1413 1
394 1551 1
394 1620 1
394 1643 1
394 1693 1
394 1722 1
394 1812 1
394 1817 1
394 1853 1
394 1916 1
394 1983 1
394 2008 1
394 2026 1
395 43 1
395 47 1
395 94 1
395 165 1
395 280 1
395 399 1
395 466 1
395 485 1
395 513 1
395 582 1
395 659 1
395 923 1
395 950 1
395 988 1
395 1123 1
395 1528 1
395 1568 1
395 1609 1
395 1677 1
395 1706 1
395 1719 1
395 1761 1
395 1911 1
395 2046 1
396 34 1
396 129 1
396 171 1
396 179 1
396 304 1
396 345 1
396 444 1
396 455 1
396 499 1
396 539 1
396 778 1
396 880 1
396 978 1
396 1165 1
396 1320 1
396 1326 1
396 1347 1
396 1363 1
396 1547 1
396 1778 1
396 2047 1
397 18 1
397 19 1
397 23 1
397 170 1
397 177 1
397 406 1
397 447 1
397 852 1
397 867 1
397 1316 1
397 1420 1
397 1610 1
397 1709 1
397 1763 1
398 65 1
398 142 1
398 308 1
398 462 1
398 624 1
398 665 1
398 666 1
398 670 1
398 712 1
398 1147 1
398 1181 1
398 1257 1
398 1276 1
398 1464 1
398 1747 1
398 1859 1
398 2044 1
399 69 1
399 131 1
399 188 1
399 243 1
399 377 1
399 521 1
399 588 1
399 652 1
399 1157 1
399 1357 1
399 1507 1
399 1606 1
399 1976 1
400 138 1
400 226 1
400 259 1
400 846 1
400 1092 1
400 1383 1
400 1650 1
400 1896 1
401 881 1
401 1023 1
401 1306 1
401 1343 1
401 1814 1
402 721 1
402 790 1
402 1833 1
402 1915 1
403 169 1
403 686 1
403 1807 1
404 302 1
404 543 1
404 571 1
404 1505 1
405 381 1
405 1577 1
405 1683 1
406 1233 1
406 1595 1
407 1161 1
407 1800 1
408 33 1
408 494 1
408 993 1
408 1144 1
408 1408 1
408 1511 1
408 1561 1
408 1710 1
408 1723 1
408 1945 1
409 21 1
409 37 1
409 155 1
409 200 1
409 255 1
409 262 1
409 312 1
409 378 1
409 474 1
409 509 1
409 516 1
409 574 1
409 632 1
409 803 1
409 890 1
409 914 1
409 1039 1
409 1169 1
409 1277 1
409 1438 1
409 1455 1
409 1457 1
409 1460 1
409 1565 1
409 1661 1
409 1856 1
409 1872 1
410 8 1
410 44 1
410 136 1
410 215 1
410 256 1
410 271 1
410 311 1
410 408 1
410 409 1
410 478 1
410 674 1
410 750 1
410 851 1
410 979 1
410 987 1
410 1087 1
410 1093 1
410 1134 1
410 1201 1
410 1238 1
410 1275 1
410 1365 1
410 1417 1
410 1421 1
410 1685 1
410 1687 1
410 1708 1
410 1718 1
410 1895 1
410 1907 1
410 1908 1
410 1940 1
410 1941 1
411 3 1
411 221 1
411 526 1
411 612 1
411 699 1
411 740 1
411 916 1
411 1008 1
411 1128 1
411 1195 1
411 1286 1
411 1289 1
411 1346 1
411 1430 1
411 1688 1
411 1739 1
411 1743 1
411 1951 1
412 11 1
412 39 1
412 85 1
412 93 1
412 211 1
412 275 1
412 288 1
412 477 1
412 482 1
412 506 1
412 535 1
412 731 1
412 759 1
412 904 1
412 1003 1
412 1041 1
412 1111 1
412 1296 1
412 1359 1
412 1425 1
412 1466 1
412 1473 1
412 1514 1
412 1701 1
412 1707 1
412 1745 1
412 1785 1
412 1804 1
412 1996 1
413 116 1
413 180 1
413 343 1
413 426 1
413 471 1
413 1262 1
413 1410 1
413 1580 1
413 1676 1
413 1702 1
413 1948 1
414 240 1
414 283 1
414 472 1
414 560 1
414 1083 1
414 1094 1
414 1216 1
414 1345 1
414 1391 1
414 1419 1
414 1447 1
414 1860 1
415 351 1
415 858 1
415 1045 1
415 1234 1
415 1375 1
415 1380 1
415 1472 1
415 1663 1
415 1699 1
415 1963 1
416 153 1
416 544 1
416 637 1
416 661 1
416 1886 1
416 2023 1
417 489 1
417 578 1
417 812 1
417 1227 1
417 1317 1
417 1322 1
417 1752 1
418 556 1
418 589 1
418 1049 1
418 1479 1
419 944 1
419 1109 1
419 1264 1
420 1031 1
420 1510 1
420 1631 1
421 105 1
421 106 1
421 1121 1
421 1783 1
421 1922 1
422 258 1
422 611 1
422 692 1
422 989 1
422 2006 1
423 15 1
423 495 1
423 565 1
423 764 1
423 828 1
423 927 1
423 1501 1
423 1566 1
423 1592 1
423 1898 1
424 158 1
424 353 1
424 445 1
424 734 1
424 963 1
424 1222 1
424 1415 1
424 1560 1
424 1831 1
424 1873 1
425 268 1
425 820 1
425 920 1
425 1004 1
425 1120 1
425 1497 1
425 1923 1
425 1929 1
425 1979 1
426 30 1
426 147 1
426 149 1
426 208 1
426 282 1
426 296 1
426 410 1
426 500 1
426 617 1
426 785 1
426 840 1
426 863 1
426 871 1
426 986 1
426 1025 1
426 1185 1
426 1280 1
426 1754 1
426 1768 1
426 1944 1
427 26 1
427 276 1
427 307 1
427 309 1
427 433 1
427 715 1
427 821 1
427 936 1
427 991 1
427 1044 1
427 1050 1
427 1330 1
427 1407 1
427 1426 1
427 1451 1
427 1973 1
428 181 1
428 959 1
428 962 1
428 1209 1
428 1239 1
428 1293 1
428 1478 1
428 1484 1
428 1539 1
428 1797 1
429 46 1
429 176 1
429 414 1
429 446 1
429 498 1
429 554 1
429 572 1
429 753 1
429 767 1
429 805 1
429 808 1
429 1082 1
429 1454 1
429 1538 1
429 1612 1
429 1878 1
429 1893 1
429 1912 1
430 114 1
430 348 1
430 434 1
430 690 1
430 853 1
430 946 1
430 1054 1
430 1107 1
430 1705 1
430 1958 1
431 53 1
431 64 1
431 66 1
431 130 1
431 301 1
431 555 1
431 563 1
431 1091 1
431 1149 1
431 1491 1
431 1522 1
431 1836 1
431 1937 1
432 100 1
432 143 1
432 458 1
432 656 1
432 922 1
432 1282 1
432 1523 1
432 1712 1
432 1994 1
433 825 1
433 906 1
433 1070 1
433 1210 1
433 1864 1
434 608 1
434 1259 1
434 1341 1
434 2029 1
435 220 1
435 1177 1
435 1509 1
435 1776 1
436 675 1
436 1721 1
436 1782 1
437 115 1
437 696 1
437 1986 1
437 2014 1
438 1584 1
439 90 1
439 1219 1
439 1559 1
439 2024 1
440 82 1
440 247 1
440 900 1
440 956 1
440 1429 1
440 1805 1
441 81 1
441 198 1
441 277 1
441 379 1
441 768 1
441 983 1
441 1225 1
441 1640 1
441 1802 1
442 108 1
442 370 1
442 442 1
442 468 1
442 743 1
442 854 1
442 1048 1
442 1126 1
442 1145 1
442 1273 1
442 1463 1
442 1649 1
442 1715 1
442 1762 1
442 2012 1
443 29 1
443 50 1
443 91 1
443 161 1
443 217 1
443 229 1
443 290 1
443 413 1
443 422 1
443 704 1
443 776 1
443 855 1
443 1203 1
443 1205 1
443 1648 1
443 1914 1
444 123 1
444 207 1
444 286 1
444 324 1
444 328 1
444 654 1
444 717 1
444 775 1
444 783 1
444 829 1
444 830 1
444 883 1
444 953 1
444 998 1
444 1015 1
444 1066 1
444 1187 1
444 1534 1
444 1599 1
444 1703 1
444 1758 1
444 1772 1
444 1803 1
444 1815 1
444 1821 1
444 1868 1
445 54 1
445 150 1
445 531 1
445 701 1
445 746 1
445 784 1
445 870 1
445 985 1
445 1102 1
445 1166 1
445 1228 1
445 1272 1
445 1470 1
445 1530 1
445 1550 1
445 1587 1
445 1621 1
445 1827 1
445 1928 1
445 1997 1
446 294 1
446 320 1
446 366 1
446 467 1
446 558 1
446 807 1
446 1554 1
446 2025 1
447 1 1
447 79 1
447 601 1
447 709 1
447 954 1
447 1388 1
447 1411 1
447 1482 1
447 1518 1
447 1870 1
447 1910 1
447 1917 1
448 454 1
448 630 1
448 1000 1
448 1691 1
448 1919 1
449 233 1
449 792 1
449 1012 1
449 1313 1
449 1468 1
450 357 1
450 1010 1
450 1521 1
450 2011 1
451 610 1
451 672 1
451 1190 1
451 1271 1
451 1902 1
453 1926 1
454 323 1
454 2002 1
455 164 1
455 393 1
455 994 1
456 330 1
456 396 1
456 1090 1
456 1647 1
456 1925 1
456 1952 1
456 1991 1
457 306 1
457 333 1
457 363 1
457 787 1
457 862 1
457 874 1
457 1230 1
457 1481 1
457 1543 1
457 1567 1
457 1601 1
457 1660 1
457 1863 1
457 1998 1
458 133 1
458 145 1
458 222 1
458 359 1
458 375 1
458 655 1
458 705 1
458 773 1
458 788 1
458 1336 1
458 1434 1
458 1504 1
458 1519 1
458 1734 1
458 1820 1
458 2034 1
459 267 1
459 318 1
459 356 1
459 577 1
459 689 1
459 868 1
459 878 1
459 907 1
459 930 1
459 1196 1
459 1231 1
459 1564 1
459 1593 1
459 1613 1
459 1725 1
459 1834 1
459 1874 1
459 1913 1
459 1927 1
459 2037 1
460 246 1
460 270 1
460 278 1
460 314 1
460 339 1
460 541 1
460 567 1
460 647 1
460 664 1
460 688 1
460 832 1
460 1122 1
460 1148 1
460 1156 1
460 1170 1
460 1179 1
460 1254 1
460 1611 1
460 1664 1
460 1784 1
460 1835 1
461 185 1
461 187 1
461 257 1
461 322 1
461 550 1
461 568 1
461 1188 1
461 1202 1
461 1211 1
461 1414 1
461 1452 1
461 1506 1
461 1590 1
461 1862 1
461 1888 1
462 166 1
462 711 1
462 748 1
462 1009 1
462 1193 1
462 1256 1
462 1301 1
462 1323 1
462 1682 1
462 1861 1
462 1871 1
462 1900 1
463 95 1
463 507 1
463 528 1
463 619 1
463 819 1
463 843 1
463 1001 1
463 1113 1
463 1124 1
463 1208 1
463 1295 1
463 1964 1
464 134 1
464 594 1
464 754 1
464 1183 1
464 1765 1
464 1974 1
465 476 1
465 908 1
465 1349 1
465 1527 1
465 1624 1
465 1658 1
465 1666 1
466 86 1
466 802 1
466 974 1
466 1829 1
467 641 1
467 1027 1
468 1046 1
468 1194 1
468 1516 1
469 411 1
469 1798 1
469 1828 1
470 407 1
470 762 1
470 827 1
470 1385 1
471 781 1
471 1402 1
471 1474 1
471 1890 1
472 814 1
472 958 1
472 1496 1
472 1556 1
472 2009 1
473 183 1
473 251 1
473 639 1
473 680 1
473 1116 1
473 1428 1
473 1446 1
473 1546 1
473 1629 1
473 1903 1
473 2022 1
474 42 1
474 110 1
474 152 1
474 315 1
474 362 1
474 510 1
474 575 1
474 621 1
474 795 1
474 839 1
474 1034 1
474 1115 1
474 1240 1
474 1242 1
474 1339 1
474 1358 1
474 1450 1
474 1488 1
474 1788 1
474 1977 1
474 2013 1
475 6 1
475 113 1
475 264 1
475 284 1
475 291 1
475 479 1
475 484 1
475 496 1
475 549 1
475 609 1
475 677 1
475 893 1
475 1047 1
475 1172 1
475 1180 1
475 1253 1
475 1267 1
475 1298 1
475 1361 1
475 1404 1
475 1535 1
475 1774 1
475 1848 1
475 1857 1
475 1967 1
476 57 1
476 78 1
476 132 1
476 159 1
476 205 1
476 537 1
476 606 1
476 729 1
476 836 1
476 889 1
476 925 1
476 1146 1
476 1154 1
476 1167 1
476 1444 1
476 1480 1
476 1636 1
476 1659 1
476 1692 1
476 1759 1
476 1844 1
477 88 1
477 92 1
477 101 1
477 420 1
477 620 1
477 691 1
477 850 1
477 1057 1
477 1453 1
477 1494 1
477 1642 1
477 1668 1
477 1679 1
477 1894 1
477 1947 1
478 52 1
478 421 1
478 669 1
478 703 1
478 1079 1
478 1217 1
478 1291 1
478 1838 1
478 1949 1
478 1989 1
479 58 1
479 626 1
479 708 1
479 713 1
479 924 1
479 928 1
479 941 1
479 1329 1
479 1646 1
479 1736 1
479 1813 1
480 36 1
480 151 1
480 209 1
480 603 1
480 966 1
480 1085 1
480 1655 1
480 1816 1
481 321 1
481 392 1
481 1982 1
482 141 1
482 615 1
482 653 1
482 816 1
482 1033 1
482 1114 1
482 1579 1
483 239 1
483 364 1
483 425 1
483 557 1
483 1005 1
483 1064 1
483 1393 1
484 910 1
484 1508 1
484 1569 1
484 1866 1
485 67 1
486 1255 1
486 2030 1
487 360 1
487 977 1
487 1028 1
487 1483 1
487 1618 1
487 1633 1
487 1796 1
487 1901 1
488 137 1
488 797 1
488 844 1
488 847 1
488 976 1
488 1141 1
488 1406 1
488 1467 1
488 1573 1
488 1858 1
488 2042 1
489 266 1
489 331 1
489 346 1
489 355 1
489 592 1
489 628 1
489 681 1
489 1019 1
489 1140 1
490 250 1
490 269 1
490 551 1
490 552 1
490 645 1
490 650 1
490 714 1
490 733 1
490 882 1
490 971 1
490 1096 1
490 1248 1
490 1285 1
490 1545 1
490 1575 1
490 1603 1
490 1645 1
490 1681 1
490 1733 1
490 1750 1
490 2027 1
491 48 1
491 74 1
491 120 1
491 121 1
491 124 1
491 202 1
491 334 1
491 419 1
491 508 1
491 515 1
491 561 1
491 586 1
491 837 1
491 838 1
491 1030 1
491 1084 1
491 1191 1
491 1221 1
491 1287 1
491 1439 1
491 1471 1
491 1485 1
491 1615 1
491 1842 1
491 1847 1
491 2048 1
492 10 1
492 163 1
492 213 1
492 249 1
492 293 1
492 340 1
492 341 1
492 358 1
492 376 1
492 580 1
492 658 1
492 700 1
492 903 1
492 1043 1
492 1076 1
492 1178 1
492 1207 1
492 1274 1
492 1284 1
492 1395 1
492 1433 1
492 1498 1
492 1675 1
492 1877 1
492 2036 1
493 126 1
493 289 1
493 295 1
493 460 1
493 530 1
493 534 1
493 651 1
493 761 1
493 770 1
493 943 1
493 1312 1
493 1374 1
493 1653 1
493 1665 1
493 1674 1
493 1843 1
493 1855 1
494 146 1
494 369 1
494 431 1
494 473 1
494 491 1
494 501 1
494 643 1
494 826 1
494 1171 1
494 1199 1
494 1315 1
494 1442 1
494 1515 1
494 1608 1
494 1771 1
494 2032 1
495 140 1
495 175 1
495 216 1
495 657 1
495 737 1
495 995 1
495 1118 1
495 1667 1
495 1686 1
495 1695 1
495 1790 1
495 1850 1
495 1904 1
495 1959 1
495 2038 1
496 212 1
496 338 1
496 593 1
496 633 1
496 842 1
496 1130 1
496 1243 1
496 1571 1
497 822 1
497 1540 1
498 648 1
498 938 1
498 1684 1
498 1792 1
498 1933 1
499 45 1
499 103 1
499 771 1
499 1793 1
500 232 1
500 325 1
500 879 1
500 939 1
500 1299 1
500 1338 1
500 1390 1
500 1602 1
500 1616 1
500 1720 1
500 2021 1
501 845 1
501 934 1
501 1063 1
501 1218 1
501 1801 1
501 1993 1
502 96 1
502 190 1
502 1081 1
502 1589 1
502 1748 1
503 769 1
503 1717 1
504 723 1
504 765 1
504 774 1
504 873 1
504 1252 1
504 1490 1
505 347 1
505 432 1
505 866 1
505 919 1
505 1006 1
505 1112 1
505 1164 1
505 1392 1
505 1424 1
505 1536 1
505 1553 1
505 1905 1
505 1936 1
506 80 1
506 102 1
506 107 1
506 214 1
506 313 1
506 316 1
506 352 1
506 417 1
506 538 1
506 547 1
506 663 1
506 926 1
506 967 1
506 972 1
506 1020 1
506 1052 1
506 1097 1
506 1103 1
506 1160 1
506 1281 1
506 1440 1
506 1493 1
506 1495 1
506 1746 1
506 1766 1
506 1777 1
506 1818 1
506 2005 1
507 14 1
507 168 1
507 464 1
507 520 1
507 525 1
507 548 1
507 596 1
507 693 1
507 697 1
507 725 1
507 1053 1
507 1184 1
507 1244 1
507 1307 1
507 1403 1
507 1486 1
507 1576 1
507 1638 1
507 1882 1
508 75 1
508 178 1
508 218 1
508 371 1
508 387 1
508 529 1
508 676 1
508 735 1
508 817 1
508 935 1
508 940 1
508 945 1
508 1024 1
508 1173 1
508 1224 1
508 1251 1
508 1350 1
508 1373 1
508 1449 1
508 1588 1
508 1591 1
508 1811 1
508 1822 1
508 1837 1
508 2004 1
509 61 1
509 553 1
509 605 1
509 912 1
509 984 1
509 1204 1
509 1308 1
509 1356 1
509 1578 1
509 1598 1
509 1906 1
509 1930 1
509 2003 1
510 192 1
510 319 1
510 493 1
510 766 1
510 789 1
510 891 1
510 1232 1
510 1319 1
510 1738 1
510 1867 1
510 1869 1
510 1881 1
510 1885 1
511 31 1
511 77 1
511 374 1
511 429 1
511 625 1
511 687 1
511 1297 1
511 1436 1
511 1641 1
511 1883 1
512 40 1
512 71 1
512 89 1
512 206 1
512 305 1
512 583 1
512 613 1
512 662 1
512 813 1
512 942 1
512 957 1
512 1335 1
512 1405 1
512 1737 1
512 1751 1
512 1781 1
513 201 1
513 260 1
513 480 1
513 1310 1
513 2035 1
514 144 1
514 970 1
514 990 1
514 1247 1
514 1921 1
514 1946 1
515 139 1
515 298 1
515 584 1
516 76 1
516 326 1
517 682 1
517 2000 1
518 430 1
518 640 1
518 747 1
518 1067 1
519 1036 1
519 1059 1
519 1520 1
519 1607 1
519 1729 1
519 1731 1
520 112 1
520 947 1
520 1353 1
520 1368 1
520 1794 1
521 167 1
521 273 1
521 327 1
521 777 1
521 996 1
521 997 1
521 999 1
521 1026 1
521 1839 1
521 1955 1
521 2019 1
522 32 1
522 156 1
522 303 1
522 349 1
522 437 1
522 616 1
522 887 1
522 898 1
522 965 1
522 1013 1
522 1029 1
522 1212 1
522 1600 1
522 1622 1
522 1678 1
522 1823 1
522 1975 1
523 173 1
523 329 1
523 390 1
523 522 1
523 599 1
523 667 1
523 720 1
523 857 1
523 1002 1
523 1249 1
523 1583 1
523 1714 1
523 1735 1
523 1741 1
523 1935 1
523 1962 1
523 1970 1
524 51 1
524 125 1
524 389 1
524 441 1
524 486 1
524 929 1
524 1206 1
524 1292 1
524 1305 1
524 1334 1
524 1379 1
524 1586 1
524 1639 1
525 174 1
525 235 1
525 237 1
525 263 1
525 287 1
525 497 1
525 532 1
525 634 1
525 636 1
525 702 1
525 915 1
525 981 1
525 1018 1
525 1061 1
525 1068 1
525 1158 1
525 1250 1
525 1309 1
525 1443 1
525 1524 1
525 1775 1
525 2007 1
525 2010 1
525 2040 1
526 62 1
526 265 1
526 332 1
526 365 1
526 448 1
526 518 1
526 779 1
526 1088 1
526 1487 1
526 1662 1
526 1698 1
526 1799 1
526 1889 1
526 1981 1
526 2018 1
527 27 1
527 122 1
527 834 1
527 1016 1
527 1089 1
527 1129 1
527 1632 1
527 1987 1
527 2045 1
528 148 1
528 391 1
528 453 1
528 1810 1
529 1525 1
529 1555 1
529 1627 1
529 1879 1
530 55 1
530 623 1
530 949 1
530 1303 1
530 1757 1
530 2043 1
531 487 1
532 335 1
532 1409 1
532 2016 1
533 241 1
533 1939 1
534 694 1
534 1104 1
534 1278 1
534 1325 1
535 1060 1
535 1459 1
536 13 1
536 20 1
536 438 1
536 536 1
536 736 1
536 793 1
536 975 1
536 1125 1
536 1279 1
536 1840 1
536 1980 1
537 142 1
537 310 1
537 397 1
537 451 1
537 710 1
537 782 1
537 804 1
537 1332 1
537 1370 1
537 1412 1
537 1422 1
537 1542 1
537 1572 1
537 1637 1
537 1770 1
537 1954 1
537 2017 1
538 248 1
538 450 1
538 581 1
538 600 1
538 732 1
538 760 1
538 877 1
538 895 1
538 1051 1
538 1340 1
538 1369 1
538 1502 1
538 1634 1
538 1635 1
538 1651 1
538 1657 1
538 1726 1
538 1728 1
538 1950 1
539 17 1
539 236 1
539 292 1
539 372 1
539 383 1
539 546 1
539 570 1
539 671 1
539 865 1
539 1137 1
539 1245 1
539 1362 1
539 1558 1
539 1623 1
539 1704 1
539 1971 1
540 254 1
540 435 1
540 452 1
540 629 1
540 727 1
540 749 1
540 772 1
540 1117 1
540 1532 1
540 1626 1
540 1652 1
540 1672 1
540 1760 1
540 1891 1
540 1934 1
540 1978 1
541 23 1
541 38 1
541 41 1
541 97 1
541 98 1
541 380 1
541 545 1
541 569 1
541 706 1
541 739 1
541 758 1
541 1011 1
541 1427 1
541 1489 1
541 1513 1
541 1574 1
542 533 1
542 685 1
542 791 1
542 800 1
542 1151 1
542 1175 1
542 1200 1
542 1288 1
542 1382 1
542 1529 1
542 1942 1
542 1960 1
543 24 1
543 394 1
543 745 1
543 848 1
543 901 1
543 937 1
543 1387 1
543 1499 1
543 1830 1
543 1953 1
544 490 1
544 1266 1
544 1268 1
544 1290 1
544 1360 1
545 582 1
545 1237 1
545 1749 1
546 128 1
546 196 1
546 627 1
546 1294 1
546 1384 1
546 1663 1
546 1769 1
546 1832 1
547 39 1
547 94 1
547 876 1
547 1327 1
547 1461 1
547 1773 1
548 519 1
548 961 1
549 83 1
549 818 1
549 1055 1
549 1876 1
550 1531 1
550 1581 1
550 1852 1
551 614 1
551 763 1
551 1854 1
552 483 1
552 631 1
552 885 1
552 1014 1
552 1037 1
552 1058 1
552 1399 1
552 2041 1
553 87 1
553 204 1
553 228 1
553 230 1
553 252 1
553 274 1
553 403 1
553 440 1
553 505 1
553 604 1
553 856 1
553 886 1
553 1101 1
553 1300 1
553 1469 1
553 1716 1
553 1819 1
553 2046 1
554 56 1
554 224 1
554 457 1
554 494 1
554 576 1
554 894 1
554 1042 1
554 1069 1
554 1215 1
554 1261 1
554 1377 1
554 1398 1
554 1400 1
554 1689 1
554 1764 1
554 2031 1
555 368 1
555 404 1
555 412 1
555 523 1
555 646 1
555 660 1
555 742 1
555 831 1
555 982 1
555 1032 1
555 1056 1
555 1093 1
555 1143 1
555 1182 1
555 1344 1
555 1437 1
555 1475 1
555 1512 1
555 1753 1
555 1789 1
555 1851 1
555 1984 1
555 2015 1
556 12 1
556 157 1
556 225 1
556 465 1
556 469 1
556 542 1
556 585 1
556 665 1
556 683 1
556 852 1
556 1021 1
556 1022 1
556 1108 1
556 1337 1
556 1366 1
556 1462 1
556 1477 1
556 1528 1
556 1899 1
557 118 1
557 127 1
557 197 1
557 415 1
557 598 1
557 642 1
557 730 1
557 921 1
557 1314 1
557 1372 1
557 1594 1
557 1849 1
557 1880 1
558 382 1
558 564 1
558 884 1
558 969 1
558 1127 1
558 1346 1
558 1416 1
558 1702 1
558 1826 1
558 1846 1
558 1992 1
559 182 1
559 337 1
559 424 1
559 488 1
559 562 1
559 563 1
559 905 1
559 1040 1
559 1144 1
559 1597 1
559 1670 1
559 1897 1
560 259 1
560 707 1
560 1214 1
560 1352 1
560 1892 1
560 1961 1
561 485 1
561 801 1
561 849 1
561 1383 1
561 1386 1
561 1690 1
561 1694 1
561 1727 1
561 1968 1
562 524 1
562 573 1
562 858 1
562 1696 1
562 1986 1
563 1321 1
563 1434 1
563 1456 1
564 811 1
564 815 1
564 1614 1
565 199 1
565 427 1
565 1644 1
566 203 1
566 1418 1
567 279 1
567 1168 1
567 1223 1
567 1680 1
567 1884 1
567 1931 1
568 109 1
568 695 1
568 1136 1
568 1150 1
568 1189 1
568 1302 1
568 1381 1
568 1585 1
568 1887 1
568 1956 1
569 70 1
569 300 1
569 679 1
569 718 1
569 741 1
569 744 1
569 794 1
569 896 1
569 1153 1
569 1155 1
569 1304 1
569 1782 1
569 1787 1
569 1807 1
569 1824 1
569 1957 1
570 2 1
570 65 1
570 68 1
570 244 1
570 378 1
570 503 1
570 799 1
570 841 1
570 917 1
570 1099 1
570 1100 1
570 1109 1
570 1119 1
570 1241 1
570 1445 1
570 1570 1
570 1605 1
570 1699 1
570 1700 1
570 1780 1
570 1932 1
571 245 1
571 456 1
571 492 1
571 1062 1
571 1077 1
571 1397 1
571 1500 1
571 1533 1
572 5 1
572 7 1
572 35 1
572 189 1
572 194 1
572 253 1
572 342 1
572 385 1
572 400 1
572 418 1
572 449 1
572 470 1
572 565 1
572 591 1
572 673 1
572 872 1
572 993 1
572 1035 1
572 1131 1
572 1174 1
572 1186 1
572 1396 1
572 1410 1
572 1549 1
572 1779 1
572 1795 1
572 1918 1
572 1920 1
572 2028 1
573 4 1
573 281 1
573 579 1
573 786 1
573 803 1
573 892 1
573 899 1
573 909 1
573 1073 1
573 1135 1
573 1176 1
573 1355 1
573 1544 1
573 1671 1
573 1763 1
573 1767 1
573 1909 1
573 1944 1
573 2001 1
574 459 1
574 757 1
574 1628 1
574 1676 1
574 1853 1
574 1945 1
575 184 1
575 238 1
575 386 1
575 502 1
575 809 1
575 913 1
575 1078 1
575 1110 1
575 1139 1
575 1159 1
575 1730 1
575 1911 1
575 1969 1
576 176 1
576 227 1
576 607 1
576 666 1
576 773 1
576 806 1
576 823 1
576 1517 1
576 1744 1
577 796 1
577 1008 1
577 1133 1
577 1786 1
577 1983 1
578 968 1
578 1098 1
578 1233 1
578 1235 1
578 1348 1
578 1915 1
579 716 1
579 780 1
579 1197 1
579 1673 1
579 1778 1
580 119 1
580 752 1
580 973 1
580 1431 1
581 1342 1
581 1376 1
581 1541 1
582 638 1
582 1740 1
583 44 1
583 511 1
583 722 1
583 756 1
583 835 1
583 1065 1
583 1537 1
583 1711 1
584 154 1
584 481 1
584 888 1
584 1147 1
584 1229 1
584 1357 1
584 1596 1
584 1656 1
584 2020 1
585 84 1
585 932 1
585 1087 1
585 1260 1
585 1367 1
585 1378 1
585 1503 1
585 1755 1
585 1976 1
585 2033 1
586 223 1
586 242 1
586 416 1
586 597 1
586 798 1
586 916 1
586 952 1
586 964 1
586 1169 1
586 1269 1
586 1441 1
586 1625 1
586 1825 1
586 1924 1
586 1943 1
586 1966 1
587 9 1
587 111 1
587 165 1
587 285 1
587 373 1
587 384 1
587 406 1
587 463 1
587 540 1
587 721 1
587 859 1
587 1074 1
587 1107 1
587 1239 1
587 1318 1
587 1354 1
587 1582 1
587 1697 1
587 1723 1
587 1972 1
588 272 1
588 354 1
588 443 1
588 544 1
588 556 1
588 559 1
588 649 1
588 869 1
588 1228 1
588 1363 1
588 1401 1
588 1432 1
588 1526 1
588 1756 1
588 1772 1
588 2006 1
588 2026 1
588 2039 1
589 271 1
589 426 1
589 436 1
589 498 1
589 512 1
589 738 1
589 902 1
589 948 1
589 978 1
589 1086 1
589 1293 1
589 1328 1
589 1394 1
589 1732 1
589 1739 1
589 1791 1
589 1875 1
590 622 1
590 724 1
590 728 1
590 755 1
590 867 1
590 1134 1
590 1185 1
590 1210 1
590 1270 1
590 1425 1
590 1435 1
590 1707 1
590 1742 1
590 1817 1
590 1916 1
590 1938 1
590 1995 1
591 30 1
591 72 1
591 73 1
591 99 1
591 304 1
591 345 1
591 517 1
591 861 1
591 863 1
591 1072 1
591 1501 1
591 1919 1
592 129 1
592 211 1
592 475 1
592 846 1
592 881 1
592 980 1
592 1262 1
592 1263 1
592 1841 1
592 1929 1
593 105 1
593 177 1
593 1075 1
593 1492 1
593 1896 1
593 1908 1
594 610 1
594 668 1
594 1220 1
594 1311 1
594 1548 1
594 1577 1
594 1990 1
595 299 1
595 361 1
595 962 1
596 25 1
596 47 1
596 240 1
596 280 1
596 343 1
596 461 1
596 1258 1
596 1617 1
597 632 1
597 1343 1
598 911 1
598 1465 1
599 221 1
599 243 1
599 635 1
599 698 1
599 988 1
599 1604 1
600 377 1
600 466 1
601 49 1
601 63 1
601 210 1
601 219 1
601 405 1
601 684 1
601 734 1
601 1562 1
601 1563 1
601 1747 1
601 1783 1
602 160 1
602 200 1
602 499 1
602 587 1
602 590 1
602 608 1
602 612 1
602 933 1
602 1162 1
602 1181 1
602 1198 1
602 1264 1
602 1333 1
602 1364 1
602 1551 1
602 1761 1
602 1805 1
603 104 1
603 135 1
603 158 1
603 401 1
603 462 1
603 478 1
603 566 1
603 602 1
603 624 1
603 699 1
603 853 1
603 860 1
603 992 1
603 1106 1
603 1273 1
603 1417 1
603 1421 1
603 1448 1
603 1460 1
603 1547 1
603 1654 1
603 1683 1
603 1710 1
603 1743 1
603 1754 1
603 1999 1
604 85 1
604 131 1
604 181 1
604 191 1
604 297 1
604 350 1
604 410 1
604 474 1
604 514 1
604 560 1
604 641 1
604 812 1
604 956 1
604 1138 1
604 1152 1
604 1213 1
604 1216 1
604 1330 1
604 1359 1
604 1371 1
604 1650 1
604 1745 1
604 1836 1
604 1864 1
605 8 1
605 11 1
605 170 1
605 381 1
605 388 1
605 423 1
605 482 1
605 644 1
605 712 1
605 790 1
605 824 1
605 890 1
605 987 1
605 1041 1
605 1105 1
605 1317 1
605 1411 1
605 1415 1
605 1606 1
605 1705 1
605 1859 1
605 2008 1
606 473 1
606 659 1
606 768 1
606 829 1
606 833 1
606 1007 1
606 1083 1
606 1132 1
606 1289 1
606 1447 1
606 1505 1
606 1768 1
606 1802 1
606 1900 1
607 117 1
607 246 1
607 312 1
607 359 1
607 439 1
607 495 1
607 955 1
607 1031 1
607 1071 1
607 1121 1
607 1192 1
607 1201 1
607 1316 1
607 1408 1
607 1464 1
607 1709 1
607 1808 1
607 1988 1
608 367 1
608 555 1
608 751 1
608 1161 1
608 1423 1
608 1630 1
608 1701 1
608 1719 1
609 171 1
609 353 1
609 444 1
609 1609 1
610 172 1
610 516 1
610 750 1
610 991 1
610 1991 1
611 108 1
611 226 1
611 256 1
611 927 1
611 1473 1
611 1865 1
611 1917 1
612 678 1
612 897 1
612 1283 1
613 362 1
613 1025 1
613 1658 1
614 753 1
614 1718 1
615 960 1
615 1017 1
616 231 1
616 261 1
616 301 1
616 914 1
616 1856 1
616 1860 1
617 18 1
617 138 1
617 539 1
617 851 1
617 1003 1
617 1222 1
617 1331 1
617 1458 1
617 1595 1
617 1619 1
617 1724 1
618 15 1
618 162 1
618 234 1
618 255 1
618 445 1
618 578 1
618 595 1
618 810 1
618 868 1
618 875 1
618 944 1
618 1123 1
618 1128 1
618 1257 1
618 1466 1
618 1580 1
618 1872 1
619 33 1
619 69 1
619 147 1
619 153 1
619 169 1
619 262 1
619 307 1
619 477 1
619 500 1
619 731 1
619 792 1
619 1038 1
619 1238 1
619 1413 1
619 1565 1
619 1610 1
619 1693 1
619 1845 1
620 46 1
620 302 1
620 344 1
620 455 1
620 513 1
620 611 1
620 618 1
620 692 1
620 719 1
620 808 1
620 862 1
620 1012 1
620 1050 1
620 1090 1
620 1172 1
620 1457 1
620 1463 1
620 1482 1
620 1511 1
620 1621 1
620 1669 1
620 1677 1
620 1821 1
620 1833 1
620 1898 1
620 1925 1
621 19 1
621 130 1
621 276 1
621 296 1
621 311 1
621 320 1
621 504 1
621 527 1
621 543 1
621 653 1
621 704 1
621 807 1
621 950 1
621 1015 1
621 1120 1
621 1225 1
621 1259 1
621 1347 1
621 1426 1
621 1438 1
621 1506 1
621 1552 1
621 1560 1
621 1640 1
621 1785 1
621 1806 1
621 1873 1
621 1912 1
621 1973 1
621 2014 1
622 3 1
622 60 1
622 399 1
622 709 1
622 1080 1
622 1246 1
622 1391 1
622 1557 1
622 1695 1
622 1951 1
622 1958 1
622 2023 1
623 37 1
623 574 1
623 637 1
623 759 1
623 769 1
623 855 1
623 923 1
623 1039 1
623 1306 1
623 1380 1
623 1907 1
623 1941 1
623 1965 1
624 889 1
624 951 1
624 1082 1
624 1113 1
624 1326 1
624 1568 1
625 402 1
625 409 1
625 428 1
625 509 1
625 904 1
625 1324 1
625 1345 1
625 1351 1
625 1809 1
625 2044 1
626 115 1
626 589 1
626 878 1
627 998 1
627 1234 1
627 1430 1
627 1491 1
627 1800 1
627 1974 1
628 411 1
628 1226 1
628 1706 1
628 1926 1
629 521 1
630 398 1
631 770 1
631 936 1
631 1561 1
631 1878 1
632 308 1
632 317 1
632 434 1
632 726 1
632 1157 1
632 1497 1
632 1722 1
633 116 1
633 282 1
633 617 1
633 828 1
633 864 1
633 1044 1
633 1070 1
633 1687 1
633 1713 1
633 1804 1
634 21 1
634 34 1
634 64 1
634 90 1
634 193 1
634 472 1
634 526 1
634 535 1
634 1004 1
634 1092 1
634 1341 1
634 1518 1
634 1797 1
634 1948 1
635 53 1
635 150 1
635 198 1
635 215 1
635 291 1
635 306 1
635 351 1
635 572 1
635 620 1
635 754 1
635 840 1
635 1091 1
635 1171 1
635 1227 1
635 1236 1
635 1320 1
635 1476 1
635 1902 1
635 1923 1
635 1940 1
636 26 1
636 93 1
636 100 1
636 114 1
636 133 1
636 185 1
636 205 1
636 207 1
636 446 1
636 1010 1
636 1142 1
636 1165 1
636 1556 1
636 1688 1
636 1703 1
636 1886 1
636 1937 1
637 143 1
637 268 1
637 393 1
637 656 1
637 922 1
637 1230 1
637 1389 1
637 1642 1
637 1643 1
637 1661 1
637 1692 1
637 1708 1
637 1829 1
637 1857 1
637 1963 1
638 50 1
638 91 1
638 324 1
638 568 1
638 931 1
638 959 1
638 1271 1
638 1454 1
638 1478 1
638 1484 1
638 1762 1
638 1977 1
638 1985 1
639 195 1
639 696 1
639 900 1
639 1095 1
639 1149 1
639 1195 1
639 1510 1
639 1901 1
639 2012 1
640 77 1
640 690 1
640 979 1
640 1388 1
640 1682 1
641 58 1
641 309 1
641 571 1
641 1566 1
641 1590 1
641 1788 1
641 1928 1
642 43 1
642 209 1
642 701 1
642 778 1
642 1452 1
642 1721 1
643 188 1
643 363 1
643 507 1
643 1831 1
644 447 1
644 1546 1
644 1812 1
645 1277 1
646 1 1
646 549 1
646 1049 1
646 1336 1
646 1964 1
647 408 1
647 843 1
648 141 1
648 186 1
648 318 1
648 643 1
648 1420 1
648 1504 1
648 1712 1
648 1874 1
649 29 1
649 136 1
649 155 1
649 336 1
649 743 1
649 830 1
649 1179 1
649 1393 1
649 1479 1
649 1527 1
649 1559 1
649 1774 1
650 16 1
650 81 1
650 110 1
650 179 1
650 229 1
650 413 1
650 506 1
650 541 1
650 670 1
650 708 1
650 740 1
650 805 1
650 821 1
650 1054 1
650 1242 1
650 1453 1
650 1470 1
650 1647 1
650 1686 1
650 2029 1
651 54 1
651 79 1
651 95 1
651 140 1
651 149 1
651 266 1
651 333 1
651 395 1
651 442 1
651 714 1
651 733 1
651 785 1
651 1390 1
651 1495 1
651 1631 1
651 1834 1
651 1862 1
651 1888 1
651 1893 1
652 22 1
652 66 1
652 220 1
652 251 1
652 283 1
652 356 1
652 422 1
652 458 1
652 484 1
652 577 1
652 654 1
652 661 1
652 686 1
652 746 1
652 764 1
652 827 1
652 985 1
652 1170 1
652 1275 1
652 1514 1
652 1534 1
652 1736 1
653 277 1
653 366 1
653 379 1
653 414 1
653 468 1
653 675 1
653 705 1
653 783 1
653 871 1
653 1094 1
653 1286 1
653 1313 1
653 1592 1
653 1868 1
653 1914 1
654 145 1
654 286 1
654 387 1
654 460 1
654 583 1
654 639 1
654 748 1
654 1111 1
654 1140 1
654 1523 1
654 1648 1
654 1927 1
654 1952 1
654 1967 1
655 208 1
655 454 1
655 537 1
655 839 1
655 893 1
655 1248 1
655 1278 1
655 1685 1
655 1752 1
655 1894 1
656 82 1
656 357 1
656 717 1
656 1158 1
656 1509 1
656 1522 1
656 1599 1
657 489 1
657 554 1
657 681 1
657 874 1
657 2002 1
658 328 1
658 825 1
658 930 1
658 946 1
658 1006 1
658 1208 1
658 2032 1
659 575 1
659 1076 1
660 630 1
660 761 1
660 1296 1
661 2025 1
662 924 1
662 1265 1
662 1507 1
663 275 1
663 396 1
663 986 1
663 1276 1
664 674 1
664 814 1
664 963 1
664 1550 1
664 1870 1
665 161 1
665 370 1
665 375 1
665 1048 1
665 1280 1
665 1429 1
665 1516 1
665 1543 1
665 1584 1
665 1620 1
665 1629 1
665 1659 1
665 1660 1
665 1679 1
665 2034 1
666 159 1
666 216 1
666 293 1
666 360 1
666 471 1
666 520 1
666 550 1
666 655 1
666 664 1
666 820 1
666 908 1
666 920 1
666 1000 1
666 1046 1
666 1116 1
666 1177 1
666 1188 1
666 1191 1
666 1205 1
666 1219 1
666 1349 1
666 1519 1
666 1554 1
666 1624 1
666 1758 1
666 1835 1
667 339 1
667 510 1
667 570 1
667 601 1
667 715 1
667 767 1
667 776 1
667 989 1
667 1285 1
667 1323 1
667 1365 1
667 1649 1
667 1815 1
667 1979 1
667 1997 1
667 1998 1
667 2047 1
668 74 1
668 233 1
668 288 1
668 331 1
668 389 1
668 528 1
668 588 1
668 784 1
668 848 1
668 873 1
668 918 1
668 1141 1
668 1167 1
668 1298 1
668 1446 1
668 1481 1
668 1539 1
668 1564 1
668 1715 1
668 1793 1
668 1794 1
668 1910 1
668 2009 1
669 78 1
669 139 1
669 232 1
669 267 1
669 290 1
669 419 1
669 584 1
669 795 1
669 870 1
669 880 1
669 954 1
669 1183 1
669 1254 1
669 1295 1
669 1297 1
669 1403 1
669 1455 1
669 1587 1
669 1691 1
669 1744 1
670 531 1
670 557 1
670 606 1
670 688 1
670 854 1
670 1030 1
670 1203 1
670 1218 1
670 1530 1
670 1535 1
670 1636 1
671 102 1
671 330 1
671 340 1
671 603 1
671 939 1
671 953 1
671 1255 1
671 1282 1
672 1160 1
672 1211 1
672 1322 1
672 1392 1
672 1494 1
672 1538 1
672 1811 1
672 1947 1
672 2024 1
673 101 1
673 1156 1
673 1474 1
673 1576 1
673 1827 1
673 1861 1
674 883 1
674 1166 1
674 1307 1
674 1863 1
675 1402 1
675 1664 1
677 1103 1
677 1612 1
677 1933 1
678 106 1
678 1173 1
678 1338 1
679 548 1
679 1190 1
679 1848 1
680 247 1
680 703 1
680 788 1
680 1066 1
680 1202 1
680 1419 1
680 1675 1
680 1814 1
680 2011 1
681 146 1
681 222 1
681 270 1
681 689 1
681 765 1
681 802 1
681 994 1
681 1019 1
681 1102 1
681 1148 1
681 1281 1
681 1335 1
681 1339 1
681 1374 1
681 1613 1
681 1653 1
681 1828 1
681 1847 1
682 42 1
682 59 1
682 124 1
682 151 1
682 166 1
682 315 1
682 433 1
682 647 1
682 995 1
682 1024 1
682 1057 1
682 1163 1
682 1329 1
682 1385 1
682 1404 1
682 1444 1
682 1567 1
682 1657 1
682 1668 1
682 1734 1
682 1784 1
682 1882 1
682 1883 1
682 2018 1
683 113 1
683 202 1
683 303 1
683 529 1
683 558 1
683 652 1
683 702 1
683 771 1
683 819 1
683 838 1
683 928 1
683 1033 1
683 1124 1
683 1126 1
683 1231 1
683 1373 1
683 1375 1
683 1424 1
683 1485 1
683 1496 1
683 1540 1
683 1871 1
683 1996 1
683 2038 1
684 97 1
684 123 1
684 134 1
684 218 1
684 269 1
684 403 1
684 476 1
684 518 1
684 562 1
684 592 1
684 650 1
684 663 1
684 691 1
684 844 1
684 971 1
684 1256 1
684 1310 1
684 1471 1
684 1480 1
684 1816 1
684 1895 1
684 2022 1
685 48 1
685 213 1
685 258 1
685 264 1
685 273 1
685 392 1
685 420 1
685 479 1
685 725 1
685 747 1
685 958 1
685 1027 1
685 1045 1
685 1085 1
685 1122 1
685 1274 1
685 1615 1
685 1616 1
685 1776 1
685 1890 1
685 1949 1
686 192 1
686 634 1
686 648 1
686 817 1
686 879 1
686 1395 1
686 1472 1
686 1591 1
686 1720 1
686 1994 1
686 2021 1
687 316 1
687 530 1
687 813 1
687 836 1
687 943 1
687 966 1
687 1023 1
688 62 1
688 341 1
688 680 1
688 1089 1
688 1207 1
688 1414 1
688 1467 1
688 1593 1
688 1614 1
688 1838 1
689 636 1
689 645 1
689 723 1
689 1221 1
690 6 1
690 1451 1
690 1572 1
690 1810 1
690 1858 1
690 2027 1
691 265 1
691 332 1
691 496 1
691 1217 1
692 1240 1
692 1488 1
692 1536 1
692 1646 1
692 2037 1
693 23 1
693 28 1
693 152 1
693 508 1
693 1771 1
693 2013 1
694 1334 1
695 36 1
695 737 1
695 1312 1
695 1361 1
695 1449 1
695 1877 1
696 217 1
696 421 1
696 425 1
696 619 1
696 787 1
696 983 1
696 1319 1
696 1855 1
697 120 1
697 190 1
697 552 1
697 616 1
697 669 1
697 672 1
697 711 1
697 758 1
697 774 1
697 1129 1
697 1272 1
697 1573 1
697 1741 1
697 1913 1
698 52 1
698 121 1
698 334 1
698 346 1
698 417 1
698 467 1
698 553 1
698 594 1
698 596 1
698 797 1
698 832 1
698 857 1
698 906 1
698 934 1
698 977 1
698 1146 1
698 1358 1
698 1450 1
698 1498 1
698 1515 1
698 1578 1
698 1645 1
698 1792 1
698 1922 1
698 2030 1
699 164 1
699 397 1
699 451 1
699 456 1
699 667 1
699 925 1
699 997 1
699 1036 1
699 1125 1
699 1130 1
699 1193 1
699 1287 1
699 1370 1
699 1486 1
699 1490 1
699 1513 1
699 1520 1
699 1602 1
699 1717 1
699 1765 1
699 1904 1
700 57 1
700 163 1
700 319 1
700 364 1
700 480 1
700 486 1
700 493 1
700 614 1
700 623 1
700 687 1
700 789 1
700 935 1
700 942 1
700 1009 1
700 1020 1
700 1061 1
700 1079 1
700 1145 1
700 1284 1
700 1309 1
700 1350 1
700 1436 1
700 1437 1
700 1521 1
700 1583 1
700 1611 1
700 1777 1
700 1820 1
700 1905 1
700 1950 1
701 31 1
701 86 1
701 313 1
701 348 1
701 349 1
701 842 1
701 847 1
701 912 1
701 1096 1
701 1244 1
701 1299 1
701 1603 1
701 1737 1
701 1790 1
701 1935 1
701 2048 1
702 13 1
702 212 1
702 437 1
702 534 1
702 677 1
702 975 1
702 1001 1
702 1112 1
702 1232 1
702 1340 1
702 1665 1
702 1702 1
702 1796 1
702 2017 1
703 214 1
703 729 1
703 1187 1
703 1443 1
703 1579 1
703 1662 1
703 1795 1
703 2043 1
704 501 1
704 615 1
704 682 1
704 882 1
704 1114 1
704 1368 1
704 1468 1
704 1608 1
704 1750 1
704 1799 1
704 1876 1
705 175 1
705 347 1
705 713 1
705 850 1
705 1047 1
705 1644 1
705 1915 1
706 278 1
706 1251 1
707 512 1
707 613 1
707 707 1
707 781 1
707 1043 1
707 1194 1
708 289 1
708 376 1
708 1433 1
708 1571 1
708 1981 1
709 250 1
710 800 1
710 1028 1
710 1666 1
711 295 1
711 1993 1
712 51 1
712 132 1
712 284 1
712 429 1
712 621 1
712 658 1
712 974 1
712 996 1
712 1209 1
712 1725 1
713 180 1
713 431 1
713 561 1
713 816 1
713 1084 1
713 1115 1
713 1184 1
713 1353 1
713 1545 1
713 1766 1
713 1803 1
713 1842 1
713 1975 1
713 2001 1
713 2019 1
714 10 1
714 32 1
714 187 1
714 201 1
714 239 1
714 257 1
714 352 1
714 640 1
714 826 1
714 891 1
714 1315 1
714 1356 1
714 1607 1
714 1684 1
714 1731 1
714 1746 1
714 1801 1
714 2004 1
715 88 1
715 92 1
715 107 1
715 287 1
715 374 1
715 660 1
715 710 1
715 804 1
715 898 1
715 976 1
715 1013 1
715 1093 1
715 1118 1
715 1178 1
715 1252 1
715 1301 1
715 1555 1
715 1598 1
715 1759 1
715 1798 1
715 1844 1
716 67 1
716 122 1
716 183 1
716 355 1
716 369 1
716 580 1
716 626 1
716 633 1
716 657 1
716 676 1
716 772 1
716 775 1
716 779 1
716 901 1
716 941 1
716 1067 1
716 1164 1
716 1267 1
716 1410 1
716 1487 1
716 1553 1
716 1622 1
716 1839 1
716 1843 1
716 1921 1
717 126 1
717 128 1
717 383 1
717 407 1
717 497 1
717 760 1
717 762 1
717 1034 1
717 1063 1
717 1199 1
717 1224 1
717 1417 1
717 1428 1
717 1672 1
718 314 1
718 321 1
718 430 1
718 522 1
718 858 1
718 1304 1
718 1528 1
718 1574 1
718 1596 1
718 1748 1
719 248 1
719 600 1
719 629 1
719 801 1
719 822 1
719 907 1
719 1305 1
719 1866 1
719 1867 1
719 1971 1
719 1980 1
720 178 1
720 322 1
720 866 1
720 990 1
721 71 1
721 83 1
721 536 1
721 593 1
721 1903 1
722 40 1
722 1379 1
722 1383 1
722 1407 1
722 1770 1
723 793 1
723 1035 1
723 1243 1
723 1442 1
723 1678 1
723 1689 1
724 260 1
724 887 1
724 895 1
725 1729 1
726 1249 1
726 1681 1
726 1832 1
726 1854 1
726 2036 1
727 700 1
727 718 1
727 766 1
727 1989 1
728 167 1
728 525 1
728 926 1
728 1002 1
728 1032 1
728 1064 1
728 1182 1
728 1524 1
728 1634 1
728 1930 1
728 1959 1
728 1970 1
729 84 1
729 298 1
729 505 1
729 538 1
729 551 1
729 582 1
729 837 1
729 910 1
729 1406 1
729 1462 1
729 1549 1
729 1601 1
729 1840 1
729 1852 1
729 1955 1
729 2016 1
730 41 1
730 61 1
730 112 1
730 168 1
730 491 1
730 546 1
730 569 1
730 938 1
730 970 1
730 972 1
730 1053 1
730 1088 1
730 1144 1
730 1279 1
730 1325 1
730 1459 1
730 1586 1
730 1749 1
730 1822 1
730 1869 1
731 20 1
731 87 1
731 148 1
731 292 1
731 599 1
731 736 1
731 741 1
731 799 1
731 845 1
731 961 1
731 967 1
731 1026 1
731 1180 1
731 1439 1
731 1728 1
731 1853 1
732 14 1
732 80 1
732 173 1
732 236 1
732 547 1
732 651 1
732 668 1
732 735 1
732 818 1
732 1412 1
732 1427 1
732 1502 1
732 1738 1
733 17 1
733 329 1
733 432 1
733 586 1
733 739 1
733 1059 1
733 1302 1
733 1398 1
733 1600 1
733 1633 1
733 1751 1
733 1846 1
733 1906 1
734 252 1
734 423 1
734 485 1
734 540 1
734 1081 1
734 1212 1
734 1735 1
734 1899 1
735 441 1
735 796 1
735 1214 1
735 1477 1
735 1483 1
735 1589 1
736 494 1
736 834 1
736 1288 1
736 1405 1
736 1618 1
736 2041 1
737 174 1
737 225 1
737 412 1
737 1387 1
738 1101 1
738 1332 1
738 2042 1
739 89 1
740 1778 1
741 142 1
741 1018 1
742 545 1
742 1137 1
742 1575 1
742 1733 1
742 2035 1
743 70 1
743 294 1
743 358 1
743 567 1
743 609 1
743 957 1
743 1247 1
743 1344 1
743 1626 1
743 1764 1
744 76 1
744 237 1
744 323 1
744 438 1
744 581 1
744 665 1
744 1005 1
744 1569 1
744 1588 1
744 1627 1
744 1696 1
744 1757 1
745 45 1
745 274 1
745 325 1
745 327 1
745 338 1
745 517 1
745 533 1
745 642 1
745 782 1
745 815 1
745 940 1
745 1261 1
745 1525 1
745 1670 1
745 1700 1
745 1775 1
745 1837 1
745 1885 1
745 2007 1
746 204 1
746 241 1
746 365 1
746 380 1
746 443 1
746 605 1
746 607 1
746 628 1
746 730 1
746 773 1
746 919 1
746 929 1
746 949 1
746 1133 1
746 1136 1
746 1233 1
746 1250 1
746 1327 1
746 1360 1
746 1372 1
746 1475 1
746 1517 1
746 1632 1
746 1651 1
746 1918 1
747 39 1
747 337 1
747 435 1
747 487 1
747 625 1
747 662 1
747 685 1
747 841 1
747 899 1
747 945 1
747 965 1
747 1069 1
747 1117 1
747 1161 1
747 1258 1
747 1294 1
747 1352 1
747 1399 1
747 1493 1
747 1508 1
747 1542 1
747 1558 1
747 1641 1
747 1769 1
747 1781 1
747 1782 1
747 1879 1
747 1934 1
747 2003 1
747 2045 1
748 75 1
748 96 1
748 206 1
748 235 1
748 382 1
748 424 1
748 579 1
748 627 1
748 697 1
748 1132 1
748 1155 1
748 1537 1
748 1639 1
748 1780 1
748 1889 1
749 109 1
749 182 1
749 189 1
749 372 1
749 436 1
749 1051 1
749 1065 1
749 1308 1
749 1422 1
749 1730 1
749 1823 1
749 2010 1
750 641 1
750 1104 1
750 1150 1
750 1570 1
750 2048 0
