1 5 1
1 25 1
2 7 1
2 8 1
2 10 1
2 626 1
2 1383 1
3 11 1
5 4 1
5 7 1
5 23 1
5 41 1
6 21 1
6 27 1
6 39 1
7 7 1
7 467 1
8 5 1
9 9 1
9 33 1
10 1077 1
10 1626 1
11 22 1
11 41 1
12 1399 1
12 1997 1
13 11 1
13 28 1
13 786 1
13 860 1
14 33 1
14 1015 1
14 1139 1
14 2037 1
15 9 1
15 56 1
15 477 1
15 544 1
15 564 1
15 1326 1
15 1339 1
15 1848 1
16 12 1
16 249 1
16 649 1
16 681 1
16 1064 1
16 1566 1
17 9 1
17 315 1
17 505 1
17 717 1
17 938 1
17 1109 1
17 1330 1
17 1841 1
17 1900 1
17 1993 1
18 12 1
18 19 1
18 615 1
18 1259 1
18 1452 1
18 1453 1
18 2039 1
19 12 1
19 1068 1
19 1228 1
19 1256 1
19 1550 1
19 1642 1
19 1774 1
20 189 1
20 451 1
20 600 1
20 815 1
21 34 1
21 368 1
21 639 1
21 1058 1
21 2008 1
22 629 1
22 1697 1
23 13 1
23 31 1
23 289 1
23 429 1
23 461 1
23 631 1
23 1409 1
23 1532 1
23 1637 1
24 13 1
24 578 1
25 26 1
25 234 1
25 1005 1
25 1148 1
26 750 1
27 14 1
27 20 1
27 31 1
27 88 1
27 151 1
27 1850 1
27 1943 1
28 4 1
28 9 1
28 1108 1
28 1397 1
29 4 1
29 1116 1
29 1320 1
29 1947 1
30 552 1
30 670 1
30 998 1
30 1367 1
30 1598 1
30 1896 1
30 1959 1
30 2003 1
31 11 1
31 26 1
31 365 1
31 412 1
31 903 1
31 905 1
31 978 1
31 1112 1
31 1707 1
31 1733 1
31 1786 1
32 538 1
32 755 1
32 792 1
32 1107 1
32 1440 1
32 1853 1
32 1870 1
32 1871 1
32 1905 1
32 1964 1
32 1988 1
32 2015 1
33 25 1
33 35 1
33 84 1
33 149 1
33 172 1
33 582 1
33 674 1
33 930 1
33 941 1
33 971 1
33 1071 1
33 1151 1
33 1162 1
33 1442 1
33 1458 1
33 1474 1
33 1609 1
33 1855 1
33 1891 1
33 1987 1
34 132 1
34 382 1
34 456 1
34 992 1
34 993 1
34 1147 1
34 1530 1
34 1991 1
35 2 1
35 18 1
35 268 1
35 298 1
35 302 1
35 455 1
35 1199 1
35 1445 1
35 2034 1
36 8 1
36 109 1
36 306 1
36 1082 1
36 1101 1
36 1811 1
37 130 1
37 370 1
37 441 1
37 454 1
37 877 1
37 1161 1
38 6 1
38 17 1
38 33 1
38 377 1
38 1152 1
38 1221 1
38 1890 1
39 4 1
39 7 1
39 9 1
39 17 1
39 18 1
39 131 1
39 176 1
39 1531 1
40 15 1
40 489 1
40 514 1
40 1266 1
40 1352 1
40 1813 1
40 1996 1
41 18 1
41 29 1
41 1401 1
41 1737 1
42 38 1
42 322 1
42 503 1
42 1270 1
42 1563 1
43 1462 1
44 14 1
44 267 1
44 475 1
44 730 1
45 18 1
45 20 1
45 968 1
45 1555 1
45 1859 1
45 1914 1
46 33 1
46 154 1
46 233 1
46 613 1
46 682 1
46 1312 1
46 1371 1
47 20 1
47 215 1
47 316 1
47 480 1
47 557 1
47 787 1
47 1424 1
47 1684 1
47 1805 1
47 1921 1
48 41 1
48 653 1
48 660 1
48 1296 1
48 1356 1
48 1740 1
48 2006 1
48 2018 1
49 6 1
49 8 1
49 31 1
49 65 1
49 823 1
49 1097 1
49 1119 1
49 1247 1
49 1394 1
49 1398 1
49 1503 1
49 1670 1
49 1779 1
50 3 1
50 23 1
50 52 1
50 137 1
50 294 1
50 721 1
50 770 1
50 829 1
50 840 1
50 951 1
50 1215 1
50 1551 1
50 1606 1
50 1641 1
50 1710 1
50 1735 1
50 1929 1
51 694 1
51 966 1
51 1059 1
51 1093 1
51 1527 1
51 1602 1
51 1865 1
52 24 1
52 239 1
52 380 1
52 400 1
52 1118 1
52 1172 1
52 1569 1
52 1669 1
52 1713 1
52 1727 1
52 1770 1
52 1804 1
53 7 1
53 21 1
53 243 1
53 794 1
53 847 1
53 953 1
53 1027 1
53 1182 1
53 1470 1
54 457 1
54 753 1
54 756 1
54 813 1
54 878 1
54 1244 1
54 1610 1
54 1766 1
54 1898 1
54 2032 1
55 31 1
55 190 1
55 192 1
55 722 1
55 1002 1
56 540 1
56 604 1
56 646 1
56 749 1
56 1963 1
56 1982 1
56 1998 1
57 516 1
57 947 1
57 1317 1
57 1492 1
58 14 1
58 37 1
58 856 1
59 5 1
59 9 1
59 23 1
59 1623 1
60 10 1
60 17 1
60 668 1
60 909 1
60 1157 1
60 1951 1
61 28 1
61 841 1
61 1327 1
61 1543 1
61 2033 1
62 1 1
62 18 1
62 1448 1
62 1829 1
63 70 1
63 609 1
63 795 1
63 1030 1
63 1177 1
63 1238 1
63 1374 1
63 1376 1
63 1650 1
63 1857 1
63 1875 1
63 1903 1
64 39 1
64 276 1
64 364 1
64 531 1
64 944 1
64 970 1
64 1191 1
64 1494 1
64 1686 1
64 1830 1
65 374 1
65 485 1
65 690 1
65 904 1
65 1284 1
65 1545 1
65 1576 1
66 19 1
66 75 1
66 113 1
66 221 1
66 575 1
66 655 1
66 853 1
66 924 1
66 1301 1
66 1322 1
66 1366 1
66 1481 1
66 1501 1
66 1593 1
66 1622 1
66 1742 1
66 1772 1
66 1944 1
66 1971 1
67 21 1
67 23 1
67 371 1
67 465 1
67 501 1
67 528 1
67 594 1
67 742 1
67 746 1
67 1053 1
67 1159 1
67 1419 1
67 1559 1
67 1844 1
67 2000 1
68 25 1
68 216 1
68 242 1
68 278 1
68 463 1
68 512 1
68 524 1
68 726 1
68 804 1
68 892 1
68 1204 1
68 1353 1
68 1446 1
68 1466 1
68 1672 1
68 1758 1
68 1820 1
69 34 1
69 184 1
69 304 1
69 346 1
69 700 1
69 1447 1
69 1493 1
69 1628 1
69 1744 1
69 1757 1
70 126 1
70 182 1
70 356 1
70 504 1
70 599 1
70 627 1
70 937 1
70 1195 1
70 1218 1
70 1406 1
70 1428 1
70 1592 1
70 1736 1
70 1863 1
70 1874 1
70 1955 1
71 37 1
71 791 1
71 805 1
71 857 1
71 940 1
71 1083 1
71 1146 1
71 1254 1
71 1381 1
71 1416 1
71 1639 1
72 18 1
72 774 1
72 928 1
72 1185 1
72 1505 1
72 1682 1
73 27 1
73 311 1
73 1100 1
74 2 1
74 1674 1
76 225 1
76 919 1
76 1711 1
77 24 1
77 650 1
77 986 1
77 1029 1
77 1165 1
77 1510 1
78 675 1
78 1102 1
78 1103 1
78 1184 1
79 21 1
79 26 1
79 31 1
79 286 1
79 498 1
79 969 1
79 1041 1
79 1166 1
79 1196 1
79 1213 1
79 1309 1
79 1319 1
79 1329 1
79 1730 1
79 1800 1
79 1809 1
79 1999 1
80 4 1
80 117 1
80 266 1
80 301 1
80 628 1
80 861 1
80 995 1
80 1242 1
80 1400 1
80 1433 1
80 1521 1
80 1858 1
80 2004 1
81 218 1
81 224 1
81 230 1
81 253 1
81 395 1
81 413 1
81 521 1
81 542 1
81 567 1
81 596 1
81 611 1
81 614 1
81 748 1
81 831 1
81 837 1
81 923 1
81 925 1
81 996 1
81 1014 1
81 1017 1
81 1078 1
81 1124 1
81 1423 1
81 1502 1
81 1613 1
81 1618 1
81 1969 1
82 46 1
82 57 1
82 171 1
82 194 1
82 208 1
82 287 1
82 292 1
82 369 1
82 445 1
82 491 1
82 616 1
82 679 1
82 975 1
82 1000 1
82 1009 1
82 1020 1
82 1043 1
82 1046 1
82 1202 1
82 1253 1
82 1349 1
82 1604 1
82 1643 1
82 1689 1
82 1706 1
82 1802 1
82 1806 1
82 1847 1
82 2011 1
82 2014 1
82 2046 1
83 7 1
83 15 1
83 18 1
83 54 1
83 73 1
83 134 1
83 167 1
83 265 1
83 279 1
83 482 1
83 510 1
83 522 1
83 535 1
83 619 1
83 696 1
83 761 1
83 883 1
83 956 1
83 974 1
83 983 1
83 990 1
83 1034 1
83 1062 1
83 1113 1
83 1117 1
83 1321 1
83 1331 1
83 1344 1
83 1387 1
83 1560 1
83 1680 1
83 1761 1
83 1783 1
83 1861 1
83 1883 1
83 1927 1
84 24 1
84 40 1
84 375 1
84 385 1
84 431 1
84 476 1
84 519 1
84 520 1
84 577 1
84 766 1
84 898 1
84 900 1
84 973 1
84 1075 1
84 1127 1
84 1174 1
84 1379 1
84 1388 1
84 1483 1
84 1491 1
84 1506 1
84 1547 1
84 1586 1
84 1596 1
84 1646 1
84 1660 1
84 1662 1
84 1785 1
84 1852 1
84 1974 1
84 1980 1
85 34 1
85 309 1
85 314 1
85 642 1
85 657 1
85 725 1
85 754 1
85 822 1
85 871 1
85 874 1
85 1010 1
85 1098 1
85 1156 1
85 1164 1
85 1281 1
85 1299 1
85 1342 1
85 1461 1
85 1472 1
85 1504 1
85 1691 1
86 86 1
86 228 1
86 415 1
86 419 1
86 440 1
86 723 1
86 858 1
86 1013 1
86 1386 1
86 1575 1
86 1614 1
86 1837 1
87 41 1
87 484 1
87 507 1
87 509 1
87 733 1
87 866 1
87 949 1
87 972 1
87 1047 1
87 1061 1
87 1389 1
87 1410 1
87 1490 1
87 1747 1
87 1842 1
88 16 1
88 64 1
88 420 1
88 2036 1
89 10 1
89 63 1
89 282 1
89 658 1
89 741 1
89 838 1
89 1255 1
89 1427 1
89 1645 1
89 1782 1
90 22 1
90 24 1
90 34 1
90 902 1
90 1895 1
90 1979 1
91 592 1
92 351 1
92 460 1
92 621 1
92 781 1
92 875 1
92 1262 1
92 1690 1
92 1694 1
93 152 1
93 549 1
93 1227 1
93 1250 1
93 1564 1
93 1967 1
94 17 1
94 25 1
94 35 1
94 37 1
94 123 1
94 446 1
94 474 1
94 486 1
94 888 1
94 1239 1
94 1752 1
95 434 1
95 764 1
95 783 1
95 891 1
95 1051 1
95 1541 1
96 2 1
96 10 1
96 355 1
96 561 1
96 569 1
96 868 1
96 976 1
96 1361 1
96 1362 1
96 1625 1
96 1634 1
96 1784 1
97 26 1
97 146 1
97 156 1
97 280 1
97 367 1
97 643 1
97 702 1
97 740 1
97 1090 1
97 1105 1
97 1135 1
97 1233 1
97 1306 1
97 1338 1
97 1351 1
97 1582 1
97 1589 1
97 1743 1
97 1930 1
98 3 1
98 158 1
98 175 1
98 222 1
98 293 1
98 508 1
98 617 1
98 638 1
98 777 1
98 835 1
98 895 1
98 915 1
98 931 1
98 1018 1
98 1055 1
98 1274 1
98 1313 1
98 1364 1
98 1375 1
98 1415 1
98 1459 1
98 1475 1
98 1497 1
98 1540 1
98 1546 1
98 1549 1
98 1653 1
98 1664 1
98 1827 1
98 1897 1
98 1918 1
98 2009 1
99 23 1
99 36 1
99 95 1
99 159 1
99 165 1
99 166 1
99 178 1
99 214 1
99 237 1
99 238 1
99 247 1
99 258 1
99 327 1
99 416 1
99 449 1
99 452 1
99 558 1
99 572 1
99 662 1
99 772 1
99 780 1
99 839 1
99 917 1
99 1003 1
99 1050 1
99 1170 1
99 1201 1
99 1235 1
99 1439 1
99 1482 1
99 1567 1
99 1632 1
99 1717 1
99 1719 1
99 1763 1
99 1818 1
99 1901 1
99 1904 1
99 1936 1
99 1968 1
99 1975 1
99 1981 1
99 2012 1
99 2035 1
100 3 1
100 11 1
100 21 1
100 83 1
100 85 1
100 91 1
100 343 1
100 344 1
100 347 1
100 361 1
100 443 1
100 500 1
100 527 1
100 716 1
100 789 1
100 798 1
100 869 1
100 912 1
100 1012 1
100 1045 1
100 1142 1
100 1176 1
100 1248 1
100 1283 1
100 1403 1
100 1651 1
100 1659 1
100 1803 1
100 1815 1
100 1862 1
100 1906 1
100 1925 1
100 2025 1
100 2028 1
100 2041 1
100 2048 1
101 24 1
101 68 1
101 128 1
101 179 1
101 183 1
101 244 1
101 261 1
101 326 1
101 396 1
101 421 1
101 533 1
101 547 1
101 548 1
101 606 1
101 809 1
101 826 1
101 834 1
101 867 1
101 884 1
101 1026 1
101 1178 1
101 1179 1
101 1207 1
101 1280 1
101 1355 1
101 1370 1
101 1432 1
101 1486 1
101 1636 1
101 1666 1
101 1718 1
101 1832 1
102 9 1
102 97 1
102 250 1
102 513 1
102 532 1
102 597 1
102 676 1
102 707 1
102 1094 1
102 1153 1
102 1168 1
102 1234 1
102 1405 1
102 1437 1
102 1476 1
102 1509 1
102 1511 1
102 1533 1
102 1798 1
103 4 1
103 89 1
103 232 1
103 260 1
103 300 1
103 330 1
103 391 1
103 994 1
103 1291 1
103 1451 1
103 1668 1
103 1679 1
103 1681 1
103 1939 1
104 1 1
104 47 1
104 481 1
104 502 1
104 686 1
104 963 1
104 977 1
104 982 1
104 1289 1
104 1298 1
104 1522 1
104 1573 1
105 120 1
105 1603 1
105 1760 1
106 79 1
106 432 1
106 647 1
106 729 1
106 757 1
106 851 1
106 1036 1
106 1217 1
106 1449 1
106 1693 1
106 1932 1
107 22 1
107 348 1
107 698 1
107 855 1
107 1554 1
107 1595 1
107 1723 1
108 36 1
108 37 1
108 55 1
108 217 1
108 537 1
108 920 1
108 1129 1
108 1265 1
108 1973 1
108 2047 1
109 10 1
109 40 1
109 212 1
109 488 1
109 494 1
109 958 1
109 997 1
109 1954 1
110 4 1
110 20 1
110 188 1
110 285 1
110 305 1
110 661 1
110 708 1
110 1044 1
110 1252 1
110 1260 1
110 1583 1
110 1692 1
111 4 1
111 612 1
111 620 1
111 715 1
111 734 1
111 832 1
111 1513 1
111 1807 1
111 1962 1
112 4 1
112 5 1
112 12 1
112 506 1
112 622 1
112 765 1
112 927 1
112 1137 1
112 1189 1
112 1224 1
112 1702 1
112 1750 1
112 1845 1
112 1985 1
113 87 1
113 102 1
113 116 1
113 264 1
113 518 1
113 724 1
113 1197 1
113 1318 1
113 1377 1
113 1385 1
113 1776 1
113 1965 1
114 45 1
114 129 1
114 136 1
114 169 1
114 177 1
114 297 1
114 354 1
114 404 1
114 411 1
114 553 1
114 623 1
114 648 1
114 678 1
114 680 1
114 843 1
114 859 1
114 1006 1
114 1096 1
114 1305 1
114 1314 1
114 1454 1
114 1469 1
114 1514 1
114 1538 1
114 1638 1
114 1677 1
114 1810 1
114 1817 1
114 1893 1
114 1909 1
114 1946 1
114 2005 1
114 2029 1
115 28 1
115 34 1
115 49 1
115 110 1
115 127 1
115 281 1
115 565 1
115 608 1
115 689 1
115 718 1
115 776 1
115 887 1
115 922 1
115 934 1
115 1123 1
115 1134 1
115 1216 1
115 1245 1
115 1258 1
115 1267 1
115 1287 1
115 1288 1
115 1373 1
115 1395 1
115 1517 1
115 1539 1
115 1652 1
115 1721 1
115 1732 1
115 1792 1
115 1825 1
115 1826 1
115 1879 1
115 1888 1
115 2001 1
116 19 1
116 148 1
116 161 1
116 246 1
116 332 1
116 358 1
116 362 1
116 384 1
116 387 1
116 408 1
116 417 1
116 468 1
116 470 1
116 478 1
116 490 1
116 497 1
116 511 1
116 550 1
116 636 1
116 693 1
116 821 1
116 862 1
116 880 1
116 989 1
116 1073 1
116 1084 1
116 1125 1
116 1143 1
116 1183 1
116 1231 1
116 1348 1
116 1418 1
116 1478 1
116 1500 1
116 1584 1
116 1605 1
116 1621 1
116 1648 1
116 1819 1
116 1877 1
116 1948 1
116 1977 1
116 2010 1
117 28 1
117 69 1
117 82 1
117 181 1
117 273 1
117 341 1
117 350 1
117 373 1
117 515 1
117 525 1
117 559 1
117 568 1
117 607 1
117 632 1
117 659 1
117 692 1
117 697 1
117 713 1
117 752 1
117 779 1
117 790 1
117 939 1
117 942 1
117 948 1
117 1292 1
117 1304 1
117 1396 1
117 1512 1
117 1536 1
117 1587 1
117 1728 1
117 1729 1
117 1734 1
117 1880 1
117 1940 1
118 9 1
118 42 1
118 448 1
118 802 1
118 1099 1
118 1190 1
118 1194 1
118 1307 1
118 1358 1
118 1422 1
118 1479 1
118 1644 1
118 1647 1
118 1960 1
119 29 1
119 143 1
119 283 1
119 424 1
119 447 1
119 471 1
119 493 1
119 536 1
119 580 1
119 771 1
119 825 1
119 999 1
119 1063 1
119 1203 1
119 1473 1
119 1594 1
119 1663 1
119 1673 1
119 1851 1
119 1920 1
119 1990 1
119 2024 1
120 4 1
120 570 1
120 633 1
120 664 1
120 793 1
120 943 1
120 962 1
120 1085 1
120 1212 1
120 1334 1
120 1408 1
120 1444 1
120 1518 1
120 1525 1
120 1961 1
121 12 1
121 74 1
121 168 1
121 576 1
121 1089 1
121 1303 1
121 1341 1
121 1438 1
121 1667 1
121 1972 1
122 204 1
122 394 1
122 472 1
122 775 1
122 921 1
122 1076 1
122 1276 1
122 1616 1
122 1889 1
123 27 1
123 386 1
123 677 1
123 1150 1
123 1220 1
123 1908 1
124 19 1
124 275 1
124 901 1
124 910 1
124 1601 1
124 1661 1
124 1716 1
125 27 1
125 40 1
125 121 1
125 334 1
125 1121 1
125 1363 1
125 1749 1
125 1838 1
125 1970 1
126 4 1
126 22 1
126 37 1
126 43 1
126 331 1
126 379 1
126 890 1
126 1568 1
127 333 1
127 541 1
127 1087 1
127 1226 1
127 1243 1
127 1591 1
128 35 1
128 61 1
128 196 1
128 560 1
128 894 1
128 987 1
128 1384 1
128 1392 1
128 1402 1
128 1767 1
128 1989 1
129 9 1
129 29 1
129 312 1
129 342 1
129 669 1
129 830 1
129 848 1
129 957 1
129 1335 1
129 1414 1
129 1657 1
129 1753 1
129 1887 1
129 1910 1
129 1950 1
129 1978 1
130 23 1
130 90 1
130 187 1
130 211 1
130 325 1
130 426 1
130 427 1
130 436 1
130 450 1
130 586 1
130 673 1
130 751 1
130 811 1
130 852 1
130 916 1
130 1024 1
130 1079 1
130 1114 1
130 1223 1
130 1273 1
130 1480 1
130 1565 1
130 1571 1
130 1801 1
130 1831 1
130 1840 1
130 2026 1
131 17 1
131 44 1
131 81 1
131 163 1
131 245 1
131 284 1
131 398 1
131 534 1
131 709 1
131 732 1
131 759 1
131 812 1
131 991 1
131 1048 1
131 1066 1
131 1130 1
131 1246 1
131 1337 1
131 1345 1
131 1420 1
131 1441 1
131 1443 1
131 1455 1
131 1508 1
131 1556 1
131 1577 1
131 1620 1
131 1655 1
131 1769 1
131 1773 1
131 1886 1
131 1931 1
131 1958 1
132 62 1
132 67 1
132 98 1
132 141 1
132 256 1
132 321 1
132 438 1
132 530 1
132 624 1
132 836 1
132 846 1
132 952 1
132 955 1
132 1004 1
132 1025 1
132 1052 1
132 1208 1
132 1275 1
132 1456 1
132 1516 1
132 1526 1
132 1528 1
132 1534 1
132 1561 1
132 1581 1
132 1608 1
132 1685 1
132 1739 1
132 1755 1
132 1823 1
132 1854 1
132 1860 1
132 1881 1
132 1942 1
133 80 1
133 118 1
133 170 1
133 271 1
133 319 1
133 335 1
133 340 1
133 401 1
133 428 1
133 462 1
133 585 1
133 587 1
133 663 1
133 844 1
133 865 1
133 885 1
133 918 1
133 1095 1
133 1206 1
133 1285 1
133 1294 1
133 1421 1
133 1467 1
133 1489 1
133 1548 1
133 1658 1
133 1715 1
133 1724 1
133 1922 1
133 2017 1
133 2038 1
133 2040 1
133 2044 1
134 29 1
134 40 1
134 135 1
134 145 1
134 219 1
134 229 1
134 257 1
134 595 1
134 635 1
134 640 1
134 705 1
134 872 1
134 965 1
134 1263 1
134 1572 1
134 1578 1
134 1585 1
134 1882 1
134 1926 1
134 1928 1
135 14 1
135 76 1
135 140 1
135 186 1
135 210 1
135 435 1
135 667 1
135 706 1
135 739 1
135 1160 1
135 1175 1
135 1237 1
135 1268 1
135 1333 1
135 1343 1
135 1463 1
135 1649 1
135 1768 1
135 2013 1
135 2023 1
136 6 1
136 19 1
136 122 1
136 155 1
136 162 1
136 235 1
136 323 1
136 665 1
136 896 1
136 908 1
136 1032 1
136 1067 1
136 1104 1
136 1624 1
136 1640 1
136 1833 1
136 1986 1
137 6 1
137 784 1
137 797 1
137 801 1
137 882 1
137 1302 1
137 1378 1
137 1924 1
138 27 1
138 881 1
138 897 1
138 1308 1
138 1357 1
138 1369 1
138 1579 1
138 1876 1
138 1983 1
138 1994 1
139 18 1
139 28 1
139 262 1
139 409 1
139 886 1
139 1210 1
139 1236 1
139 1264 1
139 1295 1
139 1347 1
139 1834 1
140 603 1
140 911 1
140 954 1
140 1086 1
141 13 1
141 29 1
141 372 1
141 1033 1
141 1413 1
142 20 1
142 226 1
142 1193 1
142 1311 1
142 1588 1
142 2002 1
143 104 1
143 336 1
143 444 1
143 479 1
143 1507 1
143 1708 1
143 1816 1
144 14 1
144 16 1
144 195 1
144 259 1
144 299 1
144 337 1
144 651 1
144 1111 1
144 1241 1
144 1778 1
145 24 1
145 30 1
145 313 1
145 329 1
145 598 1
145 899 1
145 1038 1
145 1192 1
145 1271 1
145 1498 1
145 1814 1
146 10 1
146 93 1
146 147 1
146 487 1
146 782 1
146 818 1
146 824 1
146 827 1
146 1081 1
146 1120 1
146 1167 1
146 1261 1
146 1544 1
146 1678 1
146 1731 1
146 1915 1
147 227 1
147 328 1
147 376 1
147 464 1
147 593 1
147 610 1
147 625 1
147 803 1
147 1110 1
147 1155 1
147 1277 1
147 1699 1
147 1712 1
147 1839 1
147 1884 1
147 1941 1
147 1945 1
147 1949 1
147 2031 1
148 38 1
148 405 1
148 406 1
148 423 1
148 492 1
148 495 1
148 496 1
148 581 1
148 654 1
148 720 1
148 744 1
148 796 1
148 936 1
148 1278 1
148 1310 1
148 1404 1
148 1542 1
148 1570 1
148 1630 1
148 1631 1
148 1789 1
148 1885 1
148 1913 1
149 32 1
149 71 1
149 108 1
149 252 1
149 339 1
149 393 1
149 433 1
149 545 1
149 571 1
149 583 1
149 652 1
149 703 1
149 704 1
149 710 1
149 758 1
149 816 1
149 935 1
149 1131 1
149 1209 1
149 1222 1
149 1251 1
149 1293 1
149 1368 1
149 1471 1
149 1515 1
149 1537 1
149 1580 1
149 1617 1
149 1656 1
149 1696 1
149 1873 1
149 1902 1
149 1933 1
150 100 1
150 254 1
150 255 1
150 277 1
150 303 1
150 317 1
150 399 1
150 767 1
150 819 1
150 854 1
150 960 1
150 1016 1
150 1144 1
150 1145 1
150 1173 1
150 1464 1
150 1523 1
150 1574 1
150 1720 1
150 1765 1
150 1872 1
150 1912 1
151 248 1
151 602 1
151 666 1
151 799 1
151 845 1
151 1011 1
151 1232 1
151 1350 1
151 1562 1
151 2027 1
152 58 1
152 77 1
152 200 1
152 203 1
152 320 1
152 349 1
152 543 1
152 769 1
152 1450 1
152 1597 1
152 1676 1
152 1907 1
153 209 1
153 556 1
153 584 1
153 814 1
153 1822 1
154 193 1
154 291 1
154 979 1
154 1115 1
154 1140 1
154 1787 1
154 1846 1
154 1919 1
155 544 1
155 1132 1
155 1211 1
155 1488 1
156 251 1
156 269 1
156 274 1
156 562 1
156 563 1
156 933 1
157 1279 1
157 1346 1
157 1484 1
157 1675 1
157 1688 1
157 1738 1
157 1966 1
158 107 1
158 318 1
158 1074 1
158 1336 1
158 1808 1
159 290 1
159 685 1
159 817 1
159 849 1
159 1249 1
159 1290 1
160 185 1
160 231 1
160 392 1
160 1022 1
160 1028 1
160 1035 1
160 1054 1
160 1092 1
160 1154 1
160 1257 1
160 1354 1
160 1558 1
160 1590 1
160 1794 1
161 94 1
161 833 1
161 1037 1
161 1477 1
161 1705 1
161 1866 1
161 1976 1
162 66 1
162 106 1
162 205 1
162 307 1
162 357 1
162 418 1
162 719 1
162 808 1
162 864 1
162 1039 1
162 1128 1
162 1141 1
162 1566 1
162 1683 1
162 1698 1
162 1777 1
162 1795 1
162 1797 1
162 1864 1
162 1867 1
162 2019 1
162 2043 1
163 48 1
163 59 1
163 125 1
163 157 1
163 199 1
163 272 1
163 310 1
163 353 1
163 359 1
163 381 1
163 390 1
163 459 1
163 656 1
163 701 1
163 735 1
163 980 1
163 1040 1
163 1300 1
163 1431 1
163 1741 1
163 1812 1
163 1868 1
164 111 1
164 119 1
164 153 1
164 202 1
164 213 1
164 220 1
164 403 1
164 430 1
164 499 1
164 523 1
164 526 1
164 671 1
164 807 1
164 879 1
164 893 1
164 907 1
164 945 1
164 988 1
164 1031 1
164 1186 1
164 1269 1
164 1316 1
164 1325 1
164 1412 1
164 1436 1
164 1495 1
164 1615 1
164 1627 1
164 1700 1
164 1701 1
164 1754 1
164 1788 1
164 1790 1
164 1892 1
164 1894 1
164 1911 1
164 1916 1
165 112 1
165 114 1
165 174 1
165 191 1
165 198 1
165 288 1
165 378 1
165 554 1
165 590 1
165 591 1
165 634 1
165 645 1
165 712 1
165 863 1
165 913 1
165 926 1
165 1001 1
165 1008 1
165 1126 1
165 1158 1
165 1407 1
165 1429 1
165 1468 1
165 1487 1
165 1899 1
165 2030 1
166 439 1
166 458 1
166 684 1
166 727 1
166 747 1
166 788 1
166 806 1
166 984 1
166 1382 1
166 1411 1
166 1704 1
166 1709 1
166 1722 1
166 1953 1
166 2007 1
167 60 1
167 78 1
167 115 1
167 130 1
167 223 1
167 296 1
167 605 1
167 618 1
167 672 1
167 691 1
167 906 1
167 961 1
167 985 1
167 1042 1
167 1133 1
167 1214 1
167 1340 1
167 1762 1
168 197 1
168 529 1
168 555 1
168 745 1
168 914 1
168 1163 1
168 1759 1
168 1995 1
169 579 1
169 964 1
169 1599 1
170 92 1
170 773 1
170 800 1
170 1080 1
170 1225 1
170 1323 1
170 1791 1
171 630 1
171 763 1
171 1535 1
172 442 1
172 466 1
172 820 1
172 1519 1
172 1780 1
173 160 1
174 144 1
174 410 1
174 589 1
174 1219 1
174 1751 1
174 1796 1
174 1869 1
174 2042 1
175 414 1
175 828 1
175 932 1
175 1457 1
176 206 1
176 263 1
176 363 1
176 422 1
176 437 1
176 473 1
176 731 1
176 1049 1
176 1149 1
176 1390 1
176 1393 1
176 1430 1
176 1612 1
176 1793 1
176 1836 1
176 1843 1
176 1856 1
176 2021 1
177 51 1
177 164 1
177 539 1
177 566 1
177 641 1
177 687 1
177 728 1
177 876 1
177 889 1
177 1057 1
177 1091 1
177 1106 1
177 1122 1
177 1360 1
177 1365 1
177 1372 1
177 1380 1
177 1529 1
177 1635 1
177 1671 1
177 1746 1
177 1984 1
177 2022 1
178 103 1
178 138 1
178 139 1
178 236 1
178 338 1
178 360 1
178 370 1
178 397 1
178 601 1
178 711 1
178 736 1
178 768 1
178 810 1
178 967 1
178 1181 1
178 1200 1
178 1272 1
178 1328 1
178 1332 1
178 1417 1
178 1607 1
178 1665 1
178 1687 1
178 1771 1
178 2016 1
178 2020 1
179 72 1
179 124 1
179 240 1
179 270 1
179 324 1
179 383 1
179 453 1
179 477 1
179 637 1
179 850 1
179 1023 1
179 1136 1
179 1138 1
179 1187 1
179 1205 1
179 1297 1
179 1426 1
179 1619 1
179 1697 1
179 1821 1
179 1849 1
179 1917 1
179 2008 1
179 2045 1
180 105 1
180 267 1
180 308 1
180 425 1
180 688 1
180 743 1
180 842 1
180 929 1
180 959 1
180 1148 1
180 1169 1
180 1180 1
180 1188 1
180 1359 1
180 1435 1
180 1460 1
180 1524 1
180 1557 1
180 1745 1
180 1756 1
180 1799 1
180 1957 1
180 2037 1
181 53 1
181 207 1
181 241 1
181 388 1
181 407 1
181 483 1
181 538 1
181 683 1
181 737 1
181 1069 1
181 1070 1
181 1286 1
181 1315 1
181 1425 1
181 1520 1
181 1775 1
181 1934 1
182 189 1
182 738 1
182 1019 1
182 1282 1
182 1465 1
182 1499 1
182 1611 1
183 173 1
183 551 1
183 1072 1
184 1238 1
186 201 1
186 1240 1
187 695 1
188 1198 1
189 778 1
189 1629 1
189 1835 1
190 946 1
190 1695 1
190 1725 1
191 517 1
191 574 1
191 873 1
191 1409 1
191 1650 1
191 1824 1
191 1871 1
191 1935 1
192 50 1
192 352 1
192 366 1
192 469 1
192 588 1
192 870 1
192 1056 1
192 1633 1
192 1937 1
192 1952 1
193 101 1
193 402 1
193 429 1
193 714 1
193 1015 1
193 1088 1
193 1101 1
193 1229 1
193 1452 1
193 1496 1
193 1552 1
193 1600 1
193 1626 1
193 1654 1
193 1748 1
193 1786 1
193 1938 1
193 1956 1
193 1988 1
194 546 1
194 629 1
194 950 1
194 1221 1
194 1399 1
194 1569 1
194 1714 1
194 1726 1
194 1923 1
195 56 1
195 142 1
195 180 1
195 400 1
195 467 1
195 552 1
195 573 1
195 794 1
195 938 1
195 1093 1
195 1530 1
195 1623 1
195 1703 1
195 1764 1
195 1830 1
195 1992 1
196 289 1
196 582 1
196 1553 1
197 249 1
197 461 1
197 1259 1
197 1339 1
197 2015 1
198 150 1
198 993 1
198 1853 1
198 2018 1
198 2039 1
199 699 1
200 1555 1
204 84 1
204 644 1
204 1980 1
205 149 1
205 234 1
205 412 1
205 1119 1
205 1152 1
205 1964 1
206 151 1
206 268 1
206 345 1
206 1007 1
206 1021 1
206 1312 1
206 1394 1
206 1527 1
206 1878 1
206 1997 1
207 176 1
207 371 1
207 455 1
207 540 1
207 626 1
207 1060 1
207 1064 1
207 1179 1
207 1391 1
207 1445 1
207 1453 1
207 1563 1
207 1813 1
207 1870 1
207 1955 1
208 184 1
208 215 1
208 311 1
208 604 1
208 765 1
208 785 1
208 1058 1
208 1071 1
208 1199 1
208 1228 1
208 1462 1
208 1532 1
208 1609 1
208 1828 1
208 1930 1
209 39 1
209 54 1
209 131 1
209 377 1
209 382 1
209 385 1
209 525 1
209 614 1
209 660 1
209 1077 1
209 1162 1
209 1182 1
209 1254 1
209 1324 1
209 1383 1
209 1398 1
209 1492 1
209 1510 1
209 1641 1
209 1740 1
209 1841 1
210 88 1
210 133 1
210 279 1
210 295 1
210 978 1
210 1065 1
210 1082 1
210 1164 1
210 1320 1
210 1503 1
210 1669 1
210 1890 1
210 2034 1
211 154 1
211 374 1
211 391 1
211 419 1
211 434 1
211 748 1
211 792 1
211 920 1
211 998 1
211 1161 1
211 1589 1
211 1943 1
211 1959 1
211 1974 1
212 99 1
212 304 1
212 770 1
212 1047 1
212 1829 1
213 361 1
213 368 1
213 627 1
213 861 1
213 1009 1
214 96 1
214 1379 1
214 1459 1
214 1493 1
214 1865 1
215 722 1
215 781 1
215 1798 1
216 615 1
216 631 1
216 930 1
216 1342 1
217 306 1
217 755 1
217 1000 1
218 1356 1
221 109 1
221 172 1
221 841 1
221 1166 1
221 1171 1
221 1863 1
221 1921 1
221 1947 1
221 2003 1
222 137 1
222 302 1
222 480 1
222 524 1
222 557 1
222 575 1
222 639 1
222 966 1
222 1108 1
222 1147 1
222 1172 1
222 1330 1
222 1352 1
222 1387 1
222 1397 1
222 1576 1
222 1733 1
222 1737 1
222 1781 1
222 2000 1
223 280 1
223 456 1
223 643 1
223 750 1
223 766 1
223 860 1
223 874 1
223 953 1
223 981 1
223 1030 1
223 1062 1
223 1100 1
223 1247 1
223 1385 1
223 1424 1
223 1440 1
223 1533 1
223 1610 1
223 1642 1
223 1686 1
223 1732 1
223 1859 1
223 1963 1
223 1979 1
223 1991 1
224 70 1
224 75 1
224 126 1
224 167 1
224 233 1
224 238 1
224 463 1
224 512 1
224 628 1
224 681 1
224 717 1
224 742 1
224 791 1
224 813 1
224 903 1
224 1034 1
224 1043 1
224 1068 1
224 1270 1
224 1593 1
224 1602 1
224 1694 1
224 1742 1
224 1900 1
224 1905 1
224 1996 1
225 132 1
225 230 1
225 503 1
225 649 1
225 675 1
225 746 1
225 787 1
225 823 1
225 944 1
225 1045 1
225 1112 1
225 1480 1
225 1504 1
225 1550 1
225 1598 1
225 1618 1
225 1857 1
225 1896 1
225 1929 1
226 488 1
226 564 1
226 668 1
226 674 1
226 676 1
226 762 1
226 990 1
226 995 1
226 999 1
226 1018 1
226 1143 1
226 1218 1
226 1322 1
226 1442 1
226 1993 1
227 619 1
227 621 1
227 730 1
227 772 1
227 805 1
227 1177 1
227 1196 1
227 1376 1
227 1551 1
227 1628 1
227 1729 1
227 1895 1
227 1987 1
228 502 1
228 740 1
228 853 1
228 1124 1
228 1156 1
228 1289 1
228 1446 1
228 1479 1
228 1606 1
228 1682 1
228 1735 1
228 1761 1
228 1766 1
228 2024 1
229 86 1
229 322 1
229 501 1
229 609 1
229 661 1
229 733 1
229 1005 1
229 1107 1
229 1367 1
229 1596 1
230 47 1
230 113 1
230 134 1
230 315 1
230 924 1
230 1758 1
231 611 1
231 613 1
231 682 1
231 900 1
231 1852 1
232 521 1
232 612 1
232 1476 1
233 971 1
233 1975 1
234 655 1
234 1165 1
234 1298 1
234 1502 1
235 653 1
236 904 1
236 1191 1
236 1485 1
237 355 1
237 657 1
237 679 1
237 1157 1
238 165 1
238 465 1
238 484 1
238 522 1
238 774 1
238 1002 1
238 1027 1
238 1255 1
238 1329 1
238 1331 1
238 1419 1
238 1434 1
238 1800 1
238 1848 1
239 192 1
239 242 1
239 292 1
239 346 1
239 498 1
239 801 1
239 877 1
239 992 1
239 1195 1
239 1235 1
239 1266 1
239 1296 1
239 1299 1
239 1423 1
239 1472 1
239 1684 1
239 1710 1
239 1713 1
239 1774 1
239 1779 1
239 1903 1
240 55 1
240 183 1
240 190 1
240 364 1
240 505 1
240 516 1
240 528 1
240 558 1
240 829 1
240 923 1
240 1017 1
240 1118 1
240 1281 1
240 1474 1
240 1604 1
240 1707 1
240 1730 1
240 1772 1
240 1875 1
240 1883 1
240 2035 1
241 8 1
241 171 1
241 239 1
241 441 1
241 520 1
241 600 1
241 761 1
241 809 1
241 831 1
241 836 1
241 839 1
241 847 1
241 972 1
241 996 1
241 1139 1
241 1176 1
241 1239 1
241 1432 1
241 1586 1
241 1613 1
241 1637 1
241 1639 1
241 1727 1
241 1744 1
241 1855 1
241 1904 1
241 1944 1
241 1967 1
241 1999 1
242 276 1
242 721 1
242 804 1
242 815 1
242 826 1
242 1029 1
242 1059 1
242 1061 1
242 1184 1
242 1262 1
242 1317 1
242 1815 1
242 2032 1
242 2047 1
243 49 1
243 64 1
243 445 1
243 690 1
243 760 1
243 915 1
243 976 1
243 1129 1
243 1183 1
243 1543 1
243 1632 1
243 1661 1
243 1940 1
243 2004 1
243 2014 1
244 65 1
244 182 1
244 243 1
244 485 1
244 504 1
244 542 1
244 968 1
244 1103 1
244 1256 1
244 1438 1
244 1545 1
244 1549 1
244 1564 1
244 1971 1
244 2009 1
245 175 1
245 940 1
245 1046 1
245 1414 1
245 1587 1
246 519 1
246 837 1
246 840 1
246 1338 1
246 1401 1
246 2033 1
247 266 1
247 333 1
247 468 1
247 1559 1
248 253 1
248 1708 1
249 1242 1
249 1327 1
250 224 1
250 493 1
250 856 1
251 476 1
251 500 1
252 152 1
253 450 1
253 451 1
253 535 1
253 670 1
253 786 1
253 851 1
253 1053 1
253 1105 1
253 1113 1
253 1494 1
253 1614 1
253 1809 1
254 73 1
254 298 1
254 301 1
254 389 1
254 431 1
254 460 1
254 508 1
254 531 1
254 594 1
254 694 1
254 749 1
254 878 1
254 905 1
254 1041 1
254 1117 1
254 1231 1
254 1234 1
254 1371 1
254 1374 1
254 1386 1
254 1389 1
254 1521 1
254 1847 1
255 117 1
255 221 1
255 472 1
255 753 1
255 822 1
255 868 1
255 941 1
255 970 1
255 1151 1
255 1202 1
255 1204 1
255 1215 1
255 1253 1
255 1362 1
255 1400 1
255 1416 1
255 1470 1
255 1672 1
255 1681 1
255 1736 1
255 1770 1
255 1783 1
255 1802 1
255 1969 1
255 1982 1
256 74 1
256 156 1
256 314 1
256 387 1
256 398 1
256 622 1
256 650 1
256 795 1
256 892 1
256 918 1
256 925 1
256 1083 1
256 1159 1
256 1213 1
256 1433 1
256 1643 1
256 1757 1
256 1785 1
256 1803 1
256 1842 1
256 1850 1
257 110 1
257 216 1
257 217 1
257 225 1
257 258 1
257 300 1
257 347 1
257 375 1
257 482 1
257 509 1
257 617 1
257 678 1
257 713 1
257 741 1
257 783 1
257 789 1
257 884 1
257 937 1
257 949 1
257 973 1
257 974 1
257 994 1
257 1014 1
257 1036 1
257 1102 1
257 1326 1
257 1353 1
257 1388 1
257 1437 1
257 1466 1
257 1481 1
257 1513 1
257 1660 1
257 1662 1
257 1692 1
257 1752 1
257 1932 1
257 2011 1
257 2036 1
258 41 1
258 247 1
258 395 1
258 408 1
258 448 1
258 486 1
258 569 1
258 1361 1
258 1636 1
258 1677 1
258 1679 1
258 1750 1
259 362 1
259 415 1
259 536 1
259 616 1
259 975 1
259 977 1
259 1012 1
259 1055 1
259 1201 1
259 1319 1
259 1406 1
259 1415 1
259 1634 1
259 1706 1
259 1820 1
259 1909 1
259 2046 1
260 452 1
260 888 1
260 927 1
260 982 1
260 1305 1
260 1351 1
261 312 1
261 646 1
261 991 1
261 1003 1
261 1483 1
261 1914 1
261 2006 1
262 120 1
262 297 1
262 343 1
262 548 1
262 956 1
262 1427 1
263 52 1
263 57 1
263 475 1
263 830 1
263 901 1
263 1207 1
263 1230 1
263 1355 1
263 1920 1
264 155 1
264 316 1
264 1375 1
264 1490 1
264 1646 1
266 811 1
266 857 1
266 883 1
266 1233 1
266 1428 1
266 1897 1
267 380 1
267 494 1
267 756 1
267 871 1
267 1309 1
267 1825 1
268 294 1
268 497 1
268 1185 1
268 1241 1
268 1288 1
268 1827 1
268 1926 1
268 2012 1
269 83 1
269 228 1
269 326 1
269 489 1
269 572 1
269 686 1
269 838 1
269 862 1
269 898 1
269 1050 1
269 1109 1
269 1217 1
269 1227 1
269 1811 1
269 1906 1
269 2048 1
270 43 1
270 61 1
270 85 1
270 194 1
270 208 1
270 421 1
270 449 1
270 507 1
270 510 1
270 549 1
270 567 1
270 726 1
270 776 1
270 777 1
270 858 1
270 869 1
270 969 1
270 1020 1
270 1146 1
270 1174 1
270 1197 1
270 1556 1
270 1622 1
270 1653 1
270 1804 1
270 1874 1
270 1891 1
270 2010 1
270 2031 1
271 46 1
271 123 1
271 237 1
271 282 1
271 365 1
271 396 1
271 447 1
271 470 1
271 527 1
271 696 1
271 754 1
271 866 1
271 895 1
271 957 1
271 1013 1
271 1402 1
271 1760 1
271 1763 1
271 1832 1
271 1968 1
271 1985 1
271 1998 1
272 212 1
272 232 1
272 278 1
272 348 1
272 423 1
272 514 1
272 1078 1
272 1168 1
272 1301 1
272 1321 1
272 1366 1
272 1458 1
272 1583 1
272 1719 1
272 1747 1
272 1826 1
272 1851 1
272 1927 1
273 121 1
273 264 1
273 271 1
273 367 1
273 420 1
273 481 1
273 532 1
273 704 1
273 723 1
273 764 1
273 909 1
273 945 1
273 947 1
273 1006 1
273 1098 1
273 1250 1
273 1252 1
273 1364 1
273 1381 1
273 1418 1
273 1497 1
273 1501 1
273 1625 1
273 1925 1
273 2002 1
274 222 1
274 323 1
274 373 1
274 491 1
274 561 1
274 606 1
274 835 1
274 1244 1
274 1447 1
274 1522 1
274 1567 1
274 1573 1
274 1575 1
274 1690 1
274 1711 1
274 1782 1
274 1898 1
274 1954 1
274 2023 1
274 2025 1
274 2028 1
275 63 1
275 358 1
275 411 1
275 457 1
275 708 1
275 1084 1
275 1377 1
275 1554 1
275 1776 1
276 67 1
276 320 1
276 662 1
276 702 1
276 802 1
276 1287 1
276 1439 1
276 1655 1
277 707 1
277 986 1
277 1097 1
277 1689 1
278 293 1
278 596 1
278 1306 1
278 1349 1
278 1454 1
278 1648 1
278 1657 1
278 1818 1
279 250 1
279 608 1
279 680 1
279 689 1
279 922 1
279 1422 1
280 821 1
280 1280 1
281 692 1
281 885 1
282 97 1
282 286 1
282 474 1
282 580 1
282 716 1
282 725 1
282 1344 1
282 1482 1
282 1538 1
282 1844 1
283 214 1
283 586 1
284 116 1
284 327 1
284 369 1
284 432 1
284 583 1
284 825 1
284 919 1
284 943 1
284 948 1
284 1403 1
284 1547 1
284 1810 1
284 2044 1
285 177 1
285 597 1
285 599 1
285 1075 1
285 1090 1
285 1116 1
285 1318 1
285 1500 1
285 1536 1
285 1784 1
285 1805 1
285 1961 1
286 143 1
286 146 1
286 265 1
286 428 1
286 443 1
286 958 1
286 1067 1
286 1076 1
286 1085 1
286 1274 1
286 1291 1
286 1334 1
286 1616 1
286 1806 1
286 1880 1
286 1950 1
286 1965 1
287 79 1
287 219 1
287 244 1
287 440 1
287 513 1
287 515 1
287 578 1
287 647 1
287 793 1
287 844 1
287 875 1
287 954 1
287 1089 1
287 1170 1
287 1178 1
287 1370 1
287 1395 1
287 1509 1
287 1539 1
287 1582 1
287 1603 1
287 1673 1
287 1946 1
287 1960 1
287 1962 1
287 2017 1
287 2041 1
288 87 1
288 204 1
288 260 1
288 648 1
288 790 1
288 880 1
288 1135 1
288 1248 1
288 1263 1
288 1283 1
288 1284 1
288 1348 1
288 1512 1
288 1534 1
288 1638 1
288 1743 1
288 1839 1
288 1845 1
288 1861 1
288 1877 1
288 1901 1
288 1918 1
289 33 1
289 102 1
289 195 1
289 499 1
289 547 1
289 771 1
289 855 1
289 1267 1
289 1579 1
289 1595 1
289 1647 1
289 1702 1
289 1753 1
289 2001 1
290 127 1
290 658 1
290 1051 1
290 1137 1
290 1451 1
290 1456 1
290 1592 1
290 1768 1
290 1792 1
290 1814 1
291 158 1
291 417 1
291 565 1
291 1463 1
291 1591 1
291 1717 1
291 1807 1
291 1817 1
291 1833 1
291 1862 1
291 1951 1
292 1 1
292 36 1
292 45 1
292 58 1
292 281 1
292 330 1
292 537 1
292 867 1
292 902 1
292 1243 1
292 1478 1
292 1858 1
293 667 1
293 1308 1
293 1506 1
293 2038 1
294 283 1
294 854 1
295 284 1
295 1276 1
296 859 1
296 1026 1
296 1189 1
296 1363 1
297 843 1
297 1024 1
297 1194 1
298 341 1
298 354 1
298 752 1
298 1245 1
298 1728 1
299 305 1
299 659 1
299 798 1
299 1410 1
299 1486 1
300 161 1
300 178 1
300 196 1
300 287 1
300 817 1
300 921 1
300 939 1
300 1273 1
300 1392 1
300 1514 1
300 1630 1
300 1659 1
300 1721 1
301 69 1
301 166 1
301 179 1
301 259 1
301 568 1
301 577 1
301 669 1
301 705 1
301 751 1
301 812 1
301 882 1
301 1134 1
301 1208 1
301 1341 1
301 1443 1
301 1469 1
301 1540 1
301 1693 1
301 1816 1
301 1977 1
302 76 1
302 80 1
302 122 1
302 169 1
302 246 1
302 332 1
302 401 1
302 409 1
302 444 1
302 553 1
302 632 1
302 734 1
302 779 1
302 782 1
302 797 1
302 1224 1
302 1358 1
302 1384 1
302 1420 1
302 1448 1
302 1605 1
302 1649 1
302 1664 1
302 1674 1
302 1685 1
302 1767 1
302 1887 1
302 1892 1
302 1922 1
302 1928 1
302 1948 1
302 1972 1
302 1973 1
302 2005 1
303 159 1
303 218 1
303 331 1
303 350 1
303 624 1
303 665 1
303 709 1
303 814 1
303 928 1
303 987 1
303 1094 1
303 1096 1
303 1145 1
303 1160 1
303 1471 1
303 1526 1
303 1531 1
303 1568 1
303 1577 1
303 1601 1
303 1644 1
303 1668 1
303 1720 1
303 1759 1
303 1762 1
303 1838 1
303 1888 1
303 1931 1
303 1933 1
303 2029 1
304 313 1
304 506 1
304 697 1
304 729 1
304 775 1
304 916 1
304 1042 1
304 1142 1
304 1150 1
304 1292 1
304 1295 1
304 1307 1
304 1465 1
304 1473 1
304 1489 1
304 1665 1
304 1680 1
304 1910 1
305 48 1
305 59 1
305 81 1
305 100 1
305 226 1
305 296 1
305 325 1
305 339 1
305 478 1
305 518 1
305 534 1
305 585 1
305 602 1
305 951 1
305 1123 1
305 1268 1
305 1300 1
305 1303 1
305 1337 1
305 1408 1
305 1518 1
305 1667 1
305 1837 1
305 1912 1
305 1958 1
305 1989 1
306 128 1
306 185 1
306 351 1
306 439 1
306 698 1
306 1004 1
306 1044 1
306 1313 1
306 1335 1
306 1449 1
306 1488 1
306 1970 1
307 160 1
307 533 1
307 620 1
307 664 1
307 926 1
307 942 1
307 955 1
307 1010 1
307 1048 1
307 1343 1
307 1475 1
307 1565 1
307 1749 1
307 1882 1
307 2013 1
308 424 1
308 598 1
308 685 1
308 890 1
308 910 1
308 912 1
308 1333 1
308 1441 1
308 1541 1
308 1584 1
308 1876 1
309 90 1
309 181 1
309 336 1
309 340 1
309 623 1
309 724 1
309 1052 1
309 1678 1
309 1886 1
310 42 1
310 98 1
310 435 1
310 576 1
310 587 1
310 595 1
310 989 1
310 1038 1
310 1588 1
311 145 1
311 1608 1
312 1936 1
314 1571 1
315 1314 1
315 1581 1
315 1691 1
315 1773 1
315 1840 1
315 1983 1
316 211 1
316 334 1
316 390 1
316 454 1
316 464 1
316 780 1
316 891 1
316 997 1
316 1264 1
316 1548 1
317 71 1
317 89 1
317 136 1
317 148 1
317 269 1
317 335 1
317 413 1
317 446 1
317 487 1
317 490 1
317 700 1
317 784 1
317 1032 1
317 1066 1
317 1127 1
317 1304 1
317 1347 1
317 1421 1
317 1461 1
317 1621 1
317 1645 1
317 1663 1
317 1854 1
317 1879 1
317 1884 1
317 1981 1
318 53 1
318 188 1
318 203 1
318 261 1
318 273 1
318 384 1
318 394 1
318 438 1
318 462 1
318 530 1
318 560 1
318 638 1
318 642 1
318 651 1
318 718 1
318 897 1
318 934 1
318 963 1
318 1125 1
318 1158 1
318 1167 1
318 1206 1
318 1212 1
318 1257 1
318 1369 1
318 1560 1
318 1570 1
318 1574 1
318 1666 1
318 1769 1
318 1797 1
318 1823 1
318 1881 1
318 1915 1
318 1939 1
319 91 1
319 103 1
319 107 1
319 114 1
319 118 1
319 135 1
319 168 1
319 174 1
319 257 1
319 344 1
319 356 1
319 372 1
319 427 1
319 541 1
319 590 1
319 637 1
319 693 1
319 703 1
319 757 1
319 758 1
319 819 1
319 894 1
319 908 1
319 1019 1
319 1087 1
319 1095 1
319 1131 1
319 1236 1
319 1261 1
319 1278 1
319 1302 1
319 1311 1
319 1357 1
319 1405 1
319 1450 1
319 1498 1
319 1624 1
319 1656 1
319 1676 1
319 1688 1
319 1724 1
319 1949 1
319 1995 1
320 32 1
320 44 1
320 62 1
320 95 1
320 112 1
320 124 1
320 142 1
320 163 1
320 251 1
320 256 1
320 277 1
320 329 1
320 381 1
320 405 1
320 492 1
320 543 1
320 603 1
320 663 1
320 737 1
320 744 1
320 848 1
320 872 1
320 886 1
320 931 1
320 1153 1
320 1203 1
320 1373 1
320 1699 1
320 1822 1
320 1868 1
320 1899 1
320 1986 1
321 186 1
321 255 1
321 290 1
321 342 1
321 379 1
321 416 1
321 479 1
321 592 1
321 732 1
321 739 1
321 881 1
321 896 1
321 917 1
321 1130 1
321 1275 1
321 1325 1
321 1455 1
321 1491 1
321 1511 1
321 1524 1
321 1924 1
321 1941 1
322 141 1
322 162 1
322 285 1
322 321 1
322 511 1
322 554 1
322 630 1
322 640 1
322 827 1
322 935 1
322 1063 1
322 1192 1
322 1525 1
322 1670 1
322 1765 1
323 94 1
323 147 1
323 566 1
323 715 1
323 720 1
323 852 1
323 1023 1
323 1111 1
323 1200 1
323 1223 1
323 1444 1
323 1700 1
323 2019 1
324 130 1
324 229 1
324 349 1
324 652 1
324 1028 1
324 1205 1
324 1505 1
325 319 1
325 483 1
325 952 1
325 960 1
325 965 1
325 1585 1
325 2027 1
326 38 1
326 559 1
326 979 1
326 1079 1
326 1173 1
326 1354 1
327 144 1
327 933 1
327 1507 1
327 1535 1
327 2020 1
327 2042 1
328 743 1
328 1819 1
329 673 1
329 864 1
329 1138 1
329 1683 1
329 1953 1
330 1238 1
330 1378 1
330 1426 1
330 1542 1
330 1872 1
330 1913 1
331 35 1
331 210 1
331 581 1
331 1069 1
331 1220 1
331 1594 1
331 1739 1
331 2040 1
332 11 1
332 337 1
332 633 1
332 736 1
332 832 1
332 1260 1
332 1297 1
332 1417 1
332 1546 1
332 1651 1
332 1919 1
333 15 1
333 68 1
333 82 1
333 125 1
333 407 1
333 625 1
333 735 1
333 769 1
333 834 1
333 983 1
333 1073 1
333 1140 1
333 1193 1
333 1216 1
333 1293 1
333 1523 1
333 1544 1
333 1580 1
333 1590 1
333 1751 1
333 1778 1
333 1787 1
333 1794 1
333 1801 1
333 1846 1
333 2026 1
334 2 1
334 17 1
334 106 1
334 115 1
334 129 1
334 140 1
334 187 1
334 191 1
334 262 1
334 309 1
334 397 1
334 406 1
334 418 1
334 436 1
334 471 1
334 473 1
334 550 1
334 629 1
334 706 1
334 865 1
334 962 1
334 1072 1
334 1155 1
334 1350 1
334 1372 1
334 1412 1
334 1425 1
334 1464 1
334 1631 1
334 1789 1
334 1795 1
334 1907 1
334 2043 1
335 180 1
335 275 1
335 291 1
335 378 1
335 496 1
335 570 1
335 591 1
335 593 1
335 605 1
335 607 1
335 610 1
335 759 1
335 788 1
335 818 1
335 863 1
335 899 1
335 936 1
335 1016 1
335 1035 1
335 1110 1
335 1133 1
335 1186 1
335 1246 1
335 1345 1
335 1396 1
335 1404 1
335 1411 1
335 1519 1
335 1558 1
335 1561 1
335 1597 1
335 1620 1
335 1712 1
335 1734 1
335 1957 1
335 2007 1
335 2016 1
336 3 1
336 7 1
336 31 1
336 93 1
336 157 1
336 205 1
336 254 1
336 392 1
336 442 1
336 634 1
336 677 1
336 719 1
336 727 1
336 887 1
336 961 1
336 1092 1
336 1128 1
336 1258 1
336 1294 1
336 1346 1
336 1468 1
336 1516 1
336 1517 1
336 1566 1
336 1640 1
336 1652 1
336 1675 1
336 1715 1
336 1718 1
336 1799 1
336 1893 1
337 227 1
337 235 1
337 245 1
337 252 1
337 338 1
337 544 1
337 571 1
337 799 1
337 1126 1
337 1251 1
337 1285 1
337 1429 1
337 1572 1
337 1777 1
337 1808 1
337 1831 1
337 1834 1
337 1867 1
337 1942 1
337 2008 1
338 12 1
338 111 1
338 193 1
338 353 1
338 404 1
338 562 1
338 654 1
338 688 1
338 808 1
338 914 1
338 1339 1
338 1508 1
338 1698 1
338 1705 1
338 2030 1
339 666 1
339 1037 1
339 1889 1
340 21 1
340 722 1
340 964 1
340 1011 1
340 1477 1
341 386 1
341 433 1
341 1484 1
341 1978 1
342 684 1
342 767 1
342 846 1
342 1114 1
342 1265 1
342 1617 1
342 1755 1
343 209 1
343 303 1
343 1040 1
343 1316 1
344 495 1
344 711 1
344 1873 1
345 78 1
345 202 1
345 223 1
345 849 1
346 19 1
346 170 1
346 231 1
346 248 1
346 636 1
346 980 1
346 1495 1
347 383 1
347 1104 1
347 1190 1
347 1279 1
347 1435 1
347 1723 1
347 1885 1
347 1994 1
348 119 1
348 363 1
348 810 1
348 833 1
348 876 1
348 932 1
348 988 1
348 1210 1
348 1277 1
348 1360 1
349 66 1
349 310 1
349 318 1
349 366 1
349 469 1
349 701 1
349 820 1
349 1099 1
349 1121 1
349 1144 1
349 1226 1
349 1332 1
349 1359 1
349 1436 1
349 1615 1
349 1671 1
349 1716 1
349 1731 1
349 1756 1
349 1771 1
350 60 1
350 104 1
350 220 1
350 370 1
350 402 1
350 426 1
350 458 1
350 529 1
350 635 1
350 644 1
350 645 1
350 828 1
350 842 1
350 911 1
350 985 1
350 1115 1
350 1169 1
350 1228 1
350 1237 1
350 1430 1
350 1612 1
350 1658 1
350 1746 1
350 1754 1
350 1788 1
351 27 1
351 197 1
351 299 1
351 403 1
351 555 1
351 601 1
351 695 1
351 803 1
351 845 1
351 1057 1
351 1086 1
351 1365 1
351 1537 1
351 1607 1
351 1627 1
351 1697 1
351 1704 1
351 1738 1
351 1836 1
352 376 1
352 382 1
352 807 1
352 907 1
352 1033 1
352 1290 1
352 1908 1
353 731 1
353 1269 1
353 1368 1
353 1515 1
353 1528 1
353 1996 1
354 308 1
354 399 1
354 410 1
354 710 1
354 765 1
354 1188 1
354 1222 1
354 1229 1
354 1282 1
354 1849 1
355 23 1
355 393 1
355 459 1
355 1008 1
355 1106 1
355 1232 1
355 1796 1
356 763 1
356 1039 1
356 1163 1
356 1984 1
357 526 1
357 671 1
357 687 1
358 357 1
358 437 1
358 1390 1
358 1487 1
358 1764 1
359 200 1
359 579 1
359 1911 1
360 1081 1
360 1154 1
360 1310 1
360 2022 1
361 30 1
361 816 1
361 1025 1
361 1088 1
361 1132 1
361 1340 1
361 1467 1
362 189 1
362 206 1
362 589 1
362 1001 1
362 1741 1
362 1791 1
362 1812 1
363 77 1
363 105 1
363 138 1
363 267 1
363 279 1
363 368 1
363 551 1
363 712 1
363 745 1
363 1148 1
363 1149 1
363 1272 1
363 1578 1
363 1650 1
363 1696 1
363 1979 1
364 201 1
364 477 1
364 546 1
364 574 1
364 1074 1
364 1141 1
364 1742 1
364 1902 1
365 108 1
365 164 1
365 307 1
365 388 1
365 738 1
365 796 1
365 850 1
365 861 1
365 879 1
365 946 1
365 1022 1
365 1136 1
365 1380 1
365 1623 1
365 1695 1
365 1703 1
365 1856 1
365 1966 1
365 1967 1
365 1990 1
365 2021 1
366 422 1
366 683 1
366 1187 1
366 1219 1
366 1249 1
366 1286 1
366 1552 1
366 1557 1
366 1725 1
367 25 1
367 274 1
367 999 1
367 1031 1
367 1180 1
367 1211 1
367 1312 1
367 1669 1
367 2015 1
368 241 1
368 556 1
368 619 1
368 728 1
368 1271 1
368 1945 1
368 1947 1
369 930 1
369 1056 1
369 1413 1
369 1529 1
369 1864 1
369 1871 1
369 2004 1
370 26 1
370 272 1
370 755 1
371 51 1
371 288 1
371 523 1
371 584 1
371 904 1
371 1225 1
371 1240 1
371 1397 1
371 1431 1
371 1459 1
372 236 1
372 311 1
372 563 1
372 1259 1
372 1935 1
373 54 1
373 656 1
373 773 1
373 1175 1
373 1786 1
374 289 1
374 412 1
374 1520 1
374 1563 1
375 545 1
375 893 1
375 1091 1
375 1562 1
375 1733 1
375 2045 1
376 215 1
376 612 1
376 1938 1
377 270 1
377 455 1
377 466 1
377 792 1
377 929 1
377 959 1
377 1407 1
377 1860 1
378 72 1
378 304 1
378 324 1
378 359 1
378 539 1
378 824 1
378 984 1
378 1077 1
378 1209 1
378 1214 1
378 1382 1
378 1393 1
378 1446 1
378 1452 1
378 1460 1
378 1956 1
378 2003 1
379 778 1
379 805 1
379 1181 1
379 1457 1
379 1549 1
379 1593 1
379 1714 1
379 1869 1
380 213 1
380 360 1
380 1336 1
380 1383 1
380 1576 1
380 1619 1
380 1701 1
380 1745 1
380 1800 1
380 1894 1
380 2039 1
381 18 1
381 28 1
381 150 1
381 430 1
381 766 1
381 785 1
381 841 1
381 1009 1
381 1315 1
381 1503 1
381 1611 1
381 1830 1
381 1988 1
381 1999 1
382 133 1
382 198 1
382 300 1
382 328 1
382 813 1
382 913 1
382 1694 1
382 1748 1
382 1835 1
382 1952 1
383 131 1
383 207 1
383 355 1
383 517 1
383 618 1
383 746 1
383 1021 1
383 1328 1
383 1445 1
383 1504 1
383 1793 1
383 1821 1
383 1866 1
383 1916 1
383 2018 1
384 20 1
384 385 1
384 453 1
384 512 1
384 672 1
384 1045 1
384 1179 1
384 1198 1
384 1684 1
385 419 1
385 445 1
385 615 1
385 950 1
385 992 1
385 1120 1
385 1975 1
386 230 1
386 873 1
386 1070 1
386 1857 1
386 1895 1
387 400 1
387 1499 1
387 1610 1
388 920 1
388 1492 1
388 1930 1
388 1964 1
389 56 1
389 611 1
389 641 1
389 829 1
389 1843 1
390 639 1
390 772 1
390 1641 1
390 1798 1
390 2035 1
391 84 1
391 153 1
391 414 1
391 646 1
391 889 1
391 1496 1
392 1323 1
392 1775 1
392 1853 1
392 1917 1
392 1937 1
393 14 1
393 691 1
393 748 1
393 1064 1
393 1530 1
393 1569 1
393 1737 1
393 1992 1
394 9 1
394 317 1
394 371 1
394 461 1
394 670 1
394 699 1
394 747 1
394 809 1
394 1182 1
394 1331 1
394 1387 1
394 1440 1
394 1589 1
394 1955 1
394 1997 1
395 8 1
395 500 1
395 582 1
395 800 1
395 806 1
395 823 1
395 853 1
395 1007 1
395 1060 1
395 1147 1
395 1462 1
395 1479 1
395 1533 1
395 1629 1
395 1682 1
395 1687 1
395 1780 1
395 1982 1
395 1993 1
396 5 1
396 22 1
396 73 1
396 184 1
396 292 1
396 333 1
396 361 1
396 538 1
396 617 1
396 626 1
396 660 1
396 804 1
396 840 1
396 938 1
396 967 1
396 981 1
396 1071 1
396 1107 1
396 1112 1
396 1472 1
396 1485 1
396 1606 1
396 1635 1
396 1761 1
396 1781 1
396 1824 1
396 1841 1
396 1900 1
396 1944 1
397 13 1
397 52 1
397 190 1
397 268 1
397 467 1
397 540 1
397 552 1
397 655 1
397 947 1
397 1156 1
397 1177 1
397 1204 1
397 1289 1
397 1349 1
397 1409 1
397 1654 1
397 1722 1
397 1740 1
397 1929 1
398 92 1
398 139 1
398 216 1
398 484 1
398 485 1
398 573 1
398 714 1
398 750 1
398 970 1
398 1005 1
398 1093 1
398 1221 1
398 1510 1
398 1553 1
398 1829 1
399 96 1
399 173 1
399 242 1
399 398 1
399 604 1
399 661 1
399 1201 1
399 1218 1
399 1327 1
399 1361 1
399 1474 1
399 1481 1
399 1527 1
399 1550 1
399 1567 1
399 1639 1
399 1752 1
399 2024 1
400 558 1
400 973 1
400 990 1
400 1164 1
400 1172 1
400 1338 1
400 1391 1
400 1521 1
400 1634 1
401 594 1
401 1102 1
401 1253 1
401 2000 1
402 456 1
402 649 1
402 768 1
402 801 1
402 1442 1
402 1551 1
403 70 1
403 86 1
403 493 1
403 1015 1
403 1926 1
404 352 1
405 137 1
405 249 1
405 1453 1
406 50 1
406 781 1
406 1432 1
406 1575 1
406 1599 1
407 1386 1
407 1394 1
407 1732 1
407 1790 1
407 1976 1
408 315 1
408 870 1
408 1342 1
408 1614 1
408 1852 1
408 1934 1
409 117 1
409 149 1
409 151 1
409 176 1
409 263 1
409 522 1
409 831 1
409 837 1
409 877 1
409 1049 1
409 1080 1
409 1199 1
409 1709 1
409 1923 1
409 1991 1
410 564 1
410 588 1
410 653 1
410 975 1
410 1058 1
410 1254 1
410 1362 1
410 1679 1
410 1735 1
410 1870 1
410 1909 1
411 34 1
411 74 1
411 88 1
411 199 1
411 258 1
411 362 1
411 488 1
411 557 1
411 681 1
411 682 1
411 733 1
411 776 1
411 791 1
411 794 1
411 923 1
411 924 1
411 944 1
411 998 1
411 1162 1
411 1196 1
411 1247 1
411 1296 1
411 1424 1
411 1609 1
411 1660 1
411 1729 1
411 1878 1
411 1940 1
411 1974 1
411 1980 1
411 1987 1
411 2028 1
411 2034 1
412 10 1
412 172 1
412 234 1
412 239 1
412 302 1
412 346 1
412 347 1
412 425 1
412 441 1
412 465 1
412 542 1
412 549 1
412 606 1
412 694 1
412 730 1
412 742 1
412 753 1
412 874 1
412 940 1
412 995 1
412 1050 1
412 1101 1
412 1118 1
412 1122 1
412 1157 1
412 1266 1
412 1371 1
412 1433 1
412 1604 1
412 1643 1
412 1828 1
412 1875 1
412 1963 1
412 2011 1
413 132 1
413 276 1
413 306 1
413 614 1
413 627 1
413 628 1
413 770 1
413 888 1
413 906 1
413 993 1
413 1030 1
413 1034 1
413 1241 1
413 1329 1
413 1379 1
413 1401 1
413 1555 1
413 1883 1
413 1898 1
413 1921 1
414 16 1
414 40 1
414 46 1
414 154 1
414 165 1
414 171 1
414 345 1
414 434 1
414 443 1
414 489 1
414 839 1
414 928 1
414 976 1
414 1047 1
414 1108 1
414 1161 1
414 1176 1
414 1195 1
414 1235 1
414 1352 1
414 1480 1
414 1726 1
414 1770 1
414 1774 1
414 1785 1
414 1811 1
414 1859 1
414 1932 1
415 224 1
415 233 1
415 365 1
415 463 1
415 519 1
415 696 1
415 774 1
415 1183 1
415 1242 1
415 1320 1
415 1322 1
415 1628 1
415 1681 1
416 167 1
416 497 1
416 609 1
416 978 1
416 1103 1
416 1124 1
416 1270 1
416 1490 1
416 1637 1
416 1719 1
416 1803 1
417 520 1
417 521 1
417 1062 1
417 1129 1
418 183 1
418 192 1
418 364 1
418 825 1
418 1376 1
419 996 1
419 1493 1
420 126 1
420 156 1
420 903 1
420 1119 1
420 1466 1
421 740 1
421 1398 1
421 1437 1
421 1476 1
421 1813 1
422 1065 1
423 1262 1
423 1388 1
424 374 1
424 431 1
424 450 1
424 535 1
424 826 1
424 1143 1
424 1419 1
424 1865 1
425 109 1
425 238 1
425 240 1
425 314 1
425 480 1
425 502 1
425 525 1
425 531 1
425 536 1
425 674 1
425 878 1
425 1002 1
425 1385 1
425 1626 1
425 1969 1
426 225 1
426 503 1
426 505 1
426 613 1
426 621 1
426 675 1
426 679 1
426 822 1
426 836 1
426 860 1
426 868 1
426 937 1
426 953 1
426 966 1
426 1003 1
426 1053 1
426 1184 1
426 1191 1
426 1532 1
426 1600 1
426 1625 1
426 1633 1
426 1713 1
426 1855 1
426 2006 1
426 2032 1
426 2033 1
427 37 1
427 64 1
427 99 1
427 250 1
427 295 1
427 460 1
427 472 1
427 476 1
427 482 1
427 717 1
427 771 1
427 847 1
427 1166 1
427 1288 1
427 1353 1
427 1356 1
427 1494 1
427 1618 1
427 1708 1
427 1727 1
427 1802 1
427 1914 1
427 2002 1
428 6 1
428 97 1
428 113 1
428 204 1
428 243 1
428 266 1
428 322 1
428 524 1
428 786 1
428 811 1
428 830 1
428 895 1
428 909 1
428 927 1
428 971 1
428 1018 1
428 1054 1
428 1061 1
428 1113 1
428 1171 1
428 1215 1
428 1248 1
428 1298 1
428 1317 1
428 1374 1
428 1395 1
428 1399 1
428 1586 1
428 1636 1
428 1730 1
428 1850 1
428 1903 1
428 1927 1
428 1985 1
429 83 1
429 134 1
429 301 1
429 494 1
429 516 1
429 631 1
429 726 1
429 762 1
429 787 1
429 919 1
429 925 1
429 974 1
429 1068 1
429 1165 1
429 1281 1
429 1305 1
429 1402 1
429 1497 1
429 1613 1
429 1673 1
429 1901 1
429 1905 1
430 39 1
430 75 1
430 123 1
430 127 1
430 789 1
430 798 1
430 844 1
430 856 1
430 918 1
430 949 1
430 1036 1
430 1202 1
430 1233 1
430 1234 1
430 1306 1
430 1583 1
430 1642 1
430 1816 1
430 1971 1
430 2017 1
430 2036 1
430 2047 1
431 155 1
431 217 1
431 244 1
431 247 1
431 377 1
431 548 1
431 668 1
431 713 1
431 1565 1
431 1750 1
431 1783 1
431 2037 1
432 90 1
432 175 1
432 214 1
432 429 1
432 514 1
432 702 1
432 1082 1
432 1904 1
432 1943 1
433 101 1
433 498 1
433 764 1
433 884 1
433 941 1
433 1000 1
433 1502 1
433 1638 1
434 221 1
434 690 1
434 991 1
435 121 1
435 900 1
435 1706 1
436 622 1
436 1959 1
437 575 1
437 707 1
437 741 1
437 1041 1
437 1117 1
438 795 1
438 835 1
438 1213 1
438 1500 1
438 1817 1
439 182 1
439 194 1
439 1027 1
439 1255 1
439 1299 1
440 298 1
440 504 1
440 1406 1
440 1710 1
440 1772 1
441 152 1
441 451 1
441 583 1
441 657 1
441 956 1
441 1400 1
441 1414 1
441 1757 1
441 1766 1
441 1779 1
441 1809 1
441 1851 1
441 1880 1
441 2014 1
442 120 1
442 226 1
442 280 1
442 294 1
442 509 1
442 680 1
442 704 1
442 749 1
442 892 1
442 994 1
442 1059 1
442 1139 1
442 1159 1
442 1319 1
442 1324 1
442 1351 1
442 1366 1
442 1367 1
442 1564 1
442 1582 1
442 1736 1
442 2048 1
443 4 1
443 146 1
443 253 1
443 421 1
443 423 1
443 449 1
443 537 1
443 862 1
443 901 1
443 922 1
443 1043 1
443 1046 1
443 1152 1
443 1185 1
443 1559 1
443 1693 1
443 1758 1
443 1768 1
443 1810 1
443 1863 1
444 49 1
444 116 1
444 312 1
444 326 1
444 358 1
444 572 1
444 716 1
444 752 1
444 883 1
444 968 1
444 1097 1
444 1105 1
444 1256 1
444 1276 1
444 1334 1
444 1335 1
444 1364 1
444 1415 1
444 1513 1
444 1573 1
444 1602 1
444 1646 1
444 1896 1
444 1973 1
445 24 1
445 36 1
445 43 1
445 110 1
445 348 1
445 415 1
445 491 1
445 528 1
445 568 1
445 756 1
445 775 1
445 857 1
445 1075 1
445 1100 1
445 1330 1
445 1416 1
445 1434 1
445 1677 1
445 1717 1
445 1906 1
445 1970 1
445 2010 1
445 2031 1
446 158 1
446 162 1
446 395 1
446 417 1
446 972 1
446 1006 1
446 1020 1
446 1170 1
446 1239 1
446 1418 1
446 1556 1
446 1968 1
446 2012 1
447 188 1
447 208 1
447 284 1
447 320 1
447 375 1
447 569 1
447 676 1
447 725 1
447 871 1
447 945 1
447 1078 1
447 1245 1
447 1483 1
447 1545 1
447 1763 1
447 1847 1
448 508 1
448 905 1
448 1098 1
448 1243 1
448 1470 1
448 1678 1
448 1707 1
448 1747 1
449 452 1
449 685 1
449 1083 1
449 1189 1
449 1314 1
449 1381 1
449 1672 1
450 147 1
450 296 1
450 1377 1
450 1384 1
450 1711 1
451 821 1
451 915 1
451 1363 1
452 286 1
452 692 1
452 754 1
452 1826 1
453 957 1
453 1146 1
453 1792 1
454 323 1
454 1554 1
455 777 1
455 1355 1
455 1403 1
455 1721 1
456 47 1
456 57 1
456 600 1
456 760 1
456 838 1
456 1029 1
456 1067 1
456 1084 1
456 1207 1
456 1662 1
456 1686 1
456 1689 1
457 61 1
457 65 1
457 271 1
457 389 1
457 486 1
457 513 1
457 596 1
457 650 1
457 658 1
457 885 1
457 1427 1
457 1648 1
457 1661 1
457 1825 1
457 2013 1
458 212 1
458 343 1
458 387 1
458 411 1
458 448 1
458 507 1
458 532 1
458 561 1
458 616 1
458 632 1
458 643 1
458 943 1
458 969 1
458 1090 1
458 1133 1
458 1280 1
458 1598 1
458 1861 1
459 58 1
459 87 1
459 293 1
459 325 1
459 444 1
459 697 1
459 1197 1
459 1217 1
459 1230 1
459 1438 1
459 1463 1
459 1522 1
459 1587 1
459 1596 1
459 1616 1
459 1806 1
459 1890 1
460 232 1
460 264 1
460 340 1
460 380 1
460 384 1
460 474 1
460 534 1
460 686 1
460 834 1
460 858 1
460 1012 1
460 1017 1
460 1076 1
460 1151 1
460 1302 1
460 1307 1
460 1309 1
460 1326 1
460 1369 1
460 1428 1
460 1482 1
460 1622 1
460 1776 1
460 1804 1
460 1842 1
460 1848 1
460 1954 1
460 1995 1
460 2023 1
461 63 1
461 144 1
461 160 1
461 191 1
461 367 1
461 439 1
461 678 1
461 723 1
461 815 1
461 1013 1
461 1055 1
461 1300 1
461 1301 1
461 1439 1
461 1447 1
461 1486 1
461 1632 1
461 1690 1
461 1744 1
461 1815 1
461 1886 1
461 1920 1
462 79 1
462 254 1
462 499 1
462 926 1
462 954 1
462 1089 1
462 1137 1
462 1160 1
462 1224 1
462 1263 1
462 1511 1
462 1674 1
462 1854 1
462 1946 1
463 373 1
463 409 1
463 413 1
463 457 1
463 567 1
463 790 1
463 1784 1
463 1823 1
463 2041 1
464 854 1
464 989 1
464 1294 1
464 1456 1
464 1507 1
464 1753 1
465 67 1
465 351 1
465 527 1
465 1135 1
465 1450 1
465 1692 1
465 1910 1
466 102 1
467 1536 1
467 1827 1
468 33 1
468 222 1
468 1308 1
469 80 1
469 779 1
469 1820 1
469 1845 1
469 2009 1
470 316 1
470 1291 1
470 1389 1
470 1410 1
470 1451 1
471 237 1
471 330 1
471 369 1
471 475 1
471 637 1
471 797 1
471 986 1
471 1038 1
471 1839 1
472 880 1
472 948 1
472 1250 1
472 1370 1
472 1668 1
472 1833 1
473 29 1
473 142 1
473 408 1
473 447 1
473 481 1
473 547 1
473 638 1
473 662 1
473 1066 1
473 1138 1
473 1283 1
473 1478 1
473 1702 1
473 1877 1
474 177 1
474 219 1
474 245 1
474 515 1
474 580 1
474 590 1
474 647 1
474 721 1
474 761 1
474 855 1
474 866 1
474 958 1
474 1145 1
474 1231 1
474 1274 1
474 1304 1
474 1405 1
474 1423 1
474 1471 1
474 1584 1
474 1657 1
474 1767 1
474 1862 1
475 44 1
475 166 1
475 195 1
475 211 1
475 218 1
475 265 1
475 332 1
475 565 1
475 648 1
475 869 1
475 875 1
475 897 1
475 910 1
475 961 1
475 977 1
475 1048 1
475 1109 1
475 1134 1
475 1227 1
475 1257 1
475 1284 1
475 1539 1
475 1591 1
475 1592 1
475 1688 1
475 1724 1
475 1832 1
475 1891 1
475 1892 1
475 1897 1
476 69 1
476 185 1
476 327 1
476 331 1
476 424 1
476 518 1
476 599 1
476 669 1
476 705 1
476 744 1
476 1085 1
476 1116 1
476 1251 1
476 1348 1
476 1488 1
476 1570 1
476 1579 1
476 1699 1
476 1922 1
477 62 1
477 85 1
477 228 1
477 229 1
477 287 1
477 603 1
477 651 1
477 729 1
477 882 1
477 902 1
477 1019 1
477 1040 1
477 1150 1
477 1461 1
477 1489 1
477 1498 1
477 1664 1
477 1728 1
477 1773 1
477 1918 1
478 48 1
478 53 1
478 259 1
478 336 1
478 478 1
478 859 1
478 939 1
478 1158 1
478 1295 1
478 1343 1
478 1624 1
478 1714 1
478 1960 1
479 100 1
479 122 1
479 329 1
479 406 1
479 416 1
479 446 1
479 1477 1
479 1514 1
479 1540 1
479 1759 1
479 1933 1
480 354 1
480 817 1
480 1236 1
480 1259 1
480 1547 1
480 1807 1
480 1962 1
480 1965 1
481 143 1
481 736 1
481 1128 1
481 1876 1
482 282 1
482 297 1
482 578 1
482 1244 1
482 1344 1
483 32 1
483 381 1
483 427 1
483 751 1
483 898 1
483 1190 1
483 1194 1
483 1603 1
483 1858 1
484 734 1
484 1769 1
485 349 1
485 1420 1
485 1422 1
486 196 1
486 468 1
486 689 1
486 1212 1
486 1341 1
486 2025 1
487 178 1
487 812 1
487 896 1
487 916 1
487 1373 1
487 1595 1
488 55 1
488 350 1
488 391 1
488 553 1
488 577 1
488 793 1
488 1264 1
488 1568 1
488 1630 1
488 1647 1
488 1685 1
488 1814 1
488 1931 1
488 1998 1
488 2044 1
489 136 1
489 163 1
489 281 1
489 597 1
489 598 1
489 608 1
489 624 1
489 737 1
489 780 1
489 1014 1
489 1261 1
489 1273 1
489 1526 1
489 1548 1
489 1655 1
489 1743 1
489 1777 1
489 1879 1
489 2005 1
489 2027 1
489 2038 1
490 255 1
490 394 1
490 432 1
490 510 1
490 570 1
490 595 1
490 640 1
490 715 1
490 718 1
490 757 1
490 820 1
490 951 1
490 997 1
490 1142 1
490 1303 1
490 1321 1
490 1473 1
490 1542 1
490 1620 1
490 1912 1
490 1936 1
490 1961 1
491 1 1
491 82 1
491 94 1
491 405 1
491 428 1
491 511 1
491 541 1
491 642 1
491 708 1
491 802 1
491 861 1
491 955 1
491 1131 1
491 1220 1
491 1421 1
491 1524 1
491 1534 1
491 1608 1
491 1644 1
491 1818 1
491 1868 1
491 1977 1
491 2001 1
492 161 1
492 169 1
492 246 1
492 257 1
492 334 1
492 390 1
492 462 1
492 501 1
492 665 1
492 703 1
492 739 1
492 819 1
492 935 1
492 1016 1
492 1087 1
492 1174 1
492 1279 1
492 1375 1
492 1544 1
492 1805 1
492 1837 1
492 1942 1
493 344 1
493 487 1
493 533 1
493 652 1
493 664 1
493 743 1
493 784 1
493 1032 1
493 1208 1
493 1435 1
493 1667 1
493 1700 1
493 1797 1
493 1840 1
494 81 1
494 159 1
494 277 1
494 496 1
494 587 1
494 720 1
494 914 1
494 1026 1
494 1238 1
494 1408 1
494 1448 1
494 1512 1
494 1519 1
494 1924 1
494 2046 1
495 106 1
495 260 1
495 490 1
495 586 1
495 684 1
495 964 1
495 1010 1
495 1454 1
495 1468 1
495 1580 1
495 1631 1
495 1749 1
495 1764 1
495 1950 1
495 1951 1
496 828 1
496 1188 1
496 1566 1
496 1574 1
496 1656 1
497 227 1
497 313 1
497 698 1
497 851 1
497 864 1
497 1612 1
497 1925 1
498 667 1
498 881 1
499 602 1
500 1368 1
501 566 1
501 899 1
501 1153 1
501 1538 1
501 1546 1
501 1983 1
502 95 1
502 135 1
502 623 1
502 1691 1
502 1888 1
503 59 1
503 436 1
503 908 1
503 933 1
503 1096 1
503 1487 1
503 1653 1
503 1762 1
503 1958 1
503 1996 1
504 45 1
504 91 1
504 112 1
504 157 1
504 724 1
504 982 1
504 1173 1
504 1200 1
504 1206 1
504 1260 1
504 1441 1
504 1458 1
504 1506 1
504 1509 1
504 1601 1
504 1882 1
504 1939 1
504 1957 1
505 115 1
505 140 1
505 179 1
505 181 1
505 186 1
505 205 1
505 366 1
505 372 1
505 383 1
505 386 1
505 464 1
505 506 1
505 625 1
505 636 1
505 758 1
505 783 1
505 891 1
505 936 1
505 963 1
505 1051 1
505 1192 1
505 1333 1
505 1455 1
505 1501 1
505 1543 1
505 1605 1
505 1663 1
505 1683 1
505 1739 1
505 1989 1
506 11 1
506 42 1
506 125 1
506 128 1
506 145 1
506 319 1
506 339 1
506 418 1
506 576 1
506 585 1
506 732 1
506 814 1
506 886 1
506 931 1
506 1042 1
506 1123 1
506 1347 1
506 1417 1
506 1425 1
506 1495 1
506 1594 1
506 1659 1
506 1760 1
506 1913 1
507 76 1
507 78 1
507 130 1
507 180 1
507 267 1
507 321 1
507 341 1
507 420 1
507 620 1
507 693 1
507 865 1
507 942 1
507 985 1
507 987 1
507 1210 1
507 1277 1
507 1392 1
507 1396 1
507 1413 1
507 1436 1
507 1516 1
507 1523 1
507 1537 1
507 1581 1
507 1884 1
507 2029 1
507 2040 1
508 71 1
508 89 1
508 93 1
508 114 1
508 170 1
508 210 1
508 262 1
508 379 1
508 442 1
508 454 1
508 530 1
508 799 1
508 843 1
508 867 1
508 980 1
508 1094 1
508 1130 1
508 1168 1
508 1297 1
508 1311 1
508 1313 1
508 1357 1
508 1475 1
508 1801 1
508 1819 1
508 1941 1
509 129 1
509 202 1
509 283 1
509 378 1
509 470 1
509 592 1
509 950 1
509 1063 1
509 1074 1
509 1223 1
509 1267 1
509 1431 1
509 1508 1
509 1695 1
510 231 1
510 495 1
510 559 1
510 630 1
510 659 1
510 1249 1
510 1590 1
510 1607 1
510 1705 1
510 1718 1
510 1778 1
511 671 1
511 1167 1
511 1175 1
511 1205 1
511 1794 1
511 1846 1
511 1972 1
512 193 1
512 273 1
512 363 1
512 810 1
512 1325 1
512 1449 1
512 1872 1
512 1949 1
513 307 1
513 396 1
513 1873 1
514 769 1
514 1528 1
514 1652 1
515 979 1
515 1044 1
515 1127 1
515 1275 1
515 1318 1
515 1337 1
515 1393 1
515 1986 1
516 220 1
516 610 1
516 1292 1
516 1787 1
516 1796 1
517 15 1
517 706 1
517 827 1
518 17 1
518 141 1
518 735 1
518 960 1
518 1577 1
518 1617 1
519 261 1
519 709 1
519 767 1
519 1293 1
519 1465 1
519 1531 1
519 1720 1
519 1881 1
519 1948 1
520 3 1
520 118 1
520 174 1
520 269 1
520 305 1
520 337 1
520 459 1
520 543 1
520 700 1
520 848 1
520 921 1
520 999 1
520 1028 1
520 1095 1
520 1155 1
520 1237 1
520 1278 1
520 1358 1
520 1372 1
520 1505 1
520 1560 1
520 1623 1
520 1649 1
520 1698 1
520 1765 1
520 1836 1
520 1838 1
520 1919 1
521 2 1
521 12 1
521 107 1
521 119 1
521 124 1
521 148 1
521 203 1
521 335 1
521 393 1
521 397 1
521 407 1
521 433 1
521 607 1
521 759 1
521 934 1
521 1004 1
521 1024 1
521 1039 1
521 1178 1
521 1287 1
521 1290 1
521 1755 1
521 1788 1
521 1822 1
521 1928 1
521 2007 1
521 2042 1
521 2043 1
522 187 1
522 248 1
522 256 1
522 438 1
522 440 1
522 546 1
522 554 1
522 571 1
522 832 1
522 912 1
522 1052 1
522 1121 1
522 1360 1
522 1365 1
522 1571 1
522 1621 1
522 1640 1
522 1844 1
522 1885 1
522 1887 1
522 1908 1
522 1953 1
522 2015 1
523 66 1
523 206 1
523 562 1
523 584 1
523 601 1
523 666 1
523 763 1
523 781 1
523 852 1
523 890 1
523 894 1
523 917 1
523 1114 1
523 1140 1
523 1429 1
523 1650 1
523 1666 1
523 1789 1
523 1867 1
523 1874 1
523 1899 1
524 23 1
524 399 1
524 492 1
524 526 1
524 688 1
524 695 1
524 796 1
524 816 1
524 841 1
524 872 1
524 889 1
524 1033 1
524 1246 1
524 1252 1
524 1378 1
524 1541 1
524 1893 1
525 104 1
525 168 1
525 251 1
525 278 1
525 563 1
525 807 1
525 952 1
525 1125 1
525 1148 1
525 1332 1
525 1345 1
525 1443 1
525 1444 1
525 1517 1
525 1588 1
525 1675 1
525 1712 1
525 1771 1
525 1808 1
526 1072 1
526 1978 1
527 138 1
527 338 1
527 1346 1
527 1350 1
527 1703 1
528 353 1
528 544 1
528 555 1
528 845 1
528 1023 1
528 1340 1
528 1572 1
528 1597 1
528 2021 1
530 223 1
530 593 1
530 1126 1
530 1339 1
530 1834 1
531 98 1
531 673 1
531 1464 1
532 382 1
532 401 1
532 1469 1
533 21 1
533 318 1
533 574 1
533 983 1
533 1193 1
533 1411 1
533 1751 1
533 1895 1
534 458 1
534 479 1
534 710 1
534 782 1
534 1186 1
534 1258 1
534 1316 1
534 1723 1
534 1831 1
534 1889 1
534 2020 1
534 2030 1
535 38 1
535 370 1
535 469 1
535 629 1
535 687 1
535 719 1
535 929 1
535 1268 1
535 1412 1
535 1561 1
535 1676 1
535 1715 1
535 1734 1
535 1907 1
535 1967 1
535 2019 1
536 77 1
536 422 1
536 435 1
536 581 1
536 701 1
536 766 1
536 1079 1
536 1147 1
536 1182 1
536 1226 1
536 1529 1
536 1680 1
536 1716 1
536 1725 1
537 41 1
537 111 1
537 209 1
537 213 1
537 235 1
537 252 1
537 356 1
537 529 1
537 634 1
537 635 1
537 727 1
537 833 1
537 887 1
537 946 1
537 1007 1
537 1022 1
537 1141 1
537 1214 1
537 1265 1
537 1390 1
537 1430 1
537 1782 1
537 2022 1
538 27 1
538 103 1
538 275 1
538 310 1
538 392 1
538 539 1
538 619 1
538 663 1
538 730 1
538 808 1
538 818 1
538 849 1
538 965 1
538 1049 1
538 1092 1
538 1354 1
538 1359 1
538 1446 1
538 1645 1
538 1781 1
538 1791 1
538 2026 1
539 7 1
539 605 1
539 672 1
539 745 1
539 792 1
539 1035 1
539 1056 1
539 1232 1
539 1269 1
539 1286 1
539 1491 1
539 1558 1
539 1665 1
539 1756 1
539 1843 1
539 1987 1
540 19 1
540 51 1
540 108 1
540 962 1
540 984 1
540 1163 1
540 1216 1
540 1296 1
540 1349 1
540 1585 1
540 1670 1
540 1741 1
540 1795 1
540 1864 1
541 60 1
541 105 1
541 376 1
541 550 1
541 738 1
541 988 1
541 1001 1
541 1737 1
541 1830 1
541 1915 1
541 1966 1
541 1979 1
542 31 1
542 483 1
542 722 1
542 731 1
542 932 1
542 1578 1
542 1651 1
542 1704 1
542 1911 1
543 410 1
543 467 1
543 1323 1
543 2008 1
544 1136 1
545 268 1
545 842 1
545 1104 1
545 1310 1
547 850 1
548 291 1
548 404 1
548 1037 1
548 1530 1
548 1947 1
549 30 1
549 560 1
549 1088 1
549 1203 1
550 285 1
550 290 1
550 357 1
550 644 1
550 711 1
550 876 1
550 1069 1
550 1073 1
550 1484 1
550 1525 1
550 1557 1
551 25 1
551 303 1
551 309 1
551 402 1
551 453 1
551 1057 1
551 1071 1
551 1091 1
551 1106 1
551 1154 1
551 1209 1
551 1228 1
551 1426 1
551 1658 1
551 1671 1
551 1738 1
551 1799 1
551 1984 1
552 189 1
552 215 1
552 299 1
552 342 1
552 403 1
552 471 1
552 677 1
552 765 1
552 863 1
552 1081 1
552 1111 1
552 1115 1
552 1452 1
552 1641 1
552 1696 1
552 1697 1
552 1981 1
552 1982 1
553 52 1
553 68 1
553 133 1
553 164 1
553 173 1
553 288 1
553 419 1
553 437 1
553 455 1
553 456 1
553 612 1
553 639 1
553 778 1
553 930 1
553 992 1
553 1086 1
553 1132 1
553 1211 1
553 1289 1
553 1328 1
553 1404 1
553 1627 1
553 1637 1
553 1719 1
553 1800 1
553 1994 1
553 2016 1
554 150 1
554 279 1
554 441 1
554 788 1
554 824 1
554 903 1
554 907 1
554 975 1
554 1009 1
554 1011 1
554 1187 1
554 1472 1
554 1569 1
554 1786 1
554 1841 1
554 1932 1
554 1945 1
554 1952 1
555 73 1
555 360 1
555 522 1
555 1008 1
555 1110 1
555 1222 1
555 1457 1
555 1669 1
555 1682 1
555 1754 1
555 1785 1
555 1829 1
555 1853 1
555 1856 1
555 1865 1
555 1900 1
556 385 1
556 755 1
556 840 1
556 1107 1
556 1181 1
556 1198 1
556 1442 1
556 1545 1
556 1733 1
556 1793 1
556 1871 1
557 201 1
557 324 1
557 1093 1
557 1857 1
558 72 1
558 503 1
558 768 1
558 1282 1
558 1499 1
558 1746 1
559 1180 1
560 645 1
560 1382 1
560 1812 1
560 1997 1
561 523 1
561 1383 1
563 803 1
563 1407 1
563 1445 1
564 190 1
564 589 1
564 1179 1
564 1824 1
564 1870 1
565 272 1
565 304 1
565 712 1
565 829 1
565 873 1
565 1361 1
565 1563 1
565 1742 1
565 1938 1
566 84 1
566 117 1
566 236 1
566 445 1
566 654 1
566 973 1
566 1064 1
566 1219 1
566 1225 1
566 1229 1
566 1240 1
566 1518 1
566 1535 1
566 1629 1
566 2003 1
566 2028 1
566 2035 1
567 46 1
567 132 1
567 172 1
567 234 1
567 300 1
567 477 1
567 485 1
567 540 1
567 545 1
567 588 1
567 609 1
567 618 1
567 683 1
567 748 1
567 801 1
567 809 1
567 959 1
567 1005 1
567 1144 1
567 1271 1
567 1312 1
567 1315 1
567 1459 1
567 1460 1
567 1496 1
567 1510 1
567 1527 1
567 1615 1
567 1660 1
567 1694 1
567 1849 1
567 1875 1
567 1988 1
568 54 1
568 96 1
568 175 1
568 253 1
568 289 1
568 361 1
568 473 1
568 604 1
568 611 1
568 615 1
568 770 1
568 837 1
568 839 1
568 879 1
568 920 1
568 1031 1
568 1101 1
568 1172 1
568 1177 1
568 1533 1
568 1609 1
568 1684 1
568 1731 1
568 1752 1
568 1780 1
568 1869 1
569 184 1
569 292 1
569 430 1
569 538 1
569 626 1
569 911 1
569 1021 1
569 1118 1
569 1329 1
569 1353 1
569 1397 1
569 1553 1
569 1619 1
569 1642 1
569 1654 1
569 1740 1
569 1745 1
569 1990 1
569 1991 1
569 1993 1
569 2039 1
570 8 1
570 10 1
570 35 1
570 121 1
570 200 1
570 368 1
570 431 1
570 450 1
570 558 1
570 804 1
570 805 1
570 1015 1
570 1113 1
570 1199 1
570 1485 1
570 1562 1
570 1707 1
570 1894 1
570 1917 1
570 1980 1
571 5 1
571 242 1
571 621 1
571 691 1
571 806 1
571 823 1
571 831 1
571 853 1
571 893 1
571 927 1
571 991 1
571 1099 1
571 1462 1
571 1502 1
571 1748 1
572 466 1
572 1036 1
572 1402 1
572 1842 1
572 2018 1
572 2033 1
573 241 1
573 355 1
573 551 1
573 641 1
573 947 1
573 1149 1
573 1916 1
573 1992 1
574 1866 1
575 49 1
575 733 1
575 909 1
575 978 1
575 1215 1
575 1419 1
575 1826 1
575 1926 1
576 1409 1
576 1479 1
577 207 1
577 524 1
577 1336 1
578 776 1
578 1285 1
578 1385 1
579 74 1
579 139 1
579 846 1
579 923 1
579 2000 1
580 388 1
580 591 1
580 1078 1
580 1201 1
580 1520 1
580 1929 1
581 26 1
581 154 1
581 488 1
581 493 1
581 633 1
581 682 1
581 694 1
581 753 1
581 913 1
581 1272 1
581 1394 1
581 1503 1
581 1515 1
581 1935 1
581 1940 1
582 86 1
582 197 1
582 198 1
582 298 1
582 377 1
582 412 1
582 426 1
582 552 1
582 579 1
582 656 1
582 660 1
582 670 1
582 714 1
582 773 1
582 795 1
582 924 1
582 938 1
582 970 1
582 993 1
582 1025 1
582 1045 1
582 1112 1
582 1120 1
582 1169 1
582 1204 1
582 1221 1
582 1253 1
582 1331 1
582 1440 1
582 1575 1
582 1835 1
582 1956 1
582 1985 1
582 2002 1
582 2034 1
583 9 1
583 40 1
583 50 1
583 153 1
583 233 1
583 276 1
583 280 1
583 311 1
583 352 1
583 371 1
583 525 1
583 557 1
583 628 1
583 646 1
583 653 1
583 655 1
583 878 1
583 888 1
583 940 1
583 1030 1
583 1034 1
583 1050 1
583 1077 1
583 1129 1
583 1380 1
583 1474 1
583 1555 1
583 1606 1
583 1610 1
583 1614 1
583 1635 1
583 1701 1
583 1757 1
583 1937 1
584 18 1
584 238 1
584 266 1
584 333 1
584 400 1
584 414 1
584 480 1
584 482 1
584 512 1
584 549 1
584 556 1
584 582 1
584 617 1
584 668 1
584 681 1
584 844 1
584 974 1
584 1043 1
584 1053 1
584 1058 1
584 1059 1
584 1122 1
584 1159 1
584 1263 1
584 1387 1
584 1492 1
584 1552 1
584 1681 1
584 1811 1
584 1944 1
584 1964 1
584 2011 1
585 28 1
585 56 1
585 131 1
585 156 1
585 226 1
585 249 1
585 317 1
585 347 1
585 460 1
585 679 1
585 696 1
585 699 1
585 728 1
585 884 1
585 919 1
585 990 1
585 1196 1
585 1248 1
585 1388 1
585 1453 1
585 1481 1
585 1483 1
585 1589 1
585 1729 1
585 1883 1
585 1909 1
585 1955 1
585 1975 1
586 64 1
586 120 1
586 448 1
586 580 1
586 690 1
586 822 1
586 981 1
586 1262 1
586 1319 1
586 1386 1
586 1424 1
586 1536 1
586 1611 1
586 1613 1
586 1628 1
586 1643 1
586 1722 1
586 1732 1
586 1852 1
586 1860 1
586 1902 1
586 2036 1
587 417 1
587 498 1
587 631 1
587 874 1
587 953 1
587 1103 1
587 1235 1
587 1433 1
587 1549 1
587 1802 1
587 1821 1
587 1878 1
587 1921 1
588 127 1
588 536 1
588 771 1
588 1299 1
588 1338 1
588 1576 1
589 239 1
589 750 1
589 870 1
589 966 1
589 1183 1
589 1467 1
589 1766 1
589 1803 1
589 1828 1
589 1971 1
590 188 1
590 517 1
590 547 1
590 862 1
590 1270 1
590 1432 1
590 1497 1
590 1565 1
590 1774 1
590 1923 1
591 1401 1
592 491 1
592 742 1
592 1185 1
592 1567 1
592 1798 1
592 1817 1
593 762 1
593 1564 1
595 346 1
595 830 1
595 995 1
595 1851 1
596 463 1
596 520 1
596 906 1
596 998 1
596 1218 1
596 1593 1
596 2045 1
597 70 1
597 92 1
597 151 1
597 165 1
597 240 1
597 308 1
597 359 1
597 531 1
597 713 1
597 967 1
597 1157 1
597 1164 1
597 1241 1
597 1306 1
597 1327 1
597 1395 1
597 1679 1
597 1930 1
597 1963 1
597 2006 1
597 2032 1
598 99 1
598 212 1
598 258 1
598 535 1
598 614 1
598 674 1
598 740 1
598 877 1
598 904 1
598 1002 1
598 1102 1
598 1108 1
598 1255 1
598 1363 1
598 1398 1
598 1490 1
598 1493 1
598 1934 1
599 216 1
599 270 1
599 362 1
599 395 1
599 500 1
599 685 1
599 746 1
599 772 1
599 777 1
599 785 1
599 813 1
599 868 1
599 937 1
599 1070 1
599 1176 1
599 1317 1
599 1362 1
599 1480 1
599 1551 1
599 1599 1
599 1976 1
599 2004 1
599 2048 1
600 43 1
600 109 1
600 167 1
600 214 1
600 224 1
600 345 1
600 707 1
600 860 1
600 869 1
600 892 1
600 897 1
600 1060 1
600 1067 1
600 1266 1
600 1300 1
600 1379 1
600 1494 1
600 1583 1
600 1721 1
600 1750 1
600 1770 1
600 1775 1
600 1850 1
600 1905 1
600 1999 1
600 2024 1
601 14 1
601 217 1
601 263 1
601 358 1
601 434 1
601 472 1
601 489 1
601 521 1
601 726 1
601 764 1
601 774 1
601 1083 1
601 1084 1
601 1161 1
601 1191 1
601 1342 1
601 1406 1
601 1416 1
601 1500 1
601 1604 1
601 1639 1
602 675 1
602 716 1
602 775 1
602 928 1
602 1000 1
602 1018 1
602 1119 1
602 1184 1
602 1711 1
602 1735 1
603 61 1
603 90 1
603 452 1
603 649 1
603 857 1
603 895 1
603 1139 1
603 1230 1
603 1281 1
603 1351 1
603 1374 1
603 1376 1
603 1513 1
603 1706 1
603 1730 1
603 1898 1
603 1903 1
603 2010 1
604 20 1
604 702 1
604 925 1
604 1055 1
604 1352 1
604 1504 1
604 1761 1
604 2014 1
605 183 1
605 221 1
605 274 1
605 314 1
605 791 1
605 1242 1
605 1602 1
606 302 1
606 494 1
606 789 1
607 497 1
607 811 1
607 826 1
607 1415 1
607 1855 1
608 514 1
608 1466 1
608 1521 1
609 1156 1
609 1463 1
609 1969 1
609 2031 1
610 250 1
610 465 1
611 13 1
611 243 1
611 295 1
611 800 1
611 1809 1
612 199 1
612 326 1
612 567 1
612 661 1
612 1029 1
612 1356 1
612 1927 1
613 83 1
613 486 1
613 900 1
613 1041 1
613 1124 1
613 1254 1
613 1414 1
614 97 1
614 113 1
614 306 1
614 315 1
614 423 1
614 461 1
614 516 1
614 548 1
614 573 1
614 627 1
614 657 1
614 678 1
614 956 1
614 1016 1
614 1105 1
614 1117 1
614 1618 1
614 1638 1
614 1726 1
614 1727 1
614 1859 1
614 1880 1
615 137 1
615 293 1
615 348 1
615 443 1
615 476 1
615 484 1
615 787 1
615 794 1
615 854 1
615 969 1
615 1065 1
615 1162 1
615 1213 1
615 1233 1
615 1239 1
615 1298 1
615 1384 1
615 1400 1
615 1636 1
615 1763 1
615 1779 1
616 34 1
616 47 1
616 123 1
616 126 1
616 158 1
616 182 1
616 398 1
616 504 1
616 507 1
616 572 1
616 622 1
616 680 1
616 717 1
616 949 1
616 1371 1
616 1399 1
616 1428 1
616 1437 1
616 1633 1
616 1709 1
616 1736 1
617 22 1
617 152 1
617 230 1
617 247 1
617 537 1
617 583 1
617 847 1
617 871 1
617 885 1
617 1202 1
617 1247 1
617 1334 1
617 1439 1
617 1603 1
617 1662 1
617 1890 1
618 944 1
618 976 1
618 1013 1
618 1165 1
618 1234 1
618 1677 1
618 1710 1
618 1747 1
618 1772 1
618 1973 1
619 146 1
619 296 1
619 375 1
619 405 1
619 413 1
619 747 1
619 1288 1
619 1450 1
619 1708 1
619 1848 1
619 1943 1
620 286 1
620 561 1
620 901 1
620 1097 1
620 1320 1
620 1689 1
621 1054 1
621 1061 1
621 1559 1
621 1768 1
622 134 1
622 340 1
622 704 1
623 425 1
623 754 1
623 1305 1
623 1550 1
624 101 1
624 1166 1
624 1377 1
624 1447 1
624 1634 1
625 229 1
625 686 1
626 57 1
626 110 1
626 322 1
626 374 1
626 692 1
627 519 1
627 926 1
627 1006 1
627 1170 1
628 39 1
628 228 1
628 568 1
628 594 1
628 1047 1
628 1195 1
628 1322 1
628 1381 1
628 1391 1
628 1687 1
629 225 1
629 331 1
629 364 1
629 369 1
629 449 1
629 505 1
629 596 1
629 632 1
629 821 1
629 918 1
629 922 1
629 971 1
629 1082 1
629 1197 1
629 1231 1
629 1314 1
629 1355 1
629 1366 1
629 1586 1
629 1626 1
629 1632 1
629 1661 1
629 1672 1
629 1792 1
629 1847 1
629 1946 1
630 6 1
630 24 1
630 29 1
630 37 1
630 171 1
630 284 1
630 513 1
630 564 1
630 603 1
630 616 1
630 729 1
630 835 1
630 1080 1
630 1434 1
630 1511 1
630 1790 1
630 1910 1
630 2037 1
631 36 1
631 149 1
631 176 1
631 320 1
631 351 1
631 429 1
631 640 1
631 658 1
631 725 1
631 1068 1
631 1075 1
631 1302 1
631 1403 1
631 1410 1
631 1456 1
631 1470 1
631 1471 1
631 1573 1
631 1646 1
631 1813 1
631 1877 1
632 58 1
632 143 1
632 161 1
632 194 1
632 328 1
632 389 1
632 502 1
632 662 1
632 718 1
632 905 1
632 1227 1
632 1256 1
632 1275 1
632 1324 1
632 1498 1
632 1556 1
632 1717 1
632 1914 1
633 88 1
633 264 1
633 325 1
633 698 1
633 941 1
633 1482 1
633 1622 1
633 1901 1
634 208 1
634 312 1
634 380 1
634 600 1
634 825 1
634 945 1
634 1133 1
634 1307 1
634 1769 1
634 1892 1
634 1972 1
635 880 1
635 1046 1
635 1066 1
635 1341 1
635 1370 1
635 1601 1
635 1884 1
635 1906 1
636 496 1
636 883 1
636 1304 1
637 155 1
637 330 1
637 1020 1
637 1648 1
637 1854 1
638 451 1
638 1276 1
638 1532 1
638 1904 1
639 613 1
639 1130 1
639 1291 1
639 1692 1
640 741 1
640 1418 1
641 116 1
641 232 1
641 1364 1
641 1886 1
642 606 1
642 1146 1
642 1152 1
642 1995 1
642 2047 1
643 961 1
643 1012 1
643 1142 1
643 1151 1
643 1223 1
643 1476 1
643 1815 1
643 1816 1
643 1977 1
644 1 1
644 4 1
644 244 1
644 532 1
644 648 1
644 705 1
644 721 1
644 972 1
644 1027 1
644 1171 1
644 1369 1
644 1405 1
644 1744 1
644 1758 1
644 1936 1
644 1962 1
644 2012 1
645 82 1
645 332 1
645 349 1
645 528 1
645 530 1
645 752 1
645 786 1
645 797 1
645 902 1
645 935 1
645 968 1
645 996 1
645 1076 1
645 1138 1
645 1217 1
645 1337 1
645 1427 1
645 1488 1
645 1582 1
645 1674 1
645 1686 1
645 1783 1
645 1823 1
645 1833 1
645 1959 1
646 142 1
646 160 1
646 294 1
646 323 1
646 387 1
646 444 1
646 575 1
646 585 1
646 643 1
646 761 1
646 780 1
646 915 1
646 1040 1
646 1100 1
646 1280 1
646 1326 1
646 1478 1
646 1507 1
646 1863 1
646 1896 1
646 2017 1
646 2027 1
647 33 1
647 44 1
647 80 1
647 102 1
647 159 1
647 254 1
647 287 1
647 365 1
647 474 1
647 508 1
647 749 1
647 856 1
647 977 1
647 1090 1
647 1134 1
647 1277 1
647 1455 1
647 1524 1
647 1620 1
647 2013 1
648 464 1
648 652 1
648 689 1
648 836 1
648 955 1
648 1062 1
648 1085 1
648 1096 1
648 1295 1
648 1301 1
648 1335 1
648 1373 1
648 1568 1
648 1759 1
648 1806 1
648 1814 1
648 1846 1
649 211 1
649 416 1
649 546 1
649 638 1
649 817 1
649 1451 1
649 1477 1
649 1598 1
649 1734 1
650 191 1
650 381 1
650 843 1
650 898 1
650 908 1
650 954 1
650 1190 1
650 1207 1
651 343 1
651 415 1
651 756 1
651 881 1
651 1773 1
651 1789 1
651 1970 1
652 163 1
652 271 1
652 518 1
652 1244 1
652 1422 1
652 1797 1
653 409 1
653 433 1
653 1668 1
654 259 1
654 301 1
654 542 1
654 894 1
654 1284 1
654 1876 1
655 75 1
655 994 1
655 1587 1
656 65 1
656 515 1
656 760 1
656 784 1
657 246 1
657 509 1
657 1189 1
657 1367 1
657 1506 1
657 1514 1
657 1968 1
658 379 1
658 642 1
658 943 1
658 999 1
658 1489 1
658 1702 1
658 1784 1
659 185 1
659 219 1
659 499 1
659 743 1
659 1116 1
659 1245 1
659 1259 1
659 1274 1
659 1283 1
659 1375 1
659 1570 1
659 1825 1
660 89 1
660 166 1
660 204 1
660 222 1
660 378 1
660 436 1
660 447 1
660 569 1
660 570 1
660 577 1
660 757 1
660 1236 1
660 1251 1
660 1273 1
660 1348 1
660 1473 1
660 1596 1
660 1616 1
660 1631 1
660 1664 1
660 1685 1
660 1693 1
660 1858 1
660 1891 1
660 1922 1
660 2023 1
661 16 1
661 85 1
661 93 1
661 245 1
661 257 1
661 316 1
661 329 1
661 527 1
661 565 1
661 720 1
661 798 1
661 838 1
661 859 1
661 1048 1
661 1125 1
661 1311 1
661 1313 1
661 1330 1
661 1344 1
661 1699 1
661 1760 1
661 1819 1
661 1839 1
662 124 1
662 144 1
662 177 1
662 273 1
662 335 1
662 363 1
662 408 1
662 421 1
662 462 1
662 541 1
662 734 1
662 1032 1
662 1192 1
662 1206 1
662 1250 1
662 1257 1
662 1294 1
662 1347 1
662 1421 1
662 1461 1
662 1468 1
662 1509 1
662 1554 1
662 1667 1
662 1749 1
662 1924 1
662 1939 1
662 1961 1
662 1974 1
662 2007 1
663 63 1
663 79 1
663 138 1
663 140 1
663 367 1
663 384 1
663 659 1
663 665 1
663 697 1
663 737 1
663 751 1
663 793 1
663 819 1
663 832 1
663 891 1
663 1026 1
663 1098 1
663 1188 1
663 1303 1
663 1309 1
663 1389 1
663 1539 1
663 1700 1
663 1845 1
663 1879 1
663 1888 1
663 2001 1
664 53 1
664 195 1
664 386 1
664 637 1
664 997 1
664 1131 1
664 1145 1
664 1333 1
664 1343 1
664 1425 1
664 1540 1
664 1690 1
664 1776 1
664 1777 1
664 1861 1
665 98 1
665 297 1
665 344 1
665 511 1
665 1243 1
665 1264 1
665 1417 1
665 1577 1
665 1584 1
665 1659 1
665 1918 1
666 87 1
666 428 1
666 834 1
666 914 1
666 1087 1
666 1224 1
666 1678 1
666 1868 1
666 1893 1
667 94 1
667 397 1
667 411 1
667 598 1
667 916 1
667 1454 1
667 1600 1
668 736 1
668 1017 1
668 1296 1
668 1408 1
668 1581 1
669 391 1
669 1778 1
669 1810 1
669 2009 1
670 424 1
670 1089 1
670 1158 1
670 1579 1
670 1683 1
671 848 1
671 1137 1
671 1899 1
672 989 1
672 1423 1
672 1608 1
673 169 1
673 255 1
673 265 1
673 758 1
673 1010 1
674 334 1
674 422 1
674 587 1
674 647 1
674 650 1
674 708 1
674 875 1
674 1003 1
674 1160 1
674 1260 1
674 1724 1
675 106 1
675 406 1
675 457 1
675 468 1
675 553 1
675 578 1
675 595 1
675 802 1
675 855 1
675 861 1
675 864 1
675 1143 1
675 1413 1
675 1523 1
675 1547 1
675 1688 1
675 1713 1
675 1805 1
675 1832 1
675 1862 1
675 1965 1
675 2041 1
676 157 1
676 180 1
676 318 1
676 487 1
676 608 1
676 669 1
676 808 1
676 812 1
676 866 1
676 882 1
676 964 1
676 965 1
676 1079 1
676 1420 1
676 1438 1
676 1522 1
676 1542 1
676 1543 1
676 1544 1
676 1612 1
676 1691 1
676 1743 1
676 1753 1
676 1801 1
676 1840 1
676 1881 1
676 1960 1
676 2044 1
677 108 1
677 354 1
677 373 1
677 481 1
677 490 1
677 599 1
677 684 1
677 703 1
677 706 1
677 779 1
677 820 1
677 867 1
677 939 1
677 958 1
677 982 1
677 1109 1
677 1194 1
677 1261 1
677 1321 1
677 1368 1
677 1519 1
677 1630 1
677 1644 1
677 1647 1
677 1656 1
677 1657 1
677 1705 1
677 1714 1
677 1739 1
677 1767 1
677 1804 1
677 1820 1
677 1925 1
677 1931 1
677 1989 1
677 2005 1
677 2015 1
678 95 1
678 104 1
678 122 1
678 393 1
678 394 1
678 454 1
678 475 1
678 597 1
678 671 1
678 723 1
678 910 1
678 942 1
678 948 1
678 1019 1
678 1051 1
678 1072 1
678 1135 1
678 1150 1
678 1212 1
678 1308 1
678 1441 1
678 1595 1
678 1625 1
678 1663 1
678 1796 1
678 1920 1
678 1933 1
678 1951 1
678 1954 1
679 32 1
679 59 1
679 100 1
679 170 1
679 178 1
679 196 1
679 281 1
679 282 1
679 404 1
679 435 1
679 506 1
679 715 1
679 763 1
679 858 1
679 957 1
679 980 1
679 1038 1
679 1429 1
679 1592 1
679 1650 1
679 1882 1
679 1897 1
679 1928 1
680 42 1
680 112 1
680 327 1
680 432 1
680 744 1
680 1173 1
680 1279 1
680 1499 1
680 1794 1
681 136 1
681 231 1
681 559 1
681 586 1
681 1580 1
681 1834 1
681 1844 1
681 1865 1
682 886 1
682 936 1
682 1004 1
682 1237 1
682 1444 1
682 1718 1
683 45 1
683 81 1
683 125 1
683 262 1
683 534 1
683 1591 1
684 818 1
684 963 1
684 1167 1
685 1957 1
686 69 1
686 446 1
686 2040 1
687 114 1
687 147 1
687 420 1
687 555 1
687 1169 1
687 1297 1
687 1566 1
687 1652 1
688 492 1
688 1673 1
688 2038 1
689 67 1
689 128 1
689 162 1
689 192 1
689 319 1
689 418 1
689 427 1
689 1293 1
689 1357 1
689 1574 1
689 1764 1
689 1807 1
690 2 1
690 71 1
690 91 1
690 115 1
690 135 1
690 202 1
690 602 1
690 651 1
690 790 1
690 1249 1
690 1505 1
690 1512 1
690 1594 1
690 1698 1
690 1887 1
690 1942 1
690 1983 1
691 118 1
691 193 1
691 237 1
691 341 1
691 566 1
691 590 1
691 664 1
691 739 1
691 769 1
691 799 1
691 815 1
691 1186 1
691 1205 1
691 1267 1
691 1546 1
691 1624 1
691 1755 1
691 1867 1
691 1958 1
692 145 1
692 390 1
692 407 1
692 439 1
692 501 1
692 607 1
692 625 1
692 676 1
692 732 1
692 810 1
692 814 1
692 896 1
692 929 1
692 934 1
692 952 1
692 1056 1
692 1094 1
692 1153 1
692 1431 1
692 1526 1
692 1572 1
692 1655 1
692 1680 1
692 1728 1
692 1781 1
692 1795 1
692 1986 1
692 1998 1
692 2043 1
693 168 1
693 278 1
693 366 1
693 396 1
693 442 1
693 623 1
693 624 1
693 693 1
693 960 1
693 1180 1
693 1208 1
693 1252 1
693 1380 1
693 1448 1
693 1458 1
693 1486 1
693 1501 1
693 1516 1
693 1537 1
693 1538 1
693 1560 1
693 1720 1
693 1751 1
693 1827 1
693 1950 1
693 1996 1
693 2025 1
694 78 1
694 129 1
694 148 1
694 227 1
694 277 1
694 383 1
694 841 1
694 912 1
694 951 1
694 1141 1
694 1168 1
694 1316 1
694 1332 1
694 1345 1
694 1396 1
694 1762 1
694 1885 1
694 1949 1
695 12 1
695 629 1
695 673 1
695 783 1
695 827 1
695 899 1
695 1216 1
695 1258 1
695 1278 1
695 1695 1
695 1874 1
695 1945 1
696 261 1
696 268 1
696 291 1
696 305 1
696 478 1
696 688 1
696 846 1
696 983 1
696 1044 1
696 1627 1
696 1836 1
696 1912 1
697 11 1
697 269 1
697 543 1
697 1028 1
697 1443 1
697 1571 1
697 1590 1
697 1837 1
697 1856 1
698 459 1
698 781 1
699 164 1
699 1475 1
700 353 1
700 1200 1
700 1495 1
700 1787 1
701 1349 1
701 1517 1
702 107 1
702 576 1
702 1095 1
703 845 1
704 510 1
705 313 1
705 321 1
705 479 1
705 563 1
705 724 1
705 889 1
705 979 1
705 1074 1
705 1238 1
705 1484 1
705 1873 1
706 174 1
706 179 1
706 248 1
706 251 1
706 260 1
706 667 1
706 672 1
706 719 1
706 735 1
706 766 1
706 865 1
706 907 1
706 1023 1
706 1033 1
706 1035 1
706 1052 1
706 1393 1
706 1487 1
706 1508 1
706 1649 1
706 1788 1
706 1808 1
707 206 1
707 267 1
707 279 1
707 370 1
707 382 1
707 538 1
707 592 1
707 630 1
707 636 1
707 709 1
707 828 1
707 849 1
707 851 1
707 852 1
707 1037 1
707 1123 1
707 1148 1
707 1174 1
707 1178 1
707 1214 1
707 1340 1
707 1378 1
707 1442 1
707 1531 1
707 1534 1
707 1666 1
707 1746 1
707 1765 1
707 1771 1
707 1838 1
707 1864 1
707 1908 1
707 1953 1
707 2022 1
708 76 1
708 119 1
708 130 1
708 141 1
708 203 1
708 256 1
708 361 1
708 533 1
708 571 1
708 695 1
708 782 1
708 792 1
708 933 1
708 950 1
708 1007 1
708 1063 1
708 1091 1
708 1114 1
708 1127 1
708 1128 1
708 1219 1
708 1607 1
708 2034 1
709 48 1
709 220 1
709 458 1
709 539 1
709 584 1
709 981 1
709 1181 1
709 1210 1
709 1229 1
709 1318 1
709 1339 1
709 1449 1
709 1465 1
709 1510 1
709 1821 1
709 1822 1
709 1841 1
709 1913 1
709 1919 1
709 2046 1
710 127 1
710 336 1
710 701 1
710 863 1
710 928 1
710 946 1
710 988 1
710 1001 1
710 1265 1
710 1292 1
710 1365 1
710 1411 1
710 1588 1
710 1597 1
710 1675 1
710 1800 1
710 1831 1
710 1872 1
710 1978 1
710 1992 1
710 2019 1
710 2026 1
710 2042 1
711 252 1
711 372 1
711 495 1
711 985 1
711 1005 1
711 1107 1
711 1703 1
711 1786 1
712 15 1
712 201 1
712 310 1
712 554 1
712 833 1
712 890 1
712 1491 1
712 1712 1
713 324 1
713 730 1
713 887 1
713 1198 1
714 205 1
714 307 1
714 441 1
714 1101 1
714 1948 1
714 2039 1
715 235 1
715 801 1
715 1617 1
716 62 1
716 589 1
716 1359 1
717 357 1
717 605 1
717 759 1
717 1310 1
717 1430 1
717 1653 1
718 21 1
718 932 1
719 55 1
719 105 1
719 401 1
719 962 1
720 283 1
720 339 1
720 399 1
720 601 1
720 731 1
720 807 1
720 1042 1
720 1155 1
720 1623 1
720 1676 1
720 1697 1
720 1725 1
720 2021 1
721 60 1
721 77 1
721 181 1
721 210 1
721 350 1
721 438 1
721 469 1
721 619 1
721 767 1
721 1092 1
721 1220 1
721 1529 1
721 1557 1
721 1715 1
721 1741 1
721 1889 1
721 1895 1
721 1941 1
722 103 1
722 186 1
722 309 1
722 337 1
722 526 1
722 663 1
722 687 1
722 710 1
722 711 1
722 745 1
722 876 1
722 987 1
722 991 1
722 1049 1
722 1110 1
722 1132 1
722 1177 1
722 1269 1
722 1286 1
722 1289 1
722 1436 1
722 1541 1
722 1621 1
722 1824 1
722 1915 1
722 1947 1
722 1966 1
722 1967 1
722 2029 1
723 187 1
723 303 1
723 342 1
723 356 1
723 419 1
723 453 1
723 529 1
723 610 1
723 984 1
723 1014 1
723 1024 1
723 1039 1
723 1093 1
723 1136 1
723 1204 1
723 1268 1
723 1372 1
723 1426 1
723 1435 1
723 1569 1
723 1605 1
723 1772 1
723 1843 1
724 18 1
724 41 1
724 74 1
724 392 1
724 500 1
724 560 1
724 562 1
724 618 1
724 620 1
724 634 1
724 803 1
724 1036 1
724 1064 1
724 1175 1
724 1182 1
724 1226 1
724 1246 1
724 1312 1
724 1354 1
724 1457 1
724 1613 1
724 1803 1
724 1911 1
724 1984 1
724 2008 1
725 38 1
725 66 1
725 218 1
725 223 1
725 241 1
725 338 1
725 666 1
725 722 1
725 753 1
725 986 1
725 1059 1
725 1147 1
725 1196 1
725 1323 1
725 1392 1
725 1446 1
725 1548 1
725 1561 1
725 1599 1
725 1619 1
725 1738 1
725 1938 1
725 1987 1
726 13 1
726 292 1
726 368 1
726 470 1
726 931 1
726 1240 1
726 1545 1
726 1791 1
726 1917 1
726 2030 1
727 376 1
727 403 1
727 437 1
727 748 1
727 953 1
727 1940 1
727 1991 1
728 360 1
728 768 1
728 770 1
728 1228 1
728 1287 1
728 1407 1
728 1585 1
728 2000 1
729 1115 1
730 7 1
730 54 1
730 189 1
730 304 1
730 776 1
730 1163 1
730 1290 1
730 1404 1
730 1589 1
730 1704 1
730 1916 1
731 593 1
731 1106 1
731 1285 1
732 1409 1
732 1694 1
732 1782 1
733 200 1
733 270 1
733 804 1
734 275 1
734 639 1
734 1502 1
735 150 1
735 388 1
735 1081 1
735 1671 1
736 3 1
736 190 1
736 574 1
736 850 1
736 903 1
736 975 1
736 1022 1
736 1057 1
736 1144 1
736 1346 1
736 1527 1
736 1670 1
736 1994 1
737 5 1
737 25 1
737 61 1
737 207 1
737 209 1
737 242 1
737 285 1
737 288 1
737 460 1
737 467 1
737 556 1
737 635 1
737 829 1
737 839 1
737 921 1
737 1009 1
737 1111 1
737 1172 1
737 1360 1
737 1440 1
737 1578 1
737 1637 1
737 1754 1
737 1871 1
737 2020 1
738 30 1
738 400 1
738 440 1
738 523 1
738 550 1
738 628 1
738 755 1
738 1008 1
738 1015 1
738 1113 1
738 1126 1
738 1325 1
738 1479 1
738 1496 1
738 1518 1
738 1593 1
738 1658 1
738 1682 1
738 1696 1
738 1723 1
738 1799 1
738 1811 1
738 1875 1
738 1979 1
738 1981 1
738 2018 1
738 2028 1
739 31 1
739 111 1
739 117 1
739 167 1
739 215 1
739 300 1
739 308 1
739 414 1
739 498 1
739 816 1
739 872 1
739 947 1
739 1021 1
739 1073 1
739 1263 1
739 1328 1
739 1528 1
739 1563 1
739 1641 1
739 1660 1
739 1716 1
739 1733 1
739 1830 1
739 1932 1
739 1980 1
739 1993 1
739 2003 1
740 8 1
740 121 1
740 522 1
740 641 1
740 677 1
740 788 1
740 878 1
740 888 1
740 917 1
740 1211 1
740 1382 1
740 1469 1
740 1628 1
740 1745 1
740 1818 1
740 1921 1
740 2002 1
741 52 1
741 173 1
741 197 1
741 236 1
741 274 1
741 417 1
741 696 1
741 973 1
741 1179 1
741 1187 1
741 1331 1
741 1445 1
741 1483 1
741 1525 1
741 1662 1
741 1737 1
741 1997 1
742 234 1
742 410 1
742 512 1
742 683 1
742 700 1
742 733 1
742 796 1
742 1031 1
742 1552 1
743 84 1
743 588 1
743 612 1
743 765 1
743 937 1
743 998 1
743 1154 1
743 1383 1
743 1503 1
743 1555 1
743 1651 1
743 2024 1
744 633 1
744 1271 1
744 1536 1
745 503 1
745 1952 1
746 213 1
746 358 1
746 544 1
746 1530 1
746 1535 1
746 1558 1
747 1464 1
748 43 1
748 879 1
748 1756 1
749 463 1
749 653 1
749 1262 1
749 1742 1
750 175 1
750 471 1
750 712 1
750 1248 1
750 1853 1
750 2048 0
