2 8 1
2 21 1
2 25 1
2 30 1
2 31 1
3 31 1
4 6 1
5 28 1
5 35 1
6 9 1
6 23 1
6 27 1
6 329 1
7 11 1
8 2 1
8 486 1
9 11 1
9 29 1
10 40 1
12 2 1
12 19 1
12 36 1
14 30 1
14 36 1
14 41 1
15 12 1
15 14 1
15 1107 1
16 278 1
16 305 1
16 364 1
16 1028 1
17 4 1
17 1061 1
17 1501 1
17 1627 1
18 3 1
18 114 1
18 313 1
18 703 1
18 1073 1
18 1514 1
18 1534 1
18 1583 1
19 22 1
19 365 1
19 627 1
19 889 1
19 1027 1
20 600 1
20 1154 1
21 290 1
21 490 1
21 1310 1
21 1315 1
21 1371 1
21 1635 1
21 1813 1
22 18 1
22 21 1
22 33 1
22 40 1
22 372 1
22 455 1
22 962 1
22 1293 1
23 27 1
23 459 1
23 609 1
23 792 1
24 3 1
24 8 1
25 1222 1
25 1259 1
25 1640 1
26 1176 1
27 161 1
27 1101 1
27 1284 1
27 1955 1
28 13 1
28 31 1
28 613 1
29 1 1
29 8 1
29 15 1
29 27 1
29 151 1
29 171 1
29 188 1
29 236 1
29 453 1
29 1015 1
29 1118 1
29 1272 1
30 226 1
30 1010 1
30 1651 1
30 1680 1
31 23 1
31 448 1
31 469 1
31 501 1
31 855 1
31 957 1
32 1 1
32 29 1
32 385 1
32 694 1
32 719 1
32 952 1
32 1489 1
32 1675 1
32 1952 1
33 41 1
33 186 1
33 344 1
33 564 1
33 750 1
33 793 1
33 819 1
33 892 1
33 914 1
33 927 1
33 1737 1
33 1866 1
34 24 1
34 37 1
34 244 1
34 476 1
34 749 1
34 761 1
34 1058 1
34 1064 1
34 1085 1
34 1662 1
34 1724 1
34 1883 1
34 1978 1
35 70 1
35 128 1
35 190 1
35 279 1
35 284 1
35 328 1
35 457 1
35 507 1
35 985 1
35 994 1
35 1332 1
35 1476 1
35 1766 1
36 5 1
36 23 1
36 502 1
36 781 1
36 822 1
36 1139 1
36 1898 1
36 1920 1
37 154 1
37 204 1
37 489 1
37 736 1
37 755 1
37 956 1
37 980 1
37 1817 1
37 1985 1
38 22 1
38 105 1
38 645 1
38 797 1
38 841 1
38 1505 1
39 32 1
40 15 1
40 152 1
40 1363 1
40 1455 1
41 12 1
41 35 1
41 1116 1
41 1820 1
41 1921 1
42 36 1
42 40 1
42 824 1
43 10 1
43 424 1
43 869 1
44 1380 1
44 1446 1
45 23 1
45 130 1
45 548 1
45 578 1
45 849 1
45 986 1
46 9 1
46 37 1
46 420 1
46 887 1
46 954 1
46 1277 1
46 1968 1
47 25 1
47 192 1
47 302 1
47 475 1
47 681 1
47 695 1
47 1828 1
48 33 1
48 52 1
48 495 1
48 561 1
48 611 1
48 739 1
48 867 1
48 1624 1
48 1986 1
49 93 1
49 216 1
49 639 1
49 1253 1
49 1330 1
49 1451 1
49 1682 1
49 1900 1
49 1947 1
49 1994 1
49 2041 1
50 1 1
50 108 1
50 652 1
50 680 1
50 801 1
50 823 1
50 937 1
50 983 1
50 1367 1
50 1526 1
50 1568 1
50 2039 1
51 80 1
51 212 1
51 723 1
51 1000 1
51 1036 1
51 1229 1
51 1237 1
51 1245 1
51 1247 1
51 1292 1
51 1383 1
51 1407 1
51 1573 1
51 1654 1
51 1699 1
51 1816 1
51 1843 1
51 1851 1
51 1912 1
52 33 1
52 35 1
52 272 1
52 289 1
52 419 1
52 428 1
52 450 1
52 603 1
52 735 1
52 996 1
52 1022 1
52 1353 1
52 1445 1
52 1700 1
52 1723 1
52 1875 1
52 2005 1
53 27 1
53 150 1
53 223 1
53 718 1
53 843 1
53 970 1
53 1923 1
54 498 1
54 829 1
54 899 1
54 1047 1
54 1060 1
54 1196 1
54 1466 1
55 10 1
55 41 1
55 276 1
55 470 1
55 1312 1
56 37 1
56 689 1
57 7 1
57 345 1
57 1441 1
57 1600 1
57 1830 1
58 21 1
58 691 1
58 1314 1
59 18 1
59 1597 1
60 771 1
60 1079 1
60 1906 1
60 1946 1
60 1950 1
60 1987 1
61 11 1
62 1159 1
62 1848 1
63 19 1
63 25 1
63 30 1
63 415 1
63 468 1
63 900 1
63 930 1
63 1088 1
63 1109 1
63 1258 1
63 1279 1
63 1570 1
63 1642 1
63 1944 1
64 273 1
64 285 1
64 506 1
64 572 1
64 673 1
64 762 1
64 831 1
64 871 1
64 974 1
64 1072 1
64 1270 1
64 1316 1
64 1343 1
64 1350 1
64 1382 1
64 1408 1
64 1557 1
64 1660 1
64 1841 1
64 1896 1
64 1956 1
64 2024 1
65 2 1
65 167 1
65 248 1
65 370 1
65 635 1
65 685 1
65 696 1
65 992 1
65 1053 1
65 1195 1
65 1236 1
65 1299 1
65 1458 1
65 1639 1
65 1649 1
65 1819 1
65 1974 1
65 1991 1
66 29 1
66 103 1
66 131 1
66 241 1
66 260 1
66 314 1
66 384 1
66 477 1
66 563 1
66 711 1
66 940 1
66 1103 1
66 1345 1
66 1358 1
66 1533 1
66 1647 1
66 1720 1
66 1966 1
66 2034 1
66 2036 1
67 115 1
67 256 1
67 299 1
67 377 1
67 406 1
67 731 1
67 763 1
67 917 1
67 918 1
67 1020 1
67 1059 1
67 1339 1
67 1401 1
67 1418 1
67 1491 1
67 1674 1
67 1997 1
68 36 1
68 48 1
68 54 1
68 120 1
68 147 1
68 184 1
68 442 1
68 516 1
68 839 1
68 1025 1
68 1026 1
68 1151 1
68 1172 1
68 1206 1
68 1256 1
68 1379 1
68 1522 1
68 1657 1
68 1846 1
69 43 1
69 57 1
69 178 1
69 1210 1
69 1393 1
69 1404 1
69 1915 1
70 8 1
70 55 1
70 66 1
70 157 1
70 355 1
70 791 1
70 1126 1
70 1137 1
70 1173 1
70 1184 1
70 1544 1
70 1687 1
70 1961 1
70 2032 1
71 461 1
71 465 1
71 602 1
71 1153 1
71 1528 1
71 1728 1
72 536 1
72 1427 1
72 1943 1
73 13 1
73 23 1
73 1080 1
73 1439 1
73 1774 1
73 2003 1
74 15 1
74 38 1
75 1770 1
75 2046 1
76 7 1
76 21 1
76 720 1
76 1241 1
77 5 1
77 33 1
77 1108 1
77 1537 1
77 1959 1
78 740 1
78 786 1
78 949 1
78 1240 1
78 1267 1
79 5 1
79 34 1
79 121 1
79 434 1
79 743 1
79 820 1
79 926 1
79 965 1
79 1002 1
79 1179 1
79 2008 1
80 172 1
80 249 1
80 268 1
80 522 1
80 538 1
80 721 1
80 901 1
80 973 1
80 976 1
80 1320 1
80 1472 1
80 1815 1
81 91 1
81 155 1
81 237 1
81 293 1
81 525 1
81 533 1
81 620 1
81 683 1
81 693 1
81 768 1
81 870 1
81 873 1
81 963 1
81 1091 1
81 1120 1
81 1208 1
81 1296 1
81 1482 1
81 1483 1
81 1495 1
81 1524 1
81 1602 1
81 1677 1
81 1779 1
81 1857 1
81 1941 1
81 1945 1
81 1964 1
81 1984 1
82 75 1
82 232 1
82 322 1
82 325 1
82 340 1
82 782 1
82 815 1
82 920 1
82 1177 1
82 1181 1
82 1301 1
82 1386 1
82 1549 1
82 1555 1
82 1613 1
82 1681 1
82 1714 1
82 2027 1
83 15 1
83 17 1
83 35 1
83 37 1
83 224 1
83 263 1
83 303 1
83 374 1
83 509 1
83 527 1
83 604 1
83 615 1
83 663 1
83 916 1
83 1121 1
83 1248 1
83 1494 1
83 1530 1
83 1578 1
83 1665 1
83 1705 1
83 1735 1
83 1754 1
83 1768 1
83 1837 1
83 1871 1
83 1872 1
83 1902 1
83 2014 1
84 6 1
84 28 1
84 528 1
84 651 1
84 704 1
84 730 1
84 764 1
84 828 1
84 840 1
84 1084 1
84 1360 1
84 1448 1
84 1538 1
84 1629 1
84 1865 1
84 1881 1
84 1927 1
84 1935 1
84 1957 1
85 17 1
85 41 1
85 335 1
85 426 1
85 756 1
85 784 1
85 789 1
85 895 1
85 1199 1
85 1461 1
85 1531 1
85 1586 1
85 1648 1
85 1859 1
85 1907 1
85 1954 1
86 246 1
86 277 1
86 593 1
86 733 1
86 757 1
86 807 1
86 1430 1
86 1498 1
86 1626 1
86 1718 1
86 1850 1
86 1992 1
86 2031 1
87 3 1
87 77 1
87 431 1
87 474 1
87 674 1
87 1733 1
87 1745 1
87 1750 1
87 1795 1
88 13 1
88 196 1
88 323 1
88 573 1
88 1057 1
88 1421 1
88 1929 1
88 2048 1
89 484 1
89 661 1
89 1039 1
89 1478 1
89 1704 1
90 300 1
90 898 1
90 1099 1
90 1676 1
91 129 1
91 938 1
92 28 1
92 41 1
92 1502 1
92 1877 1
93 219 1
93 443 1
93 827 1
93 1422 1
94 1 1
94 10 1
94 11 1
94 21 1
94 458 1
94 1554 1
94 1614 1
94 1628 1
94 1932 1
95 24 1
95 47 1
95 76 1
95 530 1
95 722 1
95 752 1
95 853 1
95 1368 1
95 1659 1
96 28 1
96 146 1
96 242 1
96 252 1
96 569 1
96 584 1
96 697 1
96 712 1
96 830 1
96 969 1
96 1189 1
96 1477 1
96 1584 1
96 1823 1
96 1948 1
96 2033 1
97 4 1
97 40 1
97 41 1
97 116 1
97 177 1
97 327 1
97 513 1
97 741 1
97 778 1
97 783 1
97 799 1
97 1013 1
97 1052 1
97 1193 1
97 1213 1
97 1224 1
97 1334 1
97 1463 1
97 1484 1
97 1492 1
97 1559 1
97 1641 1
97 1729 1
97 1791 1
97 1855 1
97 1873 1
97 1942 1
98 23 1
98 113 1
98 198 1
98 203 1
98 369 1
98 400 1
98 405 1
98 463 1
98 473 1
98 510 1
98 514 1
98 545 1
98 655 1
98 760 1
98 787 1
98 896 1
98 915 1
98 951 1
98 1106 1
98 1294 1
98 1325 1
98 1449 1
98 1539 1
98 1617 1
98 1620 1
98 1746 1
98 1805 1
98 1879 1
98 2023 1
98 2028 1
99 9 1
99 36 1
99 88 1
99 127 1
99 230 1
99 363 1
99 399 1
99 430 1
99 586 1
99 589 1
99 816 1
99 888 1
99 903 1
99 964 1
99 990 1
99 1062 1
99 1090 1
99 1093 1
99 1114 1
99 1194 1
99 1263 1
99 1356 1
99 1506 1
99 1543 1
99 1590 1
99 1706 1
99 1727 1
99 1762 1
99 1876 1
99 1897 1
99 1905 1
100 14 1
100 138 1
100 371 1
100 382 1
100 454 1
100 460 1
100 464 1
100 629 1
100 660 1
100 746 1
100 838 1
100 842 1
100 852 1
100 1123 1
100 1242 1
100 1264 1
100 1286 1
100 1287 1
100 1601 1
100 1603 1
100 1692 1
100 1863 1
100 1894 1
100 2043 1
101 225 1
101 617 1
101 650 1
101 734 1
101 866 1
101 1021 1
101 1291 1
101 1377 1
101 1450 1
101 1673 1
101 1715 1
101 1748 1
101 1769 1
101 1777 1
101 1925 1
101 1934 1
101 2013 1
102 331 1
102 467 1
102 686 1
102 1075 1
102 1182 1
102 1376 1
102 1460 1
102 1589 1
102 1684 1
102 1792 1
102 1982 1
103 31 1
103 141 1
103 175 1
103 215 1
103 336 1
103 466 1
103 574 1
103 668 1
103 1004 1
103 1156 1
103 1203 1
103 1323 1
103 1709 1
103 1740 1
103 1804 1
103 1870 1
103 1980 1
104 8 1
104 153 1
104 183 1
104 250 1
104 307 1
104 518 1
104 549 1
104 654 1
104 1024 1
104 1389 1
104 1672 1
104 1827 1
105 1 1
105 10 1
105 11 1
105 524 1
105 558 1
105 675 1
105 921 1
105 1378 1
105 1415 1
105 1540 1
105 1663 1
105 1798 1
105 1839 1
106 646 1
106 665 1
106 837 1
106 1471 1
107 8 1
107 286 1
107 1092 1
107 1507 1
107 1511 1
107 1703 1
108 18 1
108 931 1
108 1447 1
108 2002 1
109 4 1
109 7 1
109 15 1
109 25 1
109 352 1
109 648 1
109 777 1
109 813 1
109 1646 1
109 1937 1
110 18 1
110 23 1
110 118 1
110 682 1
111 30 1
111 83 1
111 112 1
111 334 1
111 571 1
111 742 1
111 879 1
111 905 1
111 1074 1
111 1410 1
111 1585 1
111 1751 1
111 1847 1
112 283 1
112 380 1
112 692 1
113 30 1
113 79 1
113 84 1
113 356 1
113 550 1
113 590 1
113 890 1
113 1083 1
113 1147 1
113 1587 1
113 1686 1
113 1721 1
114 17 1
114 106 1
114 282 1
114 324 1
114 396 1
114 491 1
114 570 1
114 579 1
114 606 1
114 715 1
114 744 1
114 747 1
114 765 1
114 881 1
114 883 1
114 928 1
114 1018 1
114 1078 1
114 1298 1
114 1405 1
114 1443 1
114 1671 1
114 1893 1
114 1953 1
114 2012 1
115 1 1
115 58 1
115 59 1
115 61 1
115 63 1
115 213 1
115 451 1
115 471 1
115 480 1
115 576 1
115 633 1
115 709 1
115 729 1
115 880 1
115 944 1
115 1166 1
115 1436 1
115 1480 1
115 1532 1
115 1653 1
115 1742 1
115 1838 1
115 1840 1
115 1892 1
116 24 1
116 27 1
116 92 1
116 117 1
116 135 1
116 316 1
116 408 1
116 427 1
116 543 1
116 622 1
116 776 1
116 796 1
116 886 1
116 902 1
116 932 1
116 941 1
116 972 1
116 997 1
116 1094 1
116 1111 1
116 1128 1
116 1283 1
116 1329 1
116 1381 1
116 1387 1
116 1431 1
116 1440 1
116 1462 1
116 1633 1
116 1761 1
116 1911 1
116 1919 1
116 1965 1
117 19 1
117 23 1
117 24 1
117 78 1
117 255 1
117 348 1
117 353 1
117 379 1
117 404 1
117 410 1
117 421 1
117 438 1
117 456 1
117 482 1
117 500 1
117 565 1
117 700 1
117 897 1
117 908 1
117 942 1
117 943 1
117 1055 1
117 1066 1
117 1089 1
117 1429 1
117 1487 1
117 1695 1
117 1775 1
117 1884 1
117 1960 1
117 1998 1
117 2040 1
118 96 1
118 170 1
118 195 1
118 206 1
118 292 1
118 542 1
118 607 1
118 621 1
118 806 1
118 856 1
118 945 1
118 982 1
118 1097 1
118 1474 1
118 1490 1
118 1499 1
118 1564 1
118 1625 1
118 1832 1
118 1860 1
118 1908 1
118 1939 1
118 1977 1
118 2000 1
118 2044 1
119 144 1
119 160 1
119 238 1
119 373 1
119 492 1
119 580 1
119 643 1
119 679 1
119 825 1
119 993 1
119 1009 1
119 1045 1
119 1163 1
119 1493 1
119 1678 1
119 1962 1
119 2011 1
120 239 1
120 274 1
120 360 1
120 582 1
120 601 1
120 649 1
120 893 1
120 977 1
120 1077 1
120 1117 1
120 1226 1
120 1276 1
120 1352 1
120 1444 1
120 1561 1
120 1713 1
120 1803 1
120 1807 1
121 11 1
121 49 1
121 588 1
121 595 1
121 774 1
121 1113 1
121 1239 1
121 1468 1
121 1608 1
121 1645 1
121 1971 1
122 599 1
122 919 1
122 1250 1
122 1891 1
123 25 1
123 31 1
123 319 1
123 671 1
123 1305 1
123 1517 1
123 1788 1
123 1831 1
124 8 1
124 333 1
124 392 1
124 826 1
124 1042 1
124 1220 1
124 1302 1
124 1369 1
125 34 1
125 1469 1
126 9 1
126 22 1
126 28 1
126 179 1
126 440 1
126 959 1
126 1168 1
126 1313 1
126 1631 1
127 2 1
127 3 1
127 7 1
127 17 1
127 23 1
127 137 1
127 350 1
127 1685 1
128 36 1
128 69 1
128 119 1
128 297 1
128 948 1
128 958 1
128 1235 1
128 1650 1
128 1725 1
128 1981 1
129 8 1
129 16 1
129 19 1
129 33 1
129 40 1
129 657 1
129 677 1
129 1288 1
129 1290 1
129 1512 1
129 1588 1
129 1623 1
129 1789 1
129 1808 1
129 1812 1
130 7 1
130 25 1
130 222 1
130 227 1
130 362 1
130 698 1
130 1127 1
130 1167 1
130 1644 1
130 1669 1
130 1707 1
130 1763 1
130 1806 1
130 1825 1
130 1844 1
130 1917 1
130 1933 1
130 2026 1
131 102 1
131 162 1
131 181 1
131 351 1
131 446 1
131 517 1
131 541 1
131 591 1
131 594 1
131 614 1
131 619 1
131 623 1
131 767 1
131 790 1
131 1003 1
131 1011 1
131 1040 1
131 1175 1
131 1519 1
131 1542 1
131 1565 1
131 1605 1
131 1606 1
131 1719 1
131 1861 1
132 21 1
132 32 1
132 143 1
132 169 1
132 243 1
132 264 1
132 281 1
132 287 1
132 338 1
132 357 1
132 487 1
132 531 1
132 559 1
132 624 1
132 630 1
132 638 1
132 659 1
132 804 1
132 862 1
132 911 1
132 1033 1
132 1056 1
132 1069 1
132 1140 1
132 1146 1
132 1169 1
132 1188 1
132 1200 1
132 1202 1
132 1238 1
132 1251 1
132 1261 1
132 1333 1
132 1346 1
132 1420 1
132 1457 1
132 1551 1
132 1582 1
132 1592 1
132 1616 1
132 1691 1
132 1730 1
132 1731 1
132 1913 1
132 1970 1
132 1972 1
132 1976 1
132 1989 1
133 23 1
133 39 1
133 41 1
133 99 1
133 266 1
133 332 1
133 394 1
133 397 1
133 566 1
133 592 1
133 631 1
133 647 1
133 678 1
133 885 1
133 950 1
133 955 1
133 967 1
133 1068 1
133 1134 1
133 1185 1
133 1211 1
133 1223 1
133 1273 1
133 1295 1
133 1348 1
133 1366 1
133 1417 1
133 1424 1
133 1778 1
133 1811 1
133 1882 1
133 1910 1
133 1940 1
133 1983 1
133 2045 1
134 2 1
134 34 1
134 479 1
134 497 1
134 653 1
134 934 1
134 1030 1
134 1034 1
134 1050 1
134 1104 1
134 1132 1
134 1233 1
134 1265 1
134 1269 1
134 1297 1
134 1437 1
134 1652 1
134 1852 1
134 1901 1
134 1924 1
134 2038 1
135 14 1
135 200 1
135 269 1
135 505 1
135 557 1
135 597 1
135 632 1
135 676 1
135 1205 1
135 1406 1
135 1525 1
135 1604 1
135 1610 1
135 1854 1
135 1926 1
135 1988 1
136 17 1
136 33 1
136 39 1
136 98 1
136 210 1
136 257 1
136 342 1
136 349 1
136 439 1
136 758 1
136 1014 1
136 1049 1
136 1668 1
136 1688 1
136 1794 1
137 39 1
137 40 1
137 51 1
137 189 1
137 511 1
137 759 1
137 1100 1
137 1191 1
137 1326 1
137 1335 1
137 1456 1
137 1636 1
137 1990 1
137 2035 1
138 30 1
138 330 1
138 537 1
138 1031 1
138 1076 1
138 1214 1
138 1317 1
138 1397 1
138 1607 1
138 1772 1
139 185 1
139 770 1
139 946 1
139 1218 1
139 1473 1
139 1591 1
139 1655 1
140 82 1
140 705 1
140 1593 1
140 1858 1
141 14 1
141 28 1
141 68 1
141 95 1
141 672 1
141 775 1
141 1096 1
141 1928 1
142 14 1
142 884 1
142 1321 1
142 1749 1
142 1818 1
143 28 1
143 168 1
143 368 1
143 534 1
143 605 1
143 1454 1
143 1767 1
144 2 1
144 40 1
144 73 1
144 221 1
144 235 1
144 291 1
144 553 1
144 861 1
144 924 1
144 1428 1
144 1821 1
145 149 1
145 1110 1
145 1207 1
145 1488 1
145 1500 1
145 1895 1
145 2015 1
146 2 1
146 8 1
146 19 1
146 20 1
146 27 1
146 72 1
146 104 1
146 122 1
146 193 1
146 395 1
146 418 1
146 429 1
146 478 1
146 546 1
146 795 1
146 922 1
146 939 1
146 1005 1
146 1215 1
146 1285 1
146 1322 1
146 1365 1
146 1834 1
146 1914 1
146 1993 1
146 2016 1
147 8 1
147 9 1
147 11 1
147 31 1
147 35 1
147 124 1
147 253 1
147 354 1
147 388 1
147 1063 1
147 1070 1
147 1115 1
147 1160 1
147 1225 1
147 1252 1
147 1413 1
147 1432 1
147 1503 1
147 1529 1
147 1546 1
147 1734 1
147 1793 1
147 1867 1
148 110 1
148 159 1
148 165 1
148 191 1
148 207 1
148 209 1
148 214 1
148 234 1
148 416 1
148 481 1
148 485 1
148 555 1
148 556 1
148 612 1
148 642 1
148 644 1
148 687 1
148 850 1
148 860 1
148 981 1
148 998 1
148 1046 1
148 1048 1
148 1098 1
148 1142 1
148 1162 1
148 1289 1
148 1300 1
148 1319 1
148 1739 1
148 1741 1
148 1773 1
148 1786 1
148 1864 1
148 2010 1
149 136 1
149 158 1
149 166 1
149 259 1
149 280 1
149 294 1
149 298 1
149 309 1
149 389 1
149 391 1
149 423 1
149 436 1
149 519 1
149 641 1
149 725 1
149 875 1
149 933 1
149 1035 1
149 1125 1
149 1136 1
149 1152 1
149 1260 1
149 1354 1
149 1374 1
149 1414 1
149 1452 1
149 1459 1
149 1475 1
149 1510 1
149 1580 1
149 1664 1
149 1683 1
149 1716 1
149 1717 1
149 1765 1
149 1880 1
149 2001 1
150 11 1
150 45 1
150 361 1
150 488 1
150 552 1
150 610 1
150 626 1
150 640 1
150 710 1
150 845 1
150 910 1
150 1006 1
150 1043 1
150 1095 1
150 1138 1
150 1143 1
150 1157 1
150 1197 1
150 1217 1
150 1227 1
150 1266 1
150 1274 1
150 1361 1
150 1400 1
150 1402 1
150 1509 1
150 1630 1
150 1743 1
150 1842 1
150 1878 1
150 1889 1
150 1969 1
151 254 1
151 347 1
151 411 1
151 562 1
151 836 1
151 848 1
151 923 1
151 1016 1
151 1017 1
151 1082 1
151 1102 1
151 1192 1
151 1328 1
151 1338 1
151 1373 1
151 1411 1
151 1464 1
151 1535 1
151 1556 1
151 1598 1
151 1712 1
151 1753 1
151 1796 1
151 2007 1
152 42 1
152 317 1
152 320 1
152 386 1
152 417 1
152 936 1
152 947 1
152 1119 1
152 1141 1
152 1255 1
152 1336 1
152 1341 1
152 1419 1
152 1558 1
152 1670 1
152 1697 1
152 1800 1
152 1958 1
153 295 1
153 318 1
153 628 1
153 666 1
153 803 1
153 1362 1
153 1611 1
153 1822 1
154 308 1
154 724 1
154 833 1
154 891 1
154 1178 1
154 1246 1
154 1391 1
154 1394 1
154 1520 1
154 1576 1
154 1579 1
154 1658 1
154 1801 1
155 145 1
155 271 1
155 494 1
155 504 1
155 547 1
155 575 1
155 1164 1
155 1481 1
155 1550 1
156 97 1
156 437 1
156 809 1
156 847 1
156 995 1
156 1107 1
156 1144 1
156 1268 1
156 1536 1
156 1784 1
157 2029 1
158 337 1
158 433 1
158 2021 1
159 1453 1
159 1465 1
160 107 1
160 148 1
160 544 1
160 636 1
160 1637 1
160 1776 1
160 1856 1
160 1999 1
161 64 1
161 412 1
161 432 1
161 670 1
161 707 1
161 708 1
161 1071 1
161 1513 1
161 1693 1
161 2004 1
162 71 1
162 343 1
162 407 1
162 585 1
162 794 1
162 1029 1
162 1129 1
162 1201 1
162 1689 1
162 1726 1
162 1732 1
163 202 1
163 211 1
163 398 1
163 409 1
163 435 1
163 493 1
163 608 1
163 634 1
163 637 1
163 690 1
163 714 1
163 732 1
163 834 1
163 851 1
163 868 1
163 872 1
163 877 1
163 975 1
163 984 1
163 1190 1
163 1228 1
163 1282 1
163 1318 1
163 1340 1
163 1403 1
163 1548 1
163 1563 1
163 1567 1
163 1569 1
163 1599 1
163 1722 1
163 1760 1
163 1809 1
163 1835 1
163 2017 1
164 26 1
164 60 1
164 87 1
164 90 1
164 111 1
164 156 1
164 174 1
164 176 1
164 187 1
164 208 1
164 315 1
164 376 1
164 449 1
164 496 1
164 526 1
164 568 1
164 667 1
164 684 1
164 779 1
164 802 1
164 810 1
164 835 1
164 989 1
164 1122 1
164 1131 1
164 1212 1
164 1364 1
164 1615 1
164 1667 1
164 1690 1
164 1736 1
164 1756 1
164 1757 1
164 1824 1
164 1833 1
164 1975 1
165 67 1
165 94 1
165 100 1
165 126 1
165 134 1
165 205 1
165 267 1
165 728 1
165 769 1
165 772 1
165 808 1
165 876 1
165 925 1
165 971 1
165 1001 1
165 1133 1
165 1150 1
165 1204 1
165 1257 1
165 1344 1
165 1347 1
165 1395 1
165 1396 1
165 1583 1
165 1595 1
165 1612 1
165 1771 1
165 1802 1
165 1826 1
166 85 1
166 180 1
166 301 1
166 383 1
166 385 1
166 413 1
166 441 1
166 499 1
166 503 1
166 616 1
166 701 1
166 713 1
166 745 1
166 788 1
166 953 1
166 991 1
166 999 1
166 1051 1
166 1087 1
166 1112 1
166 1174 1
166 1216 1
166 1231 1
166 1351 1
166 1384 1
166 1470 1
166 1560 1
166 1566 1
166 1574 1
166 1609 1
166 1643 1
166 1666 1
166 1698 1
166 1701 1
166 1785 1
166 1909 1
166 1930 1
166 1938 1
166 2009 1
166 2037 1
167 101 1
167 123 1
167 140 1
167 375 1
167 702 1
167 751 1
167 800 1
167 811 1
167 935 1
167 987 1
167 1037 1
167 1135 1
167 1271 1
167 1349 1
167 1392 1
167 1516 1
167 1755 1
167 1758 1
167 1799 1
167 1886 1
167 1899 1
167 1979 1
167 2042 1
168 261 1
168 422 1
168 520 1
168 577 1
168 727 1
168 780 1
168 882 1
168 904 1
168 988 1
168 1124 1
168 1324 1
168 1416 1
168 1426 1
168 1527 1
168 1696 1
168 1869 1
168 2022 1
168 2025 1
169 50 1
169 321 1
169 326 1
169 365 1
169 581 1
169 639 1
169 805 1
169 812 1
169 1067 1
169 1161 1
169 1280 1
169 1521 1
169 1562 1
169 1621 1
169 1638 1
169 1780 1
169 1829 1
169 1885 1
169 1963 1
169 1973 1
170 188 1
170 228 1
170 310 1
170 378 1
170 512 1
170 521 1
170 535 1
170 598 1
170 1007 1
170 1023 1
170 1180 1
170 1309 1
170 1547 1
170 1552 1
170 1710 1
170 1888 1
171 133 1
171 483 1
171 821 1
171 1105 1
172 857 1
172 1306 1
172 1504 1
173 65 1
173 1845 1
173 2020 1
174 139 1
174 163 1
174 754 1
174 1515 1
174 1708 1
174 2018 1
175 846 1
175 1868 1
176 393 1
176 785 1
176 1702 1
177 62 1
177 132 1
177 173 1
177 1790 1
177 1890 1
178 240 1
178 339 1
178 358 1
178 359 1
178 452 1
178 472 1
178 863 1
178 1038 1
178 1054 1
178 1209 1
178 1249 1
178 1399 1
178 1412 1
178 1485 1
178 1581 1
178 1797 1
178 1874 1
178 1951 1
179 220 1
179 231 1
179 270 1
179 341 1
179 425 1
179 462 1
179 748 1
179 814 1
179 832 1
179 844 1
179 865 1
179 978 1
179 1183 1
179 1281 1
179 1357 1
179 1359 1
179 1433 1
179 1467 1
179 1479 1
179 1518 1
179 1656 1
179 1711 1
179 1787 1
179 1853 1
179 1918 1
180 53 1
180 81 1
180 89 1
180 258 1
180 275 1
180 311 1
180 401 1
180 403 1
180 508 1
180 539 1
180 554 1
180 587 1
180 662 1
180 912 1
180 913 1
180 966 1
180 1008 1
180 1171 1
180 1303 1
180 1355 1
180 1434 1
180 1508 1
180 1523 1
180 1545 1
180 1622 1
180 1632 1
180 1752 1
180 1931 1
180 1967 1
180 2030 1
181 182 1
181 197 1
181 218 1
181 304 1
181 447 1
181 664 1
181 669 1
181 699 1
181 716 1
181 907 1
181 1012 1
181 1044 1
181 1061 1
181 1081 1
181 1198 1
181 1254 1
181 1262 1
181 1278 1
181 1327 1
181 1385 1
181 1596 1
181 1747 1
181 1836 1
181 1949 1
182 229 1
182 278 1
182 560 1
182 1243 1
182 1304 1
182 1375 1
182 1390 1
182 1619 1
182 1764 1
182 1814 1
182 1916 1
182 1922 1
182 2047 1
183 109 1
183 284 1
183 312 1
183 390 1
183 476 1
183 567 1
183 596 1
183 625 1
183 656 1
183 726 1
183 738 1
183 864 1
183 1165 1
183 1275 1
183 1311 1
183 1372 1
183 1409 1
183 1423 1
183 1781 1
183 1862 1
183 2019 1
184 44 1
184 86 1
184 114 1
184 367 1
184 381 1
184 420 1
184 551 1
184 1019 1
184 1149 1
184 1158 1
184 1370 1
184 1398 1
184 1486 1
184 1661 1
184 1783 1
184 2006 1
185 194 1
185 265 1
185 296 1
185 306 1
185 540 1
185 737 1
185 766 1
185 1187 1
185 1221 1
185 1230 1
185 1995 1
186 523 1
186 962 1
187 251 1
187 600 1
187 1738 1
188 56 1
188 688 1
188 960 1
188 1186 1
189 1497 1
191 199 1
191 1936 1
192 164 1
192 1041 1
192 1219 1
192 1541 1
192 1903 1
192 1904 1
193 706 1
193 818 1
193 961 1
193 1086 1
193 1435 1
193 1575 1
193 1744 1
194 74 1
194 854 1
194 1425 1
194 1724 1
195 262 1
195 387 1
195 515 1
195 878 1
195 894 1
195 1308 1
195 1331 1
195 1388 1
195 1594 1
196 233 1
196 366 1
196 469 1
196 486 1
196 719 1
196 892 1
196 1496 1
196 1634 1
196 1996 1
197 288 1
197 414 1
197 909 1
197 1064 1
197 1065 1
197 1148 1
197 1170 1
197 1455 1
197 1577 1
198 201 1
198 272 1
198 611 1
198 798 1
198 1130 1
199 142 1
199 372 1
199 489 1
199 773 1
200 329 1
200 889 1
200 1342 1
200 1438 1
201 313 1
201 956 1
201 1176 1
201 1572 1
202 784 1
202 1553 1
203 1568 1
204 858 1
204 1679 1
205 979 1
206 46 1
206 171 1
206 755 1
207 583 1
207 1759 1
208 328 1
208 532 1
208 761 1
208 1244 1
208 1307 1
208 1651 1
208 1782 1
208 1887 1
209 459 1
209 750 1
209 753 1
209 1819 1
210 224 1
210 455 1
210 564 1
210 681 1
211 660 1
211 711 1
211 733 1
211 762 1
211 1015 1
211 1232 1
211 1234 1
211 1296 1
211 1849 1
212 75 1
212 125 1
212 344 1
212 402 1
212 797 1
212 817 1
212 1032 1
212 1277 1
212 1728 1
213 241 1
213 374 1
213 448 1
213 502 1
213 618 1
213 703 1
213 1600 1
213 1627 1
214 244 1
214 635 1
214 819 1
214 1339 1
214 1675 1
214 1883 1
215 192 1
215 457 1
215 749 1
215 1816 1
215 1955 1
216 453 1
216 954 1
216 980 1
216 1259 1
216 1624 1
217 303 1
219 501 1
220 685 1
220 887 1
220 1526 1
220 1805 1
220 1898 1
220 1968 1
221 1151 1
221 1253 1
222 450 1
222 525 1
222 1441 1
222 1466 1
222 1662 1
223 93 1
223 899 1
223 952 1
223 994 1
223 1153 1
223 1248 1
223 1367 1
223 1649 1
223 1682 1
223 1828 1
224 161 1
224 245 1
224 424 1
224 442 1
224 572 1
224 730 1
224 873 1
224 874 1
224 1000 1
224 1010 1
224 1022 1
224 1058 1
224 1060 1
224 1139 1
224 1293 1
224 1320 1
224 1378 1
224 1404 1
224 1442 1
224 1571 1
224 1628 1
224 1727 1
224 1863 1
224 1875 1
224 1905 1
224 2036 1
225 83 1
225 105 1
225 223 1
225 490 1
225 507 1
225 627 1
225 683 1
225 686 1
225 823 1
225 870 1
225 896 1
225 926 1
225 929 1
225 972 1
225 973 1
225 996 1
225 1173 1
225 1427 1
225 1484 1
225 1642 1
225 1843 1
225 1896 1
225 2024 1
225 2046 1
226 70 1
226 103 1
226 108 1
226 152 1
226 276 1
226 307 1
226 484 1
226 565 1
226 789 1
226 867 1
226 942 1
226 957 1
226 985 1
226 1075 1
226 1184 1
226 1240 1
226 1379 1
226 1445 1
226 1487 1
226 1505 1
226 1635 1
226 1754 1
226 1817 1
226 1848 1
226 1900 1
226 1912 1
227 178 1
227 421 1
227 561 1
227 695 1
227 731 1
227 760 1
227 792 1
227 828 1
227 843 1
227 859 1
227 1002 1
227 1020 1
227 1241 1
227 1245 1
227 1337 1
227 1950 1
227 1985 1
227 1986 1
227 2033 1
228 43 1
228 184 1
228 268 1
228 364 1
228 491 1
228 771 1
228 837 1
228 895 1
228 906 1
228 1109 1
228 1113 1
228 1639 1
228 1640 1
228 1647 1
228 1961 1
229 54 1
229 55 1
229 80 1
229 217 1
229 249 1
229 279 1
229 300 1
229 578 1
229 1026 1
229 1027 1
229 1036 1
229 1053 1
229 1213 1
229 1237 1
229 1284 1
229 1314 1
229 1614 1
229 1694 1
229 1894 1
229 1947 1
229 2003 1
230 456 1
230 1172 1
230 1267 1
230 1330 1
230 1501 1
230 1673 1
230 1700 1
231 216 1
231 613 1
231 1538 1
231 1573 1
231 1943 1
232 983 1
232 1376 1
233 1555 1
233 1680 1
234 415 1
234 650 1
234 1659 1
235 290 1
235 1332 1
235 1699 1
235 1770 1
235 1810 1
236 285 1
236 1674 1
237 52 1
237 248 1
237 604 1
238 190 1
238 1155 1
238 1159 1
238 1345 1
238 1386 1
238 1418 1
238 1530 1
238 1618 1
239 47 1
239 128 1
239 131 1
239 273 1
239 384 1
239 406 1
239 927 1
239 1193 1
239 1210 1
239 1514 1
239 1602 1
239 1613 1
239 1665 1
239 1865 1
239 1945 1
239 2039 1
240 48 1
240 135 1
240 147 1
240 154 1
240 186 1
240 212 1
240 247 1
240 314 1
240 323 1
240 346 1
240 382 1
240 477 1
240 522 1
240 548 1
240 563 1
240 574 1
240 609 1
240 654 1
240 673 1
240 680 1
240 717 1
240 736 1
240 740 1
240 841 1
240 917 1
240 918 1
240 968 1
240 974 1
240 1085 1
240 1106 1
240 1272 1
240 1310 1
240 1316 1
240 1350 1
240 1368 1
240 1382 1
240 1408 1
240 1446 1
240 1471 1
240 1537 1
240 1544 1
240 1654 1
240 1714 1
240 1866 1
240 1902 1
240 1994 1
240 2023 1
241 66 1
241 77 1
241 116 1
241 129 1
241 150 1
241 289 1
241 340 1
241 443 1
241 468 1
241 506 1
241 529 1
241 694 1
241 756 1
241 921 1
241 964 1
241 1025 1
241 1101 1
241 1103 1
241 1299 1
241 1315 1
241 1380 1
241 1383 1
241 1534 1
241 1742 1
241 1813 1
241 1823 1
241 1920 1
241 1935 1
241 1966 1
241 1991 1
241 2041 1
242 12 1
242 57 1
242 91 1
242 151 1
242 226 1
242 252 1
242 277 1
242 348 1
242 444 1
242 513 1
242 658 1
242 721 1
242 801 1
242 839 1
242 866 1
242 869 1
242 890 1
242 937 1
242 938 1
242 940 1
242 1059 1
242 1088 1
242 1121 1
242 1206 1
242 1356 1
242 1421 1
242 1448 1
242 1720 1
242 1815 1
242 1895 1
242 1997 1
242 2005 1
242 2013 1
243 167 1
243 183 1
243 377 1
243 428 1
243 466 1
243 514 1
243 549 1
243 722 1
243 824 1
243 829 1
243 838 1
243 1118 1
243 1177 1
243 1229 1
243 1371 1
243 1460 1
243 1648 1
243 1677 1
243 1737 1
243 1798 1
243 1855 1
243 1877 1
243 1906 1
243 1944 1
243 2027 1
244 451 1
244 464 1
244 495 1
244 516 1
244 533 1
244 589 1
244 615 1
244 743 1
244 752 1
244 765 1
244 782 1
244 826 1
244 900 1
244 959 1
244 1072 1
244 1080 1
244 1114 1
244 1476 1
244 1478 1
244 1483 1
244 1489 1
244 1491 1
244 1923 1
244 1956 1
244 2028 1
245 250 1
245 470 1
245 840 1
245 855 1
245 1363 1
245 1477 1
245 1502 1
245 1705 1
245 1942 1
245 1984 1
246 225 1
246 299 1
246 355 1
246 1018 1
246 1091 1
246 1482 1
246 1626 1
246 1915 1
246 1959 1
247 172 1
247 1102 1
247 1236 1
248 463 1
248 693 1
248 1557 1
249 1033 1
249 1766 1
249 1897 1
250 59 1
250 293 1
250 905 1
250 1279 1
250 2031 1
251 1154 1
252 665 1
252 1706 1
253 498 1
253 1137 1
253 1439 1
253 1820 1
253 1872 1
254 419 1
254 445 1
254 763 1
254 768 1
254 786 1
254 830 1
254 914 1
254 1343 1
254 1451 1
254 1458 1
254 1461 1
254 1533 1
254 1570 1
254 1982 1
255 113 1
255 120 1
255 177 1
255 237 1
255 434 1
255 569 1
255 573 1
255 697 1
255 723 1
255 734 1
255 871 1
255 1090 1
255 1111 1
255 1116 1
255 1179 1
255 1196 1
255 1578 1
255 1692 1
255 1769 1
255 1846 1
256 63 1
256 331 1
256 379 1
256 473 1
256 593 1
256 718 1
256 781 1
256 799 1
256 822 1
256 920 1
256 970 1
256 986 1
256 1028 1
256 1084 1
256 1247 1
256 1323 1
256 1405 1
256 1463 1
256 1524 1
256 1660 1
256 1676 1
256 1795 1
256 1838 1
256 1841 1
256 1851 1
256 1964 1
257 144 1
257 153 1
257 274 1
257 475 1
257 704 1
257 735 1
257 746 1
257 949 1
257 969 1
257 1047 1
257 1222 1
257 1292 1
257 1312 1
257 1495 1
257 1559 1
257 1686 1
257 1733 1
257 1827 1
257 1830 1
257 1921 1
257 1992 1
258 239 1
258 246 1
258 322 1
258 360 1
258 388 1
258 509 1
258 524 1
258 655 1
258 692 1
258 739 1
258 741 1
258 1079 1
258 1145 1
258 1220 1
258 1242 1
258 1263 1
258 1264 1
258 1283 1
258 1286 1
258 1422 1
258 1436 1
258 1443 1
258 1629 1
258 1657 1
258 1748 1
258 1850 1
258 1960 1
258 2002 1
259 157 1
259 160 1
259 242 1
259 370 1
259 430 1
259 474 1
259 545 1
259 586 1
259 674 1
259 930 1
259 1389 1
259 1447 1
259 1493 1
259 1531 1
259 1767 1
259 1911 1
259 2032 1
259 2043 1
260 175 1
260 198 1
260 236 1
260 461 1
260 815 1
260 1024 1
260 1108 1
260 1329 1
260 1561 1
260 1750 1
260 1774 1
260 1927 1
261 49 1
261 691 1
261 888 1
261 911 1
261 965 1
261 992 1
261 1189 1
262 115 1
262 622 1
262 696 1
262 778 1
262 849 1
262 1074 1
262 1800 1
263 518 1
263 1128 1
263 1718 1
263 1937 1
263 1957 1
264 200 1
264 371 1
264 1325 1
264 1917 1
266 1507 1
266 1870 1
267 88 1
267 465 1
267 1746 1
267 1948 1
268 602 1
268 1199 1
269 146 1
269 1195 1
269 1941 1
269 1987 1
270 215 1
270 305 1
270 335 1
270 527 1
270 661 1
270 663 1
270 1353 1
270 1522 1
270 1603 1
270 1801 1
270 1873 1
270 1929 1
271 141 1
271 232 1
271 538 1
271 571 1
271 606 1
271 791 1
271 842 1
271 1055 1
271 1641 1
271 1832 1
271 1847 1
271 2011 1
272 79 1
272 117 1
272 203 1
272 297 1
272 399 1
272 404 1
272 460 1
272 645 1
272 777 1
272 825 1
272 853 1
272 1039 1
272 1057 1
272 1287 1
272 1539 1
272 1597 1
272 1653 1
272 1681 1
272 1687 1
272 1704 1
272 1762 1
272 1932 1
272 1954 1
273 121 1
273 256 1
273 345 1
273 369 1
273 426 1
273 530 1
273 601 1
273 651 1
273 757 1
273 783 1
273 881 1
273 883 1
273 1250 1
273 1258 1
273 1387 1
273 1393 1
273 1472 1
273 1494 1
273 1633 1
273 1663 1
273 1683 1
273 1735 1
273 1837 1
273 1860 1
273 1892 1
273 2014 1
274 38 1
274 58 1
274 130 1
274 292 1
274 592 1
274 820 1
274 916 1
274 931 1
274 1163 1
274 1317 1
274 1352 1
274 1407 1
274 1498 1
274 1768 1
274 1779 1
274 1876 1
274 1919 1
274 1980 1
275 92 1
275 155 1
275 1042 1
275 1092 1
275 1140 1
275 1167 1
275 1585 1
275 1729 1
275 1794 1
275 1974 1
276 195 1
276 196 1
276 576 1
276 617 1
276 700 1
276 764 1
276 776 1
276 790 1
276 813 1
276 831 1
276 1181 1
276 1468 1
276 1500 1
276 1551 1
276 2048 1
277 806 1
277 1115 1
277 1440 1
277 1612 1
277 1840 1
277 2044 1
278 570 1
278 632 1
278 1094 1
278 1261 1
278 1430 1
279 1089 1
279 1586 1
280 73 1
280 263 1
280 720 1
280 1126 1
280 1952 1
281 1052 1
281 1200 1
281 1270 1
283 536 1
284 405 1
284 480 1
284 1017 1
284 1208 1
284 1605 1
284 1745 1
285 324 1
285 796 1
285 915 1
285 976 1
285 1040 1
285 1224 1
285 1305 1
285 1554 1
285 1803 1
285 1925 1
286 302 1
286 380 1
286 770 1
286 816 1
286 902 1
286 1073 1
286 1233 1
286 1646 1
286 1981 1
287 353 1
287 363 1
287 408 1
287 590 1
287 648 1
287 679 1
287 787 1
287 807 1
287 951 1
287 955 1
287 1098 1
287 1127 1
287 1168 1
287 1169 1
287 1291 1
287 1348 1
287 1365 1
287 1610 1
287 1636 1
287 1703 1
287 1740 1
287 1861 1
287 1940 1
288 61 1
288 76 1
288 227 1
288 281 1
288 467 1
288 479 1
288 541 1
288 709 1
288 744 1
288 767 1
288 827 1
288 885 1
288 922 1
288 923 1
288 943 1
288 944 1
288 945 1
288 958 1
288 990 1
288 1078 1
288 1117 1
288 1211 1
288 1223 1
288 1239 1
288 1275 1
288 1297 1
288 1334 1
288 1444 1
288 1450 1
288 1529 1
288 1617 1
288 1765 1
288 1804 1
288 1871 1
288 1879 1
288 1891 1
288 1978 1
288 2008 1
288 2040 1
289 137 1
289 204 1
289 209 1
289 333 1
289 334 1
289 597 1
289 676 1
289 678 1
289 948 1
289 977 1
289 1004 1
289 1156 1
289 1276 1
289 1358 1
289 1587 1
289 1869 1
289 1907 1
289 2034 1
290 42 1
290 95 1
290 127 1
290 185 1
290 260 1
290 624 1
290 856 1
290 897 1
290 919 1
290 1045 1
290 1377 1
290 1417 1
290 1449 1
290 1480 1
290 1506 1
290 1560 1
290 1631 1
290 1672 1
290 1695 1
290 1934 1
290 1946 1
290 1970 1
291 64 1
291 68 1
291 427 1
291 431 1
291 499 1
291 579 1
291 629 1
291 774 1
291 852 1
291 898 1
291 1049 1
291 1123 1
291 1252 1
291 1391 1
291 2000 1
292 101 1
292 107 1
292 119 1
292 542 1
292 795 1
292 1212 1
292 1792 1
292 1958 1
292 1965 1
292 1998 1
292 2045 1
293 581 1
293 689 1
293 928 1
293 1269 1
293 1369 1
293 1589 1
293 1707 1
294 118 1
294 259 1
294 713 1
294 1005 1
294 1030 1
294 1346 1
294 1431 1
295 102 1
295 361 1
295 517 1
295 630 1
295 659 1
295 1806 1
295 2012 1
296 29 1
296 85 1
296 124 1
296 670 1
296 708 1
296 1146 1
297 715 1
297 1601 1
298 286 1
298 603 1
298 1499 1
299 181 1
299 282 1
299 580 1
299 893 1
299 1235 1
299 1859 1
300 336 1
300 682 1
300 793 1
300 1062 1
300 1470 1
300 1595 1
300 1989 1
301 500 1
301 553 1
301 588 1
301 633 1
301 934 1
301 963 1
301 1011 1
301 1093 1
301 1301 1
301 1360 1
301 1366 1
301 1584 1
301 1775 1
302 145 1
302 219 1
302 396 1
302 458 1
302 526 1
302 528 1
302 543 1
302 595 1
302 607 1
302 647 1
302 652 1
302 775 1
302 880 1
302 950 1
302 1066 1
302 1104 1
302 1147 1
302 1432 1
302 1623 1
302 1645 1
302 1684 1
302 1725 1
302 1731 1
302 1751 1
302 1844 1
302 1889 1
303 6 1
303 16 1
303 168 1
303 210 1
303 330 1
303 362 1
303 373 1
303 391 1
303 454 1
303 626 1
303 742 1
303 1063 1
303 1182 1
303 1226 1
303 1227 1
303 1335 1
303 1415 1
303 1473 1
303 1543 1
303 1545 1
303 1564 1
303 1620 1
303 1697 1
303 1818 1
303 1857 1
303 1969 1
303 1977 1
304 26 1
304 84 1
304 112 1
304 162 1
304 235 1
304 441 1
304 555 1
304 584 1
304 649 1
304 698 1
304 845 1
304 1031 1
304 1099 1
304 1141 1
304 1152 1
304 1161 1
304 1326 1
304 1465 1
304 1519 1
304 1547 1
304 1592 1
304 1671 1
304 1772 1
304 1825 1
304 1881 1
304 1884 1
304 1893 1
304 1972 1
304 1988 1
304 2010 1
304 2038 1
305 69 1
305 72 1
305 254 1
305 287 1
305 325 1
305 342 1
305 556 1
305 662 1
305 672 1
305 989 1
305 1166 1
305 1185 1
305 1218 1
305 1511 1
305 1535 1
305 1588 1
305 1590 1
305 1778 1
305 1890 1
305 1939 1
306 82 1
306 170 1
306 264 1
306 269 1
306 410 1
306 433 1
306 599 1
306 605 1
306 637 1
306 941 1
306 993 1
306 1068 1
306 1294 1
306 1457 1
306 1525 1
306 1540 1
306 1549 1
306 1655 1
306 1776 1
306 1834 1
306 1926 1
307 266 1
307 280 1
307 418 1
307 497 1
307 623 1
307 690 1
307 908 1
307 1013 1
307 1188 1
307 1207 1
307 1266 1
307 1406 1
307 1410 1
307 1542 1
307 1690 1
307 1756 1
307 1971 1
308 271 1
308 471 1
308 558 1
308 657 1
308 836 1
308 1051 1
308 1076 1
308 1741 1
309 316 1
309 341 1
309 910 1
309 991 1
309 1021 1
309 1361 1
309 2016 1
309 2026 1
310 98 1
310 149 1
310 566 1
310 939 1
310 1374 1
310 2007 1
311 180 1
311 634 1
311 758 1
311 821 1
311 904 1
311 1469 1
311 1625 1
311 1821 1
312 1087 1
312 1394 1
312 1730 1
312 1743 1
312 1773 1
313 621 1
313 780 1
313 1658 1
313 1793 1
314 591 1
314 1763 1
314 1831 1
315 308 1
315 1381 1
315 1933 1
316 413 1
316 440 1
316 620 1
316 1132 1
316 1373 1
316 1488 1
316 1492 1
316 1503 1
316 1788 1
316 1854 1
317 110 1
317 211 1
317 213 1
317 392 1
317 436 1
317 547 1
317 677 1
317 724 1
317 997 1
317 1256 1
317 1288 1
317 1333 1
317 1420 1
317 1569 1
317 1709 1
317 1717 1
317 1839 1
317 1990 1
318 51 1
318 158 1
318 357 1
318 394 1
318 557 1
318 710 1
318 875 1
318 946 1
318 1100 1
318 1136 1
318 1143 1
318 1178 1
318 1192 1
318 1251 1
318 1274 1
318 1285 1
318 1397 1
318 1401 1
318 1490 1
318 1520 1
318 1528 1
318 1532 1
318 1550 1
318 1678 1
318 1723 1
318 1791 1
318 1808 1
318 1901 1
318 1962 1
318 2001 1
319 138 1
319 230 1
319 234 1
319 253 1
319 257 1
319 343 1
319 352 1
319 356 1
319 358 1
319 395 1
319 417 1
319 432 1
319 487 1
319 646 1
319 666 1
319 668 1
319 884 1
319 982 1
319 1001 1
319 1034 1
319 1125 1
319 1144 1
319 1162 1
319 1180 1
319 1203 1
319 1437 1
319 1462 1
319 1474 1
319 1581 1
319 1726 1
319 1734 1
319 1811 1
319 1882 1
319 1886 1
319 2029 1
320 166 1
320 189 1
320 191 1
320 319 1
320 412 1
320 505 1
320 636 1
320 732 1
320 872 1
320 886 1
320 936 1
320 1048 1
320 1134 1
320 1197 1
320 1290 1
320 1785 1
320 1914 1
320 1983 1
320 1993 1
320 2015 1
321 96 1
321 104 1
321 165 1
321 350 1
321 397 1
321 537 1
321 619 1
321 653 1
321 788 1
321 879 1
321 891 1
321 903 1
321 932 1
321 1009 1
321 1191 1
321 1202 1
321 1295 1
321 1302 1
321 1416 1
321 1566 1
321 1621 1
321 1753 1
321 1789 1
321 1856 1
321 1878 1
322 45 1
322 169 1
322 309 1
322 478 1
322 481 1
322 751 1
322 759 1
322 844 1
322 863 1
322 1509 1
322 1721 1
322 1799 1
322 1833 1
322 1913 1
323 193 1
323 332 1
323 400 1
323 420 1
323 446 1
323 1319 1
323 1669 1
323 1747 1
323 1761 1
324 20 1
324 238 1
324 243 1
324 315 1
324 385 1
324 544 1
324 546 1
324 640 1
324 1583 1
324 1591 1
324 1867 1
325 510 1
325 701 1
325 1110 1
325 1424 1
325 1575 1
325 1608 1
325 1650 1
325 1802 1
325 1910 1
326 347 1
326 351 1
326 631 1
326 794 1
326 1216 1
327 494 1
327 519 1
327 712 1
327 729 1
327 864 1
327 1606 1
327 1691 1
327 2006 1
328 37 1
328 261 1
328 612 1
328 671 1
328 933 1
328 1077 1
328 1341 1
328 1630 1
329 389 1
329 449 1
329 1056 1
329 1095 1
329 2009 1
330 411 1
330 643 1
330 981 1
330 1611 1
330 1615 1
330 1864 1
331 354 1
331 1043 1
331 1160 1
331 1205 1
331 1238 1
331 1908 1
332 50 1
332 339 1
332 492 1
332 947 1
332 1061 1
332 1579 1
332 1749 1
332 1807 1
332 1812 1
333 156 1
333 294 1
333 298 1
333 304 1
333 423 1
333 438 1
333 512 1
333 535 1
333 616 1
333 642 1
333 705 1
333 772 1
333 835 1
333 967 1
333 1016 1
333 1035 1
333 1131 1
333 1175 1
333 1194 1
333 1298 1
333 1402 1
333 1580 1
334 4 1
334 67 1
334 94 1
334 133 1
334 164 1
334 205 1
334 809 1
334 862 1
334 971 1
334 1107 1
334 1510 1
334 1513 1
334 1536 1
334 1693 1
334 1710 1
334 1715 1
334 1771 1
334 1835 1
334 1852 1
335 111 1
335 139 1
335 140 1
335 159 1
335 221 1
335 255 1
335 504 1
335 614 1
335 1097 1
335 1135 1
335 1150 1
335 1260 1
335 1281 1
335 1354 1
335 1399 1
335 1481 1
335 1546 1
335 1582 1
335 1616 1
335 1716 1
335 1796 1
335 2035 1
336 97 1
336 109 1
336 365 1
336 485 1
336 540 1
336 575 1
336 725 1
336 803 1
336 865 1
336 1071 1
336 1164 1
336 1228 1
336 1257 1
336 1278 1
336 1313 1
336 1322 1
336 1351 1
336 1362 1
336 1364 1
336 1454 1
336 1548 1
336 1637 1
336 1739 1
336 1858 1
336 1924 1
336 1928 1
337 349 1
337 416 1
337 539 1
337 876 1
337 907 1
337 924 1
337 1014 1
337 1120 1
337 1133 1
337 1355 1
337 1435 1
337 1598 1
337 1757 1
337 1760 1
337 1786 1
337 2047 1
338 206 1
338 368 1
338 437 1
338 520 1
338 552 1
338 594 1
338 810 1
338 1054 1
338 1124 1
338 1142 1
338 1357 1
338 1541 1
338 1576 1
338 1670 1
338 1842 1
338 2030 1
339 7 1
339 34 1
339 435 1
339 439 1
339 550 1
339 635 1
339 1037 1
339 1050 1
339 1215 1
339 1385 1
339 1414 1
339 1527 1
339 1667 1
339 1764 1
340 187 1
340 337 1
340 407 1
340 995 1
340 1338 1
340 1719 1
341 320 1
341 488 1
341 1119 1
341 1698 1
341 1845 1
341 1862 1
342 136 1
342 327 1
342 638 1
342 975 1
342 1003 1
342 1083 1
342 1384 1
342 1419 1
342 1429 1
343 310 1
343 684 1
343 850 1
343 1096 1
343 1289 1
343 1975 1
344 262 1
344 805 1
345 148 1
345 851 1
345 1082 1
345 1953 1
346 1396 1
346 1556 1
346 1744 1
347 531 1
347 1643 1
347 1722 1
347 1738 1
348 220 1
348 222 1
348 283 1
348 462 1
348 559 1
348 687 1
348 707 1
348 861 1
348 901 1
348 1023 1
348 1300 1
348 1395 1
348 1517 1
348 1619 1
348 1783 1
349 482 1
349 667 1
349 675 1
349 800 1
349 812 1
349 1129 1
349 1138 1
349 1157 1
349 1230 1
349 1282 1
349 1459 1
349 1622 1
349 1938 1
350 81 1
350 122 1
350 207 1
350 447 1
350 582 1
350 628 1
350 769 1
350 998 1
350 1174 1
350 1201 1
350 1217 1
350 1265 1
350 1388 1
350 1453 1
350 1456 1
350 1475 1
350 1512 1
350 1652 1
350 1668 1
350 1732 1
350 1752 1
350 2020 1
351 10 1
351 22 1
351 176 1
351 179 1
351 197 1
351 267 1
351 311 1
351 359 1
351 378 1
351 386 1
351 398 1
351 401 1
351 422 1
351 503 1
351 747 1
351 753 1
351 785 1
351 808 1
351 987 1
351 1069 1
351 1112 1
351 1273 1
351 1375 1
351 1607 1
351 1685 1
351 1689 1
351 1701 1
351 1931 1
351 2025 1
352 99 1
352 134 1
352 182 1
352 240 1
352 251 1
352 318 1
352 367 1
352 521 1
352 562 1
352 641 1
352 745 1
352 894 1
352 1029 1
352 1231 1
352 1309 1
352 1349 1
352 1409 1
352 1521 1
352 1593 1
352 1599 1
352 1702 1
352 1777 1
352 1780 1
352 1885 1
352 1909 1
352 1963 1
352 1973 1
352 1979 1
352 2037 1
353 142 1
353 194 1
353 295 1
353 390 1
353 534 1
353 726 1
353 847 1
353 1171 1
353 1204 1
353 1327 1
353 1412 1
353 1413 1
353 1479 1
353 1562 1
353 1784 1
353 1868 1
354 78 1
354 214 1
354 301 1
354 312 1
354 338 1
354 699 1
354 727 1
354 833 1
354 877 1
354 1007 1
354 1254 1
354 1306 1
354 1340 1
354 1452 1
354 1504 1
354 1736 1
355 5 1
355 21 1
355 65 1
355 174 1
355 511 1
355 1328 1
355 1574 1
356 306 1
356 455 1
356 834 1
356 1122 1
356 1516 1
356 1563 1
356 1824 1
356 1904 1
357 291 1
357 600 1
357 802 1
357 925 1
357 1244 1
358 123 1
358 233 1
358 383 1
358 1219 1
358 1268 1
358 1936 1
359 639 1
359 728 1
360 1246 1
360 1696 1
361 1433 1
362 1423 1
362 1485 1
362 1976 1
363 258 1
363 860 1
363 1318 1
363 1565 1
363 1951 1
364 60 1
364 372 1
364 496 1
364 818 1
364 953 1
364 961 1
364 1006 1
364 1044 1
364 1304 1
364 1826 1
365 208 1
365 296 1
365 321 1
365 429 1
365 452 1
365 493 1
365 583 1
365 832 1
365 1046 1
365 1158 1
365 1190 1
365 1255 1
365 1262 1
365 1296 1
365 1303 1
365 1337 1
365 1372 1
365 1400 1
365 1428 1
365 1515 1
365 1558 1
365 1567 1
365 1609 1
365 1664 1
365 1688 1
365 1874 1
365 1880 1
365 1899 1
365 1995 1
365 2042 1
366 53 1
366 56 1
366 83 1
366 87 1
366 90 1
366 265 1
366 326 1
366 375 1
366 409 1
366 560 1
366 598 1
366 610 1
366 848 1
366 988 1
366 1015 1
366 1038 1
366 1359 1
366 1464 1
366 1604 1
366 1638 1
366 1713 1
366 1755 1
366 1758 1
366 1819 1
366 1903 1
366 1922 1
366 1930 1
366 2017 1
366 2022 1
367 35 1
367 100 1
367 132 1
367 163 1
367 188 1
367 564 1
367 681 1
367 711 1
367 828 1
367 857 1
367 1075 1
367 1105 1
367 1149 1
367 1165 1
367 1241 1
367 1392 1
367 1403 1
367 1496 1
367 1552 1
367 1573 1
367 1632 1
367 1711 1
367 1781 1
367 1790 1
367 1822 1
367 1853 1
367 1918 1
367 1999 1
368 126 1
368 242 1
368 275 1
368 472 1
368 554 1
368 748 1
368 750 1
368 804 1
368 892 1
368 935 1
368 980 1
368 1019 1
368 1081 1
368 1209 1
368 1347 1
368 1386 1
368 1398 1
368 1411 1
368 1759 1
368 2019 1
369 52 1
369 106 1
369 143 1
369 152 1
369 577 1
369 585 1
369 669 1
369 737 1
369 889 1
369 1012 1
369 1025 1
369 1058 1
369 1176 1
369 1271 1
369 1467 1
369 1523 1
369 1568 1
370 228 1
370 231 1
370 288 1
370 476 1
370 719 1
370 984 1
370 1008 1
370 1148 1
370 1336 1
370 1497 1
371 1 1
371 1243 1
371 1321 1
371 1434 1
371 1680 1
372 135 1
372 284 1
372 300 1
372 486 1
372 625 1
372 644 1
372 2046 1
373 224 1
373 2018 1
374 89 1
374 755 1
375 272 1
375 1059 1
375 1183 1
376 1486 1
377 1508 1
378 202 1
378 393 1
378 656 1
378 1330 1
378 1390 1
378 1912 1
379 30 1
379 71 1
379 114 1
379 173 1
379 483 1
379 568 1
379 811 1
379 1130 1
379 1198 1
379 1225 1
379 1596 1
379 1712 1
379 1724 1
379 1888 1
379 2004 1
380 268 1
380 469 1
380 508 1
380 587 1
380 608 1
380 714 1
380 738 1
380 752 1
380 754 1
380 784 1
380 814 1
380 912 1
380 1041 1
380 1086 1
380 1170 1
380 1186 1
380 1214 1
380 1221 1
380 1644 1
381 9 1
381 15 1
381 19 1
381 32 1
381 74 1
381 199 1
381 270 1
381 278 1
381 387 1
381 448 1
381 523 1
381 525 1
381 716 1
381 760 1
381 766 1
381 798 1
381 854 1
381 960 1
381 999 1
381 1331 1
381 1344 1
381 1656 1
381 1666 1
381 1708 1
381 1883 1
381 1968 1
381 1991 1
381 2021 1
382 18 1
382 23 1
382 24 1
382 46 1
382 366 1
382 403 1
382 414 1
382 502 1
382 515 1
382 567 1
382 596 1
382 702 1
382 706 1
382 722 1
382 733 1
382 797 1
382 837 1
382 859 1
382 968 1
382 1026 1
382 1210 1
382 1531 1
382 1600 1
382 1797 1
382 1809 1
382 1945 1
382 1949 1
383 27 1
383 376 1
383 507 1
383 660 1
383 761 1
383 779 1
383 913 1
383 1010 1
383 1022 1
383 1033 1
383 1352 1
383 1445 1
383 1577 1
383 1673 1
383 1699 1
383 1782 1
383 1814 1
383 1829 1
383 1887 1
383 1964 1
383 1967 1
384 25 1
384 171 1
384 277 1
384 307 1
384 344 1
384 874 1
384 905 1
384 954 1
384 966 1
384 985 1
384 1279 1
384 1661 1
384 2005 1
385 36 1
385 160 1
385 218 1
385 285 1
385 506 1
385 551 1
385 765 1
385 978 1
385 1060 1
385 1438 1
385 1628 1
385 1687 1
385 1866 1
385 1875 1
386 62 1
386 322 1
386 618 1
386 868 1
386 1311 1
386 1455 1
386 1728 1
386 1813 1
386 1906 1
387 688 1
387 867 1
387 1324 1
387 1534 1
387 1704 1
388 1985 1
389 364 1
389 929 1
390 456 1
390 545 1
390 604 1
390 1032 1
390 1342 1
391 317 1
391 613 1
391 762 1
391 838 1
392 424 1
392 578 1
392 1425 1
393 846 1
393 1659 1
393 1921 1
394 103 1
394 611 1
394 900 1
394 1070 1
394 1280 1
395 3 1
395 241 1
395 329 1
395 459 1
395 489 1
395 704 1
395 882 1
395 927 1
395 1020 1
395 1064 1
395 1249 1
395 1339 1
395 1370 1
395 1518 1
395 1642 1
395 1787 1
395 1805 1
396 33 1
396 113 1
396 178 1
396 190 1
396 216 1
396 328 1
396 425 1
396 572 1
396 686 1
396 703 1
396 789 1
396 895 1
396 994 1
396 1036 1
396 1109 1
396 1153 1
396 1177 1
396 1187 1
396 1307 1
396 1315 1
396 1404 1
396 1624 1
396 1674 1
396 1679 1
396 1863 1
396 1902 1
396 1916 1
396 1947 1
396 2033 1
397 129 1
397 161 1
397 245 1
397 279 1
397 477 1
397 484 1
397 609 1
397 771 1
397 773 1
397 909 1
397 1065 1
397 1113 1
397 1487 1
397 1634 1
397 1640 1
397 1654 1
397 1682 1
397 1692 1
397 1694 1
397 1848 1
397 1943 1
398 229 1
398 615 1
398 735 1
398 819 1
398 1067 1
398 1116 1
398 1154 1
398 1248 1
398 1442 1
398 1594 1
398 1651 1
398 1662 1
398 1942 1
398 1997 1
398 2003 1
399 31 1
399 66 1
399 116 1
399 201 1
399 217 1
399 303 1
399 313 1
399 348 1
399 443 1
399 565 1
399 685 1
399 757 1
399 781 1
399 829 1
399 858 1
399 899 1
399 996 1
399 1111 1
399 1224 1
399 1229 1
399 1232 1
399 1267 1
399 1310 1
399 1418 1
399 1446 1
399 1537 1
399 1923 1
399 1955 1
400 2 1
400 120 1
400 522 1
400 569 1
400 817 1
400 1002 1
400 1114 1
400 1139 1
400 1382 1
400 1502 1
400 1727 1
400 1770 1
400 1810 1
401 340 1
401 384 1
401 490 1
401 514 1
401 680 1
401 694 1
401 962 1
401 1053 1
401 1421 1
401 1460 1
401 1660 1
401 1877 1
401 1898 1
402 154 1
402 463 1
402 561 1
402 734 1
402 1426 1
402 1641 1
402 1851 1
402 1865 1
403 226 1
403 427 1
403 664 1
403 1193 1
403 1911 1
404 131 1
404 247 1
404 290 1
404 693 1
404 839 1
404 1538 1
404 1618 1
404 2024 1
405 70 1
405 453 1
405 979 1
406 44 1
406 248 1
406 1350 1
407 878 1
407 890 1
407 973 1
407 1533 1
407 1555 1
408 896 1
408 1471 1
409 1155 1
409 1448 1
409 1897 1
410 13 1
410 57 1
410 406 1
410 419 1
410 1368 1
410 2036 1
411 54 1
411 59 1
411 108 1
411 276 1
411 381 1
411 921 1
411 957 1
411 1206 1
411 1237 1
411 1277 1
411 1317 1
411 1439 1
411 1466 1
411 1480 1
411 1828 1
411 1956 1
412 40 1
412 41 1
412 382 1
412 442 1
412 450 1
412 586 1
412 749 1
412 870 1
412 906 1
412 1080 1
412 1092 1
412 1118 1
412 1234 1
412 1247 1
412 1308 1
412 1378 1
412 1447 1
412 1530 1
412 1553 1
412 1613 1
412 1614 1
412 1686 1
412 1798 1
412 1816 1
412 1817 1
412 1843 1
412 1944 1
412 1986 1
412 1996 1
412 2023 1
413 12 1
413 86 1
413 495 1
413 548 1
413 549 1
413 563 1
413 573 1
413 731 1
413 843 1
413 956 1
413 1024 1
413 1184 1
413 1263 1
413 1343 1
413 1345 1
413 1367 1
413 1463 1
413 1639 1
413 1677 1
413 1742 1
413 1801 1
413 1820 1
413 1894 1
413 1896 1
413 1959 1
414 77 1
414 80 1
414 105 1
414 212 1
414 513 1
414 697 1
414 730 1
414 826 1
414 1236 1
414 1441 1
414 1769 1
414 1869 1
415 17 1
415 200 1
415 289 1
415 374 1
415 627 1
415 782 1
415 942 1
415 1091 1
415 1128 1
415 1172 1
415 1242 1
415 1316 1
415 1649 1
415 1700 1
415 1832 1
415 1900 1
415 1982 1
415 1984 1
416 55 1
416 150 1
416 225 1
416 457 1
416 509 1
416 532 1
416 574 1
416 651 1
416 792 1
416 940 1
416 1047 1
416 1173 1
416 1389 1
416 1461 1
416 1627 1
416 1675 1
416 2027 1
417 501 1
417 918 1
417 1028 1
417 1084 1
417 1213 1
417 1245 1
417 1253 1
417 1320 1
417 1443 1
417 1514 1
418 167 1
418 249 1
418 1334 1
418 1427 1
418 1501 1
418 1849 1
418 1957 1
419 198 1
419 576 1
419 718 1
419 926 1
419 1179 1
419 1505 1
419 1544 1
419 1994 1
419 2039 1
420 177 1
420 186 1
420 533 1
420 801 1
420 823 1
420 983 1
420 1151 1
420 1272 1
421 1106 1
421 1220 1
421 1551 1
422 91 1
422 428 1
422 518 1
422 709 1
422 1379 1
422 1524 1
422 1597 1
423 252 1
424 402 1
424 739 1
425 589 1
425 673 1
425 1079 1
425 1493 1
425 1937 1
426 47 1
426 1356 1
426 1363 1
426 1762 1
427 128 1
427 147 1
427 192 1
427 451 1
427 466 1
427 720 1
427 873 1
427 887 1
427 964 1
427 1088 1
427 1102 1
427 1159 1
427 1195 1
427 1259 1
427 1284 1
427 1293 1
427 1647 1
427 1927 1
427 1948 1
428 314 1
428 370 1
428 421 1
428 527 1
428 622 1
428 791 1
428 920 1
428 969 1
428 1018 1
428 1240 1
428 1314 1
428 1451 1
428 1491 1
428 1774 1
428 2002 1
428 2013 1
428 2028 1
428 2032 1
429 8 1
429 43 1
429 237 1
429 250 1
429 323 1
429 654 1
429 841 1
429 849 1
429 937 1
429 938 1
429 952 1
429 1039 1
429 1196 1
429 1348 1
429 1482 1
429 1483 1
429 1539 1
429 1648 1
429 1665 1
429 1706 1
429 1714 1
429 1748 1
429 1823 1
429 1836 1
429 1837 1
429 1850 1
429 1915 1
430 11 1
430 39 1
430 227 1
430 244 1
430 740 1
430 741 1
430 786 1
430 824 1
430 866 1
430 915 1
430 930 1
430 1444 1
430 1476 1
430 1522 1
430 1603 1
430 1872 1
430 1950 1
430 2041 1
431 49 1
431 184 1
431 355 1
431 430 1
431 470 1
431 617 1
431 674 1
431 683 1
431 692 1
431 822 1
431 869 1
431 972 1
431 1189 1
431 1329 1
431 1478 1
431 1484 1
431 1557 1
431 1980 1
431 2043 1
432 141 1
432 144 1
432 146 1
432 949 1
432 1074 1
432 1090 1
432 1422 1
432 1672 1
432 1767 1
432 1905 1
432 1917 1
432 1929 1
432 1935 1
432 1958 1
433 130 1
433 273 1
433 377 1
433 379 1
433 855 1
433 1283 1
433 1312 1
433 1676 1
433 1806 1
433 1840 1
434 959 1
434 1072 1
434 1222 1
434 1815 1
435 151 1
435 203 1
435 274 1
435 871 1
436 498 1
436 529 1
436 815 1
436 830 1
436 1299 1
437 256 1
437 888 1
437 945 1
437 1167 1
437 1286 1
438 75 1
438 331 1
438 1733 1
438 1838 1
438 1940 1
438 1954 1
439 48 1
440 1137 1
440 1383 1
441 125 1
441 1264 1
441 1477 1
441 1571 1
441 2044 1
442 153 1
442 183 1
442 232 1
442 491 1
442 592 1
442 1152 1
442 1458 1
442 1526 1
442 1559 1
442 1570 1
442 1873 1
442 2008 1
443 223 1
443 239 1
443 293 1
443 371 1
443 388 1
443 465 1
443 695 1
443 768 1
443 970 1
443 1094 1
443 1332 1
443 1735 1
443 1750 1
443 1870 1
443 1891 1
443 1960 1
443 1966 1
444 76 1
444 538 1
444 606 1
444 663 1
444 691 1
444 807 1
444 840 1
444 902 1
444 986 1
444 1000 1
444 1055 1
444 1126 1
444 1169 1
444 1270 1
444 1408 1
444 1663 1
444 1683 1
445 58 1
445 88 1
445 92 1
445 157 1
445 185 1
445 297 1
445 335 1
445 363 1
445 597 1
445 655 1
445 723 1
445 825 1
445 914 1
445 958 1
445 1208 1
445 1227 1
445 1353 1
445 1371 1
445 1376 1
445 1602 1
445 1745 1
445 1779 1
445 1794 1
445 1827 1
445 1952 1
446 29 1
446 63 1
446 246 1
446 330 1
446 444 1
446 480 1
446 665 1
446 696 1
446 743 1
446 917 1
446 1057 1
446 1108 1
446 1469 1
446 1507 1
446 1653 1
446 1720 1
446 1821 1
446 1961 1
446 1970 1
446 1974 1
447 259 1
447 292 1
447 415 1
447 461 1
447 473 1
447 658 1
447 820 1
447 1121 1
447 1405 1
447 1500 1
447 1519 1
447 1554 1
447 1578 1
447 1585 1
447 1941 1
447 2040 1
448 117 1
448 196 1
448 460 1
448 593 1
448 922 1
448 963 1
448 1250 1
448 1589 1
448 1633 1
449 282 1
449 923 1
449 1027 1
449 1617 1
450 396 1
450 516 1
450 661 1
450 806 1
450 974 1
450 1063 1
450 1117 1
450 1182 1
450 1635 1
451 16 1
451 1132 1
451 1393 1
451 1831 1
452 64 1
452 1005 1
452 1188 1
452 1199 1
453 916 1
453 1472 1
453 1584 1
453 1795 1
453 1855 1
453 1892 1
454 28 1
454 79 1
454 581 1
454 842 1
454 897 1
454 2015 1
455 305 1
455 524 1
455 799 1
455 1261 1
455 1846 1
456 93 1
456 570 1
456 717 1
456 853 1
456 1052 1
456 1062 1
457 38 1
457 121 1
457 127 1
457 175 1
457 346 1
457 468 1
457 500 1
457 1145 1
457 1919 1
457 2000 1
458 369 1
458 434 1
458 436 1
458 464 1
458 474 1
458 530 1
458 571 1
458 580 1
458 777 1
458 796 1
458 1078 1
458 1473 1
458 1495 1
458 1498 1
458 1572 1
458 1587 1
458 1703 1
458 1847 1
458 1934 1
459 324 1
459 345 1
459 629 1
459 721 1
459 763 1
459 778 1
459 827 1
459 885 1
459 1089 1
459 1103 1
459 1115 1
459 1200 1
459 1275 1
459 1380 1
459 1431 1
459 1561 1
459 1740 1
459 1766 1
459 1800 1
459 1803 1
459 1830 1
459 1861 1
459 1876 1
459 1965 1
459 2048 1
460 95 1
460 170 1
460 553 1
460 637 1
460 647 1
460 744 1
460 831 1
460 1011 1
460 1040 1
460 1143 1
460 1146 1
460 1156 1
460 1233 1
460 1323 1
460 1326 1
460 1465 1
460 1605 1
460 1646 1
460 2006 1
460 2031 1
461 26 1
461 73 1
461 137 1
461 215 1
461 286 1
461 316 1
461 405 1
461 408 1
461 555 1
461 648 1
461 679 1
461 756 1
461 790 1
461 881 1
461 898 1
461 908 1
461 1017 1
461 1085 1
461 1098 1
461 1101 1
461 1365 1
461 1468 1
461 1650 1
461 1746 1
461 1839 1
461 1925 1
462 181 1
462 255 1
462 601 1
462 746 1
462 893 1
462 904 1
462 1127 1
462 1258 1
462 1430 1
462 1494 1
462 1657 1
462 1695 1
462 2007 1
463 68 1
463 158 1
463 191 1
463 205 1
463 497 1
463 813 1
463 1042 1
463 1166 1
463 1212 1
463 1457 1
463 1705 1
463 1977 1
464 82 1
464 333 1
464 410 1
464 475 1
464 783 1
464 977 1
464 1211 1
464 1542 1
464 1802 1
465 234 1
465 880 1
465 1004 1
465 1123 1
465 1489 1
465 1529 1
465 1729 1
465 1730 1
465 1776 1
465 1946 1
466 145 1
466 934 1
466 1520 1
467 499 1
467 653 1
467 1920 1
468 380 1
468 426 1
468 1068 1
468 1181 1
468 1681 1
468 1718 1
468 1981 1
469 115 1
469 2009 1
470 6 1
470 236 1
470 787 1
470 1859 1
471 1834 1
472 445 1
472 856 1
472 948 1
472 1140 1
472 1417 1
472 1856 1
473 391 1
473 449 1
473 536 1
473 1163 1
473 1492 1
473 1775 1
473 2011 1
473 2014 1
473 2038 1
474 110 1
474 119 1
474 162 1
474 179 1
474 260 1
474 336 1
474 543 1
474 670 1
474 795 1
474 891 1
474 919 1
474 955 1
474 1141 1
474 1218 1
474 1223 1
474 1470 1
474 1535 1
474 1612 1
474 1754 1
474 1772 1
474 1778 1
474 1895 1
474 1989 1
475 102 1
475 172 1
475 263 1
475 299 1
475 360 1
475 431 1
475 517 1
475 603 1
475 605 1
475 607 1
475 626 1
475 678 1
475 764 1
475 845 1
475 852 1
475 931 1
475 947 1
475 1051 1
475 1147 1
475 1285 1
475 1287 1
475 1301 1
475 1410 1
475 1420 1
475 1436 1
475 1629 1
475 1731 1
475 1811 1
475 1857 1
475 1871 1
475 1998 1
476 85 1
476 195 1
476 413 1
476 458 1
476 736 1
476 844 1
476 946 1
476 1030 1
476 1045 1
476 1104 1
476 1269 1
476 1346 1
476 1377 1
476 1499 1
476 1592 1
477 42 1
477 138 1
477 166 1
477 399 1
477 485 1
477 724 1
477 726 1
477 751 1
477 767 1
477 1021 1
477 1099 1
477 1325 1
477 1406 1
477 1543 1
477 1586 1
477 1595 1
477 1884 1
477 2045 1
478 204 1
478 332 1
478 708 1
478 1180 1
478 1226 1
478 1297 1
479 69 1
479 418 1
479 650 1
479 941 1
479 1124 1
479 1168 1
479 1590 1
479 1751 1
479 1882 1
479 1893 1
479 1908 1
479 2012 1
480 676 1
480 689 1
480 944 1
480 950 1
480 1294 1
480 1450 1
480 1475 1
480 1545 1
480 1625 1
481 72 1
481 112 1
481 271 1
481 354 1
481 404 1
481 883 1
481 1387 1
481 1435 1
481 1789 1
481 1841 1
481 1971 1
482 14 1
482 230 1
482 1049 1
482 1926 1
483 211 1
483 334 1
483 1540 1
483 1990 1
484 537 1
484 556 1
484 599 1
484 759 1
484 1071 1
484 1361 1
485 269 1
485 705 1
485 939 1
485 1235 1
486 911 1
486 1207 1
487 155 1
487 677 1
487 700 1
487 1765 1
488 440 1
488 632 1
488 991 1
488 1107 1
488 1547 1
488 1793 1
488 1818 1
489 45 1
489 104 1
489 264 1
489 602 1
489 620 1
489 623 1
489 672 1
489 698 1
489 936 1
489 951 1
489 993 1
489 1013 1
489 1034 1
489 1043 1
489 1066 1
489 1136 1
489 1256 1
489 1335 1
489 1381 1
489 1391 1
489 1462 1
489 1621 1
489 1717 1
489 1725 1
489 1749 1
489 1860 1
489 1932 1
490 84 1
490 97 1
490 133 1
490 266 1
490 294 1
490 872 1
490 1001 1
490 1031 1
490 1449 1
490 1581 1
490 1690 1
490 1761 1
490 1788 1
490 1796 1
490 1972 1
490 1988 1
490 1992 1
491 165 1
491 180 1
491 235 1
491 280 1
491 308 1
491 325 1
491 362 1
491 432 1
491 467 1
491 528 1
491 541 1
491 547 1
491 624 1
491 636 1
491 659 1
491 701 1
491 780 1
491 1076 1
491 1289 1
491 1407 1
491 1488 1
491 1506 1
491 1626 1
491 1684 1
491 1734 1
491 1743 1
491 1825 1
491 1889 1
491 1962 1
492 341 1
492 353 1
492 394 1
492 505 1
492 510 1
492 519 1
492 542 1
492 595 1
492 634 1
492 793 1
492 1191 1
492 1373 1
492 1397 1
492 1511 1
492 1575 1
492 1707 1
492 1709 1
492 1763 1
492 1764 1
492 1808 1
492 1824 1
492 1854 1
492 1901 1
492 2010 1
493 298 1
493 309 1
493 358 1
493 471 1
493 989 1
493 1292 1
493 1295 1
493 1333 1
493 1486 1
493 1503 1
493 1564 1
493 1636 1
493 1753 1
493 1792 1
493 1881 1
493 1885 1
493 2016 1
493 2029 1
494 51 1
494 437 1
494 652 1
494 775 1
494 816 1
494 965 1
494 1257 1
494 1276 1
494 1517 1
494 1606 1
494 1723 1
494 1747 1
494 1785 1
495 124 1
495 213 1
495 253 1
495 315 1
495 462 1
495 588 1
495 776 1
495 875 1
495 1014 1
495 1093 1
495 1409 1
495 1563 1
495 1835 1
496 540 1
496 657 1
496 713 1
496 812 1
496 1100 1
496 1274 1
496 1319 1
496 1364 1
496 1424 1
496 1481 1
496 1987 1
497 494 1
497 645 1
497 671 1
497 1009 1
497 1144 1
497 1192 1
497 1671 1
497 1864 1
498 742 1
498 1560 1
499 385 1
499 1125 1
499 1135 1
499 1510 1
500 1048 1
500 1073 1
500 1490 1
501 400 1
501 803 1
501 865 1
501 928 1
501 1591 1
502 287 1
502 710 1
502 1161 1
502 1645 1
502 1716 1
503 219 1
503 343 1
503 356 1
503 621 1
503 1437 1
503 1833 1
503 2025 1
504 148 1
504 209 1
504 395 1
504 479 1
504 642 1
504 715 1
504 758 1
504 850 1
504 1162 1
504 1305 1
504 1358 1
504 1415 1
504 1416 1
504 1610 1
504 1721 1
504 1737 1
504 1756 1
505 61 1
505 118 1
505 193 1
505 281 1
505 420 1
505 512 1
505 546 1
505 614 1
505 690 1
505 876 1
505 886 1
505 910 1
505 967 1
505 982 1
505 990 1
505 992 1
505 1278 1
505 1362 1
505 1658 1
506 139 1
506 149 1
506 159 1
506 168 1
506 206 1
506 258 1
506 310 1
506 487 1
506 552 1
506 616 1
506 732 1
506 774 1
506 788 1
506 835 1
506 975 1
506 976 1
506 1069 1
506 1160 1
506 1474 1
506 1536 1
506 1579 1
506 1611 1
506 1678 1
506 1710 1
506 1726 1
506 1786 1
506 1844 1
506 2026 1
506 2034 1
507 4 1
507 98 1
507 254 1
507 417 1
507 441 1
507 566 1
507 584 1
507 591 1
507 612 1
507 630 1
507 668 1
507 682 1
507 772 1
507 800 1
507 877 1
507 933 1
507 1185 1
507 1288 1
507 1291 1
507 1302 1
507 1341 1
507 1513 1
507 1619 1
507 1693 1
507 1697 1
507 1768 1
507 1804 1
507 1933 1
507 2037 1
508 107 1
508 210 1
508 238 1
508 352 1
508 392 1
508 504 1
508 894 1
508 1131 1
508 1366 1
508 1434 1
508 1580 1
508 1631 1
508 1687 1
508 1938 1
509 220 1
509 301 1
509 412 1
509 635 1
509 808 1
509 892 1
509 1050 1
509 1134 1
509 1588 1
509 1791 1
509 1845 1
510 67 1
510 96 1
510 169 1
510 422 1
510 454 1
510 644 1
510 809 1
510 884 1
510 1239 1
510 1266 1
510 1298 1
510 1369 1
510 1509 1
510 1556 1
510 1568 1
510 1598 1
510 1601 1
510 1620 1
510 1637 1
510 1715 1
510 1752 1
510 1868 1
511 164 1
511 347 1
511 411 1
511 423 1
511 1037 1
511 1281 1
511 1374 1
511 1399 1
511 1440 1
511 1689 1
511 1773 1
511 1852 1
511 1886 1
511 1913 1
511 1969 1
512 37 1
512 233 1
512 590 1
512 687 1
512 1035 1
512 1142 1
512 1388 1
512 1454 1
512 1655 1
512 1867 1
513 407 1
513 640 1
513 924 1
513 1719 1
513 1799 1
513 1853 1
514 261 1
514 646 1
514 662 1
514 834 1
514 1197 1
514 1354 1
515 243 1
515 503 1
515 810 1
515 943 1
515 1485 1
515 1550 1
515 1858 1
515 2047 1
516 111 1
516 433 1
516 971 1
516 1065 1
516 1978 1
516 1993 1
517 619 1
517 1238 1
517 1771 1
517 1914 1
518 725 1
518 1252 1
518 1355 1
518 1384 1
518 1516 1
519 1157 1
519 1178 1
519 1254 1
519 1306 1
519 1395 1
520 65 1
520 357 1
520 558 1
520 633 1
520 684 1
520 1016 1
520 1110 1
520 1216 1
520 1265 1
520 1608 1
520 1623 1
520 1907 1
521 156 1
521 339 1
521 342 1
521 1119 1
521 1120 1
521 1175 1
521 1394 1
521 1528 1
521 1583 1
521 1616 1
521 1975 1
522 189 1
522 262 1
522 365 1
522 373 1
522 520 1
522 575 1
522 805 1
522 821 1
522 903 1
522 1194 1
522 1205 1
522 1260 1
522 1262 1
522 1290 1
522 1402 1
522 1548 1
522 1615 1
522 1930 1
523 214 1
523 265 1
523 349 1
523 649 1
523 707 1
523 770 1
523 1059 1
523 1251 1
523 1338 1
523 1351 1
523 1452 1
523 1738 1
523 1783 1
523 1842 1
523 1924 1
523 1928 1
523 1931 1
523 1939 1
524 173 1
524 302 1
524 383 1
524 492 1
524 794 1
524 836 1
524 987 1
524 1095 1
524 1112 1
524 1401 1
524 1496 1
524 1569 1
524 1741 1
524 1973 1
524 1983 1
524 2035 1
525 78 1
525 101 1
525 122 1
525 240 1
525 285 1
525 291 1
525 321 1
525 389 1
525 416 1
525 511 1
525 531 1
525 750 1
525 851 1
525 1087 1
525 1133 1
525 1231 1
525 1282 1
525 1304 1
525 1327 1
525 1385 1
525 1525 1
525 1527 1
525 1599 1
525 1670 1
525 1910 1
526 50 1
526 132 1
526 319 1
526 544 1
526 802 1
526 863 1
526 879 1
526 997 1
526 1357 1
526 1549 1
526 1667 1
527 136 1
527 176 1
527 387 1
527 398 1
527 868 1
527 1019 1
527 1219 1
527 1701 1
527 1732 1
527 1744 1
528 300 1
528 447 1
528 488 1
528 729 1
528 1546 1
528 1879 1
528 2001 1
529 94 1
529 559 1
529 1022 1
529 1453 1
530 995 1
530 1685 1
532 337 1
532 535 1
532 1562 1
533 1023 1
533 1953 1
534 1054 1
534 1183 1
534 1322 1
535 34 1
535 326 1
535 401 1
535 631 1
535 769 1
535 1459 1
536 312 1
536 320 1
536 361 1
536 367 1
536 481 1
536 594 1
536 638 1
536 833 1
536 901 1
536 1398 1
536 1722 1
536 1780 1
537 109 1
537 142 1
537 311 1
537 397 1
537 526 1
537 641 1
537 667 1
537 745 1
537 925 1
537 961 1
537 981 1
537 984 1
537 1243 1
537 1412 1
537 1432 1
537 1582 1
537 1632 1
537 1851 1
538 60 1
538 81 1
538 140 1
538 275 1
538 318 1
538 327 1
538 414 1
538 560 1
538 625 1
538 681 1
538 727 1
538 1029 1
538 1041 1
538 1150 1
538 1174 1
538 1202 1
538 1414 1
538 1456 1
538 1622 1
538 1757 1
538 2022 1
539 231 1
539 257 1
539 277 1
539 390 1
539 579 1
539 712 1
539 861 1
539 998 1
539 1158 1
539 1164 1
539 1190 1
539 1230 1
539 1273 1
539 1360 1
539 1504 1
539 1523 1
539 1541 1
539 1607 1
539 1638 1
539 1739 1
539 1878 1
539 1887 1
539 1909 1
539 1957 1
540 141 1
540 222 1
540 267 1
540 338 1
540 351 1
540 375 1
540 496 1
540 564 1
540 755 1
540 907 1
540 912 1
540 1003 1
540 1077 1
540 1081 1
540 1321 1
540 1375 1
540 1532 1
540 1544 1
540 1573 1
540 1609 1
540 1755 1
540 1784 1
540 1812 1
541 87 1
541 163 1
541 268 1
541 435 1
541 452 1
541 610 1
541 760 1
541 1082 1
541 1186 1
541 1204 1
541 1296 1
541 1396 1
541 1423 1
541 1464 1
541 1558 1
541 1822 1
542 19 1
542 99 1
542 187 1
542 218 1
542 628 1
542 819 1
542 962 1
542 1056 1
542 1061 1
542 1300 1
542 1479 1
542 1711 1
542 1736 1
543 424 1
543 561 1
543 728 1
543 832 1
543 848 1
543 1271 1
543 1604 1
544 89 1
544 686 1
544 1149 1
544 1630 1
545 5 1
545 30 1
545 350 1
545 372 1
545 478 1
545 1330 1
545 1680 1
545 1758 1
545 1956 1
546 719 1
546 1201 1
546 1209 1
546 1508 1
546 1949 1
547 174 1
547 438 1
547 753 1
547 1025 1
547 1390 1
547 1807 1
549 304 1
549 1790 1
550 47 1
550 1340 1
550 1904 1
550 2018 1
551 27 1
551 251 1
551 521 1
551 550 1
551 582 1
551 1566 1
551 1696 1
551 1713 1
551 1976 1
552 83 1
552 182 1
552 208 1
552 378 1
552 439 1
552 1038 1
552 1372 1
552 1400 1
552 1403 1
552 1521 1
552 1574 1
552 1951 1
553 90 1
553 126 1
553 207 1
553 288 1
553 307 1
553 403 1
553 446 1
553 557 1
553 618 1
553 752 1
553 860 1
553 900 1
553 988 1
553 1012 1
553 1203 1
553 1241 1
553 1268 1
553 1411 1
553 1429 1
553 1497 1
553 1644 1
553 1656 1
553 1669 1
553 1826 1
553 2030 1
553 2042 1
554 2 1
554 160 1
554 224 1
554 242 1
554 295 1
554 306 1
554 359 1
554 366 1
554 493 1
554 568 1
554 598 1
554 952 1
554 1002 1
554 1075 1
554 1221 1
554 1225 1
554 1313 1
554 1344 1
554 1349 1
554 1413 1
554 1467 1
554 1567 1
554 1760 1
554 1829 1
554 2020 1
555 21 1
555 23 1
555 33 1
555 100 1
555 154 1
555 190 1
555 229 1
555 272 1
555 406 1
555 523 1
555 525 1
555 539 1
555 688 1
555 699 1
555 857 1
555 999 1
555 1006 1
555 1008 1
555 1058 1
555 1111 1
555 1138 1
555 1215 1
555 1691 1
555 1698 1
555 1880 1
555 1922 1
555 2005 1
556 56 1
556 113 1
556 469 1
556 554 1
556 714 1
556 801 1
556 829 1
556 864 1
556 959 1
556 1044 1
556 1267 1
556 1337 1
556 1515 1
556 1664 1
556 1674 1
556 1781 1
556 1782 1
556 1894 1
556 2024 1
557 74 1
557 103 1
557 506 1
557 804 1
557 913 1
557 1299 1
557 1455 1
557 1652 1
557 1708 1
557 1777 1
558 409 1
558 428 1
558 455 1
558 874 1
558 1105 1
558 1113 1
558 1433 1
558 1531 1
558 1668 1
558 1724 1
559 194 1
559 565 1
559 1170 1
559 1171 1
559 1187 1
559 1246 1
559 1259 1
559 1809 1
559 1819 1
560 134 1
560 199 1
560 932 1
560 968 1
560 1046 1
560 1255 1
560 1309 1
560 1565 1
560 1866 1
560 1979 1
561 486 1
561 785 1
562 489 1
562 613 1
562 1328 1
562 2033 1
563 472 1
563 587 1
563 766 1
563 798 1
563 1308 1
564 53 1
564 293 1
564 1512 1
564 1996 1
565 35 1
565 197 1
565 562 1
565 643 1
565 811 1
565 889 1
565 1675 1
565 1767 1
566 123 1
566 1083 1
566 1217 1
566 1661 1
566 1712 1
566 1888 1
566 1950 1
566 2004 1
567 22 1
567 368 1
567 429 1
567 482 1
567 583 1
567 600 1
567 762 1
567 862 1
567 1446 1
567 1679 1
567 1692 1
567 1694 1
567 1699 1
567 1899 1
567 2021 1
568 106 1
568 221 1
568 476 1
568 585 1
568 639 1
568 666 1
568 675 1
568 737 1
568 814 1
568 847 1
568 1007 1
568 1064 1
568 1096 1
568 1249 1
568 1898 1
568 1999 1
568 2046 1
569 152 1
569 313 1
569 384 1
569 393 1
569 656 1
569 704 1
569 706 1
569 722 1
569 738 1
569 765 1
569 818 1
569 826 1
569 859 1
569 1010 1
569 1033 1
569 1036 1
569 1092 1
569 1122 1
569 1279 1
569 1310 1
569 1342 1
569 1350 1
569 1359 1
569 1419 1
569 1445 1
569 1628 1
569 1643 1
569 1688 1
569 1916 1
569 1947 1
569 1948 1
570 40 1
570 161 1
570 247 1
570 453 1
570 484 1
570 495 1
570 507 1
570 573 1
570 578 1
570 660 1
570 747 1
570 748 1
570 1026 1
570 1032 1
570 1060 1
570 1079 1
570 1086 1
570 1091 1
570 1154 1
570 1193 1
570 1277 1
570 1318 1
570 1339 1
570 1386 1
570 1438 1
570 1487 1
570 1505 1
570 1593 1
570 1660 1
570 1665 1
570 1968 1
571 18 1
571 24 1
571 57 1
571 217 1
571 227 1
571 376 1
571 419 1
571 711 1
571 716 1
571 733 1
571 843 1
571 896 1
571 909 1
571 1020 1
571 1247 1
571 1311 1
571 1428 1
571 1524 1
571 1666 1
571 1828 1
571 1906 1
571 1941 1
571 1963 1
571 1982 1
572 7 1
572 75 1
572 202 1
572 980 1
572 1121 1
572 1214 1
572 1303 1
572 1347 1
572 1798 1
572 1875 1
572 1923 1
572 1937 1
573 114 1
573 128 1
573 749 1
573 918 1
573 985 1
573 1109 1
573 1176 1
573 1534 1
573 1862 1
574 545 1
574 1114 1
574 1210 1
574 1389 1
574 1537 1
575 459 1
575 508 1
575 572 1
575 1097 1
575 1316 1
576 10 1
576 20 1
576 120 1
576 608 1
576 817 1
576 1165 1
576 1228 1
576 1234 1
577 328 1
577 1242 1
577 1576 1
577 1577 1
577 1634 1
577 1874 1
577 2017 1
578 994 1
579 1159 1
580 296 1
580 596 1
580 735 1
580 1240 1
580 1418 1
580 1759 1
581 954 1
581 1232 1
581 1538 1
581 1651 1
581 1797 1
581 1848 1
581 1936 1
582 135 1
582 270 1
582 290 1
582 443 1
582 456 1
582 498 1
582 551 1
582 1015 1
582 1198 1
582 1280 1
582 1331 1
582 1787 1
582 1921 1
582 1943 1
583 15 1
583 41 1
583 216 1
583 283 1
583 344 1
583 421 1
583 515 1
583 611 1
583 702 1
583 828 1
583 837 1
583 895 1
583 953 1
583 996 1
583 1382 1
583 1647 1
583 1883 1
583 1890 1
583 1902 1
583 2003 1
584 131 1
584 228 1
584 241 1
584 278 1
584 284 1
584 425 1
584 627 1
584 664 1
584 680 1
584 771 1
584 791 1
584 869 1
584 870 1
584 1067 1
584 1139 1
584 1177 1
584 1244 1
584 1368 1
584 1427 1
584 1439 1
584 1448 1
584 1460 1
584 1502 1
584 1642 1
584 1648 1
584 1654 1
584 1770 1
584 1813 1
584 1814 1
584 1843 1
584 1944 1
584 1945 1
584 1967 1
584 2023 1
585 54 1
585 116 1
585 147 1
585 340 1
585 427 1
585 475 1
585 754 1
585 797 1
585 815 1
585 899 1
585 905 1
585 906 1
585 917 1
585 935 1
585 940 1
585 966 1
585 1072 1
585 1080 1
585 1442 1
585 1444 1
585 1461 1
585 1865 1
585 1903 1
585 1911 1
585 1925 1
585 1955 1
585 2019 1
585 2036 1
585 2048 1
586 9 1
586 36 1
586 55 1
586 59 1
586 86 1
586 178 1
586 188 1
586 226 1
586 322 1
586 502 1
586 534 1
586 567 1
586 576 1
586 647 1
586 669 1
586 693 1
586 709 1
586 739 1
586 784 1
586 792 1
586 854 1
586 1053 1
586 1130 1
586 1184 1
586 1237 1
586 1320 1
586 1353 1
586 1640 1
586 1702 1
586 1942 1
587 348 1
587 364 1
587 448 1
587 577 1
587 696 1
587 838 1
587 938 1
587 979 1
587 1129 1
587 1263 1
587 1270 1
587 1404 1
587 1451 1
587 1463 1
587 1469 1
587 1477 1
587 1555 1
587 1683 1
587 1728 1
587 1869 1
587 2000 1
588 91 1
588 381 1
588 513 1
588 651 1
588 942 1
588 960 1
588 1151 1
588 1317 1
588 1518 1
588 1863 1
589 289 1
589 468 1
589 518 1
589 589 1
589 718 1
589 1027 1
589 1148 1
589 1253 1
589 1356 1
589 1466 1
589 1468 1
589 1530 1
589 1589 1
589 1917 1
589 2027 1
590 153 1
590 248 1
590 256 1
590 549 1
590 597 1
590 1817 1
590 1872 1
591 734 1
591 824 1
591 849 1
592 1070 1
592 1116 1
592 1441 1
592 1600 1
592 1823 1
592 1964 1
593 52 1
593 232 1
593 548 1
593 694 1
593 1727 1
594 1614 1
594 1935 1
595 32 1
595 108 1
595 950 1
595 986 1
595 1173 1
595 1236 1
595 1659 1
596 105 1
596 143 1
596 867 1
596 1447 1
596 1847 1
597 25 1
597 129 1
597 317 1
597 386 1
597 781 1
597 1118 1
597 1307 1
597 1918 1
598 249 1
598 279 1
598 382 1
598 569 1
598 731 1
598 830 1
598 858 1
598 1084 1
598 1229 1
598 1248 1
598 1370 1
598 1392 1
598 1682 1
598 1810 1
598 1912 1
598 1997 1
599 200 1
599 430 1
599 683 1
599 786 1
599 846 1
599 973 1
599 1172 1
599 1222 1
599 1378 1
599 1539 1
599 1552 1
599 1613 1
599 1618 1
599 1649 1
599 1672 1
599 1673 1
599 1677 1
599 1700 1
599 1905 1
599 1994 1
600 1 1
600 171 1
600 212 1
600 237 1
600 273 1
600 405 1
600 477 1
600 483 1
600 490 1
600 514 1
600 532 1
600 882 1
600 964 1
600 1047 1
600 1206 1
600 1324 1
600 1352 1
600 1421 1
600 1484 1
600 1493 1
600 1522 1
600 1801 1
601 43 1
601 44 1
601 186 1
601 225 1
601 509 1
601 673 1
601 685 1
601 730 1
601 779 1
601 820 1
601 949 1
601 957 1
601 1152 1
601 1153 1
601 1343 1
601 1501 1
601 1596 1
601 1706 1
601 1762 1
601 1779 1
601 2002 1
602 66 1
602 451 1
602 574 1
602 622 1
602 703 1
602 757 1
602 822 1
602 855 1
602 890 1
602 1128 1
602 1146 1
602 1264 1
602 1334 1
602 1345 1
602 1363 1
602 1425 1
602 1465 1
602 1805 1
602 1840 1
602 1873 1
602 1877 1
602 1940 1
602 2039 1
603 49 1
603 192 1
603 198 1
603 1062 1
603 1106 1
603 1803 1
603 1820 1
603 1900 1
603 1959 1
603 1995 1
604 157 1
604 185 1
604 463 1
604 465 1
604 761 1
604 1004 1
604 1102 1
604 1284 1
604 1491 1
604 1624 1
604 1627 1
604 1800 1
604 1958 1
604 1985 1
605 3 1
605 46 1
605 77 1
605 203 1
605 615 1
605 773 1
605 806 1
605 929 1
605 1018 1
605 1224 1
605 1314 1
605 1336 1
605 2012 1
606 323 1
606 604 1
606 915 1
606 930 1
606 983 1
606 1200 1
606 1258 1
606 1293 1
606 1991 1
607 866 1
607 926 1
607 1571 1
607 1585 1
608 167 1
608 177 1
608 697 1
608 1245 1
608 1470 1
608 1514 1
608 1639 1
609 402 1
609 978 1
610 80 1
610 363 1
610 371 1
610 878 1
610 1966 1
610 1977 1
610 2032 1
611 48 1
611 70 1
611 593 1
611 839 1
611 1383 1
611 1471 1
612 1147 1
612 1220 1
612 1533 1
612 2044 1
613 13 1
613 150 1
613 450 1
613 841 1
613 873 1
613 1094 1
613 1641 1
613 1662 1
613 1815 1
614 76 1
614 303 1
614 720 1
614 807 1
614 1126 1
614 1196 1
614 1483 1
614 1551 1
614 1633 1
614 1704 1
614 1742 1
614 1774 1
614 1929 1
614 2028 1
615 71 1
615 239 1
615 244 1
615 522 1
615 527 1
615 740 1
615 743 1
615 823 1
615 963 1
615 972 1
615 1074 1
615 1156 1
615 1208 1
615 1329 1
615 1367 1
615 1832 1
615 1984 1
615 1986 1
615 1998 1
616 8 1
616 374 1
616 377 1
616 391 1
616 563 1
616 609 1
616 691 1
616 782 1
616 872 1
616 956 1
616 1189 1
616 1195 1
616 1312 1
616 1348 1
616 1745 1
616 1841 1
616 1850 1
616 1927 1
617 63 1
617 329 1
617 379 1
617 415 1
617 460 1
617 581 1
617 592 1
617 595 1
617 601 1
617 617 1
617 741 1
617 768 1
617 840 1
617 969 1
617 1028 1
617 1155 1
617 1233 1
617 1315 1
617 1387 1
617 1480 1
617 1714 1
617 1849 1
618 538 1
618 571 1
618 871 1
618 927 1
618 1000 1
618 1140 1
618 1188 1
618 1272 1
618 1519 1
618 1686 1
619 184 1
619 1024 1
619 1283 1
619 1473 1
619 1476 1
619 1553 1
619 2040 1
620 39 1
620 127 1
620 144 1
620 370 1
620 473 1
620 497 1
620 516 1
620 632 1
620 633 1
620 965 1
620 1526 1
620 1570 1
620 1594 1
620 1806 1
621 62 1
621 245 1
621 888 1
621 1179 1
621 1286 1
621 1554 1
621 1559 1
621 1705 1
621 1891 1
621 1897 1
621 1920 1
621 1970 1
621 2013 1
622 201 1
622 789 1
622 1816 1
623 250 1
623 396 1
623 717 1
623 746 1
623 1735 1
623 1748 1
624 236 1
624 692 1
624 1915 1
625 1261 1
625 1592 1
627 461 1
627 1379 1
627 1859 1
628 434 1
628 436 1
628 605 1
628 937 1
628 1408 1
628 1587 1
629 125 1
629 274 1
629 442 1
629 674 1
629 744 1
629 1980 1
630 170 1
630 183 1
630 215 1
630 501 1
630 524 1
630 570 1
630 586 1
630 654 1
630 813 1
630 897 1
630 945 1
630 970 1
630 1011 1
630 1132 1
630 1500 1
630 1597 1
630 1663 1
631 64 1
631 88 1
631 117 1
631 121 1
631 223 1
631 457 1
631 470 1
631 529 1
631 825 1
631 853 1
631 881 1
631 1145 1
631 1167 1
631 1212 1
631 1450 1
631 1653 1
631 1733 1
631 1825 1
631 1895 1
631 1965 1
632 12 1
632 102 1
632 191 1
632 259 1
632 355 1
632 362 1
632 388 1
632 655 1
632 665 1
632 799 1
632 827 1
632 921 1
632 1137 1
632 1227 1
632 1332 1
632 1426 1
632 1457 1
632 1621 1
632 1676 1
632 1919 1
632 1990 1
632 2007 1
632 2014 1
633 292 1
633 297 1
633 314 1
633 369 1
633 580 1
633 629 1
633 793 1
633 880 1
633 920 1
633 1039 1
633 1098 1
633 1168 1
633 1520 1
633 1751 1
633 1769 1
633 1772 1
633 1827 1
633 1834 1
633 1838 1
633 1846 1
633 1974 1
634 16 1
634 58 1
634 93 1
634 175 1
634 294 1
634 331 1
634 335 1
634 491 1
634 637 1
634 777 1
634 1057 1
634 1169 1
634 1458 1
634 1612 1
634 1718 1
634 1835 1
634 1861 1
634 1876 1
634 1954 1
634 1960 1
634 2043 1
635 31 1
635 38 1
635 73 1
635 195 1
635 205 1
635 300 1
635 346 1
635 471 1
635 474 1
635 695 1
635 923 1
635 1055 1
635 1182 1
635 1185 1
635 1393 1
635 2016 1
636 234 1
636 252 1
636 258 1
636 276 1
636 783 1
636 922 1
636 1294 1
636 1326 1
636 1602 1
636 1821 1
636 1839 1
637 1107 1
637 1482 1
637 1495 1
637 1729 1
638 354 1
638 958 1
638 1127 1
639 444 1
639 721 1
639 887 1
639 914 1
639 1799 1
641 902 1
641 1250 1
641 1837 1
641 1988 1
642 723 1
642 1051 1
642 2025 1
643 79 1
643 246 1
643 1892 1
644 1511 1
644 1603 1
644 1896 1
645 842 1
645 976 1
645 1005 1
645 1108 1
645 1323 1
645 1377 1
645 1431 1
645 1436 1
645 1443 1
645 1588 1
645 1617 1
645 1646 1
645 1725 1
645 2008 1
645 2015 1
646 6 1
646 146 1
646 196 1
646 336 1
646 410 1
646 466 1
646 630 1
646 763 1
646 796 1
646 1213 1
646 1325 1
646 1380 1
646 1405 1
646 1584 1
646 1657 1
646 1703 1
646 1720 1
646 1766 1
646 1775 1
646 1802 1
646 1855 1
646 1961 1
646 1962 1
647 68 1
647 104 1
647 145 1
647 271 1
647 282 1
647 380 1
647 413 1
647 426 1
647 479 1
647 487 1
647 658 1
647 678 1
647 764 1
647 893 1
647 931 1
647 1040 1
647 1078 1
647 1115 1
647 1136 1
647 1141 1
647 1287 1
647 1542 1
647 1550 1
647 1870 1
647 1871 1
647 2011 1
647 2029 1
647 2041 1
648 17 1
648 61 1
648 155 1
648 254 1
648 263 1
648 440 1
648 500 1
648 607 1
648 657 1
648 670 1
648 787 1
648 831 1
648 898 1
648 1045 1
648 1090 1
648 1199 1
648 1211 1
648 1235 1
648 1365 1
648 1409 1
648 1420 1
648 1422 1
648 1561 1
648 1563 1
648 1582 1
648 1690 1
648 1755 1
648 1786 1
648 1946 1
649 26 1
649 72 1
649 82 1
649 95 1
649 119 1
649 209 1
649 235 1
649 449 1
649 462 1
649 530 1
649 707 1
649 852 1
649 919 1
649 1042 1
649 1063 1
649 1071 1
649 1101 1
649 1223 1
649 1285 1
649 1432 1
649 1557 1
649 1650 1
649 1681 1
649 1741 1
649 1833 1
650 85 1
650 305 1
650 441 1
650 480 1
650 661 1
650 876 1
650 1498 1
650 1605 1
650 1831 1
650 1836 1
650 1882 1
651 110 1
651 138 1
651 411 1
651 541 1
651 1103 1
651 1361 1
651 1369 1
651 1397 1
651 1581 1
651 1971 1
652 408 1
652 555 1
652 1034 1
652 1595 1
652 1795 1
653 45 1
653 92 1
653 176 1
653 333 1
653 437 1
653 648 1
653 708 1
653 756 1
653 885 1
653 1180 1
653 1301 1
653 1629 1
653 1908 1
654 904 1
654 1275 1
654 1560 1
654 1695 1
655 230 1
655 778 1
655 1035 1
655 1194 1
655 1406 1
655 1478 1
656 1667 1
657 269 1
657 464 1
657 620 1
657 911 1
657 1068 1
657 1089 1
658 11 1
658 345 1
658 533 1
658 1417 1
658 1489 1
659 326 1
660 165 1
660 179 1
660 553 1
660 1376 1
660 1424 1
660 1794 1
661 162 1
661 172 1
661 316 1
661 679 1
661 946 1
661 951 1
661 974 1
661 1048 1
661 1066 1
661 1099 1
661 1100 1
661 1143 1
661 1166 1
661 1289 1
661 1494 1
661 1590 1
661 1778 1
661 1884 1
662 260 1
662 334 1
662 343 1
662 349 1
662 418 1
662 485 1
662 499 1
662 536 1
662 556 1
662 623 1
662 624 1
662 689 1
662 705 1
662 726 1
662 947 1
662 991 1
662 1013 1
662 1191 1
662 1430 1
662 1586 1
662 1734 1
662 1750 1
662 1771 1
662 1793 1
662 1952 1
662 1992 1
663 28 1
663 51 1
663 130 1
663 137 1
663 204 1
663 264 1
663 298 1
663 330 1
663 420 1
663 432 1
663 540 1
663 663 1
663 934 1
663 944 1
663 993 1
663 1030 1
663 1085 1
663 1088 1
663 1117 1
663 1144 1
663 1181 1
663 1205 1
663 1499 1
663 1507 1
663 1529 1
663 1535 1
663 1572 1
663 1732 1
663 1740 1
663 1753 1
663 1818 1
663 1926 1
663 2026 1
663 2031 1
664 158 1
664 233 1
664 238 1
664 280 1
664 324 1
664 602 1
664 653 1
664 698 1
664 724 1
664 767 1
664 775 1
664 936 1
664 1410 1
664 1449 1
664 1475 1
664 1546 1
664 1547 1
664 1635 1
664 1726 1
664 1811 1
664 1978 1
665 166 1
665 287 1
665 315 1
665 321 1
665 725 1
665 809 1
665 928 1
665 1104 1
665 1112 1
665 1163 1
665 1274 1
665 1305 1
665 1335 1
665 1381 1
665 1435 1
665 1472 1
665 1765 1
665 1856 1
665 1934 1
665 2009 1
666 84 1
666 96 1
666 547 1
666 677 1
666 759 1
666 891 1
666 975 1
666 1001 1
666 1256 1
666 1302 1
666 1684 1
666 1743 1
666 1889 1
666 1901 1
666 1928 1
667 151 1
667 281 1
667 742 1
667 879 1
667 883 1
667 1178 1
667 1192 1
667 1373 1
667 1579 1
667 1580 1
667 1626 1
667 1746 1
668 255 1
668 299 1
668 790 1
668 850 1
668 1037 1
668 1239 1
668 1297 1
668 1462 1
668 1645 1
668 1710 1
668 1739 1
668 1808 1
668 1860 1
668 2006 1
668 2037 1
669 392 1
669 467 1
669 676 1
669 687 1
669 1123 1
669 1578 1
669 1754 1
670 180 1
670 332 1
670 1276 1
670 1346 1
670 1517 1
672 690 1
672 916 1
673 319 1
673 805 1
673 1017 1
674 496 1
674 1371 1
674 1631 1
674 1693 1
675 181 1
675 1989 1
676 29 1
676 458 1
676 816 1
676 1183 1
676 1481 1
676 1540 1
676 1731 1
676 1857 1
677 124 1
677 308 1
677 590 1
677 701 1
677 780 1
677 803 1
677 908 1
677 992 1
677 1076 1
677 1207 1
677 1269 1
677 1292 1
677 1362 1
677 1415 1
677 1416 1
677 1730 1
677 1844 1
677 1893 1
678 69 1
678 132 1
678 139 1
678 358 1
678 412 1
678 417 1
678 433 1
678 528 1
678 552 1
678 603 1
678 636 1
678 751 1
678 758 1
678 795 1
678 877 1
678 1031 1
678 1049 1
678 1073 1
678 1125 1
678 1492 1
678 1543 1
678 1697 1
678 1701 1
678 1717 1
678 1776 1
678 1785 1
678 1792 1
678 1830 1
678 1993 1
679 156 1
679 266 1
679 342 1
679 400 1
679 543 1
679 606 1
679 645 1
679 652 1
679 668 1
679 812 1
679 845 1
679 851 1
679 875 1
679 1082 1
679 1395 1
679 1454 1
679 1564 1
679 1625 1
679 1721 1
679 1796 1
679 1858 1
679 1886 1
679 1933 1
680 60 1
680 111 1
680 112 1
680 148 1
680 159 1
680 353 1
680 356 1
680 431 1
680 546 1
680 713 1
680 745 1
680 834 1
680 961 1
680 977 1
680 982 1
680 1021 1
680 1029 1
680 1052 1
680 1226 1
680 1290 1
680 1354 1
680 1391 1
680 1503 1
680 1556 1
680 1678 1
680 1868 1
680 1931 1
680 2010 1
681 122 1
681 173 1
681 310 1
681 539 1
681 542 1
681 612 1
681 774 1
681 886 1
681 990 1
681 1281 1
681 1295 1
681 1513 1
681 1598 1
681 1601 1
681 1747 1
681 1824 1
681 1904 1
681 1972 1
681 2047 1
682 286 1
682 389 1
682 395 1
682 505 1
682 640 1
682 650 1
682 736 1
682 844 1
682 865 1
682 894 1
682 948 1
682 1134 1
682 1238 1
682 1364 1
683 94 1
683 222 1
683 715 1
683 1252 1
683 1384 1
683 1716 1
683 1881 1
683 2038 1
684 399 1
684 955 1
684 967 1
684 1260 1
684 1885 1
685 1014 1
685 1366 1
685 1536 1
685 1606 1
685 1715 1
685 1773 1
685 1804 1
685 2001 1
686 115 1
686 206 1
686 1689 1
686 1914 1
687 700 1
687 810 1
687 1983 1
688 659 1
688 1254 1
689 616 1
689 1575 1
689 1761 1
689 1764 1
690 933 1
690 1135 1
690 1399 1
691 253 1
691 360 1
691 864 1
691 989 1
691 1583 1
691 1938 1
692 14 1
692 65 1
692 97 1
692 164 1
692 341 1
692 504 1
692 517 1
692 558 1
692 588 1
692 727 1
692 772 1
692 1043 1
692 1131 1
692 1737 1
692 1789 1
693 133 1
693 309 1
693 325 1
693 494 1
693 892 1
693 997 1
693 1093 1
693 1306 1
693 1509 1
693 1752 1
693 1853 1
694 50 1
694 169 1
694 211 1
694 213 1
694 220 1
694 320 1
694 347 1
694 445 1
694 531 1
694 565 1
694 594 1
694 599 1
694 631 1
694 634 1
694 642 1
694 910 1
694 939 1
694 971 1
694 1009 1
694 1218 1
694 1333 1
694 1401 1
694 1486 1
694 1510 1
694 1723 1
694 1738 1
694 1783 1
694 1854 1
694 2045 1
695 141 1
695 242 1
695 265 1
695 512 1
695 614 1
695 635 1
695 802 1
695 808 1
695 925 1
695 1016 1
695 1142 1
695 1157 1
695 1161 1
695 1319 1
695 1375 1
695 1549 1
695 1562 1
695 1610 1
695 1616 1
695 1671 1
695 1709 1
695 1757 1
695 1887 1
696 78 1
696 87 1
696 210 1
696 301 1
696 352 1
696 373 1
696 385 1
696 423 1
696 439 1
696 492 1
696 626 1
696 710 1
696 770 1
696 868 1
696 1298 1
696 1412 1
696 1608 1
696 1687 1
696 1924 1
696 1987 1
697 4 1
697 101 1
697 394 1
697 545 1
697 988 1
697 1025 1
697 1124 1
697 1160 1
697 1175 1
697 1282 1
697 1359 1
697 1388 1
697 1485 1
697 1502 1
697 1620 1
697 1637 1
697 1744 1
697 1756 1
697 1768 1
697 1932 1
698 113 1
698 366 1
698 981 1
698 1075 1
698 1150 1
698 1202 1
698 1257 1
698 1516 1
698 1685 1
698 1788 1
698 1879 1
698 1907 1
698 1910 1
699 37 1
699 1105 1
699 1434 1
699 1440 1
699 1939 1
700 519 1
700 591 1
700 750 1
700 1437 1
700 1680 1
701 564 1
701 1506 1
701 1636 1
702 34 1
702 214 1
702 277 1
702 1541 1
703 1623 1
704 520 1
704 924 1
704 2035 1
705 1327 1
705 1722 1
706 398 1
706 584 1
706 1087 1
706 1291 1
706 1452 1
706 1658 1
706 1719 1
707 67 1
707 251 1
707 416 1
707 535 1
707 672 1
707 1349 1
707 1394 1
707 1619 1
707 2034 1
708 107 1
708 189 1
708 262 1
708 291 1
708 357 1
708 378 1
708 638 1
708 749 1
708 1162 1
708 1186 1
708 1407 1
708 1670 1
708 1763 1
708 1791 1
709 109 1
709 136 1
709 149 1
709 154 1
709 404 1
709 554 1
709 560 1
709 582 1
709 621 1
709 646 1
709 649 1
709 662 1
709 769 1
709 800 1
709 821 1
709 856 1
709 863 1
709 987 1
709 1525 1
709 1707 1
709 1790 1
709 1852 1
710 98 1
710 168 1
710 203 1
710 219 1
710 243 1
710 383 1
710 488 1
710 503 1
710 566 1
710 575 1
710 613 1
710 712 1
710 829 1
710 913 1
710 1069 1
710 1081 1
710 1174 1
710 1262 1
710 1266 1
710 1341 1
710 1355 1
710 1358 1
710 1574 1
710 1609 1
710 1655 1
710 1969 1
711 27 1
711 40 1
711 42 1
711 732 1
711 755 1
711 1095 1
711 1119 1
711 1133 1
711 1164 1
711 1219 1
711 1488 1
711 1496 1
711 1567 1
711 1573 1
711 1666 1
711 1782 1
711 1826 1
711 1981 1
711 2022 1
712 257 1
712 438 1
712 559 1
712 625 1
712 671 1
712 686 1
712 1065 1
712 1120 1
712 1309 1
712 1402 1
712 1780 1
712 1784 1
712 2018 1
713 56 1
713 401 1
713 448 1
713 684 1
713 1177 1
713 1246 1
713 1338 1
713 1527 1
713 1568 1
713 1956 1
714 231 1
714 521 1
714 776 1
714 941 1
714 943 1
714 1278 1
715 163 1
715 367 1
715 1251 1
715 1558 1
715 1842 1
716 229 1
716 833 1
716 1041 1
716 1122 1
716 1360 1
716 1630 1
716 1638 1
717 227 1
717 312 1
718 454 1
718 681 1
718 819 1
718 1050 1
718 1221 1
718 1566 1
719 194 1
719 788 1
719 1459 1
720 610 1
720 1022 1
720 1446 1
721 562 1
721 1615 1
721 1953 1
722 268 1
722 544 1
722 568 1
722 598 1
722 644 1
722 699 1
722 1170 1
722 1322 1
722 1453 1
722 1544 1
722 1548 1
722 1591 1
722 1749 1
723 81 1
723 83 1
723 100 1
723 295 1
723 365 1
723 387 1
723 397 1
723 435 1
723 848 1
723 861 1
723 994 1
723 1023 1
723 1694 1
723 1698 1
723 1851 1
723 1864 1
723 2003 1
724 74 1
724 261 1
724 288 1
724 390 1
724 493 1
724 682 1
724 1002 1
724 1061 1
724 1110 1
724 1190 1
724 1216 1
724 1271 1
724 1300 1
724 1351 1
724 1357 1
724 1372 1
724 1474 1
724 1479 1
724 1521 1
724 1569 1
724 1696 1
724 1845 1
725 339 1
725 537 1
725 628 1
725 760 1
725 826 1
725 901 1
725 998 1
725 1026 1
725 1197 1
725 1423 1
725 1445 1
725 1515 1
725 1611 1
725 1913 1
725 1957 1
726 89 1
726 267 1
726 307 1
726 311 1
726 372 1
726 409 1
726 419 1
726 422 1
726 618 1
726 706 1
726 781 1
726 912 1
726 999 1
726 1003 1
726 1159 1
726 1268 1
726 1273 1
726 1304 1
726 1340 1
726 1523 1
726 1593 1
726 1675 1
726 1843 1
726 1867 1
726 1950 1
727 30 1
727 99 1
727 248 1
727 275 1
727 304 1
727 338 1
727 525 1
727 578 1
727 729 1
727 794 1
727 832 1
727 836 1
727 962 1
727 1054 1
727 1158 1
727 1288 1
727 1337 1
727 1344 1
727 1829 1
727 1909 1
727 1930 1
727 1945 1
727 1975 1
728 182 1
728 375 1
728 523 1
728 884 1
728 889 1
728 896 1
728 907 1
728 1187 1
728 1277 1
728 1411 1
728 1466 1
728 1545 1
728 1632 1
728 1711 1
728 1911 1
728 1976 1
729 2 1
729 174 1
729 337 1
729 447 1
729 452 1
729 478 1
729 940 1
729 1230 1
729 1259 1
729 1414 1
730 90 1
730 193 1
730 456 1
730 510 1
730 579 1
730 688 1
730 702 1
730 959 1
730 1056 1
730 1242 1
730 1512 1
730 1640 1
730 1642 1
730 1724 1
730 1781 1
731 126 1
731 900 1
731 1019 1
731 1077 1
731 1321 1
731 1664 1
731 1674 1
732 143 1
732 218 1
732 489 1
732 932 1
732 952 1
732 984 1
732 1225 1
732 1316 1
732 1350 1
732 1878 1
732 1880 1
732 2019 1
733 361 1
733 641 1
733 798 1
734 142 1
734 1171 1
735 792 1
735 1916 1
736 502 1
736 600 1
736 843 1
736 1176 1
736 1263 1
737 835 1
737 903 1
737 1255 1
737 1522 1
737 1979 1
738 270 1
738 285 1
738 302 1
738 1469 1
738 1600 1
738 1777 1
738 1809 1
738 1828 1
739 53 1
739 207 1
739 351 1
739 406 1
739 453 1
739 1231 1
739 1385 1
739 1390 1
739 1464 1
739 1467 1
739 1497 1
739 1644 1
739 1819 1
739 1922 1
740 5 1
740 221 1
740 247 1
740 306 1
740 359 1
740 364 1
740 495 1
740 507 1
740 660 1
740 667 1
740 722 1
740 762 1
740 906 1
740 1058 1
740 1428 1
740 1463 1
740 1490 1
740 1508 1
740 1643 1
740 1656 1
740 1770 1
740 1949 1
740 2024 1
741 118 1
741 368 1
741 446 1
741 664 1
741 1008 1
741 1033 1
741 1036 1
741 1109 1
741 1149 1
741 1241 1
741 1303 1
741 1528 1
741 1532 1
741 1672 1
741 1807 1
741 1812 1
741 1813 1
741 1888 1
742 171 1
742 403 1
742 506 1
742 526 1
742 557 1
742 639 1
742 747 1
742 752 1
742 968 1
742 995 1
742 1265 1
742 1270 1
742 1308 1
742 1374 1
742 1400 1
742 1403 1
742 1429 1
742 1456 1
742 1661 1
742 1699 1
742 1712 1
742 1713 1
742 1968 1
742 2030 1
743 327 1
743 429 1
743 719 1
743 728 1
743 765 1
743 811 1
743 837 1
743 862 1
743 1024 1
743 1086 1
743 1217 1
743 1243 1
743 1310 1
743 1324 1
743 1363 1
743 1622 1
743 1665 1
743 1736 1
743 1822 1
743 1905 1
743 1973 1
744 44 1
744 106 1
744 486 1
744 683 1
744 766 1
744 1064 1
744 1204 1
744 1279 1
744 1331 1
744 1339 1
744 1343 1
744 1345 1
744 1669 1
744 1762 1
744 1906 1
744 2020 1
745 177 1
745 481 1
745 513 1
745 693 1
745 733 1
745 804 1
745 874 1
745 985 1
745 1007 1
745 1038 1
745 1589 1
745 1654 1
745 1964 1
745 2004 1
746 47 1
746 129 1
746 293 1
746 585 1
746 980 1
746 1006 1
746 1059 1
746 1092 1
746 2042 1
746 2046 1
747 120 1
747 244 1
747 619 1
747 801 1
747 1083 1
747 1113 1
747 1165 1
747 1203 1
748 15 1
748 135 1
748 202 1
748 322 1
748 424 1
748 469 1
748 739 1
748 926 1
748 1079 1
748 1138 1
748 1519 1
748 1668 1
748 1728 1
748 1866 1
748 1872 1
749 57 1
749 344 1
749 609 1
749 818 1
749 1396 1
749 1487 1
749 1679 1
749 1758 1
750 80 1
750 2048 0
