1 27 1
1 34 1
2 32 1
3 24 1
3 33 1
4 17 1
5 9 1
5 20 1
6 6 1
6 32 1
7 18 1
7 28 1
8 15 1
8 31 1
9 12 1
9 14 1
11 14 1
11 15 1
11 29 1
12 26 1
13 8 1
13 12 1
14 1 1
14 1573 1
15 18 1
15 35 1
15 2039 1
16 39 1
16 40 1
16 441 1
16 1203 1
16 1445 1
16 1844 1
16 1943 1
17 4 1
17 338 1
17 373 1
17 405 1
17 438 1
17 700 1
17 905 1
17 1061 1
17 1167 1
17 1804 1
17 1809 1
17 1944 1
17 1976 1
17 1979 1
18 8 1
18 12 1
18 128 1
18 380 1
18 424 1
18 829 1
18 1162 1
18 1566 1
18 1619 1
18 1709 1
18 2045 1
19 15 1
19 29 1
19 30 1
19 36 1
19 129 1
19 313 1
19 351 1
19 364 1
19 408 1
19 419 1
19 963 1
19 1064 1
19 1460 1
19 1503 1
19 1884 1
20 29 1
20 37 1
20 184 1
20 301 1
20 538 1
20 561 1
20 621 1
20 903 1
20 1099 1
20 1371 1
20 1420 1
20 1514 1
20 1589 1
20 1653 1
20 1723 1
20 1811 1
20 1951 1
20 1966 1
21 332 1
21 725 1
21 750 1
21 755 1
21 796 1
21 1062 1
21 1254 1
21 1302 1
21 1310 1
21 1586 1
22 9 1
22 25 1
22 40 1
22 336 1
22 468 1
22 475 1
22 652 1
22 1504 1
22 1597 1
23 19 1
23 629 1
23 996 1
23 1125 1
23 1449 1
23 1646 1
23 1876 1
23 1883 1
23 1962 1
24 6 1
24 1074 1
24 1107 1
24 1334 1
25 12 1
25 493 1
25 1606 1
25 1710 1
26 855 1
26 1111 1
26 1116 1
27 13 1
27 87 1
27 354 1
27 660 1
28 41 1
28 456 1
29 11 1
29 582 1
29 754 1
30 239 1
30 741 1
30 867 1
31 24 1
31 39 1
31 146 1
32 1 1
32 10 1
32 993 1
33 7 1
33 412 1
33 508 1
34 9 1
34 2029 1
35 1059 1
35 1780 1
36 19 1
36 580 1
37 11 1
37 551 1
37 806 1
37 889 1
38 13 1
38 689 1
38 1118 1
38 1329 1
39 594 1
40 7 1
40 21 1
41 13 1
42 30 1
42 953 1
43 27 1
44 481 1
44 1496 1
45 12 1
45 681 1
45 1083 1
46 10 1
46 1222 1
46 1284 1
47 21 1
47 24 1
48 27 1
48 234 1
49 15 1
49 34 1
49 1492 1
50 21 1
50 1475 1
50 1914 1
51 27 1
51 170 1
51 914 1
51 1358 1
51 1853 1
51 1908 1
52 26 1
52 985 1
52 1728 1
52 1770 1
52 1932 1
53 15 1
53 578 1
53 677 1
53 938 1
53 1005 1
53 1588 1
54 10 1
54 22 1
54 40 1
54 849 1
55 285 1
55 717 1
55 1413 1
56 404 1
56 528 1
56 1022 1
56 1576 1
57 8 1
57 23 1
57 927 1
57 982 1
57 1672 1
58 35 1
58 600 1
58 1878 1
59 24 1
59 88 1
59 318 1
59 590 1
59 1749 1
59 1848 1
59 1978 1
60 509 1
60 611 1
61 17 1
61 20 1
61 112 1
61 807 1
61 939 1
61 1204 1
61 1505 1
62 2 1
62 206 1
62 675 1
63 39 1
63 644 1
63 761 1
63 1154 1
63 1455 1
63 1680 1
64 33 1
64 505 1
64 663 1
64 704 1
64 909 1
64 1349 1
64 1674 1
65 3 1
65 22 1
65 2012 1
67 32 1
68 986 1
68 1928 1
69 1313 1
70 12 1
70 33 1
70 116 1
70 951 1
70 1079 1
70 1820 1
71 13 1
72 5 1
72 22 1
72 32 1
72 822 1
74 30 1
74 161 1
74 1250 1
74 1366 1
75 7 1
75 22 1
75 530 1
75 1698 1
76 15 1
76 1559 1
77 691 1
77 1261 1
77 1330 1
77 1838 1
78 13 1
78 1127 1
79 114 1
79 1165 1
79 1849 1
80 563 1
80 1296 1
81 5 1
81 27 1
81 35 1
81 1147 1
81 1638 1
81 1830 1
82 5 1
82 23 1
83 645 1
83 1110 1
84 16 1
84 1014 1
84 1018 1
85 32 1
85 173 1
85 436 1
85 495 1
85 1450 1
85 1640 1
86 1175 1
86 1952 1
87 22 1
87 30 1
87 1662 1
88 16 1
88 26 1
88 709 1
88 1462 1
88 1852 1
88 1858 1
88 2046 1
89 1474 1
90 12 1
90 1620 1
91 13 1
91 23 1
91 32 1
91 302 1
91 587 1
91 1428 1
91 1841 1
92 1950 1
93 28 1
93 1228 1
94 106 1
95 18 1
95 30 1
95 2041 1
96 1482 1
96 1737 1
97 1 1
97 19 1
97 147 1
97 875 1
98 480 1
98 640 1
99 476 1
101 31 1
101 205 1
101 770 1
101 1380 1
101 1642 1
102 24 1
102 39 1
102 1435 1
102 1736 1
103 1412 1
103 1556 1
103 1863 1
104 1 1
104 39 1
104 1402 1
104 1525 1
105 1432 1
106 20 1
106 36 1
106 1531 1
106 1731 1
107 309 1
107 420 1
107 845 1
108 1021 1
109 287 1
110 1813 1
111 35 1
112 21 1
113 1903 1
114 14 1
114 20 1
114 98 1
114 1766 1
115 35 1
115 91 1
115 1476 1
116 30 1
116 197 1
116 787 1
116 1605 1
116 1613 1
116 1981 1
117 15 1
117 28 1
117 473 1
117 1178 1
117 1675 1
118 26 1
118 368 1
118 632 1
118 823 1
118 886 1
118 1076 1
118 1500 1
119 7 1
119 413 1
119 421 1
119 1571 1
119 1751 1
119 2027 1
120 20 1
120 37 1
120 591 1
120 1528 1
120 1842 1
121 167 1
121 1782 1
122 8 1
122 41 1
122 488 1
122 703 1
122 974 1
122 1138 1
122 1194 1
122 1272 1
122 1618 1
122 1985 1
123 1 1
123 33 1
124 871 1
124 1630 1
127 10 1
127 41 1
127 983 1
128 16 1
129 13 1
129 35 1
131 19 1
131 35 1
131 1411 1
132 41 1
132 1628 1
132 1961 1
133 22 1
133 195 1
133 1753 1
134 34 1
134 276 1
134 1999 1
134 2038 1
135 316 1
136 355 1
136 683 1
136 1108 1
136 2008 1
137 209 1
137 879 1
137 1532 1
138 36 1
138 461 1
139 149 1
139 224 1
139 459 1
139 1288 1
139 1891 1
140 162 1
140 417 1
140 847 1
140 1458 1
140 1501 1
141 9 1
141 31 1
141 41 1
141 322 1
141 977 1
142 613 1
142 776 1
142 815 1
142 1600 1
143 16 1
143 27 1
143 941 1
144 1 1
145 773 1
146 1095 1
147 400 1
148 23 1
148 1172 1
149 36 1
150 21 1
152 766 1
152 918 1
152 993 1
152 1055 1
153 236 1
153 1970 1
154 334 1
154 690 1
154 1615 1
155 380 1
155 930 1
156 1405 1
156 1645 1
157 304 1
159 1015 1
160 697 1
160 1293 1
160 1514 1
161 141 1
161 1130 1
163 179 1
165 453 1
165 1341 1
167 533 1
168 994 1
169 631 1
169 917 1
169 1010 1
171 1986 1
173 1392 1
175 1558 1
177 1690 1
187 1426 1
187 1947 1
188 447 1
188 740 1
188 2029 1
199 139 1
200 626 1
200 1287 1
200 1881 1
201 1872 1
202 604 1
202 609 1
202 1227 1
202 1506 1
203 1226 1
203 1626 1
203 1652 1
203 1924 1
204 122 1
204 1039 1
205 1534 1
206 207 1
206 257 1
207 96 1
209 816 1
750 2048 0
