1 3 1
1 35 1
1 41 1
1 1061 1
1 1256 1
1 1274 1
2 7 1
2 12 1
2 35 1
2 372 1
2 741 1
2 894 1
2 1319 1
2 1790 1
2 2011 1
3 138 1
3 1591 1
3 1850 1
4 21 1
4 39 1
4 450 1
4 597 1
4 1831 1
5 3 1
5 106 1
5 232 1
5 1080 1
5 1930 1
6 11 1
6 17 1
6 19 1
6 21 1
6 853 1
6 1441 1
6 2036 1
7 178 1
7 209 1
7 286 1
7 357 1
7 813 1
7 1073 1
8 32 1
8 53 1
8 359 1
8 651 1
8 848 1
8 1924 1
9 4 1
9 973 1
9 1132 1
9 1586 1
9 1615 1
9 1787 1
10 11 1
10 97 1
10 289 1
10 427 1
10 511 1
10 552 1
10 794 1
10 934 1
10 1026 1
10 1027 1
10 1570 1
10 1841 1
10 1976 1
11 17 1
11 31 1
11 39 1
11 45 1
11 63 1
11 109 1
11 132 1
11 479 1
11 571 1
11 746 1
11 765 1
11 861 1
11 925 1
11 931 1
11 942 1
11 1245 1
11 1392 1
11 1432 1
11 1449 1
11 1685 1
11 1705 1
11 1835 1
11 1848 1
11 1854 1
12 35 1
12 77 1
12 110 1
12 128 1
12 190 1
12 285 1
12 293 1
12 483 1
12 486 1
12 670 1
12 701 1
12 726 1
12 790 1
12 842 1
12 878 1
12 1123 1
12 1226 1
12 1399 1
12 1410 1
12 1465 1
12 1549 1
12 1556 1
12 1773 1
12 1900 1
13 28 1
13 50 1
13 83 1
13 225 1
13 255 1
13 288 1
13 401 1
13 418 1
13 449 1
13 531 1
13 859 1
13 1005 1
13 1490 1
13 1659 1
13 1750 1
13 1763 1
13 1766 1
13 1824 1
13 1869 1
13 1877 1
13 1985 1
13 2022 1
14 161 1
14 406 1
14 416 1
14 548 1
14 611 1
14 787 1
14 1010 1
14 1124 1
14 1170 1
14 1189 1
14 1293 1
14 1296 1
14 1420 1
14 1427 1
14 1664 1
14 1755 1
15 2 1
15 41 1
15 323 1
15 404 1
15 510 1
15 578 1
15 874 1
15 961 1
15 1294 1
15 1382 1
15 1746 1
15 1889 1
15 1939 1
15 2014 1
16 3 1
16 139 1
16 466 1
16 525 1
16 677 1
16 898 1
16 981 1
16 1468 1
16 1525 1
16 1686 1
16 1981 1
17 9 1
17 28 1
17 410 1
17 851 1
17 1402 1
17 1453 1
17 1620 1
17 1820 1
17 1986 1
18 37 1
18 318 1
18 335 1
18 703 1
18 903 1
18 929 1
18 984 1
18 1259 1
18 1872 1
19 396 1
19 998 1
19 1684 1
19 1859 1
20 1006 1
20 1709 1
20 1883 1
21 2 1
21 15 1
21 195 1
21 1268 1
21 1635 1
22 125 1
22 206 1
22 1494 1
22 1913 1
23 749 1
23 1194 1
23 1569 1
23 1633 1
23 1944 1
24 392 1
24 819 1
24 965 1
24 1009 1
24 1222 1
24 1389 1
25 1 1
25 1057 1
25 1185 1
25 1220 1
25 1400 1
25 1417 1
25 1589 1
25 1861 1
25 1876 1
26 13 1
26 14 1
26 471 1
26 919 1
26 954 1
26 1142 1
26 1328 1
26 1573 1
26 1576 1
26 1718 1
26 1728 1
27 14 1
27 334 1
27 399 1
27 569 1
27 697 1
27 877 1
27 1065 1
27 1110 1
27 1176 1
27 1342 1
27 1363 1
27 1406 1
27 1450 1
27 1563 1
27 1653 1
27 1662 1
27 1828 1
27 1950 1
27 1990 1
27 1996 1
28 6 1
28 185 1
28 581 1
28 645 1
28 821 1
28 962 1
28 1046 1
28 1090 1
28 1265 1
28 1502 1
28 1578 1
28 1613 1
28 1640 1
28 1885 1
28 1894 1
28 1895 1
28 1979 1
29 30 1
29 85 1
29 134 1
29 153 1
29 177 1
29 227 1
29 231 1
29 302 1
29 417 1
29 447 1
29 453 1
29 545 1
29 628 1
29 737 1
29 823 1
29 862 1
29 921 1
29 960 1
29 971 1
29 1086 1
29 1149 1
29 1173 1
29 1178 1
29 1251 1
29 1511 1
29 1527 1
29 1544 1
29 1601 1
29 1726 1
30 9 1
30 21 1
30 35 1
30 117 1
30 258 1
30 462 1
30 806 1
30 872 1
30 914 1
30 1070 1
30 1478 1
30 1507 1
30 1514 1
30 1543 1
30 1616 1
30 1630 1
30 1711 1
30 1724 1
30 2001 1
30 2005 1
31 8 1
31 23 1
31 39 1
31 70 1
31 242 1
31 248 1
31 715 1
31 716 1
31 762 1
31 1500 1
31 1823 1
31 1825 1
31 1879 1
31 1977 1
31 2042 1
32 5 1
32 17 1
32 460 1
32 867 1
32 1211 1
32 1371 1
32 1716 1
32 1994 1
33 15 1
33 19 1
33 20 1
33 430 1
33 444 1
33 570 1
33 1391 1
33 1442 1
34 647 1
34 829 1
34 843 1
34 1407 1
35 22 1
35 489 1
36 41 1
36 46 1
36 1533 1
37 15 1
37 20 1
37 25 1
37 35 1
37 880 1
38 10 1
38 33 1
38 101 1
38 311 1
38 584 1
38 618 1
38 1302 1
39 16 1
39 23 1
39 54 1
39 952 1
39 1680 1
39 1918 1
40 1153 1
40 1156 1
40 1308 1
40 1456 1
40 1768 1
40 1781 1
41 517 1
41 681 1
41 1126 1
41 1360 1
42 27 1
42 33 1
42 68 1
42 508 1
42 565 1
42 576 1
42 959 1
42 1008 1
42 1291 1
42 1608 1
42 1638 1
42 1827 1
43 24 1
43 186 1
43 268 1
43 333 1
43 620 1
43 1197 1
43 1261 1
43 1338 1
43 1455 1
43 1515 1
43 1567 1
43 1789 1
43 1916 1
43 1931 1
44 35 1
44 57 1
44 352 1
44 713 1
44 772 1
44 904 1
44 927 1
44 928 1
44 1150 1
44 1263 1
44 1610 1
44 1958 1
45 4 1
45 314 1
45 408 1
45 747 1
45 789 1
45 1049 1
45 1076 1
45 1206 1
46 14 1
46 20 1
46 445 1
46 491 1
46 687 1
46 1032 1
46 1234 1
46 1580 1
46 1715 1
47 35 1
47 162 1
47 230 1
47 918 1
47 1317 1
47 1377 1
47 1892 1
47 1948 1
47 1959 1
48 38 1
48 58 1
48 174 1
48 637 1
48 709 1
48 750 1
48 1158 1
48 1329 1
48 1483 1
48 1767 1
49 19 1
49 40 1
49 852 1
49 1098 1
49 1481 1
49 1699 1
49 1707 1
50 250 1
50 506 1
50 930 1
50 1045 1
50 1759 1
51 20 1
51 27 1
51 1849 1
51 1949 1
51 2023 1
52 5 1
52 20 1
52 860 1
53 1577 1
54 6 1
54 24 1
54 39 1
55 1367 1
55 1947 1
55 2039 1
56 18 1
56 29 1
56 836 1
56 1830 1
57 2 1
57 371 1
57 1016 1
57 1295 1
58 233 1
58 358 1
58 1000 1
58 1267 1
58 1673 1
59 11 1
59 19 1
59 39 1
59 448 1
59 755 1
59 1350 1
60 4 1
60 7 1
60 36 1
60 124 1
60 257 1
60 624 1
60 901 1
60 1121 1
60 1397 1
60 1963 1
60 2003 1
61 11 1
61 375 1
61 383 1
61 455 1
61 1306 1
61 1315 1
61 1743 1
61 1749 1
62 8 1
62 152 1
62 1290 1
62 1436 1
62 1593 1
62 1641 1
62 1891 1
63 9 1
63 669 1
63 761 1
63 1752 1
63 1855 1
63 1870 1
63 1887 1
63 1919 1
64 1066 1
64 1813 1
65 184 1
65 1063 1
65 1094 1
66 1320 1
66 1431 1
66 1671 1
67 6 1
67 974 1
68 52 1
68 1041 1
68 1134 1
68 1172 1
68 1216 1
69 354 1
70 1 1
70 1344 1
71 21 1
71 24 1
72 10 1
72 17 1
72 147 1
72 1756 1
73 30 1
73 38 1
73 403 1
73 412 1
73 580 1
73 727 1
73 970 1
73 1107 1
73 1122 1
73 1210 1
73 1330 1
73 1440 1
73 1776 1
73 1804 1
73 2006 1
74 238 1
74 785 1
74 1609 1
74 1915 1
75 34 1
75 168 1
75 189 1
75 245 1
75 253 1
75 405 1
75 488 1
75 507 1
75 994 1
75 1416 1
75 1675 1
75 1703 1
75 1717 1
76 26 1
76 303 1
76 484 1
76 561 1
76 891 1
76 1462 1
76 1508 1
76 1777 1
76 1791 1
76 1811 1
76 1993 1
76 2041 1
77 15 1
77 247 1
77 985 1
77 1018 1
77 1246 1
77 1683 1
78 600 1
78 613 1
78 691 1
78 1101 1
78 1454 1
79 23 1
79 34 1
79 126 1
79 380 1
79 388 1
79 543 1
79 771 1
79 832 1
79 1131 1
80 29 1
80 1415 1
80 1430 1
80 1760 1
81 39 1
81 993 1
81 1064 1
82 14 1
82 655 1
82 783 1
83 279 1
83 643 1
83 1100 1
84 6 1
84 25 1
84 140 1
85 6 1
85 21 1
85 953 1
86 32 1
86 40 1
86 893 1
86 1962 1
87 3 1
87 24 1
87 197 1
87 273 1
87 534 1
87 2037 1
88 35 1
88 107 1
88 160 1
88 373 1
88 477 1
88 720 1
88 1040 1
88 1669 1
89 131 1
89 201 1
89 246 1
89 382 1
89 493 1
89 941 1
89 958 1
89 1022 1
89 1266 1
89 1670 1
89 1701 1
89 1842 1
89 1871 1
89 2029 1
90 24 1
90 26 1
90 270 1
90 301 1
90 325 1
90 347 1
90 364 1
90 502 1
90 614 1
90 1013 1
90 1085 1
90 1141 1
90 1386 1
90 1506 1
90 1704 1
90 1742 1
90 1793 1
90 1838 1
90 2031 1
91 141 1
91 768 1
91 816 1
91 1372 1
91 1575 1
91 1687 1
92 144 1
92 463 1
92 485 1
92 818 1
92 938 1
92 1119 1
92 1148 1
92 1700 1
92 1731 1
92 1890 1
92 1928 1
92 1935 1
93 6 1
93 36 1
93 199 1
93 438 1
93 724 1
93 1373 1
93 1498 1
93 1908 1
93 1952 1
94 38 1
94 48 1
94 88 1
94 509 1
94 885 1
94 910 1
94 1204 1
94 1822 1
94 1840 1
94 1968 1
95 38 1
95 265 1
95 266 1
95 1219 1
95 1737 1
95 1905 1
96 4 1
96 175 1
96 1429 1
96 1439 1
97 18 1
98 27 1
98 36 1
98 47 1
98 1588 1
98 1688 1
98 1816 1
99 5 1
99 468 1
100 25 1
100 151 1
101 8 1
101 738 1
101 1521 1
101 1795 1
102 11 1
102 13 1
102 28 1
102 127 1
102 1270 1
102 1839 1
103 191 1
103 708 1
103 722 1
103 1310 1
103 1723 1
103 1792 1
103 1851 1
103 2012 1
104 349 1
104 847 1
104 913 1
104 1050 1
104 1213 1
104 1540 1
105 1 1
105 21 1
105 43 1
105 163 1
105 176 1
105 193 1
105 213 1
105 236 1
105 530 1
105 705 1
105 740 1
105 820 1
105 1179 1
105 1513 1
105 1565 1
105 1605 1
105 1695 1
105 1969 1
106 6 1
106 40 1
106 262 1
106 351 1
106 421 1
106 425 1
106 522 1
106 659 1
106 758 1
106 774 1
106 1082 1
106 1358 1
106 1393 1
106 1866 1
107 2 1
107 56 1
107 234 1
107 342 1
107 473 1
107 475 1
107 557 1
107 633 1
107 663 1
107 776 1
107 1077 1
107 1409 1
107 2018 1
107 2043 1
107 2046 1
108 26 1
108 32 1
108 38 1
108 61 1
108 129 1
108 337 1
108 481 1
108 541 1
108 582 1
108 626 1
108 868 1
108 871 1
108 1130 1
108 1133 1
108 1353 1
108 1734 1
108 1852 1
109 39 1
109 40 1
109 207 1
109 689 1
109 915 1
109 922 1
109 1097 1
109 1116 1
109 1307 1
109 1875 1
109 1912 1
110 5 1
110 22 1
110 32 1
110 204 1
110 497 1
110 752 1
110 797 1
110 1280 1
110 1476 1
110 1530 1
110 1611 1
110 1740 1
110 1899 1
111 212 1
111 414 1
111 532 1
111 1043 1
111 1201 1
111 1241 1
111 1566 1
111 2045 1
112 757 1
112 833 1
112 1199 1
112 1457 1
112 1597 1
113 1964 1
114 16 1
114 36 1
114 38 1
114 39 1
114 719 1
114 796 1
114 1978 1
115 5 1
115 10 1
115 252 1
115 1345 1
115 1735 1
115 2008 1
116 33 1
117 30 1
117 1818 1
118 35 1
118 711 1
119 551 1
120 1 1
120 7 1
120 188 1
120 640 1
120 831 1
120 996 1
120 1341 1
120 1369 1
120 1374 1
120 1559 1
121 44 1
121 267 1
121 384 1
121 564 1
121 605 1
121 649 1
121 844 1
121 845 1
121 1175 1
121 1275 1
121 1335 1
121 1602 1
121 1770 1
122 31 1
122 36 1
122 149 1
122 322 1
122 684 1
122 956 1
122 983 1
122 1501 1
122 1666 1
123 12 1
123 20 1
123 587 1
123 710 1
123 1099 1
123 1362 1
123 1376 1
123 1446 1
123 1523 1
123 1799 1
123 1933 1
124 9 1
124 28 1
124 72 1
124 98 1
124 171 1
124 436 1
124 467 1
124 469 1
124 521 1
124 575 1
124 608 1
124 822 1
124 837 1
124 902 1
124 1458 1
124 1482 1
124 1648 1
124 1668 1
124 1821 1
124 1867 1
124 2030 1
125 13 1
125 14 1
125 328 1
125 368 1
125 544 1
125 690 1
125 693 1
125 986 1
125 1014 1
125 1180 1
125 1336 1
125 1629 1
125 1702 1
125 1873 1
125 1880 1
126 35 1
126 73 1
126 180 1
126 1023 1
126 1055 1
126 1138 1
126 1488 1
126 1714 1
127 10 1
127 21 1
127 30 1
127 387 1
127 702 1
127 799 1
127 990 1
127 1071 1
127 1667 1
128 214 1
128 1325 1
129 32 1
129 272 1
129 275 1
129 882 1
129 1878 1
130 18 1
130 313 1
130 499 1
130 610 1
130 1289 1
130 1357 1
130 1568 1
131 36 1
131 982 1
132 157 1
132 707 1
132 1618 1
133 19 1
133 980 1
133 1273 1
134 33 1
134 1128 1
135 11 1
135 20 1
135 411 1
135 1433 1
135 1584 1
136 17 1
136 40 1
136 420 1
136 714 1
136 1522 1
136 1637 1
136 1902 1
137 316 1
137 348 1
137 409 1
137 540 1
137 607 1
137 1146 1
137 1152 1
137 1313 1
137 1661 1
137 1708 1
137 1999 1
138 19 1
138 22 1
138 30 1
138 67 1
138 130 1
138 440 1
138 1269 1
138 1300 1
138 1347 1
138 1531 1
138 1587 1
138 1674 1
138 1739 1
138 1796 1
138 1810 1
138 1844 1
139 37 1
139 363 1
139 459 1
139 1028 1
139 1118 1
139 1252 1
139 1435 1
139 1516 1
139 1681 1
139 1713 1
139 1812 1
139 1874 1
140 41 1
140 93 1
140 321 1
140 332 1
140 572 1
140 675 1
140 810 1
140 830 1
140 881 1
140 892 1
140 905 1
140 1004 1
140 1106 1
140 1174 1
140 1228 1
140 1231 1
140 1312 1
140 1422 1
140 1606 1
141 82 1
141 90 1
141 150 1
141 256 1
141 478 1
141 976 1
141 1155 1
141 1188 1
141 1239 1
141 1343 1
141 1460 1
141 1612 1
141 1672 1
141 1764 1
141 1783 1
141 1865 1
141 1983 1
142 26 1
142 317 1
142 423 1
142 631 1
142 1414 1
142 1418 1
142 1833 1
143 2 1
143 11 1
143 18 1
143 19 1
143 39 1
143 259 1
143 278 1
143 685 1
143 1279 1
143 1346 1
143 1467 1
143 1881 1
144 7 1
144 10 1
144 114 1
144 526 1
144 599 1
144 1168 1
144 1853 1
144 1925 1
144 2025 1
145 398 1
145 539 1
145 1015 1
145 1047 1
145 1447 1
145 1762 1
145 1941 1
146 37 1
146 721 1
146 1405 1
146 1607 1
146 1906 1
147 20 1
147 319 1
147 512 1
147 528 1
147 1114 1
147 1738 1
148 1095 1
148 1215 1
148 1782 1
148 1998 1
149 20 1
149 24 1
150 12 1
150 23 1
150 795 1
150 1233 1
152 123 1
152 370 1
152 1183 1
152 1803 1
153 1366 1
153 1509 1
153 1741 1
153 1898 1
153 1955 1
154 766 1
154 809 1
154 1193 1
154 1572 1
154 1581 1
154 1951 1
155 118 1
155 304 1
155 343 1
155 376 1
155 443 1
155 461 1
155 480 1
155 717 1
155 909 1
155 1117 1
155 1137 1
155 1282 1
155 1583 1
155 1649 1
155 1788 1
155 1956 1
155 1982 1
156 87 1
156 249 1
156 533 1
156 563 1
156 567 1
156 629 1
156 835 1
156 1021 1
156 1052 1
156 1105 1
156 1129 1
156 1340 1
156 1542 1
156 1631 1
156 2015 1
156 2028 1
157 111 1
157 237 1
157 260 1
157 299 1
157 424 1
157 505 1
157 676 1
157 951 1
157 997 1
157 1025 1
157 1103 1
157 1154 1
157 1157 1
157 1214 1
157 1260 1
157 1390 1
157 1411 1
157 1719 1
157 1730 1
157 1769 1
158 69 1
158 315 1
158 1060 1
158 1087 1
158 1182 1
158 1529 1
158 1831 1
158 1911 1
159 356 1
159 574 1
159 615 1
159 732 1
159 887 1
159 924 1
159 1472 1
159 1745 1
159 1775 1
159 1965 1
159 2011 1
160 116 1
160 307 1
160 309 1
160 338 1
160 429 1
160 456 1
160 535 1
160 748 1
160 870 1
160 1202 1
160 1534 1
160 1632 1
160 1837 1
160 1938 1
161 112 1
161 782 1
161 834 1
161 1554 1
161 1619 1
161 1642 1
161 1751 1
161 1946 1
162 672 1
162 1184 1
162 1304 1
162 1628 1
162 2004 1
163 413 1
163 1413 1
164 395 1
164 1140 1
164 1555 1
165 51 1
165 896 1
165 1020 1
165 1536 1
165 1800 1
165 1943 1
166 170 1
166 519 1
166 1096 1
167 869 1
167 1209 1
168 573 1
168 1244 1
168 1412 1
169 222 1
170 96 1
170 154 1
170 203 1
170 514 1
170 562 1
170 784 1
170 863 1
170 949 1
170 1002 1
170 1151 1
170 1592 1
170 1650 1
170 1747 1
170 1801 1
171 169 1
171 200 1
171 340 1
171 422 1
171 457 1
171 560 1
171 827 1
171 856 1
171 1463 1
171 1496 1
171 1499 1
171 1604 1
171 1733 1
171 1835 1
171 1857 1
172 241 1
172 346 1
172 400 1
172 538 1
172 593 1
172 625 1
172 1062 1
172 1092 1
172 1235 1
172 1395 1
172 1434 1
172 1445 1
172 1464 1
172 1595 1
172 1600 1
172 1652 1
172 1945 1
172 1987 1
172 2009 1
173 142 1
173 164 1
173 167 1
173 217 1
173 287 1
173 355 1
173 367 1
173 377 1
173 427 1
173 510 1
173 549 1
173 559 1
173 619 1
173 686 1
173 734 1
173 754 1
173 1323 1
173 1361 1
173 1379 1
173 1424 1
173 1557 1
174 158 1
174 194 1
174 251 1
174 397 1
174 474 1
174 482 1
174 636 1
174 733 1
174 790 1
174 804 1
174 917 1
174 948 1
174 950 1
174 1051 1
174 1091 1
174 1112 1
174 1147 1
174 1197 1
174 1326 1
174 1621 1
174 1625 1
174 1655 1
174 1712 1
174 1721 1
174 1809 1
174 1846 1
174 1884 1
174 1921 1
174 1954 1
174 2000 1
174 2026 1
175 55 1
175 92 1
175 216 1
175 227 1
175 454 1
175 472 1
175 498 1
175 501 1
175 558 1
175 592 1
175 611 1
175 644 1
175 876 1
175 911 1
175 923 1
175 1084 1
175 1194 1
175 1208 1
175 1212 1
175 1274 1
175 1278 1
175 1283 1
175 1505 1
175 1551 1
175 1692 1
175 1798 1
175 1832 1
175 1914 1
175 1927 1
176 396 1
176 597 1
176 656 1
176 890 1
176 963 1
176 1205 1
176 1643 1
176 1682 1
176 1917 1
176 1972 1
177 678 1
177 815 1
177 865 1
177 1080 1
177 1181 1
177 1192 1
177 1292 1
177 1383 1
177 1471 1
177 1558 1
177 1647 1
177 1836 1
177 1862 1
178 178 1
178 297 1
178 694 1
178 759 1
178 846 1
178 1504 1
178 1512 1
178 1690 1
178 1817 1
179 518 1
179 1451 1
179 1694 1
179 1761 1
180 329 1
180 728 1
180 1627 1
180 2038 1
181 102 1
181 441 1
182 261 1
182 431 1
182 465 1
183 295 1
183 638 1
183 1177 1
184 156 1
184 221 1
184 458 1
184 817 1
184 1073 1
185 642 1
185 1438 1
186 606 1
186 630 1
186 805 1
186 1491 1
186 1677 1
186 1860 1
187 132 1
187 284 1
187 369 1
187 604 1
187 664 1
187 763 1
187 769 1
187 957 1
187 1074 1
187 1109 1
187 1224 1
187 1466 1
187 1660 1
187 1784 1
187 1942 1
188 133 1
188 269 1
188 283 1
188 324 1
188 500 1
188 515 1
188 579 1
188 621 1
188 641 1
188 696 1
188 699 1
188 731 1
188 855 1
188 906 1
188 1029 1
188 1081 1
188 1115 1
188 1250 1
188 1264 1
188 1281 1
188 1375 1
188 1443 1
188 1757 1
188 1980 1
188 1991 1
188 2017 1
189 60 1
189 86 1
189 165 1
189 173 1
189 182 1
189 320 1
189 366 1
189 379 1
189 385 1
189 419 1
189 434 1
189 490 1
189 529 1
189 568 1
189 595 1
189 673 1
189 730 1
189 812 1
189 826 1
189 964 1
189 1026 1
189 1034 1
189 1044 1
189 1072 1
189 1113 1
189 1253 1
189 1288 1
189 1298 1
189 1305 1
189 1437 1
189 1452 1
189 1590 1
189 1626 1
189 1805 1
189 1826 1
189 1926 1
189 2027 1
189 2040 1
190 66 1
190 79 1
190 219 1
190 226 1
190 290 1
190 394 1
190 428 1
190 447 1
190 450 1
190 585 1
190 617 1
190 660 1
190 704 1
190 744 1
190 850 1
190 853 1
190 884 1
190 931 1
190 966 1
190 979 1
190 991 1
190 1037 1
190 1227 1
190 1229 1
190 1237 1
190 1258 1
190 1262 1
190 1272 1
190 1276 1
190 1364 1
190 1497 1
190 1786 1
190 1834 1
190 1863 1
190 1966 1
190 1967 1
190 1970 1
191 78 1
191 80 1
191 148 1
191 198 1
191 306 1
191 334 1
191 390 1
191 415 1
191 433 1
191 513 1
191 627 1
191 735 1
191 756 1
191 773 1
191 775 1
191 926 1
191 1006 1
191 1075 1
191 1160 1
191 1225 1
191 1484 1
191 1546 1
191 1598 1
191 2010 1
191 2019 1
192 108 1
192 276 1
192 305 1
192 446 1
192 609 1
192 787 1
192 840 1
192 879 1
192 1059 1
192 1245 1
192 1359 1
192 1679 1
192 1758 1
193 115 1
193 378 1
193 603 1
193 612 1
193 632 1
193 634 1
193 1005 1
193 1389 1
193 1614 1
193 1617 1
193 1727 1
193 2048 1
194 780 1
194 813 1
194 946 1
194 1012 1
194 1038 1
194 1255 1
194 1257 1
194 1541 1
194 1545 1
194 1549 1
194 1984 1
195 89 1
195 94 1
195 104 1
195 183 1
195 296 1
195 646 1
195 792 1
195 857 1
195 889 1
195 999 1
195 1234 1
195 1425 1
195 1448 1
195 1651 1
196 688 1
196 718 1
197 451 1
197 1048 1
197 1145 1
197 1633 1
198 777 1
198 1093 1
199 210 1
199 1104 1
201 339 1
201 361 1
201 1808 1
201 1988 1
202 105 1
202 586 1
202 1489 1
202 1503 1
202 1634 1
202 1901 1
202 2007 1
203 84 1
203 381 1
203 916 1
203 972 1
203 1492 1
203 1537 1
203 1774 1
204 208 1
204 594 1
204 623 1
204 814 1
204 854 1
204 920 1
204 1187 1
204 1203 1
204 1230 1
204 1339 1
204 1378 1
204 1485 1
204 1535 1
204 1547 1
204 1579 1
204 1624 1
204 1657 1
204 1728 1
204 1765 1
204 1780 1
205 220 1
205 294 1
205 470 1
205 536 1
205 583 1
205 596 1
205 698 1
205 760 1
205 800 1
205 933 1
205 969 1
205 988 1
205 1001 1
205 1003 1
205 1169 1
205 1299 1
205 1398 1
205 1432 1
205 1586 1
205 1599 1
205 1685 1
205 1772 1
205 1778 1
205 1845 1
205 1974 1
205 2022 1
206 75 1
206 143 1
206 285 1
206 333 1
206 437 1
206 674 1
206 907 1
206 944 1
206 1007 1
206 1058 1
206 1089 1
206 1111 1
206 1120 1
206 1162 1
206 1165 1
206 1166 1
206 1221 1
206 1351 1
206 1468 1
206 1576 1
206 1722 1
206 1841 1
206 1932 1
206 2013 1
207 271 1
207 300 1
207 383 1
207 537 1
207 779 1
207 803 1
207 883 1
207 894 1
207 912 1
207 989 1
207 1083 1
207 1159 1
207 1196 1
207 1200 1
207 1249 1
207 1399 1
207 1518 1
207 1603 1
207 1654 1
207 1665 1
207 1691 1
207 1802 1
207 1847 1
207 1877 1
207 1936 1
208 42 1
208 476 1
208 492 1
208 542 1
208 555 1
208 767 1
208 939 1
208 977 1
208 1236 1
208 1481 1
208 1532 1
208 1561 1
208 1744 1
208 1923 1
208 1953 1
209 232 1
209 308 1
209 527 1
209 651 1
209 729 1
209 841 1
209 874 1
209 935 1
209 987 1
209 1327 1
209 1349 1
209 1480 1
209 1971 1
210 64 1
210 91 1
210 703 1
210 843 1
210 1553 1
210 1594 1
210 1645 1
210 1903 1
211 62 1
211 1078 1
211 1102 1
211 1171 1
211 1211 1
211 1226 1
211 1321 1
211 1333 1
211 1550 1
211 1613 1
212 622 1
212 1675 1
212 1897 1
213 281 1
213 1296 1
213 1520 1
213 1646 1
214 341 1
214 824 1
214 1477 1
215 554 1
215 1287 1
216 274 1
216 286 1
216 839 1
216 1556 1
216 1596 1
217 602 1
217 1961 1
218 391 1
218 1024 1
218 1479 1
219 109 1
219 205 1
219 653 1
219 864 1
219 1384 1
219 1973 1
219 2002 1
220 119 1
220 374 1
220 692 1
220 743 1
220 848 1
220 1017 1
220 1277 1
220 1319 1
220 1352 1
220 1402 1
220 1473 1
220 1615 1
220 1710 1
220 1882 1
220 1909 1
220 1940 1
220 1960 1
221 179 1
221 239 1
221 464 1
221 483 1
221 550 1
221 652 1
221 679 1
221 716 1
221 739 1
221 753 1
221 807 1
221 965 1
221 975 1
221 1019 1
221 1030 1
221 1135 1
221 1271 1
221 1334 1
221 1428 1
221 1461 1
221 1486 1
221 1779 1
221 1785 1
221 1913 1
222 59 1
222 184 1
222 345 1
222 357 1
222 392 1
222 404 1
222 435 1
222 657 1
222 680 1
222 737 1
222 838 1
222 1053 1
222 1079 1
222 1195 1
222 1251 1
222 1265 1
222 1285 1
222 1469 1
222 1511 1
222 1519 1
222 1548 1
222 1754 1
222 1794 1
222 1957 1
222 1989 1
223 74 1
223 155 1
223 161 1
223 223 1
223 302 1
223 399 1
223 442 1
223 524 1
223 671 1
223 712 1
223 723 1
223 725 1
223 762 1
223 764 1
223 785 1
223 932 1
223 942 1
223 1032 1
223 1067 1
223 1068 1
223 1108 1
223 1167 1
223 1322 1
223 1368 1
223 1396 1
223 1423 1
223 1426 1
223 1470 1
223 1475 1
223 1571 1
223 1620 1
223 1806 1
223 1850 1
223 1922 1
223 2042 1
223 2047 1
224 312 1
224 386 1
224 503 1
224 877 1
224 937 1
224 998 1
224 1011 1
224 1036 1
224 1136 1
224 1218 1
224 1311 1
224 1328 1
224 1636 1
224 1689 1
224 1697 1
224 1748 1
224 1828 1
224 1885 1
224 1907 1
225 240 1
225 289 1
225 365 1
225 517 1
225 745 1
225 878 1
225 886 1
225 992 1
225 1031 1
225 1337 1
225 1388 1
225 1403 1
225 1417 1
225 1442 1
225 1517 1
225 1562 1
225 1623 1
225 1653 1
225 1858 1
226 138 1
226 146 1
226 244 1
226 658 1
226 1127 1
226 1771 1
227 741 1
227 1380 1
228 1616 1
229 85 1
229 445 1
229 665 1
229 1560 1
229 1724 1
229 1725 1
229 2035 1
230 667 1
230 1039 1
230 1198 1
231 984 1
231 1639 1
232 202 1
232 715 1
232 861 1
232 1729 1
233 1404 1
234 139 1
234 647 1
234 888 1
234 936 1
234 1056 1
235 45 1
235 135 1
235 258 1
235 263 1
235 430 1
235 873 1
235 954 1
235 1069 1
235 1161 1
235 1365 1
235 1552 1
235 1676 1
235 1843 1
236 137 1
236 235 1
236 264 1
236 426 1
236 487 1
236 494 1
236 590 1
236 662 1
236 742 1
236 770 1
236 788 1
236 798 1
236 1348 1
236 1392 1
236 1420 1
236 1444 1
236 1474 1
236 1564 1
236 1706 1
236 1919 1
236 1944 1
236 2024 1
237 71 1
237 145 1
237 166 1
237 254 1
237 279 1
237 288 1
237 298 1
237 344 1
237 358 1
237 806 1
237 866 1
237 895 1
237 1054 1
237 1142 1
237 1144 1
237 1354 1
237 1543 1
237 1567 1
237 1608 1
237 1766 1
237 1814 1
237 1824 1
237 1869 1
237 1883 1
237 1910 1
237 1995 1
238 63 1
238 185 1
238 310 1
238 353 1
238 504 1
238 581 1
238 654 1
238 666 1
238 677 1
238 682 1
238 786 1
238 914 1
238 960 1
238 1050 1
238 1088 1
238 1189 1
238 1293 1
238 1355 1
238 1601 1
238 1684 1
238 1698 1
238 1759 1
238 2003 1
239 106 1
239 225 1
239 228 1
239 243 1
239 248 1
239 277 1
239 292 1
239 330 1
239 389 1
239 403 1
239 407 1
239 556 1
239 577 1
239 628 1
239 639 1
239 645 1
239 648 1
239 765 1
239 852 1
239 858 1
239 967 1
239 1153 1
239 1256 1
239 1394 1
239 1465 1
239 1490 1
239 1659 1
239 1807 1
239 1820 1
239 1822 1
239 1924 1
240 15 1
240 153 1
240 570 1
240 683 1
240 736 1
240 783 1
240 828 1
240 968 1
240 1027 1
240 1217 1
240 1247 1
240 1314 1
240 1338 1
240 1377 1
240 1525 1
240 1527 1
240 1656 1
240 1819 1
240 1904 1
241 70 1
241 77 1
241 81 1
241 122 1
241 218 1
241 242 1
241 336 1
241 491 1
241 511 1
241 1125 1
241 1493 1
241 1644 1
241 1829 1
241 1896 1
241 1920 1
241 1986 1
241 2032 1
242 335 1
242 432 1
242 661 1
242 816 1
242 981 1
242 1232 1
242 1610 1
242 1711 1
242 1948 1
242 2020 1
243 293 1
243 418 1
243 466 1
243 695 1
243 808 1
243 872 1
243 1538 1
243 1696 1
243 1859 1
244 229 1
244 553 1
244 802 1
244 1640 1
244 1763 1
245 280 1
245 479 1
245 1528 1
246 829 1
247 1934 1
248 903 1
249 1191 1
250 97 1
250 749 1
250 898 1
250 904 1
250 1574 1
250 1861 1
251 318 1
251 1010 1
251 1222 1
251 1524 1
251 1797 1
251 1815 1
252 103 1
252 125 1
252 209 1
252 233 1
252 255 1
252 350 1
252 516 1
252 801 1
252 1190 1
252 1526 1
252 1578 1
252 1582 1
252 1755 1
252 1950 1
252 2005 1
253 95 1
253 181 1
253 372 1
253 460 1
253 471 1
253 531 1
253 691 1
253 701 1
253 825 1
253 945 1
253 971 1
253 995 1
253 1041 1
253 1057 1
253 1163 1
253 1173 1
253 1186 1
253 1297 1
253 1318 1
253 1342 1
253 1449 1
253 2021 1
253 2033 1
253 2036 1
254 121 1
254 196 1
254 486 1
254 588 1
254 793 1
254 970 1
254 1046 1
254 1090 1
254 1268 1
254 1387 1
254 1421 1
254 1487 1
254 1507 1
254 1591 1
254 1663 1
254 1664 1
254 1673 1
254 1678 1
254 1720 1
254 1939 1
254 1994 1
254 1997 1
255 76 1
255 101 1
255 120 1
255 406 1
255 417 1
255 523 1
255 589 1
255 681 1
255 713 1
255 823 1
255 875 1
255 927 1
255 930 1
255 1033 1
255 1143 1
255 1415 1
255 1635 1
255 1749 1
255 1854 1
255 1992 1
255 2016 1
256 65 1
256 206 1
256 359 1
256 668 1
256 899 1
256 973 1
256 993 1
256 1185 1
256 1303 1
256 1331 1
256 1410 1
256 1441 1
256 1450 1
256 1662 1
256 1856 1
256 1864 1
257 375 1
257 566 1
257 778 1
257 1022 1
257 1207 1
257 1539 1
257 1573 1
257 1746 1
258 582 1
258 781 1
258 947 1
258 1061 1
258 1064 1
258 1284 1
258 1658 1
258 1848 1
258 1855 1
258 1868 1
258 2001 1
258 2023 1
258 2029 1
258 2034 1
259 393 1
259 496 1
259 859 1
259 1085 1
259 1210 1
259 1248 1
259 1494 1
259 1502 1
260 215 1
260 416 1
260 1302 1
261 53 1
261 362 1
261 1680 1
261 1867 1
262 448 1
262 1431 1
263 618 1
263 1563 1
263 1580 1
263 1889 1
265 1139 1
265 1316 1
265 1381 1
266 49 1
266 1514 1
266 1823 1
267 323 1
267 546 1
267 724 1
268 360 1
268 373 1
268 495 1
268 525 1
268 842 1
268 862 1
268 959 1
268 978 1
268 1176 1
268 1238 1
268 1291 1
268 1726 1
268 1840 1
268 1916 1
269 110 1
269 211 1
269 224 1
269 230 1
269 268 1
269 291 1
269 412 1
269 439 1
269 489 1
269 584 1
269 637 1
269 687 1
269 955 1
269 1220 1
269 1259 1
269 1261 1
269 1286 1
269 1295 1
269 1301 1
269 1309 1
269 1622 1
269 1703 1
269 1767 1
269 1773 1
269 1895 1
270 83 1
270 282 1
270 402 1
270 706 1
270 851 1
270 880 1
270 1086 1
270 1126 1
270 1156 1
270 1356 1
270 1385 1
270 1436 1
270 1498 1
270 1701 1
270 1753 1
270 1893 1
270 1958 1
270 2044 1
271 134 1
271 136 1
271 186 1
271 250 1
271 252 1
271 326 1
271 337 1
271 477 1
271 506 1
271 545 1
271 849 1
271 921 1
271 1416 1
271 1453 1
271 1570 1
271 1585 1
271 1709 1
271 1887 1
271 1975 1
272 246 1
272 410 1
272 444 1
272 552 1
272 571 1
272 772 1
272 821 1
272 962 1
272 1042 1
272 1149 1
272 1164 1
272 1263 1
272 1419 1
272 1483 1
272 1915 1
272 1931 1
273 151 1
273 159 1
273 789 1
273 1071 1
273 1223 1
273 1750 1
273 1839 1
273 1894 1
273 1928 1
273 1993 1
274 117 1
274 207 1
274 452 1
274 747 1
274 794 1
274 929 1
274 1045 1
274 1049 1
274 1070 1
274 1243 1
274 1254 1
274 1324 1
274 1408 1
274 1427 1
274 1731 1
274 1981 1
275 189 1
275 382 1
275 601 1
275 752 1
275 1569 1
277 1414 1
277 1510 1
277 1990 1
278 401 1
278 1929 1
278 1930 1
279 722 1
279 1242 1
279 1454 1
279 1892 1
280 1179 1
280 1781 1
281 578 1
282 58 1
282 177 1
282 1544 1
282 1949 1
283 1495 1
283 1671 1
284 100 1
284 107 1
284 257 1
284 509 1
284 650 1
284 919 1
284 1009 1
284 1206 1
284 1310 1
284 1985 1
285 68 1
285 128 1
285 331 1
285 591 1
285 811 1
285 833 1
285 897 1
285 900 1
285 908 1
285 928 1
285 1066 1
285 1098 1
285 1123 1
285 1363 1
285 1382 1
285 1521 1
285 1589 1
285 1641 1
285 1789 1
285 1879 1
285 1888 1
285 1891 1
286 50 1
286 408 1
286 438 1
286 543 1
286 569 1
286 600 1
286 818 1
286 934 1
286 1320 1
286 1347 1
286 1360 1
286 1370 1
286 1743 1
287 99 1
287 301 1
287 371 1
287 462 1
287 891 1
287 1004 1
287 1150 1
287 1433 1
287 1456 1
287 1588 1
287 1705 1
287 1787 1
288 56 1
288 190 1
288 267 1
288 325 1
288 576 1
288 624 1
288 791 1
288 905 1
288 940 1
288 1076 1
288 1199 1
288 1219 1
288 1397 1
288 1686 1
288 1760 1
288 1791 1
288 1827 1
288 1918 1
288 1968 1
289 214 1
289 327 1
289 616 1
289 700 1
289 799 1
289 1976 1
290 273 1
290 299 1
290 314 1
290 918 1
290 1267 1
290 1332 1
290 1825 1
290 1851 1
290 1871 1
290 1900 1
291 172 1
291 176 1
291 201 1
291 832 1
291 1110 1
291 1478 1
291 1500 1
292 1100 1
293 52 1
293 113 1
293 958 1
293 1279 1
293 1593 1
293 1716 1
293 1899 1
293 2006 1
295 885 1
295 1008 1
295 1204 1
296 2043 1
297 755 1
297 922 1
297 1372 1
298 521 1
298 598 1
298 711 1
298 1134 1
299 54 1
299 144 1
299 168 1
299 836 1
299 1101 1
299 1638 1
299 1736 1
299 2014 1
300 3 1
300 893 1
300 1132 1
300 1400 1
300 1488 1
300 2041 1
301 867 1
301 1040 1
301 1341 1
301 1376 1
301 1577 1
301 1870 1
301 1906 1
301 1963 1
302 43 1
302 507 1
302 655 1
302 659 1
302 709 1
302 1016 1
302 1266 1
302 1330 1
302 1336 1
302 1406 1
302 1515 1
302 1718 1
302 1849 1
302 1996 1
302 2031 1
303 238 1
303 467 1
303 548 1
303 1043 1
303 1065 1
303 1122 1
303 1124 1
303 1170 1
303 1252 1
303 1315 1
303 1443 1
303 1458 1
303 1530 1
303 1717 1
303 1742 1
303 1838 1
303 2030 1
304 530 1
304 626 1
304 635 1
304 845 1
304 871 1
304 1178 1
304 1188 1
304 1393 1
304 1886 1
304 2046 1
305 421 1
305 455 1
305 463 1
305 475 1
305 484 1
305 508 1
305 567 1
305 620 1
305 643 1
305 1371 1
305 1447 1
305 1669 1
306 46 1
306 449 1
306 983 1
306 1597 1
306 1629 1
306 1647 1
306 1905 1
307 160 1
307 1440 1
308 1180 1
308 1568 1
308 1768 1
309 457 1
309 1844 1
310 520 1
310 1121 1
310 1611 1
311 485 1
311 1035 1
311 1732 1
312 351 1
312 1294 1
312 1937 1
313 547 1
313 738 1
313 1240 1
313 1813 1
314 572 1
314 1386 1
314 1455 1
314 1804 1
315 1391 1
315 1699 1
315 1752 1
315 1876 1
316 174 1
316 253 1
316 256 1
316 1015 1
316 1099 1
316 1172 1
316 1213 1
316 1373 1
316 1462 1
316 1572 1
316 1648 1
316 1790 1
316 1842 1
316 1962 1
316 1979 1
316 2039 1
317 192 1
317 231 1
317 502 1
317 670 1
317 847 1
317 953 1
317 1000 1
317 1119 1
317 1459 1
317 1522 1
317 1540 1
317 1737 1
317 1793 1
318 57 1
318 140 1
318 270 1
318 384 1
318 669 1
318 720 1
318 750 1
318 819 1
318 910 1
318 1063 1
318 1358 1
318 1660 1
318 1661 1
319 352 1
319 719 1
319 726 1
319 961 1
319 1140 1
319 1155 1
319 1306 1
319 1357 1
319 1655 1
319 1714 1
319 1792 1
319 1865 1
319 1872 1
319 1966 1
320 195 1
320 197 1
320 275 1
320 356 1
320 551 1
320 580 1
320 656 1
320 776 1
320 844 1
320 1141 1
320 1216 1
320 1308 1
320 1350 1
320 1776 1
320 2045 1
321 47 1
321 72 1
321 93 1
321 217 1
321 317 1
321 774 1
321 795 1
321 860 1
321 1077 1
321 1270 1
321 1923 1
322 203 1
322 369 1
322 513 1
322 565 1
322 614 1
322 746 1
322 820 1
322 1269 1
322 1353 1
322 1407 1
322 1435 1
322 1536 1
322 1637 1
322 1816 1
323 564 1
323 1642 1
323 1707 1
323 1947 1
323 2012 1
324 319 1
324 478 1
324 751 1
324 1821 1
325 1841 1
325 1880 1
325 1956 1
326 234 1
326 812 1
326 990 1
326 1329 1
327 1289 1
327 1609 1
327 1687 1
330 473 1
330 797 1
330 1630 1
331 342 1
331 456 1
331 1148 1
331 1183 1
331 1777 1
331 2018 1
332 131 1
332 178 1
332 187 1
332 468 1
332 714 1
332 996 1
332 1107 1
332 1273 1
332 1401 1
332 1533 1
332 1575 1
332 1587 1
332 1683 1
332 1769 1
332 1875 1
333 162 1
333 199 1
333 266 1
333 311 1
333 541 1
333 740 1
333 882 1
333 1116 1
333 1128 1
333 1131 1
333 1133 1
333 1235 1
333 1430 1
333 1559 1
333 1565 1
333 1566 1
333 1715 1
333 1830 1
333 1852 1
333 1890 1
334 170 1
334 414 1
334 465 1
334 532 1
334 831 1
334 952 1
334 1094 1
334 1158 1
334 1208 1
334 1282 1
334 1313 1
334 1362 1
334 1695 1
334 1735 1
334 1984 1
335 115 1
335 322 1
335 493 1
335 629 1
335 663 1
335 830 1
335 1018 1
335 1205 1
335 1241 1
335 1283 1
335 1516 1
335 1607 1
335 1739 1
335 1799 1
335 1809 1
335 1835 1
336 48 1
336 163 1
336 191 1
336 343 1
336 347 1
336 354 1
336 388 1
336 459 1
336 610 1
336 705 1
336 768 1
336 913 1
336 1344 1
336 1451 1
336 1542 1
336 1935 1
336 1943 1
337 98 1
337 693 1
337 887 1
337 1154 1
337 1679 1
337 1693 1
337 1959 1
338 763 1
338 1174 1
338 1233 1
338 1764 1
338 1869 1
339 425 1
339 982 1
339 985 1
339 1424 1
340 86 1
340 1964 1
340 2007 1
341 272 1
341 631 1
341 633 1
341 890 1
341 1446 1
341 1782 1
341 1977 1
342 1229 1
342 1497 1
342 1499 1
343 1506 1
343 1534 1
343 1837 1
344 1325 1
344 1335 1
344 1523 1
344 1824 1
345 1756 1
345 1987 1
346 175 1
346 488 1
346 925 1
346 1181 1
346 1201 1
347 236 1
347 380 1
347 409 1
347 708 1
347 761 1
347 896 1
347 980 1
347 1130 1
347 1175 1
347 1345 1
348 152 1
348 180 1
348 453 1
348 474 1
348 689 1
348 694 1
348 889 1
348 1605 1
348 1649 1
348 1704 1
348 1740 1
348 1933 1
349 126 1
349 157 1
349 188 1
349 245 1
349 262 1
349 364 1
349 544 1
349 563 1
349 688 1
349 697 1
349 771 1
349 846 1
349 943 1
349 994 1
349 1246 1
349 1619 1
349 1999 1
349 2025 1
350 38 1
350 88 1
350 102 1
350 154 1
350 398 1
350 446 1
350 514 1
350 549 1
350 592 1
350 597 1
350 675 1
350 1118 1
350 1152 1
350 1317 1
350 1340 1
350 1346 1
350 1434 1
350 1508 1
350 1941 1
351 147 1
351 458 1
351 528 1
351 727 1
351 758 1
351 876 1
351 974 1
351 1031 1
351 1117 1
351 1584 1
351 1628 1
351 1712 1
352 130 1
352 149 1
352 304 1
352 481 1
352 559 1
352 609 1
352 702 1
352 941 1
352 1034 1
352 1055 1
352 1058 1
352 1425 1
352 1668 1
352 1873 1
352 1874 1
353 8 1
353 116 1
353 868 1
353 1023 1
353 1062 1
353 1193 1
353 1203 1
353 1260 1
353 1307 1
353 1537 1
353 1794 1
353 1927 1
353 1965 1
353 2027 1
354 31 1
354 540 1
354 686 1
354 796 1
354 1594 1
355 204 1
355 349 1
355 575 1
355 1078 1
355 1439 1
355 1482 1
355 1602 1
355 1775 1
356 7 1
356 24 1
356 557 1
356 827 1
357 539 1
357 630 1
357 923 1
357 1581 1
358 200 1
358 376 1
358 948 1
358 1182 1
358 1200 1
359 1202 1
359 1818 1
360 305 1
360 443 1
361 90 1
361 1405 1
362 193 1
362 265 1
362 613 1
362 1215 1
362 1323 1
362 1770 1
363 16 1
363 287 1
363 420 1
363 469 1
363 482 1
363 497 1
363 499 1
363 690 1
363 1258 1
363 1741 1
363 1881 1
363 1946 1
364 9 1
364 194 1
364 219 1
364 534 1
364 553 1
364 605 1
364 732 1
364 892 1
364 1072 1
364 1509 1
364 1666 1
364 1667 1
364 1677 1
365 4 1
365 18 1
365 111 1
365 156 1
365 213 1
365 419 1
365 587 1
365 641 1
365 1452 1
365 1860 1
366 73 1
366 112 1
366 241 1
366 249 1
366 283 1
366 387 1
366 395 1
366 413 1
366 436 1
366 447 1
366 476 1
366 498 1
366 735 1
366 757 1
366 915 1
366 997 1
366 1151 1
366 1257 1
366 1304 1
366 1461 1
366 1730 1
366 1738 1
366 1826 1
366 1862 1
366 1969 1
367 329 1
367 385 1
367 617 1
367 853 1
367 1044 1
367 1092 1
367 1096 1
367 1113 1
367 1138 1
367 1146 1
367 1221 1
367 1226 1
367 1389 1
367 1604 1
367 1625 1
367 1670 1
367 1713 1
367 1853 1
367 1878 1
367 1982 1
367 2037 1
368 6 1
368 141 1
368 222 1
368 315 1
368 427 1
368 644 1
368 790 1
368 901 1
368 909 1
368 920 1
368 1209 1
368 1274 1
368 1281 1
368 1367 1
368 1375 1
368 1535 1
368 1631 1
368 1708 1
368 1734 1
368 1800 1
369 1 1
369 129 1
369 512 1
369 573 1
369 950 1
369 1411 1
369 1546 1
369 2028 1
370 784 1
370 817 1
370 883 1
370 1196 1
370 1280 1
370 1312 1
370 1592 1
370 1634 1
370 1795 1
370 1908 1
371 237 1
371 568 1
371 1426 1
371 1788 1
372 41 1
372 106 1
372 261 1
372 269 1
372 303 1
372 1692 1
372 1745 1
372 1983 1
373 1390 1
373 1810 1
374 1244 1
374 2026 1
375 938 1
376 260 1
376 1060 1
376 1505 1
376 1783 1
377 259 1
377 363 1
377 878 1
377 1013 1
377 1978 1
378 649 1
379 278 1
379 397 1
379 428 1
379 625 1
379 856 1
379 1811 1
379 1951 1
379 2017 1
380 92 1
380 535 1
380 956 1
380 964 1
380 1097 1
380 1379 1
380 1476 1
380 1551 1
380 1606 1
380 1774 1
380 2009 1
381 212 1
381 221 1
381 313 1
381 332 1
381 394 1
381 841 1
381 1037 1
381 1048 1
381 1105 1
381 1168 1
381 1228 1
381 1251 1
381 1277 1
381 1288 1
381 1409 1
381 1445 1
381 1632 1
381 1780 1
381 1925 1
381 1945 1
381 1998 1
382 61 1
382 328 1
382 608 1
382 1036 1
382 1129 1
382 1255 1
382 1361 1
382 1412 1
382 1475 1
382 1598 1
382 1689 1
382 1690 1
382 1751 1
382 1817 1
382 1831 1
382 1912 1
383 21 1
383 55 1
383 114 1
383 244 1
383 285 1
383 437 1
383 533 1
383 594 1
383 628 1
383 733 1
383 850 1
383 864 1
383 1084 1
383 1253 1
383 1327 1
383 1343 1
383 1422 1
383 1444 1
383 1496 1
383 1513 1
383 1833 1
383 1938 1
383 1967 1
383 1972 1
383 2008 1
383 2040 1
384 5 1
384 44 1
384 67 1
384 306 1
384 340 1
384 562 1
384 1005 1
384 1028 1
384 1082 1
384 1583 1
384 1719 1
384 1921 1
384 1975 1
385 27 1
385 122 1
385 309 1
385 424 1
385 932 1
385 987 1
385 1091 1
385 1095 1
385 1249 1
385 1383 1
385 1438 1
385 1460 1
385 1762 1
385 1786 1
385 1807 1
385 1868 1
386 142 1
386 288 1
386 361 1
386 471 1
386 782 1
386 1214 1
386 1672 1
387 164 1
387 383 1
387 536 1
387 555 1
387 717 1
387 741 1
387 924 1
387 1911 1
388 94 1
388 367 1
388 405 1
388 1512 1
388 1909 1
389 440 1
389 604 1
389 710 1
389 1529 1
389 1808 1
390 1557 1
390 1612 1
390 1727 1
390 1761 1
391 870 1
391 1710 1
392 167 1
392 182 1
392 672 1
392 756 1
392 869 1
392 1517 1
392 1652 1
393 321 1
393 365 1
393 1087 1
393 1366 1
393 1501 1
394 1290 1
394 1733 1
394 1898 1
395 949 1
395 1700 1
395 1801 1
395 1960 1
395 2000 1
396 232 1
396 396 1
396 501 1
396 754 1
396 951 1
396 1547 1
396 1590 1
396 1624 1
396 1952 1
396 1973 1
397 173 1
397 510 1
397 1025 1
397 1047 1
397 1075 1
397 1103 1
397 1231 1
397 1413 1
397 1595 1
397 1621 1
397 2002 1
397 2011 1
397 2048 1
398 290 1
398 320 1
398 346 1
398 366 1
398 500 1
398 538 1
398 583 1
398 621 1
398 707 1
398 779 1
398 814 1
398 854 1
398 957 1
398 969 1
398 1038 1
398 1069 1
398 1187 1
398 1262 1
398 1398 1
398 1418 1
398 1600 1
398 1702 1
398 1812 1
398 1884 1
398 1913 1
398 1955 1
399 13 1
399 87 1
399 105 1
399 127 1
399 368 1
399 429 1
399 612 1
399 646 1
399 835 1
399 986 1
399 999 1
399 1032 1
399 1111 1
399 1227 1
399 1237 1
399 1278 1
399 1432 1
399 1555 1
399 1626 1
399 1914 1
400 29 1
400 63 1
400 132 1
400 153 1
400 169 1
400 247 1
400 295 1
400 300 1
400 348 1
400 472 1
400 640 1
400 1012 1
400 1104 1
400 1326 1
400 1428 1
400 1429 1
400 1778 1
400 1877 1
401 23 1
401 28 1
401 51 1
401 118 1
401 183 1
401 284 1
401 297 1
401 638 1
401 861 1
401 1073 1
401 1245 1
401 1467 1
401 1651 1
401 1747 1
402 211 1
402 338 1
402 464 1
402 766 1
402 911 1
402 1144 1
402 1271 1
402 1395 1
402 1541 1
402 1543 1
402 1688 1
402 1836 1
403 229 1
403 561 1
403 703 1
403 939 1
403 1001 1
403 1556 1
403 1850 1
404 353 1
404 599 1
404 704 1
404 737 1
404 1518 1
404 1681 1
404 1897 1
405 123 1
405 279 1
405 667 1
405 716 1
405 917 1
405 1083 1
405 1305 1
405 1957 1
406 558 1
406 1532 1
406 1645 1
407 1696 1
407 1953 1
408 1029 1
409 505 1
409 877 1
409 1051 1
410 165 1
410 524 1
410 685 1
410 1147 1
411 307 1
411 411 1
411 423 1
411 1857 1
412 912 1
412 1106 1
412 1486 1
412 1784 1
412 1803 1
413 37 1
413 39 1
413 391 1
413 696 1
413 775 1
413 865 1
413 884 1
413 1337 1
413 1351 1
413 1402 1
413 1494 1
413 1674 1
413 1902 1
413 2010 1
414 2 1
414 14 1
414 22 1
414 32 1
414 139 1
414 171 1
414 205 1
414 454 1
414 518 1
414 529 1
414 577 1
414 606 1
414 731 1
414 773 1
414 1006 1
414 1224 1
414 1550 1
414 1657 1
414 1665 1
414 1758 1
414 1828 1
414 1954 1
415 78 1
415 96 1
415 239 1
415 355 1
415 730 1
415 857 1
415 1019 1
415 1169 1
415 1184 1
415 1339 1
415 1464 1
415 1576 1
415 1721 1
415 1854 1
416 166 1
416 324 1
416 404 1
416 422 1
416 623 1
416 632 1
416 673 1
416 674 1
416 744 1
416 966 1
416 1008 1
416 1135 1
416 1197 1
416 1292 1
416 1448 1
416 1489 1
416 1558 1
416 1562 1
416 1579 1
416 1613 1
416 1723 1
416 1759 1
416 2001 1
417 30 1
417 79 1
417 302 1
417 1024 1
417 1374 1
417 1410 1
417 1442 1
417 1457 1
417 1599 1
417 1685 1
418 69 1
418 294 1
418 333 1
418 777 1
418 837 1
418 886 1
418 945 1
418 991 1
418 1145 1
418 1268 1
418 1472 1
418 1548 1
418 1567 1
418 1586 1
418 1729 1
418 1805 1
418 1903 1
418 2019 1
419 36 1
419 276 1
419 448 1
419 881 1
419 936 1
419 965 1
419 1618 1
419 1989 1
420 916 1
420 1054 1
420 1757 1
421 289 1
421 684 1
421 1102 1
421 1484 1
421 1563 1
421 1887 1
421 2004 1
422 202 1
422 813 1
422 1617 1
423 91 1
423 642 1
423 764 1
423 1275 1
423 1437 1
424 1080 1
424 1194 1
424 1349 1
425 460 1
425 522 1
425 526 1
425 927 1
425 1211 1
425 1369 1
425 1848 1
426 19 1
426 792 1
428 25 1
428 435 1
428 902 1
428 1157 1
428 1230 1
428 1531 1
428 1676 1
429 20 1
429 615 1
429 976 1
429 1338 1
429 1384 1
429 1545 1
430 82 1
430 109 1
430 210 1
430 515 1
430 627 1
430 657 1
430 721 1
430 926 1
430 942 1
430 988 1
430 1052 1
430 1236 1
430 1299 1
430 1504 1
430 1569 1
430 1644 1
430 1910 1
430 1926 1
430 1991 1
431 80 1
431 103 1
431 150 1
431 208 1
431 334 1
431 552 1
431 570 1
431 748 1
431 769 1
431 800 1
431 931 1
431 1010 1
431 1017 1
431 1033 1
431 1287 1
431 1311 1
431 1378 1
431 1616 1
431 1779 1
431 1820 1
431 2042 1
432 70 1
432 389 1
432 433 1
432 477 1
432 560 1
432 596 1
432 1115 1
432 1160 1
432 1276 1
432 1298 1
432 1396 1
432 1574 1
432 1627 1
432 1697 1
432 1772 1
432 1917 1
432 1970 1
433 34 1
433 209 1
433 216 1
433 377 1
433 585 1
433 660 1
433 676 1
433 713 1
433 809 1
433 1112 1
433 1300 1
433 1469 1
433 1596 1
433 1866 1
433 1974 1
434 110 1
434 124 1
434 357 1
434 360 1
434 372 1
434 554 1
434 888 1
434 1026 1
434 1198 1
434 1264 1
434 1297 1
434 1450 1
434 1471 1
434 1480 1
434 1930 1
434 2015 1
435 77 1
435 230 1
435 441 1
435 618 1
435 736 1
435 780 1
435 808 1
435 822 1
435 873 1
435 998 1
435 1014 1
435 1074 1
435 1485 1
435 1553 1
435 1610 1
436 35 1
436 108 1
436 179 1
436 339 1
436 431 1
436 445 1
436 691 1
436 728 1
436 787 1
436 944 1
436 1004 1
436 1601 1
436 1725 1
436 1815 1
436 1942 1
436 2044 1
437 42 1
437 480 1
437 603 1
437 661 1
437 1011 1
437 1364 1
437 1408 1
437 1682 1
438 12 1
438 400 1
439 358 1
439 378 1
439 840 1
439 1858 1
439 1934 1
439 1971 1
439 1986 1
440 1664 1
440 1796 1
441 843 1
442 619 1
442 1846 1
443 292 1
443 803 1
443 1120 1
443 1354 1
444 390 1
444 783 1
444 1988 1
445 1056 1
445 1331 1
445 1646 1
446 120 1
446 226 1
446 490 1
446 698 1
446 1068 1
446 1481 1
446 1561 1
446 1638 1
447 148 1
447 417 1
447 523 1
447 595 1
447 791 1
447 804 1
447 834 1
447 963 1
447 979 1
447 981 1
447 1053 1
447 1296 1
447 1392 1
447 1889 1
447 1919 1
448 11 1
448 146 1
448 215 1
448 235 1
448 316 1
448 341 1
448 426 1
448 496 1
448 511 1
448 678 1
448 762 1
448 805 1
448 947 1
448 972 1
448 1045 1
448 1136 1
448 1162 1
448 1256 1
448 1293 1
448 1591 1
448 1650 1
448 1684 1
448 1749 1
448 1822 1
448 1871 1
449 97 1
449 119 1
449 133 1
449 184 1
449 218 1
449 362 1
449 406 1
449 503 1
449 556 1
449 607 1
449 651 1
449 778 1
449 855 1
449 935 1
449 973 1
449 977 1
449 1059 1
449 1212 1
449 1272 1
449 1423 1
449 1528 1
449 1588 1
449 1654 1
449 1694 1
449 2023 1
450 104 1
450 243 1
450 298 1
450 801 1
450 829 1
450 907 1
450 921 1
450 960 1
450 978 1
450 1007 1
450 1093 1
450 1109 1
450 1161 1
450 1165 1
450 1225 1
450 1658 1
450 1663 1
450 1731 1
450 1992 1
451 71 1
451 430 1
451 434 1
451 451 1
451 466 1
451 483 1
451 489 1
451 492 1
451 636 1
451 745 1
451 842 1
451 875 1
451 918 1
451 1173 1
451 1322 1
451 1347 1
451 1387 1
451 1814 1
451 2043 1
452 223 1
452 271 1
452 392 1
452 432 1
452 749 1
452 759 1
452 788 1
452 825 1
452 1041 1
452 1067 1
452 1159 1
452 1190 1
452 1285 1
452 1466 1
452 1520 1
452 1673 1
452 1750 1
452 1771 1
452 1940 1
452 1948 1
453 158 1
453 301 1
453 356 1
453 772 1
453 904 1
453 1020 1
453 1192 1
453 1420 1
453 1720 1
454 336 1
454 407 1
454 1526 1
454 1724 1
454 1834 1
455 101 1
455 654 1
455 810 1
455 839 1
455 1247 1
455 1802 1
455 2013 1
456 242 1
456 767 1
456 1639 1
457 699 1
457 807 1
457 815 1
458 1089 1
458 2005 1
459 1468 1
460 264 1
460 1217 1
460 1234 1
460 1554 1
460 1765 1
461 17 1
461 84 1
461 125 1
461 486 1
461 734 1
461 1368 1
461 1525 1
462 33 1
462 579 1
462 611 1
462 848 1
462 1137 1
462 1449 1
462 1640 1
463 177 1
463 258 1
463 345 1
463 370 1
463 415 1
463 527 1
463 542 1
463 682 1
463 895 1
463 1003 1
463 1538 1
464 250 1
464 252 1
464 381 1
464 899 1
464 914 1
464 970 1
464 1021 1
464 1167 1
464 1218 1
464 1380 1
464 1470 1
464 1706 1
464 1726 1
464 2020 1
464 2047 1
465 196 1
465 296 1
465 403 1
465 582 1
465 590 1
465 645 1
465 739 1
465 968 1
465 1127 1
465 1139 1
465 1204 1
465 1265 1
465 1441 1
465 1491 1
465 1498 1
465 1519 1
465 1643 1
466 15 1
466 135 1
466 161 1
466 254 1
466 681 1
466 828 1
466 933 1
466 954 1
466 1064 1
466 1099 1
466 1124 1
466 1189 1
466 1210 1
466 1382 1
466 1394 1
466 1454 1
466 1488 1
466 1614 1
466 1622 1
466 1659 1
466 1744 1
466 1867 1
466 1961 1
466 2024 1
467 64 1
467 138 1
467 198 1
467 227 1
467 277 1
467 293 1
467 504 1
467 622 1
467 1088 1
467 1171 1
467 1309 1
467 1328 1
467 1417 1
467 1431 1
467 1552 1
467 1560 1
467 1615 1
467 1698 1
467 1748 1
467 1785 1
467 1840 1
467 2038 1
468 49 1
468 246 1
468 519 1
468 581 1
468 634 1
468 712 1
468 1039 1
468 1216 1
468 1284 1
468 1365 1
468 1399 1
468 1544 1
468 1578 1
468 1691 1
468 1709 1
468 1920 1
468 1980 1
469 248 1
469 263 1
469 330 1
469 450 1
469 509 1
469 692 1
469 1254 1
469 1333 1
469 1334 1
469 1766 1
469 1845 1
470 224 1
470 1813 1
471 379 1
471 546 1
471 824 1
471 995 1
471 2035 1
472 946 1
472 992 1
472 1419 1
473 729 1
473 838 1
473 1416 1
474 1377 1
474 1819 1
474 1922 1
475 1635 1
475 1901 1
477 53 1
477 318 1
477 723 1
477 1348 1
477 1997 1
478 826 1
478 1571 1
478 1829 1
479 10 1
479 220 1
479 308 1
479 574 1
479 664 1
479 753 1
479 993 1
479 1142 1
479 1549 1
479 1636 1
479 1995 1
479 2033 1
480 155 1
480 286 1
480 312 1
480 373 1
480 494 1
480 521 1
480 659 1
480 806 1
480 866 1
480 1081 1
480 1219 1
480 1250 1
480 1314 1
480 1479 1
480 1603 1
480 1753 1
480 1907 1
480 1994 1
481 81 1
481 185 1
481 281 1
481 416 1
481 444 1
481 663 1
481 816 1
481 852 1
481 858 1
481 898 1
481 905 1
481 1002 1
481 1123 1
481 1483 1
481 1524 1
481 1958 1
482 26 1
482 172 1
482 251 1
482 267 1
482 401 1
482 506 1
482 531 1
482 550 1
482 586 1
482 652 1
482 665 1
482 743 1
482 789 1
482 1153 1
482 1191 1
482 1415 1
482 1490 1
482 1580 1
482 1798 1
482 1806 1
482 1832 1
482 1916 1
482 1944 1
482 1996 1
482 2006 1
483 89 1
483 228 1
483 257 1
483 280 1
483 350 1
483 487 1
483 537 1
483 559 1
483 620 1
483 760 1
483 765 1
483 872 1
483 959 1
483 1057 1
483 1179 1
483 1319 1
483 1381 1
483 1421 1
483 1609 1
483 1847 1
483 2031 1
483 2032 1
484 65 1
484 115 1
484 374 1
484 983 1
484 984 1
484 1027 1
484 1030 1
484 1177 1
484 1435 1
484 1465 1
484 1473 1
484 1507 1
484 1570 1
484 1763 1
484 1861 1
484 1896 1
484 2039 1
485 137 1
485 159 1
485 513 1
485 593 1
485 1022 1
485 1066 1
485 1126 1
485 1359 1
485 1388 1
485 1539 1
485 1623 1
485 1722 1
485 1880 1
486 479 1
486 1121 1
486 1222 1
486 1397 1
487 399 1
487 975 1
487 1936 1
488 121 1
488 910 1
488 1385 1
489 793 1
489 900 1
489 1746 1
490 903 1
490 1718 1
490 1904 1
491 206 1
491 418 1
491 1492 1
491 1493 1
491 1607 1
492 1316 1
492 2036 1
493 314 1
493 770 1
493 1360 1
493 1872 1
494 442 1
494 602 1
494 695 1
494 1679 1
494 1885 1
495 54 1
495 60 1
495 344 1
495 668 1
495 908 1
495 1090 1
495 1232 1
495 1239 1
495 1495 1
495 1656 1
495 1662 1
495 1671 1
495 1932 1
495 1962 1
496 59 1
496 95 1
496 359 1
496 386 1
496 647 1
496 680 1
496 874 1
496 1336 1
496 1352 1
496 1502 1
497 57 1
497 58 1
497 255 1
497 462 1
497 774 1
497 851 1
497 929 1
497 1049 1
497 1108 1
497 1355 1
497 1675 1
497 1797 1
497 1864 1
497 1900 1
497 1905 1
497 2016 1
498 66 1
498 93 1
498 113 1
498 225 1
498 233 1
498 275 1
498 310 1
498 393 1
498 470 1
498 495 1
498 580 1
498 879 1
498 952 1
498 955 1
498 1163 1
498 1164 1
498 1414 1
498 1463 1
498 1582 1
498 1611 1
498 1620 1
498 1707 1
498 1736 1
498 1754 1
498 1773 1
498 1791 1
498 1855 1
498 1891 1
498 1931 1
498 1985 1
499 100 1
499 326 1
499 351 1
499 823 1
499 830 1
499 1044 1
499 1070 1
499 1114 1
499 1143 1
499 1279 1
499 1291 1
499 1312 1
499 1324 1
499 1329 1
499 1859 1
500 45 1
500 76 1
500 201 1
500 545 1
500 589 1
500 722 1
500 785 1
500 862 1
500 1015 1
500 1046 1
500 1071 1
500 1430 1
500 1661 1
500 1680 1
500 1701 1
500 1843 1
500 2014 1
501 56 1
501 75 1
501 274 1
501 525 1
501 860 1
501 891 1
501 1246 1
501 1270 1
501 1981 1
501 2022 1
502 323 1
502 662 1
502 671 1
502 720 1
502 1641 1
502 1653 1
502 1716 1
502 1863 1
503 282 1
503 331 1
503 686 1
503 715 1
503 1258 1
503 1373 1
504 168 1
504 461 1
505 47 1
505 491 1
505 880 1
505 971 1
505 1207 1
506 549 1
506 742 1
506 849 1
506 1043 1
506 1186 1
506 1823 1
507 85 1
507 409 1
507 410 1
507 718 1
508 653 1
508 833 1
509 181 1
509 940 1
509 961 1
509 1350 1
509 1514 1
510 160 1
510 798 1
510 1156 1
510 1767 1
510 1894 1
510 1950 1
511 566 1
511 752 1
511 1229 1
512 134 1
512 375 1
512 683 1
512 768 1
512 937 1
512 1166 1
512 1303 1
512 1427 1
512 1433 1
512 1474 1
512 1755 1
512 1883 1
512 1899 1
513 273 1
513 576 1
513 687 1
513 725 1
513 821 1
513 859 1
513 906 1
513 1125 1
513 1353 1
513 1503 1
513 1522 1
513 1633 1
513 1642 1
513 1893 1
513 1990 1
513 2021 1
514 157 1
514 195 1
514 371 1
514 412 1
514 600 1
514 616 1
514 677 1
514 802 1
514 896 1
514 962 1
514 989 1
514 1040 1
514 1185 1
514 1345 1
514 1356 1
514 1403 1
514 1577 1
514 1585 1
514 1669 1
514 1929 1
515 31 1
515 337 1
515 516 1
515 578 1
515 679 1
515 871 1
515 950 1
515 1223 1
515 1267 1
515 1760 1
516 107 1
516 143 1
516 174 1
516 299 1
516 465 1
516 650 1
516 894 1
516 1172 1
516 1455 1
516 1478 1
516 1928 1
516 1939 1
517 231 1
517 307 1
517 763 1
517 781 1
517 818 1
517 1188 1
517 1282 1
517 1295 1
517 1310 1
517 1477 1
517 1705 1
517 1839 1
517 1870 1
517 1915 1
517 2012 1
518 141 1
518 270 1
518 548 1
518 832 1
518 1098 1
518 1199 1
519 719 1
519 747 1
519 1259 1
520 144 1
520 369 1
520 474 1
520 934 1
520 1363 1
520 1406 1
520 1699 1
521 190 1
521 452 1
521 700 1
521 1042 1
521 1061 1
521 1196 1
521 1686 1
521 1752 1
521 1789 1
521 1827 1
521 1830 1
521 2034 1
522 352 1
522 658 1
522 1963 1
523 711 1
524 62 1
524 831 1
524 1968 1
525 238 1
525 836 1
525 1195 1
525 1451 1
525 1568 1
525 1695 1
526 517 1
526 564 1
526 571 1
526 1079 1
527 1208 1
527 1286 1
527 1521 1
528 268 1
528 485 1
528 588 1
528 740 1
528 755 1
528 967 1
528 1134 1
528 1261 1
528 1608 1
528 1879 1
529 88 1
529 189 1
529 203 1
529 207 1
529 335 1
529 376 1
529 584 1
529 897 1
529 1085 1
529 1301 1
529 1404 1
529 1589 1
529 1743 1
529 1787 1
529 1809 1
529 1882 1
530 493 1
530 528 1
530 637 1
530 724 1
530 786 1
530 1238 1
530 1240 1
530 1523 1
530 1587 1
530 1687 1
530 1895 1
531 199 1
531 421 1
531 449 1
531 457 1
531 845 1
531 1128 1
531 1391 1
531 1551 1
531 1700 1
531 1923 1
532 43 1
532 152 1
532 186 1
532 382 1
532 543 1
532 709 1
532 1101 1
532 1332 1
532 1573 1
532 1892 1
532 2003 1
533 193 1
533 197 1
533 794 1
533 820 1
533 930 1
533 1205 1
533 1737 1
533 1781 1
533 1851 1
534 368 1
534 424 1
534 1440 1
535 50 1
535 117 1
535 262 1
535 287 1
535 475 1
535 591 1
535 892 1
535 1597 1
535 1711 1
536 751 1
536 1009 1
536 1357 1
536 1959 1
536 2046 1
537 502 1
537 532 1
537 799 1
537 1122 1
537 1487 1
537 1540 1
537 1947 1
538 291 1
538 447 1
538 1443 1
538 1649 1
538 1717 1
539 1808 1
540 530 1
540 847 1
540 882 1
540 923 1
540 958 1
540 1321 1
540 1739 1
540 2030 1
541 145 1
541 601 1
541 1018 1
541 1341 1
541 1510 1
541 1825 1
542 1178 1
542 1342 1
542 1400 1
543 214 1
543 439 1
543 463 1
543 484 1
543 540 1
543 1371 1
543 1533 1
543 1728 1
544 3 1
544 52 1
544 1131 1
544 1141 1
544 1306 1
544 1660 1
544 1794 1
545 648 1
545 893 1
545 1132 1
545 1155 1
545 1302 1
545 1318 1
545 1407 1
545 1678 1
545 1790 1
545 1838 1
546 74 1
546 456 1
546 481 1
546 693 1
546 741 1
546 868 1
546 994 1
546 1206 1
546 1266 1
546 1330 1
546 1703 1
546 1799 1
546 1862 1
547 222 1
547 327 1
547 655 1
547 706 1
547 714 1
547 738 1
547 1133 1
547 1263 1
547 1730 1
548 624 1
548 690 1
548 1005 1
548 1035 1
548 1094 1
548 1187 1
548 1233 1
548 1393 1
548 1395 1
548 1460 1
548 1508 1
548 1542 1
548 1637 1
549 40 1
549 364 1
549 398 1
549 453 1
550 569 1
550 669 1
550 782 1
550 811 1
550 1000 1
550 1248 1
550 1979 1
551 322 1
551 572 1
551 854 1
551 1203 1
551 1581 1
551 1860 1
552 980 1
552 1252 1
552 1409 1
552 1506 1
552 1906 1
553 154 1
553 478 1
553 1023 1
553 1294 1
554 867 1
554 1756 1
555 112 1
555 311 1
555 512 1
555 551 1
555 863 1
555 913 1
555 1082 1
555 1176 1
555 1242 1
555 1821 1
556 156 1
556 1140 1
556 1274 1
556 1346 1
556 1780 1
557 384 1
557 614 1
557 735 1
557 1629 1
557 1849 1
557 1875 1
558 192 1
558 438 1
558 458 1
558 890 1
558 1320 1
558 1370 1
558 1515 1
558 1516 1
558 2045 1
559 131 1
559 176 1
559 508 1
559 610 1
559 630 1
559 1092 1
559 1221 1
559 1235 1
559 1527 1
560 217 1
560 342 1
560 395 1
560 635 1
560 920 1
560 1084 1
560 1146 1
560 1876 1
560 1914 1
560 1938 1
561 136 1
561 365 1
561 541 1
561 864 1
561 982 1
561 1086 1
561 1281 1
561 1386 1
561 1426 1
561 1437 1
561 1482 1
561 1689 1
561 1778 1
561 1941 1
562 37 1
562 55 1
562 126 1
562 151 1
562 436 1
562 626 1
562 885 1
562 1213 1
562 1269 1
562 1289 1
562 1315 1
562 1458 1
562 1475 1
562 1628 1
562 1921 1
562 1933 1
562 1937 1
562 1993 1
563 672 1
563 675 1
563 704 1
563 710 1
563 939 1
563 1091 1
563 1110 1
563 1116 1
563 1436 1
564 128 1
564 163 1
564 245 1
564 425 1
564 467 1
564 612 1
564 771 1
564 949 1
564 996 1
564 1344 1
564 1648 1
564 1853 1
564 1924 1
564 2041 1
565 99 1
565 102 1
565 347 1
565 427 1
565 557 1
565 795 1
565 1016 1
565 1028 1
565 1148 1
565 1273 1
565 1655 1
565 1881 1
565 1888 1
566 191 1
566 685 1
566 812 1
566 844 1
566 953 1
566 1220 1
566 1626 1
566 1886 1
566 1972 1
567 116 1
567 705 1
567 1149 1
567 1243 1
567 1424 1
567 2017 1
567 2027 1
568 129 1
568 1977 1
569 340 1
569 459 1
569 514 1
569 1594 1
569 2007 1
570 567 1
570 1180 1
570 1200 1
571 1096 1
571 1446 1
571 1572 1
571 1803 1
571 1890 1
572 750 1
572 1257 1
572 1683 1
572 1782 1
573 394 1
573 473 1
573 538 1
573 861 1
574 5 1
574 170 1
574 732 1
574 744 1
574 1050 1
574 1138 1
574 1390 1
574 1444 1
575 44 1
575 200 1
575 488 1
575 919 1
575 943 1
575 1486 1
575 1517 1
575 1824 1
575 1955 1
575 1969 1
576 1 1
576 86 1
576 1013 1
576 1241 1
576 1308 1
576 1592 1
576 1844 1
576 2028 1
577 9 1
577 90 1
577 130 1
577 140 1
577 261 1
577 388 1
577 408 1
577 520 1
577 592 1
577 597 1
577 604 1
577 841 1
577 869 1
577 948 1
577 1107 1
577 1113 1
577 1305 1
577 1564 1
577 1786 1
577 1807 1
577 1842 1
577 1856 1
577 2026 1
578 149 1
578 219 1
578 232 1
578 234 1
578 259 1
578 563 1
578 565 1
578 670 1
578 758 1
578 1055 1
578 1183 1
578 1201 1
578 1237 1
578 1401 1
578 1429 1
578 1452 1
578 1518 1
578 1631 1
578 1647 1
578 1768 1
578 1769 1
578 1869 1
579 24 1
579 329 1
579 639 1
579 883 1
579 1065 1
579 1317 1
579 1456 1
579 1497 1
579 1511 1
579 1708 1
579 1777 1
579 1966 1
580 240 1
580 325 1
580 846 1
580 1684 1
580 1810 1
580 1837 1
580 1852 1
581 61 1
581 63 1
581 67 1
581 499 1
581 507 1
581 938 1
581 1283 1
581 1613 1
581 1714 1
581 1783 1
581 1912 1
582 292 1
582 534 1
582 966 1
582 1559 1
582 1624 1
582 1835 1
583 455 1
583 476 1
583 1411 1
583 1472 1
583 1632 1
583 1918 1
583 1935 1
583 2029 1
584 1226 1
584 1530 1
585 98 1
585 295 1
585 402 1
585 1865 1
586 92 1
586 1036 1
586 1278 1
586 1645 1
586 1667 1
586 1973 1
586 1987 1
587 587 1
587 1095 1
587 1464 1
587 1816 1
588 241 1
588 256 1
588 631 1
588 1076 1
588 1106 1
588 1260 1
588 1566 1
588 2048 1
589 317 1
589 568 1
589 701 1
589 702 1
589 746 1
589 1413 1
589 1462 1
589 1712 1
589 1818 1
590 175 1
590 188 1
590 666 1
590 689 1
590 819 1
590 1249 1
590 1253 1
590 1668 1
590 1800 1
590 1946 1
591 162 1
591 641 1
591 1037 1
591 1340 1
591 1366 1
591 1453 1
591 1476 1
591 1565 1
591 1788 1
591 1982 1
591 2000 1
592 147 1
592 313 1
592 535 1
592 598 1
592 813 1
592 878 1
592 887 1
592 928 1
592 941 1
592 1062 1
592 1358 1
592 1389 1
592 1459 1
592 1605 1
592 1630 1
593 216 1
593 361 1
593 876 1
593 888 1
593 991 1
593 1048 1
593 1379 1
593 1593 1
593 1735 1
593 1978 1
593 1984 1
594 68 1
594 332 1
594 419 1
594 468 1
594 649 1
594 756 1
594 777 1
594 825 1
594 911 1
594 915 1
594 924 1
594 1150 1
594 1158 1
594 1234 1
594 1265 1
594 1323 1
594 1512 1
594 1546 1
594 1733 1
594 1742 1
594 1841 1
594 1999 1
595 684 1
595 726 1
595 1054 1
595 1174 1
595 1290 1
595 1600 1
595 1666 1
595 1702 1
595 1719 1
595 1804 1
596 30 1
596 249 1
596 253 1
596 290 1
596 319 1
596 380 1
596 501 1
596 539 1
596 688 1
596 775 1
596 1170 1
596 1209 1
596 1362 1
596 1376 1
596 1418 1
596 1534 1
596 1556 1
596 1898 1
596 2025 1
597 348 1
597 446 1
597 730 1
597 1214 1
597 1251 1
597 1313 1
597 1439 1
597 1509 1
597 1812 1
597 1964 1
598 106 1
598 469 1
598 909 1
598 1445 1
598 1575 1
598 1833 1
599 321 1
599 1351 1
599 1505 1
600 790 1
600 1119 1
600 1925 1
601 272 1
601 784 1
601 987 1
601 1063 1
601 1758 1
601 1960 1
602 1361 1
602 1583 1
603 178 1
603 605 1
603 656 1
603 827 1
604 153 1
604 553 1
604 1032 1
604 1372 1
604 1619 1
605 237 1
605 320 1
605 1130 1
605 1135 1
605 1215 1
605 1911 1
606 8 1
606 221 1
606 708 1
606 957 1
606 1405 1
606 1584 1
606 1606 1
606 1721 1
606 1751 1
606 1943 1
606 1965 1
607 94 1
607 383 1
607 625 1
607 796 1
607 931 1
607 1144 1
607 1168 1
607 1228 1
607 1500 1
607 1704 1
607 1793 1
607 2040 1
608 7 1
608 41 1
608 303 1
608 391 1
608 443 1
608 619 1
608 716 1
608 853 1
608 1031 1
608 1245 1
608 1398 1
608 1432 1
608 1555 1
608 1595 1
608 1690 1
608 1694 1
608 1770 1
608 1792 1
608 1945 1
609 46 1
609 83 1
609 269 1
609 309 1
609 387 1
609 437 1
609 544 1
609 667 1
609 727 1
609 901 1
609 1025 1
609 1047 1
609 1051 1
609 1087 1
609 1129 1
609 1532 1
609 1710 1
609 1774 1
609 1831 1
610 6 1
610 15 1
610 236 1
610 243 1
610 300 1
610 429 1
610 638 1
610 642 1
610 800 1
610 889 1
610 907 1
610 1019 1
610 1100 1
610 1117 1
610 1438 1
610 1625 1
610 1817 1
610 1949 1
610 1989 1
610 2044 1
611 194 1
611 343 1
611 367 1
611 536 1
611 694 1
611 713 1
611 850 1
611 922 1
611 1001 1
611 1034 1
611 1038 1
611 1052 1
611 1184 1
611 1193 1
611 1307 1
611 1536 1
611 1732 1
611 1764 1
611 1848 1
611 1927 1
611 1954 1
611 1957 1
611 1998 1
612 276 1
612 283 1
612 304 1
612 573 1
612 617 1
612 856 1
612 917 1
612 927 1
612 1078 1
612 1378 1
612 1651 1
613 171 1
613 450 1
613 558 1
613 646 1
613 717 1
613 974 1
613 1325 1
613 1428 1
613 1547 1
613 1953 1
613 1967 1
614 18 1
614 122 1
614 142 1
614 230 1
614 247 1
614 561 1
614 643 1
614 791 1
614 797 1
614 1367 1
614 2001 1
615 1231 1
615 1693 1
616 697 1
616 985 1
616 1254 1
616 1499 1
616 1974 1
617 497 1
618 676 1
618 951 1
618 1796 1
618 1868 1
619 873 1
619 1776 1
619 1779 1
619 1846 1
620 454 1
621 881 1
621 1182 1
622 260 1
622 932 1
622 1012 1
622 1304 1
622 1535 1
622 1715 1
623 21 1
623 48 1
623 187 1
623 278 1
623 297 1
623 306 1
623 338 1
623 498 1
623 835 1
623 999 1
623 1104 1
623 1271 1
623 1326 1
623 1422 1
623 1434 1
623 1621 1
623 1696 1
623 1762 1
623 1850 1
623 1873 1
623 1902 1
624 180 1
624 349 1
624 354 1
624 562 1
624 623 1
624 761 1
624 814 1
624 817 1
624 945 1
624 1118 1
624 1264 1
624 1288 1
624 1335 1
624 1513 1
624 1604 1
624 1976 1
625 440 1
625 533 1
625 575 1
625 699 1
625 733 1
625 1194 1
625 1504 1
625 1550 1
625 1558 1
625 1602 1
625 1727 1
625 1908 1
625 2023 1
626 17 1
626 91 1
626 223 1
626 257 1
626 284 1
626 288 1
626 324 1
626 524 1
626 621 1
626 657 1
626 698 1
626 772 1
626 838 1
626 1058 1
626 1080 1
626 1296 1
626 1327 1
626 1448 1
626 1729 1
626 1734 1
626 2008 1
626 2009 1
627 4 1
627 36 1
627 264 1
627 285 1
627 315 1
627 420 1
627 529 1
627 734 1
627 965 1
627 1275 1
627 1496 1
627 1644 1
627 1674 1
627 1910 1
628 12 1
628 213 1
628 265 1
628 363 1
628 579 1
628 731 1
628 783 1
628 978 1
628 997 1
628 1111 1
628 1277 1
628 1494 1
628 1688 1
628 1801 1
628 1854 1
628 1867 1
628 2037 1
629 148 1
629 1077 1
629 1412 1
629 1586 1
629 1672 1
629 1874 1
630 266 1
630 411 1
630 640 1
630 728 1
630 921 1
630 1103 1
630 1775 1
630 1956 1
630 1994 1
631 35 1
631 169 1
631 196 1
631 1562 1
631 1569 1
631 1889 1
631 1952 1
632 1670 1
633 886 1
633 1060 1
633 1665 1
633 1887 1
635 1442 1
637 72 1
637 1102 1
637 1402 1
637 2018 1
638 644 1
638 1408 1
638 1826 1
638 1951 1
639 16 1
639 79 1
639 105 1
639 397 1
639 707 1
639 745 1
639 884 1
639 1375 1
639 1677 1
640 13 1
640 22 1
640 114 1
640 413 1
640 482 1
640 581 1
640 590 1
640 609 1
640 622 1
640 1083 1
640 1097 1
640 1151 1
640 1244 1
640 1262 1
640 1309 1
640 1576 1
640 1590 1
640 1692 1
641 204 1
641 441 1
641 547 1
641 555 1
641 577 1
641 599 1
641 645 1
641 757 1
641 816 1
641 865 1
641 925 1
641 942 1
641 990 1
641 1045 1
641 1396 1
641 1425 1
641 1615 1
641 1658 1
641 1748 1
641 1913 1
641 1917 1
641 1926 1
642 28 1
642 87 1
642 96 1
642 111 1
642 127 1
642 244 1
642 279 1
642 423 1
642 632 1
642 633 1
642 807 1
642 1067 1
642 1173 1
642 1181 1
642 1338 1
642 1347 1
642 1410 1
642 1450 1
642 1524 1
642 1537 1
642 1679 1
642 2019 1
643 23 1
643 432 1
643 435 1
643 787 1
643 806 1
643 1109 1
643 1162 1
643 1217 1
643 1337 1
643 1343 1
643 1441 1
643 1484 1
643 1548 1
643 1578 1
643 1634 1
643 1643 1
643 1740 1
643 1795 1
643 1814 1
644 78 1
644 305 1
644 392 1
644 634 1
644 660 1
644 729 1
644 754 1
644 776 1
644 1072 1
644 1154 1
644 1224 1
644 1588 1
644 1612 1
644 1815 1
644 1983 1
645 56 1
645 118 1
645 139 1
645 168 1
645 779 1
645 858 1
645 944 1
645 1088 1
645 1618 1
646 472 1
646 1010 1
646 1073 1
646 1331 1
646 1614 1
646 1657 1
646 1878 1
646 1942 1
647 1004 1
647 1761 1
648 14 1
648 471 1
648 1002 1
648 1334 1
648 2042 1
649 703 1
649 963 1
649 1171 1
650 123 1
650 496 1
650 1212 1
651 1115 1
652 595 1
652 1574 1
653 766 1
654 492 1
654 681 1
654 805 1
654 1256 1
655 49 1
655 173 1
655 208 1
655 235 1
655 289 1
655 415 1
655 518 1
655 628 1
655 636 1
655 651 1
655 674 1
655 842 1
655 956 1
655 1145 1
655 1322 1
655 1374 1
655 1417 1
655 1820 1
655 2011 1
656 32 1
656 202 1
656 226 1
656 277 1
656 302 1
656 355 1
656 505 1
656 511 1
656 552 1
656 629 1
656 764 1
656 780 1
656 857 1
656 1236 1
656 1431 1
656 1463 1
656 1469 1
656 1707 1
656 1738 1
656 1802 1
656 1970 1
656 1988 1
657 27 1
657 77 1
657 132 1
657 333 1
657 358 1
657 404 1
657 407 1
657 513 1
657 559 1
657 613 1
657 665 1
657 902 1
657 977 1
657 1105 1
657 1169 1
657 1202 1
657 1272 1
657 1299 1
657 1324 1
657 1501 1
657 1659 1
657 1919 1
657 2035 1
657 2038 1
658 110 1
658 211 1
658 400 1
658 661 1
658 673 1
658 914 1
658 964 1
658 1039 1
658 1069 1
658 1160 1
658 1190 1
658 1525 1
658 1571 1
658 1579 1
658 1580 1
658 1616 1
658 1671 1
658 1681 1
658 1747 1
658 1877 1
659 26 1
659 239 1
659 430 1
659 448 1
659 509 1
659 603 1
659 686 1
659 691 1
659 721 1
659 767 1
659 1284 1
659 1539 1
659 1611 1
659 1828 1
659 1857 1
659 1858 1
659 1907 1
660 201 1
660 381 1
660 527 1
660 608 1
660 652 1
660 682 1
660 804 1
660 867 1
660 986 1
660 1165 1
660 1175 1
660 1591 1
660 1726 1
660 1745 1
660 1771 1
660 1785 1
660 1975 1
661 212 1
661 294 1
661 373 1
661 385 1
661 606 1
661 705 1
661 828 1
661 1112 1
661 1153 1
661 1255 1
661 1333 1
661 1383 1
661 1598 1
661 1633 1
661 1685 1
662 483 1
662 594 1
662 1218 1
663 393 1
663 1471 1
664 995 1
665 73 1
665 198 1
665 491 1
665 500 1
665 696 1
665 840 1
665 1650 1
666 328 1
666 414 1
666 1085 1
666 1557 1
666 1961 1
667 1147 1
667 2015 1
668 785 1
668 879 1
668 1030 1
668 1384 1
668 1676 1
668 1713 1
668 1861 1
669 316 1
669 809 1
669 1622 1
670 39 1
670 205 1
670 229 1
670 961 1
670 1041 1
670 1064 1
670 1230 1
670 1292 1
670 1293 1
670 1601 1
671 80 1
671 97 1
671 179 1
671 334 1
671 489 1
671 837 1
671 1467 1
671 1652 1
671 1673 1
671 1720 1
671 1834 1
671 1909 1
671 1922 1
672 119 1
672 166 1
672 215 1
672 250 1
672 299 1
672 318 1
672 344 1
672 389 1
672 433 1
672 523 1
672 531 1
672 912 1
672 946 1
672 972 1
672 1011 1
672 1024 1
672 1093 1
672 1368 1
672 1433 1
672 1435 1
672 1489 1
673 125 1
673 133 1
673 150 1
673 271 1
673 417 1
673 418 1
673 480 1
673 720 1
673 773 1
673 810 1
673 824 1
673 870 1
673 976 1
673 979 1
673 1007 1
673 1075 1
673 1124 1
673 1311 1
673 1314 1
673 1447 1
673 1461 1
673 1468 1
673 1526 1
673 1560 1
673 1731 1
673 1744 1
673 1866 1
673 1897 1
673 1948 1
673 2004 1
673 2010 1
674 2 1
674 182 1
674 183 1
674 242 1
674 490 1
674 503 1
674 663 1
674 759 1
674 789 1
674 872 1
674 947 1
674 1017 1
674 1280 1
674 1303 1
674 1319 1
674 1553 1
674 1563 1
674 1610 1
674 1759 1
674 1765 1
674 1805 1
674 1940 1
674 1991 1
675 64 1
675 108 1
675 161 1
675 220 1
675 362 1
675 366 1
675 369 1
675 378 1
675 396 1
675 546 1
675 585 1
675 658 1
675 769 1
675 1364 1
675 1617 1
675 1741 1
675 1962 1
676 359 1
676 372 1
676 374 1
676 445 1
676 542 1
676 549 1
676 611 1
676 988 1
676 993 1
676 1026 1
676 1454 1
676 1470 1
676 1545 1
676 1640 1
676 1705 1
676 1725 1
676 1757 1
676 1806 1
676 2024 1
677 165 1
677 360 1
677 554 1
677 627 1
677 802 1
677 918 1
677 1074 1
677 1336 1
677 1798 1
678 228 1
678 739 1
678 822 1
678 960 1
678 1123 1
678 1664 1
678 1766 1
679 164 1
679 386 1
679 1033 1
679 1359 1
680 969 1
680 1126 1
680 1300 1
681 254 1
681 659 1
681 793 1
681 1502 1
681 1596 1
682 1258 1
683 1029 1
683 1382 1
683 1485 1
684 29 1
684 346 1
684 1369 1
685 522 1
685 586 1
685 781 1
685 1003 1
686 84 1
686 504 1
686 570 1
686 936 1
686 1457 1
686 1480 1
686 1840 1
687 431 1
687 486 1
687 525 1
687 556 1
687 834 1
687 904 1
687 1339 1
687 1416 1
687 1697 1
687 1813 1
687 1992 1
687 2016 1
688 135 1
688 390 1
688 428 1
688 434 1
688 855 1
688 866 1
688 875 1
688 895 1
688 916 1
688 1049 1
688 1068 1
688 1219 1
688 1225 1
688 1415 1
688 1491 1
688 1599 1
688 1749 1
688 1847 1
688 1986 1
688 2039 1
689 19 1
689 34 1
689 38 1
689 301 1
689 337 1
689 379 1
689 479 1
689 510 1
689 515 1
689 748 1
689 815 1
689 1341 1
689 1349 1
689 1567 1
689 1639 1
689 1772 1
689 1905 1
689 1980 1
689 2005 1
690 33 1
690 47 1
690 442 1
690 452 1
690 506 1
690 615 1
690 801 1
690 973 1
690 1027 1
690 1081 1
690 1161 1
690 1348 1
690 1354 1
690 1387 1
690 1420 1
690 1490 1
690 1663 1
690 1724 1
690 1746 1
690 1763 1
690 1836 1
690 1880 1
691 120 1
691 177 1
691 252 1
691 737 1
691 826 1
691 1152 1
691 1427 1
691 1528 1
691 1609 1
691 2043 1
692 100 1
692 416 1
692 569 1
692 580 1
692 843 1
692 910 1
692 954 1
692 1177 1
692 1189 1
692 1295 1
692 1561 1
692 1930 1
693 353 1
693 848 1
693 1185 1
693 1279 1
693 1393 1
694 970 1
694 1204 1
695 138 1
695 310 1
695 829 1
695 1520 1
696 600 1
696 1723 1
696 1903 1
698 51 1
698 1654 1
698 1656 1
699 403 1
699 1136 1
700 464 1
700 1197 1
700 2002 1
701 210 1
701 405 1
701 526 1
701 668 1
701 803 1
701 1056 1
701 1421 1
701 1819 1
701 1822 1
702 158 1
702 184 1
702 267 1
702 521 1
702 923 1
702 983 1
702 998 1
702 1211 1
702 1216 1
702 1285 1
702 1709 1
702 1845 1
702 1995 1
703 11 1
703 82 1
703 95 1
703 412 1
703 466 1
703 692 1
703 926 1
703 1059 1
703 1298 1
703 1661 1
703 1682 1
703 1706 1
703 1784 1
704 103 1
704 121 1
704 351 1
704 368 1
704 377 1
704 406 1
704 723 1
704 760 1
704 762 1
704 905 1
704 1159 1
704 1210 1
704 1250 1
704 1377 1
704 1498 1
704 1543 1
704 1570 1
704 1585 1
704 1859 1
704 1884 1
704 2006 1
704 2047 1
705 146 1
705 209 1
705 227 1
705 274 1
705 356 1
705 410 1
705 583 1
705 712 1
705 768 1
705 818 1
705 833 1
705 859 1
705 1057 1
705 1090 1
705 1157 1
705 1273 1
705 1440 1
705 1462 1
705 1554 1
705 1620 1
705 1627 1
705 1832 1
705 1855 1
705 1981 1
705 1996 1
705 1997 1
705 2036 1
706 20 1
706 248 1
706 444 1
706 460 1
706 782 1
706 792 1
706 992 1
706 1142 1
706 1222 1
706 1270 1
706 1381 1
706 1466 1
706 1531 1
706 1736 1
706 1753 1
706 1923 1
706 1971 1
706 2022 1
707 42 1
707 172 1
707 307 1
707 409 1
707 422 1
707 719 1
707 753 1
707 839 1
707 984 1
707 1188 1
707 1229 1
707 1716 1
707 1811 1
707 1871 1
707 2033 1
708 582 1
708 593 1
708 602 1
708 774 1
708 1008 1
708 1099 1
708 1196 1
708 1385 1
708 1452 1
708 1503 1
708 1934 1
708 1938 1
708 2021 1
709 233 1
709 308 1
709 401 1
709 664 1
709 908 1
709 1137 1
709 1492 1
709 1541 1
709 1582 1
709 1990 1
710 370 1
710 1423 1
710 1920 1
711 502 1
711 1014 1
711 1022 1
711 1365 1
711 1675 1
712 107 1
712 1232 1
712 1623 1
712 2013 1
713 115 1
713 167 1
713 280 1
713 831 1
713 874 1
715 181 1
715 1208 1
716 596 1
716 1328 1
717 1192 1
717 1479 1
718 326 1
718 345 1
718 451 1
718 743 1
718 1414 1
718 1529 1
718 1750 1
719 10 1
719 58 1
719 60 1
719 263 1
719 465 1
719 474 1
719 494 1
719 718 1
719 968 1
719 1020 1
719 1132 1
719 1276 1
719 1669 1
719 1718 1
719 1781 1
720 174 1
720 330 1
720 371 1
720 375 1
720 560 1
720 574 1
720 752 1
720 808 1
720 849 1
720 906 1
720 1046 1
720 1246 1
720 1261 1
720 1478 1
720 1508 1
720 1698 1
720 1789 1
720 1932 1
721 76 1
721 155 1
721 175 1
721 336 1
721 399 1
721 680 1
721 755 1
721 860 1
721 880 1
721 959 1
721 1061 1
721 1179 1
721 1207 1
721 1239 1
721 1392 1
721 1419 1
721 1755 1
721 1968 1
721 2003 1
722 134 1
722 190 1
722 548 1
722 1006 1
722 1139 1
722 1198 1
722 1512 1
722 1549 1
722 1603 1
722 1662 1
722 1695 1
722 1767 1
722 1831 1
722 1900 1
723 59 1
723 157 1
723 199 1
723 293 1
723 487 1
723 618 1
723 620 1
723 820 1
723 1071 1
723 1092 1
723 1108 1
723 1286 1
723 1287 1
723 1635 1
723 1737 1
724 66 1
724 137 1
724 144 1
724 185 1
724 246 1
724 296 1
724 350 1
724 571 1
724 845 1
724 871 1
724 937 1
724 1391 1
724 1552 1
724 1660 1
725 70 1
725 519 1
725 1540 1
725 1722 1
725 1839 1
725 1904 1
726 89 1
726 671 1
726 900 1
726 950 1
726 1172 1
726 1404 1
727 50 1
727 1247 1
727 1791 1
727 1915 1
728 654 1
728 715 1
728 749 1
728 751 1
728 1238 1
728 1464 1
728 1488 1
729 426 1
729 1465 1
730 255 1
731 770 1
732 678 1
732 1607 1
732 1701 1
733 314 1
733 1079 1
733 1268 1
733 1399 1
733 1568 1
733 1958 1
734 160 1
734 323 1
734 477 1
734 877 1
734 934 1
734 1167 1
734 1191 1
735 93 1
735 398 1
735 470 1
735 537 1
735 653 1
735 851 1
735 967 1
735 1221 1
735 1282 1
735 1360 1
735 1437 1
735 1730 1
735 1851 1
735 1879 1
735 2020 1
736 57 1
736 65 1
736 81 1
736 262 1
736 616 1
736 693 1
736 862 1
736 958 1
736 1297 1
736 1316 1
736 1350 1
736 1409 1
736 1481 1
736 1493 1
736 1636 1
737 124 1
737 217 1
737 275 1
737 282 1
737 357 1
737 461 1
737 545 1
737 765 1
737 897 1
737 952 1
737 974 1
737 1043 1
737 1053 1
737 1070 1
737 1120 1
737 1125 1
737 1133 1
737 1294 1
737 1363 1
737 1380 1
737 1411 1
737 1449 1
737 1458 1
737 1495 1
737 1521 1
737 1544 1
737 1597 1
737 1691 1
737 1700 1
737 1739 1
737 1827 1
737 1883 1
737 1899 1
738 109 1
738 197 1
738 258 1
738 261 1
738 270 1
738 286 1
738 485 1
738 576 1
738 700 1
738 933 1
738 1098 1
738 1267 1
738 1395 1
738 1514 1
738 1522 1
738 1646 1
738 1829 1
738 1872 1
738 1894 1
739 191 1
739 507 1
739 704 1
739 747 1
739 894 1
739 1146 1
739 1183 1
739 1223 1
739 1235 1
739 1473 1
739 1507 1
739 1711 1
739 1882 1
739 1892 1
739 1893 1
740 206 1
740 516 1
740 695 1
740 1163 1
740 1321 1
740 1864 1
740 1950 1
740 1982 1
741 69 1
741 312 1
741 607 1
741 763 1
741 1843 1
741 1870 1
742 193 1
742 231 1
743 935 1
743 2007 1
743 2014 1
744 45 1
744 53 1
744 1215 1
744 1312 1
744 1406 1
745 54 1
745 589 1
745 1035 1
745 1551 1
745 1687 1
746 88 1
746 662 1
746 1483 1
746 1944 1
746 2012 1
747 25 1
747 738 1
748 218 1
748 298 1
748 564 1
748 714 1
749 141 1
749 203 1
749 1009 1
749 1291 1
749 1397 1
750 101 1
750 113 1
750 186 1
750 612 1
750 725 1
750 852 1
750 891 1
750 1227 1
750 1430 1
750 1703 1
750 1838 1
750 2032 1
750 2048 0
