1 857 1
1 1297 1
1 1592 1
1 1828 1
2 18 1
2 349 1
2 434 1
2 795 1
2 1215 1
2 1292 1
2 1637 1
3 28 1
3 53 1
3 136 1
3 157 1
3 226 1
3 259 1
3 906 1
3 975 1
3 984 1
3 987 1
3 1108 1
3 1765 1
3 1776 1
3 1938 1
3 1940 1
3 2018 1
4 38 1
4 131 1
4 145 1
4 322 1
4 433 1
4 524 1
4 533 1
4 561 1
4 623 1
4 648 1
4 652 1
4 678 1
4 689 1
4 727 1
4 838 1
4 912 1
4 968 1
4 1124 1
4 1261 1
4 1344 1
4 1395 1
4 1572 1
4 1615 1
4 1693 1
4 1843 1
4 1864 1
4 1915 1
4 1954 1
4 2041 1
5 14 1
5 75 1
5 135 1
5 246 1
5 268 1
5 404 1
5 435 1
5 455 1
5 639 1
5 686 1
5 696 1
5 755 1
5 805 1
5 937 1
5 950 1
5 951 1
5 1010 1
5 1110 1
5 1301 1
5 1321 1
5 1384 1
5 1425 1
5 1522 1
5 1608 1
5 1781 1
5 1782 1
5 1787 1
5 1802 1
5 1869 1
5 1882 1
5 2004 1
5 2038 1
6 31 1
6 83 1
6 111 1
6 164 1
6 177 1
6 183 1
6 271 1
6 288 1
6 293 1
6 382 1
6 507 1
6 616 1
6 633 1
6 759 1
6 860 1
6 899 1
6 981 1
6 989 1
6 1205 1
6 1302 1
6 1397 1
6 1411 1
6 1526 1
6 1606 1
6 1668 1
6 1790 1
6 1815 1
6 1924 1
7 7 1
7 69 1
7 163 1
7 211 1
7 232 1
7 263 1
7 443 1
7 512 1
7 692 1
7 839 1
7 876 1
7 973 1
7 1154 1
7 1227 1
7 1267 1
7 1318 1
7 1337 1
7 1403 1
7 1436 1
7 1620 1
7 1756 1
7 1779 1
7 1786 1
7 1860 1
7 1981 1
7 2010 1
7 2030 1
8 21 1
8 27 1
8 36 1
8 108 1
8 291 1
8 361 1
8 604 1
8 728 1
8 796 1
8 835 1
8 870 1
8 931 1
8 1096 1
8 1167 1
8 1317 1
8 1324 1
8 1386 1
8 1418 1
8 1517 1
8 1663 1
8 1726 1
8 1901 1
9 16 1
9 66 1
9 213 1
9 224 1
9 359 1
9 527 1
9 558 1
9 688 1
9 1028 1
9 1044 1
9 1060 1
9 1102 1
9 1225 1
9 1609 1
9 1711 1
10 12 1
10 411 1
10 513 1
10 596 1
10 958 1
10 1173 1
10 1182 1
10 1263 1
10 1412 1
10 1649 1
11 478 1
11 594 1
11 624 1
11 663 1
11 704 1
11 705 1
11 1238 1
11 1388 1
11 1702 1
11 1825 1
12 3 1
12 16 1
12 22 1
12 1165 1
12 1879 1
12 1905 1
13 39 1
13 52 1
13 436 1
13 944 1
13 1175 1
13 1407 1
14 10 1
14 15 1
14 27 1
14 77 1
14 162 1
14 506 1
14 1287 1
14 1487 1
14 1728 1
14 1760 1
14 1830 1
14 2002 1
15 1 1
15 327 1
15 357 1
15 374 1
15 1058 1
15 1718 1
16 14 1
16 997 1
16 1244 1
16 1260 1
17 7 1
17 25 1
17 114 1
17 611 1
17 919 1
17 1980 1
18 30 1
18 125 1
18 431 1
18 551 1
18 1527 1
18 1736 1
19 3 1
19 9 1
19 12 1
19 42 1
19 258 1
19 1061 1
19 1063 1
19 1278 1
19 1621 1
20 119 1
20 358 1
20 381 1
20 392 1
20 427 1
20 519 1
20 653 1
20 859 1
20 933 1
20 1104 1
20 1195 1
20 1229 1
20 1252 1
20 1314 1
20 1431 1
20 1459 1
20 1470 1
20 1532 1
20 1586 1
20 1746 1
20 1758 1
20 2032 1
21 112 1
21 336 1
21 654 1
21 690 1
21 815 1
21 1078 1
21 1325 1
21 1566 1
21 1599 1
21 1644 1
21 1688 1
21 1937 1
21 1946 1
21 1950 1
21 1958 1
21 2024 1
21 2034 1
21 2037 1
21 2043 1
22 27 1
22 105 1
22 180 1
22 330 1
22 393 1
22 405 1
22 511 1
22 554 1
22 622 1
22 675 1
22 875 1
22 992 1
22 1012 1
22 1137 1
22 1151 1
22 1171 1
22 1178 1
22 1268 1
22 1277 1
22 1503 1
22 1514 1
22 1600 1
22 1674 1
22 1699 1
22 1766 1
22 1841 1
22 1878 1
22 1897 1
22 1904 1
23 23 1
23 248 1
23 296 1
23 339 1
23 352 1
23 430 1
23 453 1
23 573 1
23 589 1
23 613 1
23 703 1
23 719 1
23 788 1
23 922 1
23 1005 1
23 1083 1
23 1161 1
23 1283 1
23 1291 1
23 1311 1
23 1355 1
23 1490 1
23 1587 1
23 1777 1
24 17 1
24 61 1
24 90 1
24 126 1
24 187 1
24 390 1
24 415 1
24 528 1
24 559 1
24 749 1
24 757 1
24 822 1
24 910 1
24 993 1
24 1236 1
24 1671 1
24 1792 1
24 1877 1
25 9 1
25 14 1
25 494 1
25 1047 1
25 1322 1
25 1510 1
25 1546 1
25 1589 1
25 1800 1
25 2029 1
25 2046 1
26 7 1
26 829 1
26 1247 1
26 1309 1
27 9 1
27 32 1
27 1013 1
27 1212 1
27 1551 1
28 8 1
28 25 1
28 28 1
28 730 1
28 920 1
28 985 1
28 1449 1
28 1794 1
28 1803 1
29 26 1
29 575 1
29 664 1
29 901 1
29 1750 1
29 1773 1
29 1890 1
29 1919 1
30 2 1
30 671 1
30 1147 1
30 1280 1
30 1494 1
30 1577 1
31 20 1
31 31 1
31 606 1
31 1413 1
31 1962 1
32 230 1
32 578 1
32 972 1
32 1153 1
32 1399 1
32 1683 1
32 2025 1
33 15 1
33 176 1
33 964 1
33 1712 1
33 1862 1
33 1972 1
34 19 1
34 21 1
34 191 1
34 905 1
34 1077 1
34 1900 1
35 38 1
35 62 1
35 563 1
35 765 1
35 1046 1
35 1074 1
35 1159 1
35 1363 1
35 1372 1
35 1610 1
35 1763 1
35 1896 1
36 31 1
36 80 1
36 181 1
36 185 1
36 241 1
36 317 1
36 325 1
36 396 1
36 539 1
36 609 1
36 924 1
36 956 1
36 1139 1
36 1209 1
36 1652 1
36 1837 1
36 1884 1
37 204 1
37 310 1
37 345 1
37 442 1
37 709 1
37 1065 1
37 1072 1
37 1185 1
37 1254 1
37 1970 1
38 4 1
38 67 1
38 341 1
38 1082 1
38 1176 1
38 1234 1
38 1354 1
38 1380 1
38 1466 1
38 1525 1
38 1856 1
38 1867 1
38 1975 1
39 10 1
39 144 1
39 286 1
39 487 1
39 585 1
39 1022 1
39 1315 1
39 1518 1
39 1603 1
39 1619 1
39 1795 1
40 29 1
40 312 1
40 350 1
40 729 1
40 1744 1
40 2020 1
41 1499 1
41 1833 1
42 24 1
42 36 1
42 209 1
42 240 1
42 602 1
42 1310 1
42 1448 1
42 1641 1
43 33 1
43 1393 1
43 1936 1
44 9 1
44 15 1
44 102 1
44 285 1
44 414 1
44 547 1
44 737 1
44 1650 1
45 3 1
45 30 1
45 65 1
45 354 1
45 1374 1
45 1778 1
45 1801 1
45 1851 1
45 1903 1
46 422 1
46 879 1
46 1298 1
47 300 1
47 762 1
48 15 1
48 78 1
48 142 1
48 446 1
48 782 1
49 739 1
49 953 1
49 1985 1
50 3 1
50 194 1
50 1031 1
50 1502 1
50 1601 1
51 1540 1
52 18 1
52 25 1
52 167 1
52 424 1
52 466 1
52 541 1
52 619 1
52 962 1
52 1446 1
52 1629 1
53 13 1
53 36 1
53 50 1
53 51 1
53 91 1
53 586 1
53 959 1
53 1099 1
53 1818 1
54 85 1
54 693 1
54 1064 1
54 1262 1
54 1602 1
54 1752 1
54 1769 1
55 104 1
55 171 1
55 683 1
55 1272 1
55 1570 1
55 1939 1
56 5 1
56 383 1
56 817 1
56 949 1
57 2 1
57 109 1
57 1316 1
58 29 1
58 1923 1
59 59 1
59 308 1
59 718 1
59 1685 1
60 24 1
61 12 1
61 38 1
61 210 1
61 510 1
61 1475 1
62 12 1
62 31 1
62 702 1
63 618 1
64 9 1
65 7 1
65 495 1
65 1997 1
65 2019 1
66 150 1
66 198 1
66 593 1
66 1118 1
66 1187 1
66 1767 1
66 1863 1
66 1876 1
67 6 1
67 20 1
67 303 1
67 481 1
67 752 1
67 833 1
67 878 1
68 37 1
68 44 1
68 1306 1
68 1467 1
68 1761 1
68 1952 1
68 1983 1
69 14 1
69 195 1
69 338 1
69 525 1
69 760 1
69 824 1
69 2011 1
70 520 1
70 608 1
70 714 1
70 955 1
71 32 1
71 70 1
71 534 1
71 946 1
71 1219 1
71 1296 1
72 11 1
72 34 1
73 63 1
73 659 1
73 853 1
73 1439 1
73 1993 1
74 498 1
74 1265 1
75 249 1
75 256 1
75 1068 1
75 1284 1
76 9 1
76 19 1
76 29 1
76 1199 1
77 12 1
77 189 1
77 1037 1
77 1101 1
78 1460 1
78 1872 1
79 1447 1
79 1982 1
80 16 1
80 21 1
80 375 1
80 700 1
80 896 1
80 1033 1
80 1155 1
81 36 1
81 364 1
81 988 1
81 1122 1
81 1959 1
81 2044 1
82 12 1
82 27 1
82 29 1
82 323 1
82 348 1
82 368 1
82 485 1
82 691 1
82 698 1
82 884 1
82 1362 1
82 1557 1
82 1560 1
82 1623 1
82 1741 1
82 1810 1
83 21 1
83 37 1
83 372 1
83 732 1
83 740 1
83 767 1
83 1375 1
83 1441 1
83 1638 1
83 1679 1
83 1706 1
83 1723 1
83 1988 1
84 26 1
84 31 1
84 332 1
84 397 1
84 456 1
84 1555 1
84 1624 1
84 1809 1
84 2012 1
85 3 1
85 615 1
85 1295 1
85 1442 1
85 1539 1
86 11 1
86 384 1
86 437 1
86 567 1
86 843 1
86 1582 1
86 1661 1
86 1784 1
87 30 1
87 212 1
87 221 1
87 903 1
87 1293 1
87 1920 1
88 3 1
88 1457 1
88 1458 1
88 1595 1
89 1069 1
90 1 1
90 385 1
90 452 1
90 542 1
90 1067 1
90 1737 1
91 8 1
91 231 1
91 1636 1
92 20 1
92 23 1
92 1642 1
93 11 1
93 367 1
93 685 1
93 1398 1
93 1493 1
94 14 1
94 270 1
94 340 1
94 509 1
94 1027 1
94 1646 1
95 19 1
95 20 1
95 493 1
95 717 1
95 850 1
95 888 1
95 1105 1
95 1220 1
96 35 1
96 242 1
96 315 1
96 328 1
96 821 1
96 994 1
96 1131 1
96 1694 1
96 1951 1
97 21 1
97 36 1
97 184 1
97 218 1
97 304 1
97 365 1
97 617 1
97 634 1
97 745 1
97 904 1
97 996 1
97 1009 1
97 1320 1
97 1381 1
97 1759 1
97 1859 1
97 1889 1
98 6 1
98 37 1
98 253 1
98 279 1
98 849 1
98 909 1
98 1016 1
98 1018 1
98 1329 1
98 1450 1
98 1808 1
98 1826 1
98 1838 1
99 33 1
99 36 1
99 40 1
99 166 1
99 236 1
99 472 1
99 576 1
99 813 1
99 1133 1
99 1204 1
99 1330 1
99 1385 1
99 1764 1
99 1816 1
99 1956 1
100 23 1
100 88 1
100 93 1
100 239 1
100 362 1
100 724 1
100 750 1
100 1339 1
100 1427 1
100 1512 1
100 1659 1
100 1662 1
100 1865 1
101 107 1
101 244 1
101 388 1
101 1080 1
101 1095 1
101 1327 1
101 1504 1
101 1552 1
101 1648 1
102 11 1
102 32 1
102 275 1
102 514 1
102 537 1
102 845 1
102 1034 1
102 1189 1
102 1707 1
103 55 1
103 97 1
103 503 1
103 925 1
103 1245 1
103 1266 1
103 1713 1
103 1811 1
103 2040 1
104 186 1
104 280 1
104 333 1
104 1360 1
104 1533 1
105 23 1
105 39 1
105 831 1
106 5 1
106 11 1
106 20 1
106 35 1
106 1797 1
106 1846 1
107 370 1
107 521 1
107 1240 1
108 12 1
108 272 1
108 459 1
108 1090 1
108 1282 1
108 1626 1
109 1 1
109 37 1
109 440 1
109 492 1
109 1008 1
109 1188 1
109 1998 1
110 8 1
110 14 1
110 1233 1
110 1281 1
111 380 1
111 400 1
111 640 1
111 1021 1
111 1583 1
111 1955 1
112 98 1
112 116 1
112 278 1
112 800 1
112 867 1
112 913 1
112 967 1
112 1547 1
112 1578 1
112 2039 1
113 373 1
113 473 1
113 517 1
113 882 1
113 1014 1
113 1213 1
113 1226 1
113 1434 1
113 1857 1
114 41 1
114 160 1
114 168 1
114 1076 1
114 1462 1
114 1613 1
114 1719 1
114 1823 1
115 4 1
115 5 1
115 10 1
115 16 1
115 225 1
115 306 1
115 562 1
115 651 1
115 701 1
115 1075 1
115 1248 1
115 1323 1
115 1682 1
115 1749 1
115 1849 1
115 1953 1
115 2003 1
116 41 1
116 43 1
116 307 1
116 438 1
116 894 1
116 1855 1
117 16 1
117 19 1
117 22 1
117 57 1
117 92 1
117 299 1
117 532 1
117 549 1
117 746 1
117 801 1
117 900 1
117 1451 1
117 1994 1
118 9 1
118 22 1
118 152 1
118 154 1
118 614 1
118 1132 1
118 1138 1
119 552 1
119 725 1
119 810 1
119 851 1
119 1424 1
119 1561 1
119 1732 1
119 1871 1
120 31 1
120 32 1
120 40 1
120 412 1
120 413 1
120 426 1
120 1848 1
121 22 1
121 28 1
121 351 1
121 1177 1
121 1274 1
121 1400 1
121 1453 1
121 1627 1
121 1858 1
122 24 1
122 930 1
122 1366 1
122 1738 1
123 6 1
123 25 1
123 1088 1
123 1898 1
124 1158 1
124 1342 1
125 20 1
125 1045 1
125 1107 1
126 450 1
126 1821 1
127 1172 1
127 1971 1
128 419 1
128 1571 1
128 1680 1
129 545 1
129 600 1
129 673 1
129 1052 1
129 1358 1
129 1616 1
129 1704 1
129 2045 1
130 31 1
130 302 1
130 480 1
130 632 1
130 789 1
130 941 1
130 1094 1
130 1164 1
130 1544 1
130 1645 1
130 1651 1
130 1832 1
131 24 1
131 313 1
131 587 1
131 720 1
131 858 1
131 1042 1
131 1070 1
131 1256 1
131 1747 1
131 1866 1
131 1912 1
131 1927 1
132 35 1
132 118 1
132 188 1
132 807 1
132 921 1
132 1435 1
132 1461 1
132 1604 1
132 1666 1
132 1891 1
132 2005 1
133 16 1
133 23 1
133 147 1
133 192 1
133 820 1
133 840 1
133 917 1
133 1112 1
133 1235 1
133 1241 1
133 1273 1
133 1382 1
133 1573 1
133 1710 1
133 1961 1
134 3 1
134 17 1
134 37 1
134 255 1
134 394 1
134 483 1
134 571 1
134 697 1
134 797 1
134 799 1
134 828 1
134 865 1
134 1020 1
134 1134 1
134 1437 1
134 1454 1
134 1505 1
134 1733 1
134 1796 1
134 1814 1
134 1899 1
135 25 1
135 356 1
135 467 1
135 565 1
135 601 1
135 682 1
135 889 1
135 1349 1
135 1373 1
135 1486 1
135 1496 1
135 1976 1
135 2033 1
136 22 1
136 38 1
136 129 1
136 143 1
136 1191 1
136 1364 1
136 1703 1
136 1906 1
136 2047 1
137 29 1
137 32 1
137 283 1
137 421 1
137 670 1
137 1084 1
137 1483 1
137 2016 1
138 10 1
138 32 1
138 1011 1
139 1 1
139 25 1
139 329 1
139 580 1
139 1259 1
140 1371 1
141 13 1
141 179 1
141 621 1
141 1697 1
142 146 1
142 1559 1
143 21 1
143 712 1
144 197 1
144 1049 1
144 1521 1
144 1819 1
145 605 1
145 1700 1
146 7 1
146 13 1
146 566 1
146 706 1
146 776 1
146 893 1
146 929 1
146 932 1
146 1230 1
146 1426 1
146 1548 1
146 1992 1
147 12 1
147 23 1
147 100 1
147 321 1
147 669 1
147 736 1
147 769 1
147 783 1
147 802 1
147 855 1
147 1030 1
147 1203 1
147 1476 1
147 1501 1
147 1506 1
147 1674 1
147 1745 1
147 1804 1
147 1916 1
148 7 1
148 216 1
148 326 1
148 369 1
148 448 1
148 610 1
148 665 1
148 711 1
148 847 1
148 891 1
148 1194 1
148 1312 1
148 1389 1
148 1531 1
148 1536 1
148 1558 1
148 1589 1
148 1614 1
148 1630 1
148 1633 1
148 1772 1
148 1775 1
148 1829 1
148 1917 1
148 1932 1
149 82 1
149 449 1
149 465 1
149 501 1
149 577 1
149 590 1
149 787 1
149 864 1
149 886 1
149 911 1
149 1079 1
149 1162 1
149 1252 1
149 1347 1
149 1568 1
149 1724 1
150 17 1
150 205 1
150 294 1
150 311 1
150 387 1
150 436 1
150 548 1
150 564 1
150 647 1
150 806 1
150 940 1
150 948 1
150 1017 1
150 1114 1
150 1198 1
150 1202 1
150 1300 1
150 1799 1
150 2000 1
151 84 1
151 141 1
151 193 1
151 254 1
151 943 1
151 1428 1
151 1534 1
151 1567 1
151 1739 1
151 1780 1
151 1830 1
151 1842 1
151 1894 1
151 1995 1
151 2022 1
151 2048 1
152 318 1
152 599 1
152 1294 1
152 1394 1
152 1412 1
152 1566 1
152 1597 1
152 1726 1
153 401 1
153 555 1
153 557 1
153 649 1
153 798 1
153 1455 1
153 1681 1
153 1715 1
154 726 1
154 774 1
154 995 1
154 1097 1
154 1392 1
154 1402 1
154 1473 1
154 2014 1
155 538 1
155 1286 1
155 1498 1
155 1911 1
156 309 1
156 445 1
157 130 1
157 890 1
157 1130 1
157 1406 1
158 334 1
158 811 1
159 667 1
159 1092 1
160 731 1
160 892 1
160 1163 1
160 1251 1
160 1701 1
161 196 1
161 954 1
161 1184 1
161 1214 1
161 1239 1
161 1289 1
161 1545 1
162 148 1
162 170 1
162 287 1
162 650 1
162 844 1
162 934 1
162 963 1
162 1116 1
162 1126 1
162 1414 1
162 1488 1
162 1491 1
162 1635 1
162 1805 1
162 1914 1
163 190 1
163 259 1
163 451 1
163 475 1
163 544 1
163 638 1
163 681 1
163 707 1
163 747 1
163 780 1
163 823 1
163 868 1
163 957 1
163 982 1
163 986 1
163 1039 1
163 1175 1
163 1196 1
163 1200 1
163 1345 1
163 1440 1
163 1564 1
163 1576 1
163 1607 1
163 1639 1
163 1716 1
163 1885 1
163 1963 1
164 136 1
164 140 1
164 276 1
164 346 1
164 460 1
164 462 1
164 676 1
164 764 1
164 931 1
164 947 1
164 1025 1
164 1100 1
164 1231 1
164 1232 1
164 1288 1
164 1331 1
164 1378 1
164 1383 1
164 1541 1
164 1655 1
164 1678 1
164 1690 1
164 1753 1
164 1785 1
164 1786 1
164 1789 1
165 260 1
165 320 1
165 546 1
165 556 1
165 637 1
165 652 1
165 763 1
165 781 1
165 793 1
165 816 1
165 980 1
165 999 1
165 1044 1
165 1050 1
165 1124 1
165 1127 1
165 1179 1
165 1180 1
165 1193 1
165 1197 1
165 1401 1
165 1415 1
165 1485 1
165 1617 1
165 1643 1
165 1689 1
165 1725 1
165 1788 1
165 1933 1
166 178 1
166 220 1
166 227 1
166 377 1
166 694 1
166 696 1
166 848 1
166 872 1
166 914 1
166 916 1
166 936 1
166 942 1
166 971 1
166 979 1
166 991 1
166 1023 1
166 1093 1
166 1344 1
166 1390 1
166 1535 1
166 1672 1
166 1751 1
166 1973 1
166 2008 1
167 56 1
167 174 1
167 215 1
167 229 1
167 234 1
167 505 1
167 733 1
167 928 1
167 1121 1
167 1269 1
167 1341 1
167 1343 1
167 1348 1
167 1683 1
167 1720 1
167 1806 1
167 1824 1
167 1870 1
167 1960 1
167 1978 1
168 58 1
168 68 1
168 252 1
168 314 1
168 469 1
168 504 1
168 550 1
168 620 1
168 778 1
168 794 1
168 998 1
168 1032 1
168 1106 1
168 1261 1
168 1290 1
168 1657 1
168 1967 1
168 1979 1
169 149 1
169 228 1
169 347 1
169 591 1
169 626 1
169 713 1
169 898 1
169 1055 1
169 1181 1
169 1670 1
169 1708 1
169 1860 1
169 1947 1
170 584 1
170 854 1
170 969 1
170 1258 1
170 1696 1
170 1944 1
171 99 1
171 165 1
171 645 1
171 753 1
171 1002 1
171 1357 1
171 1926 1
172 1463 1
172 1754 1
172 1845 1
173 539 1
173 741 1
173 775 1
173 1024 1
173 1433 1
173 1510 1
173 1653 1
173 1925 1
174 470 1
174 592 1
174 643 1
174 834 1
174 1157 1
174 1844 1
174 2010 1
175 132 1
175 337 1
175 666 1
175 863 1
175 1183 1
176 1227 1
177 786 1
177 871 1
177 1285 1
177 1423 1
177 1527 1
177 1673 1
178 74 1
178 529 1
178 723 1
178 1038 1
178 1351 1
178 1367 1
178 1408 1
178 1556 1
178 1717 1
178 1727 1
178 1850 1
178 1887 1
179 76 1
179 360 1
179 407 1
179 476 1
179 477 1
179 491 1
179 516 1
179 527 1
179 825 1
179 852 1
179 907 1
179 915 1
179 1211 1
179 1242 1
179 1391 1
179 1508 1
179 1515 1
179 1695 1
180 87 1
180 200 1
180 208 1
180 214 1
180 378 1
180 420 1
180 522 1
180 553 1
180 612 1
180 662 1
180 668 1
180 721 1
180 866 1
180 1056 1
180 1223 1
180 1250 1
180 1379 1
180 1405 1
180 1422 1
180 1579 1
180 1722 1
180 1791 1
180 1831 1
180 1880 1
180 1882 1
180 1886 1
180 1904 1
181 273 1
181 295 1
181 358 1
181 499 1
181 500 1
181 579 1
181 623 1
181 658 1
181 734 1
181 744 1
181 748 1
181 873 1
181 1007 1
181 1062 1
181 1089 1
181 1136 1
181 1264 1
181 1302 1
181 1307 1
181 1456 1
181 1469 1
181 1649 1
181 1654 1
181 1667 1
181 1740 1
181 1743 1
181 1771 1
182 79 1
182 123 1
182 219 1
182 262 1
182 410 1
182 663 1
182 771 1
182 784 1
182 832 1
182 1063 1
182 1221 1
182 1396 1
182 1471 1
182 1477 1
182 1550 1
182 1628 1
182 1913 1
182 1930 1
182 1966 1
182 1987 1
183 124 1
183 155 1
183 376 1
183 631 1
183 689 1
183 692 1
183 827 1
183 1113 1
183 1168 1
183 1206 1
183 1338 1
183 1482 1
183 1495 1
183 1500 1
183 1507 1
183 1516 1
183 1787 1
183 1869 1
183 1905 1
184 71 1
184 182 1
184 217 1
184 237 1
184 458 1
184 598 1
184 660 1
184 803 1
184 880 1
184 881 1
184 1182 1
184 1404 1
184 1452 1
184 1526 1
184 1590 1
184 1742 1
184 1812 1
184 1853 1
184 1950 1
184 1964 1
184 2035 1
185 245 1
185 317 1
185 398 1
185 636 1
185 830 1
185 1004 1
185 1103 1
185 1308 1
185 1410 1
185 1593 1
185 1676 1
185 1768 1
185 1840 1
185 1969 1
185 2021 1
186 290 1
186 777 1
186 1051 1
186 1145 1
186 1324 1
186 1446 1
186 1580 1
186 1783 1
186 2028 1
187 164 1
187 342 1
187 595 1
187 819 1
187 976 1
187 1879 1
188 428 1
188 710 1
188 856 1
188 945 1
188 1192 1
188 1311 1
188 1444 1
188 1647 1
188 1847 1
188 1965 1
189 316 1
189 339 1
189 1322 1
189 1369 1
189 1472 1
190 1003 1
190 1057 1
190 1820 1
191 1019 1
191 1208 1
191 1350 1
191 1365 1
191 1765 1
192 432 1
192 2031 1
193 672 1
193 1170 1
194 635 1
194 1001 1
194 1117 1
195 64 1
195 656 1
195 1520 1
195 1735 1
195 1928 1
196 72 1
196 513 1
196 887 1
196 1115 1
196 1140 1
196 1141 1
196 1185 1
196 1612 1
196 1762 1
196 2027 1
197 81 1
197 137 1
197 257 1
197 425 1
197 502 1
197 625 1
197 738 1
197 1207 1
197 1299 1
197 1609 1
197 1714 1
197 1907 1
197 1981 1
198 53 1
198 78 1
198 106 1
198 117 1
198 203 1
198 238 1
198 289 1
198 406 1
198 471 1
198 543 1
198 607 1
198 642 1
198 699 1
198 790 1
198 837 1
198 927 1
198 978 1
198 1041 1
198 1043 1
198 1216 1
198 1244 1
198 1569 1
198 1575 1
198 1861 1
198 2017 1
199 138 1
199 156 1
199 496 1
199 603 1
199 768 1
199 1073 1
199 1091 1
199 1128 1
199 1148 1
199 1169 1
199 1318 1
199 1420 1
199 1631 1
199 1774 1
199 1893 1
200 101 1
200 386 1
200 395 1
200 727 1
200 773 1
200 792 1
200 826 1
200 1036 1
200 1053 1
200 1480 1
200 1618 1
200 1656 1
200 1748 1
200 1790 1
200 1989 1
200 2009 1
201 115 1
201 202 1
201 324 1
201 404 1
201 429 1
201 461 1
201 490 1
201 842 1
201 875 1
201 1029 1
201 1035 1
201 1109 1
201 1120 1
201 1222 1
201 1224 1
201 1267 1
201 1445 1
201 1546 1
201 1940 1
201 2001 1
202 54 1
202 173 1
202 201 1
202 265 1
202 292 1
202 297 1
202 363 1
202 441 1
202 766 1
202 770 1
202 906 1
202 1015 1
202 1212 1
202 1333 1
202 1336 1
202 1376 1
202 1509 1
202 1605 1
202 1943 1
202 2038 1
203 159 1
203 250 1
203 350 1
203 678 1
203 804 1
203 960 1
203 974 1
203 1255 1
203 1499 1
203 1528 1
203 1543 1
203 1677 1
203 1781 1
203 1868 1
203 1878 1
203 1934 1
204 113 1
204 191 1
204 430 1
204 657 1
204 977 1
204 1553 1
204 1908 1
205 128 1
205 296 1
205 1013 1
205 1254 1
205 1650 1
206 222 1
206 796 1
206 926 1
206 1598 1
207 902 1
207 1071 1
207 1135 1
207 1304 1
207 1922 1
208 379 1
208 1201 1
208 1675 1
208 1687 1
208 2036 1
209 624 1
209 1980 1
210 1464 1
211 1359 1
211 2042 1
212 42 1
212 1253 1
212 1497 1
213 454 1
213 489 1
213 860 1
213 923 1
213 952 1
213 990 1
213 1432 1
213 1538 1
213 1588 1
213 1622 1
214 110 1
214 133 1
214 233 1
214 269 1
214 298 1
214 331 1
214 381 1
214 391 1
214 536 1
214 594 1
214 630 1
214 874 1
214 951 1
214 968 1
214 1174 1
214 1229 1
214 1386 1
214 1403 1
214 1524 1
214 1537 1
214 1921 1
214 1949 1
214 1977 1
214 2013 1
215 114 1
215 121 1
215 180 1
215 266 1
215 344 1
215 540 1
215 554 1
215 574 1
215 761 1
215 785 1
215 1123 1
215 1125 1
215 1160 1
215 1186 1
215 1190 1
215 1319 1
215 1337 1
215 1481 1
215 1584 1
215 1632 1
215 1669 1
215 1729 1
215 1798 1
215 1813 1
215 1902 1
215 1996 1
216 89 1
216 126 1
216 151 1
216 163 1
216 374 1
216 474 1
216 680 1
216 715 1
216 722 1
216 730 1
216 805 1
216 869 1
216 1006 1
216 1143 1
216 1167 1
216 1215 1
216 1234 1
216 1236 1
216 1326 1
216 1340 1
216 1361 1
216 1429 1
216 1484 1
216 1585 1
216 1664 1
216 1665 1
216 1692 1
216 1901 1
216 1910 1
216 1990 1
216 1999 1
217 48 1
217 73 1
217 258 1
217 264 1
217 573 1
217 575 1
217 583 1
217 641 1
217 729 1
217 754 1
217 883 1
217 966 1
217 997 1
217 1040 1
217 1150 1
217 1195 1
217 1209 1
217 1218 1
217 1279 1
217 1370 1
217 1387 1
217 1431 1
217 1519 1
217 1554 1
217 1709 1
217 1835 1
217 1874 1
217 2004 1
217 2015 1
218 52 1
218 60 1
218 105 1
218 366 1
218 392 1
218 443 1
218 535 1
218 541 1
218 611 1
218 758 1
218 808 1
218 835 1
218 938 1
218 1328 1
218 1335 1
218 1596 1
218 1793 1
218 2025 1
219 103 1
219 277 1
219 336 1
219 416 1
219 463 1
219 482 1
219 568 1
219 588 1
219 628 1
219 648 1
219 822 1
219 870 1
219 939 1
219 1054 1
219 1146 1
219 1298 1
219 1334 1
219 1356 1
219 1734 1
219 1776 1
219 1968 1
220 291 1
220 325 1
220 464 1
220 581 1
220 688 1
220 1085 1
220 1129 1
220 1411 1
220 1766 1
220 1800 1
220 1984 1
220 2041 1
221 75 1
221 119 1
221 153 1
221 533 1
221 572 1
221 679 1
221 757 1
221 975 1
221 1297 1
222 145 1
222 172 1
222 286 1
222 433 1
222 765 1
222 905 1
222 1152 1
222 1271 1
222 1436 1
222 1652 1
222 1991 1
222 2007 1
223 1368 1
223 1897 1
224 423 1
224 1104 1
224 1563 1
224 1634 1
224 1698 1
224 1822 1
225 80 1
226 322 1
226 1873 1
227 345 1
227 814 1
227 1119 1
228 282 1
228 961 1
228 984 1
228 2002 1
229 305 1
229 772 1
229 812 1
229 933 1
229 958 1
229 970 1
229 1246 1
229 1292 1
229 1416 1
229 1438 1
230 187 1
230 213 1
230 232 1
230 281 1
230 341 1
230 497 1
230 506 1
230 582 1
230 633 1
230 708 1
230 1028 1
230 1078 1
230 1409 1
230 1660 1
231 319 1
231 349 1
231 383 1
231 396 1
231 515 1
231 935 1
231 944 1
231 1303 1
231 1313 1
231 1514 1
231 1592 1
231 1625 1
231 1691 1
231 1755 1
231 1758 1
231 1828 1
231 1918 1
231 1941 1
231 1942 1
231 1948 1
231 2018 1
232 62 1
232 111 1
232 359 1
232 399 1
232 411 1
232 447 1
232 486 1
232 523 1
232 619 1
232 646 1
232 788 1
232 846 1
232 857 1
232 899 1
232 912 1
232 1060 1
232 1061 1
232 1081 1
232 1102 1
232 1260 1
232 1305 1
232 1353 1
232 1487 1
232 1542 1
232 1586 1
232 1591 1
232 1794 1
233 83 1
233 162 1
233 175 1
233 177 1
233 204 1
233 224 1
233 343 1
233 357 1
233 390 1
233 435 1
233 519 1
233 570 1
233 597 1
233 677 1
233 695 1
233 716 1
233 862 1
233 918 1
233 1000 1
233 1066 1
233 1154 1
233 1283 1
233 1388 1
233 1459 1
233 1470 1
233 1711 1
233 1825 1
233 1877 1
233 2012 1
234 18 1
234 66 1
234 139 1
234 246 1
234 353 1
234 518 1
234 551 1
234 569 1
234 702 1
234 705 1
234 737 1
234 841 1
234 859 1
234 861 1
234 924 1
234 987 1
234 1064 1
234 1178 1
234 1301 1
234 1574 1
234 1718 1
234 1736 1
234 1836 1
234 1915 1
234 2026 1
235 122 1
235 209 1
235 247 1
235 261 1
235 434 1
235 507 1
235 627 1
235 735 1
235 1309 1
235 1418 1
235 1425 1
235 1587 1
235 1620 1
235 1629 1
235 1699 1
235 1760 1
235 1792 1
235 1852 1
235 1937 1
236 61 1
236 288 1
236 335 1
236 431 1
236 508 1
236 953 1
236 1352 1
236 1529 1
236 1532 1
236 1668 1
236 1684 1
236 1756 1
236 1839 1
236 1924 1
236 1946 1
237 127 1
237 484 1
237 795 1
237 965 1
237 1144 1
237 1384 1
237 1522 1
237 1686 1
237 1881 1
237 1986 1
237 2023 1
238 199 1
238 759 1
238 908 1
238 1086 1
238 1111 1
239 382 1
239 671 1
239 1721 1
239 1750 1
239 1833 1
240 1166 1
240 1867 1
241 728 1
241 1851 1
241 1895 1
242 327 1
242 405 1
242 1884 1
243 684 1
244 69 1
244 1108 1
244 1600 1
244 1802 1
245 877 1
245 1238 1
245 1611 1
246 120 1
246 468 1
246 526 1
246 983 1
246 1077 1
246 1468 1
246 1746 1
246 1817 1
247 169 1
247 183 1
247 243 1
247 267 1
247 271 1
247 284 1
247 408 1
247 415 1
247 479 1
247 644 1
247 655 1
247 686 1
247 818 1
247 919 1
247 1098 1
247 1276 1
247 1325 1
247 1439 1
247 1489 1
247 1511 1
247 1539 1
247 1565 1
247 1615 1
247 1644 1
247 1658 1
247 1827 1
247 2006 1
248 95 1
248 444 1
248 589 1
248 604 1
248 653 1
248 739 1
248 836 1
248 838 1
248 876 1
248 895 1
248 962 1
248 1012 1
248 1058 1
248 1291 1
248 1377 1
248 1421 1
248 1430 1
248 1562 1
248 1572 1
248 1646 1
248 1757 1
248 1841 1
248 1883 1
248 1974 1
248 2029 1
248 2030 1
249 45 1
249 206 1
249 223 1
249 230 1
249 268 1
249 274 1
249 361 1
249 364 1
249 403 1
249 613 1
249 719 1
249 756 1
249 1048 1
249 1142 1
249 1156 1
249 1217 1
249 1287 1
249 1310 1
249 1355 1
249 1372 1
249 1397 1
249 1517 1
249 1549 1
249 1581 1
249 1602 1
249 1606 1
249 1688 1
249 1705 1
249 1706 1
249 1778 1
249 1782 1
249 1818 1
249 1864 1
249 2043 1
250 86 1
250 102 1
250 240 1
250 248 1
250 455 1
250 602 1
250 782 1
250 824 1
250 839 1
250 1096 1
250 1380 1
250 1417 1
250 1594 1
250 1608 1
250 1637 1
250 1807 1
250 1909 1
250 1997 1
250 2024 1
251 108 1
251 478 1
251 488 1
251 585 1
251 989 1
251 1037 1
251 1243 1
251 1693 1
251 1730 1
251 1761 1
251 1777 1
252 67 1
252 312 1
252 634 1
252 762 1
252 843 1
252 1034 1
252 1159 1
252 1512 1
252 1854 1
252 1872 1
252 1875 1
252 1919 1
252 1929 1
252 1962 1
252 1970 1
253 167 1
253 293 1
253 389 1
253 531 1
253 817 1
253 1072 1
253 1122 1
253 1448 1
253 1671 1
254 134 1
254 510 1
254 560 1
254 1270 1
254 1449 1
254 1570 1
254 2032 1
255 1263 1
257 950 1
257 1931 1
258 47 1
258 303 1
258 494 1
258 964 1
258 1110 1
258 1518 1
259 534 1
259 1419 1
259 1457 1
260 1010 1
260 1900 1
261 207 1
261 235 1
261 901 1
261 1465 1
262 94 1
262 96 1
262 779 1
262 1105 1
262 1137 1
262 1317 1
262 1474 1
262 1490 1
262 1530 1
262 1577 1
262 1843 1
262 1856 1
262 1888 1
263 181 1
263 330 1
263 355 1
263 422 1
263 498 1
263 558 1
263 973 1
263 992 1
263 1087 1
263 1176 1
263 1262 1
263 1314 1
263 1702 1
263 1892 1
263 1938 1
263 2020 1
264 77 1
264 161 1
264 221 1
264 241 1
264 251 1
264 417 1
264 547 1
264 563 1
264 586 1
264 606 1
264 674 1
264 683 1
264 742 1
264 749 1
264 833 1
264 897 1
264 910 1
264 956 1
264 994 1
264 1005 1
264 1149 1
264 1173 1
264 1205 1
264 1249 1
264 1363 1
264 1728 1
264 1731 1
264 1767 1
264 1769 1
264 1838 1
264 1954 1
265 104 1
265 157 1
265 226 1
265 301 1
265 371 1
265 1099 1
265 1268 1
265 1280 1
265 1479 1
265 1603 1
265 1640 1
265 1744 1
265 1815 1
265 1988 1
266 70 1
266 171 1
266 409 1
266 596 1
266 609 1
266 732 1
266 755 1
266 1513 1
266 1523 1
267 59 1
267 144 1
267 578 1
267 1257 1
267 1685 1
267 1773 1
267 1923 1
268 1046 1
268 1601 1
268 1903 1
269 57 1
269 687 1
269 1068 1
269 1083 1
269 1161 1
270 46 1
270 743 1
270 1551 1
270 1795 1
271 1155 1
271 1171 1
271 1398 1
272 1679 1
272 1876 1
273 90 1
273 142 1
273 466 1
273 512 1
273 1957 1
274 158 1
274 424 1
274 639 1
274 718 1
274 1151 1
274 1447 1
275 1441 1
275 1770 1
276 457 1
276 561 1
276 664 1
276 885 1
276 959 1
276 1407 1
276 1492 1
276 1555 1
277 39 1
277 131 1
277 263 1
277 307 1
277 332 1
277 661 1
277 675 1
277 704 1
277 946 1
277 955 1
277 1074 1
277 1210 1
277 1237 1
277 1278 1
277 1443 1
277 1638 1
277 1834 1
277 1935 1
277 2046 1
278 50 1
278 150 1
278 323 1
278 427 1
278 442 1
278 472 1
278 629 1
278 745 1
278 829 1
278 853 1
278 1059 1
278 1069 1
278 1332 1
278 1478 1
278 1552 1
278 1779 1
278 1958 1
279 97 1
279 308 1
279 340 1
279 384 1
279 453 1
279 485 1
279 487 1
279 517 1
279 693 1
279 922 1
279 937 1
279 993 1
279 1047 1
279 1065 1
279 1199 1
279 1247 1
279 1393 1
279 1494 1
279 1610 1
279 1619 1
279 1663 1
279 1712 1
279 1862 1
279 1985 1
280 88 1
280 91 1
280 98 1
280 413 1
280 437 1
280 520 1
280 524 1
280 712 1
280 981 1
280 985 1
280 1259 1
280 1272 1
280 1395 1
280 1837 1
280 1993 1
281 49 1
281 285 1
281 354 1
281 375 1
281 616 1
281 800 1
281 821 1
281 949 1
281 1399 1
281 1503 1
281 1648 1
281 2037 1
282 617 1
282 850 1
282 1504 1
282 1621 1
282 1890 1
283 65 1
283 1026 1
283 1070 1
283 1277 1
283 1992 1
284 724 1
284 1501 1
284 1636 1
285 352 1
285 380 1
285 439 1
285 740 1
285 1139 1
285 1983 1
286 135 1
286 622 1
286 1801 1
287 367 1
287 492 1
287 1972 1
288 1502 1
289 714 1
289 1803 1
290 275 1
290 348 1
290 503 1
290 618 1
290 1118 1
290 1225 1
291 509 1
291 530 1
291 988 1
291 1316 1
292 125 1
292 310 1
292 414 1
292 511 1
292 567 1
292 920 1
292 1101 1
292 1165 1
292 1315 1
293 107 1
293 198 1
293 418 1
293 571 1
293 654 1
293 725 1
293 972 1
293 1080 1
293 1213 1
293 1582 1
293 1826 1
293 1829 1
293 1959 1
293 2011 1
294 185 1
294 194 1
294 412 1
294 685 1
294 815 1
294 1009 1
294 1031 1
294 1362 1
294 1413 1
294 1466 1
294 1467 1
294 1540 1
294 1583 1
294 1763 1
294 1952 1
294 1956 1
295 328 1
295 338 1
295 542 1
295 690 1
295 697 1
295 709 1
295 809 1
295 1286 1
295 1295 1
295 1460 1
295 1599 1
295 1737 1
295 1816 1
295 1849 1
296 92 1
296 109 1
296 116 1
296 525 1
296 593 1
296 791 1
296 896 1
296 1084 1
296 1230 1
296 1293 1
296 1557 1
297 528 1
297 1697 1
297 1707 1
297 1871 1
297 1896 1
297 1982 1
297 2019 1
297 2039 1
298 176 1
298 608 1
298 640 1
298 878 1
298 1821 1
298 1951 1
298 1975 1
299 51 1
299 452 1
299 1187 1
299 1747 1
300 272 1
300 638 1
300 700 1
300 1623 1
301 129 1
301 218 1
301 882 1
301 1810 1
301 1846 1
302 1265 1
303 402 1
304 93 1
304 1134 1
304 1296 1
305 388 1
305 767 1
306 300 1
306 326 1
306 1450 1
306 1945 1
307 14 1
307 211 1
307 253 1
307 270 1
307 501 1
307 996 1
307 1067 1
307 1082 1
307 1147 1
307 1226 1
307 1321 1
307 1374 1
307 1383 1
307 1525 1
307 1682 1
307 1716 1
308 85 1
308 306 1
308 456 1
308 682 1
308 717 1
308 760 1
308 849 1
308 967 1
308 1092 1
308 1214 1
308 1241 1
308 1282 1
308 1381 1
309 212 1
309 249 1
309 280 1
309 387 1
309 851 1
309 1189 1
309 1198 1
309 1306 1
309 1346 1
309 1493 1
309 1533 1
309 1920 1
309 1939 1
310 63 1
310 242 1
310 256 1
310 566 1
310 615 1
310 668 1
310 751 1
310 752 1
310 893 1
310 1266 1
310 1339 1
310 1354 1
310 1462 1
310 1560 1
310 1738 1
310 1809 1
310 1927 1
310 1979 1
310 1994 1
310 2047 1
311 315 1
311 549 1
311 550 1
311 917 1
311 1008 1
311 1042 1
311 1094 1
311 1112 1
311 1273 1
311 1284 1
311 1285 1
311 1442 1
311 1486 1
311 1662 1
311 1759 1
311 1764 1
311 1932 1
311 1936 1
312 27 1
312 205 1
312 309 1
312 516 1
312 855 1
312 900 1
312 1157 1
312 1197 1
312 1232 1
312 1461 1
312 1473 1
312 1505 1
312 1541 1
312 1578 1
312 1651 1
312 1661 1
313 154 1
313 545 1
313 552 1
313 600 1
313 601 1
313 884 1
313 1130 1
313 1131 1
313 1544 1
313 1898 1
314 200 1
314 1132 1
314 1713 1
314 2040 1
315 1342 1
315 1434 1
315 1571 1
316 44 1
316 84 1
316 244 1
316 278 1
316 1021 1
316 1124 1
316 1752 1
316 1926 1
316 1955 1
317 30 1
317 377 1
317 426 1
317 871 1
318 220 1
318 1027 1
319 410 1
319 909 1
319 1245 1
319 1506 1
320 1385 1
320 1911 1
320 2034 1
321 186 1
321 210 1
321 1228 1
321 1848 1
322 365 1
322 481 1
322 559 1
322 1373 1
322 1375 1
322 1808 1
322 2044 1
323 255 1
323 691 1
323 703 1
323 867 1
323 1022 1
323 1133 1
323 1153 1
323 1364 1
323 1889 1
324 56 1
324 196 1
324 421 1
324 673 1
324 979 1
324 1320 1
324 1531 1
324 1573 1
324 1819 1
324 1906 1
324 2010 1
325 197 1
325 313 1
325 329 1
325 333 1
325 351 1
325 438 1
325 493 1
325 532 1
325 562 1
325 610 1
325 699 1
325 830 1
325 831 1
325 957 1
325 1075 1
325 1177 1
325 1219 1
325 1329 1
325 1357 1
325 1635 1
325 1641 1
325 1865 1
326 15 1
326 229 1
326 446 1
326 462 1
326 776 1
326 787 1
326 810 1
326 1095 1
326 1138 1
326 1202 1
326 1274 1
326 1294 1
326 1500 1
326 1595 1
326 1624 1
326 1642 1
326 1695 1
326 1700 1
326 1733 1
326 1739 1
326 1754 1
326 1780 1
326 1806 1
326 1863 1
327 132 1
327 143 1
327 179 1
327 647 1
327 798 1
327 947 1
327 1330 1
327 1344 1
327 1527 1
327 1534 1
327 1742 1
327 1912 1
327 1976 1
327 2014 1
328 68 1
328 166 1
328 195 1
328 294 1
328 397 1
328 584 1
328 806 1
328 868 1
328 1049 1
328 1107 1
328 1281 1
328 1312 1
328 1366 1
328 1613 1
328 1626 1
328 1633 1
328 1914 1
328 1933 1
328 1971 1
329 26 1
329 34 1
329 40 1
329 473 1
329 495 1
329 750 1
329 995 1
329 1016 1
329 1023 1
329 1073 1
329 1090 1
329 1256 1
329 1561 1
329 1614 1
330 356 1
330 576 1
330 605 1
330 620 1
330 903 1
330 934 1
330 1029 1
330 1172 1
330 1204 1
331 76 1
331 372 1
331 420 1
331 701 1
331 783 1
331 799 1
331 1426 1
331 1556 1
332 33 1
332 146 1
332 1616 1
333 227 1
333 370 1
333 419 1
333 467 1
333 793 1
333 1548 1
334 100 1
334 564 1
334 1079 1
335 621 1
335 888 1
336 1740 1
336 1922 1
337 360 1
337 632 1
337 1823 1
339 112 1
339 393 1
339 514 1
339 813 1
339 1179 1
340 302 1
340 458 1
340 651 1
340 753 1
340 820 1
340 889 1
340 890 1
340 1233 1
340 1857 1
340 1858 1
341 311 1
341 502 1
341 522 1
341 557 1
341 577 1
341 580 1
341 731 1
341 763 1
341 778 1
341 802 1
341 913 1
341 1001 1
341 1175 1
341 1240 1
341 1275 1
341 1327 1
341 1341 1
341 1389 1
341 1463 1
341 1680 1
341 1710 1
341 1785 1
341 1961 1
341 2003 1
342 318 1
342 626 1
342 845 1
342 916 1
342 1126 1
342 1360 1
342 1483 1
342 1564 1
342 1568 1
342 1694 1
342 1832 1
342 1855 1
342 1887 1
342 2005 1
343 9 1
343 160 1
343 165 1
343 188 1
343 283 1
343 440 1
343 469 1
343 477 1
343 816 1
343 823 1
343 879 1
343 1014 1
343 1114 1
343 1196 1
343 1255 1
343 1475 1
343 1580 1
343 1725 1
343 1772 1
343 1866 1
343 1904 1
343 2027 1
343 2033 1
344 8 1
344 178 1
344 192 1
344 314 1
344 385 1
344 599 1
344 667 1
344 689 1
344 736 1
344 771 1
344 960 1
344 1193 1
344 1404 1
344 1435 1
344 1723 1
344 1916 1
345 10 1
345 55 1
345 215 1
345 254 1
345 373 1
345 407 1
345 781 1
345 864 1
345 865 1
345 1113 1
345 1116 1
345 1307 1
345 1627 1
345 2022 1
346 147 1
346 362 1
346 591 1
346 670 1
346 807 1
346 915 1
346 930 1
346 1030 1
346 1164 1
346 1215 1
346 1382 1
346 1482 1
346 1666 1
346 1703 1
346 1870 1
347 707 1
348 565 1
348 623 1
348 1188 1
348 1351 1
348 1456 1
348 1811 1
348 1859 1
349 801 1
349 1308 1
350 733 1
350 1452 1
350 1824 1
352 811 1
352 1579 1
352 1659 1
353 475 1
353 1998 1
354 299 1
354 521 1
354 1020 1
354 1033 1
354 1163 1
354 1495 1
355 505 1
355 669 1
355 898 1
355 1050 1
355 1727 1
355 1913 1
356 386 1
356 706 1
356 892 1
356 894 1
356 911 1
356 1088 1
356 1106 1
356 1231 1
356 1239 1
356 1414 1
356 1796 1
357 87 1
357 164 1
357 190 1
357 217 1
357 238 1
357 259 1
357 394 1
357 460 1
357 649 1
357 769 1
357 872 1
357 925 1
357 943 1
357 980 1
357 986 1
357 1091 1
357 1289 1
357 1394 1
357 1396 1
357 1458 1
357 1701 1
357 1724 1
357 1726 1
357 1753 1
358 19 1
358 219 1
358 287 1
358 346 1
358 483 1
358 499 1
358 537 1
358 538 1
358 569 1
358 681 1
358 886 1
358 1076 1
358 1200 1
358 1211 1
358 1242 1
358 1336 1
358 1347 1
358 1566 1
358 1605 1
358 1696 1
358 1804 1
358 1814 1
358 1830 1
358 1878 1
358 1953 1
359 234 1
359 711 1
359 764 1
359 1191 1
359 1244 1
359 1261 1
359 1472 1
359 1508 1
359 1590 1
359 1678 1
359 1749 1
359 1820 1
359 1853 1
359 1860 1
359 2028 1
360 41 1
360 152 1
360 233 1
360 260 1
360 635 1
360 659 1
360 666 1
360 936 1
360 1672 1
360 1690 1
360 1704 1
360 1717 1
360 1842 1
360 2048 1
361 11 1
361 713 1
361 1018 1
361 1044 1
361 1323 1
361 1451 1
361 1630 1
361 1657 1
361 1930 1
362 1024 1
362 1521 1
362 1732 1
363 4 1
363 553 1
363 828 1
363 914 1
363 929 1
363 998 1
363 1345 1
363 1371 1
364 449 1
364 555 1
364 748 1
364 794 1
364 887 1
364 1052 1
364 1348 1
364 1427 1
364 1917 1
365 860 1
365 941 1
365 1148 1
365 1305 1
365 1607 1
365 1643 1
366 436 1
367 279 1
367 342 1
367 1349 1
367 1359 1
367 1575 1
367 1674 1
367 1765 1
368 698 1
368 720 1
368 1248 1
369 184 1
369 614 1
369 1455 1
369 1569 1
369 1719 1
369 1880 1
370 189 1
370 321 1
371 124 1
371 369 1
371 463 1
371 546 1
371 637 1
371 797 1
371 840 1
371 858 1
371 963 1
371 1140 1
371 1331 1
371 1437 1
371 1453 1
371 1496 1
371 1812 1
372 2 1
372 257 1
372 320 1
372 366 1
372 401 1
372 470 1
372 694 1
372 715 1
372 746 1
372 784 1
372 927 1
372 982 1
372 1011 1
372 1235 1
372 1402 1
372 1408 1
372 1454 1
372 1705 1
372 1791 1
372 1845 1
373 17 1
373 208 1
373 231 1
373 239 1
373 261 1
373 368 1
373 607 1
373 741 1
373 768 1
373 954 1
373 975 1
373 977 1
373 1038 1
373 1160 1
373 1208 1
373 1358 1
373 1444 1
373 1510 1
373 1535 1
373 1667 1
373 1689 1
373 1735 1
373 1788 1
373 1799 1
374 140 1
374 316 1
374 334 1
374 471 1
374 480 1
374 592 1
374 676 1
374 905 1
374 1000 1
374 1017 1
374 1121 1
374 1229 1
374 1469 1
374 1491 1
374 1655 1
374 1793 1
374 1885 1
374 1899 1
374 1987 1
374 2015 1
374 2045 1
375 99 1
375 193 1
375 236 1
375 297 1
375 459 1
375 527 1
375 544 1
375 744 1
375 891 1
375 942 1
375 1032 1
375 1051 1
375 1056 1
375 1089 1
375 1100 1
375 1185 1
375 1250 1
375 1264 1
375 1488 1
375 1559 1
375 1604 1
375 1960 1
375 2008 1
376 291 1
376 376 1
376 513 1
376 535 1
376 556 1
376 678 1
376 952 1
376 991 1
376 1182 1
376 1190 1
376 1526 1
376 1528 1
376 1609 1
376 1612 1
376 1768 1
376 1970 1
376 1973 1
377 43 1
377 304 1
377 790 1
377 1093 1
377 1353 1
377 1370 1
377 1391 1
377 1800 1
377 1831 1
377 1989 1
377 2016 1
378 16 1
378 269 1
378 378 1
378 425 1
378 1039 1
378 1063 1
378 1158 1
378 1166 1
378 1251 1
378 1547 1
378 1786 1
379 115 1
379 123 1
379 450 1
379 656 1
379 692 1
379 854 1
379 1045 1
379 1194 1
379 1288 1
379 1498 1
379 1645 1
380 1013 1
380 1184 1
380 1499 1
380 1886 1
381 5 1
382 645 1
382 652 1
382 874 1
382 1650 1
383 237 1
383 827 1
383 1035 1
383 1844 1
384 170 1
384 587 1
384 1558 1
384 1597 1
384 1649 1
384 1683 1
384 1797 1
385 657 1
386 295 1
386 465 1
387 28 1
387 273 1
387 404 1
387 777 1
387 881 1
387 1117 1
387 1183 1
387 1203 1
387 1221 1
387 1485 1
387 1775 1
387 1869 1
388 20 1
388 58 1
388 174 1
388 416 1
388 774 1
388 908 1
388 1115 1
388 1136 1
388 1269 1
388 1300 1
388 1369 1
388 1428 1
388 1429 1
388 1536 1
388 1894 1
388 1966 1
389 214 1
389 276 1
389 476 1
389 575 1
389 663 1
389 721 1
389 792 1
389 904 1
389 940 1
389 1043 1
389 1055 1
389 1509 1
389 1891 1
389 1905 1
389 2009 1
390 64 1
390 103 1
390 216 1
390 258 1
390 391 1
390 395 1
390 595 1
390 598 1
390 723 1
390 826 1
390 863 1
390 866 1
390 899 1
390 971 1
390 1003 1
390 1169 1
390 1378 1
390 1715 1
390 1743 1
390 1805 1
391 290 1
391 379 1
391 648 1
391 766 1
391 832 1
391 848 1
391 906 1
391 1057 1
391 1120 1
391 1128 1
391 1223 1
391 1254 1
391 1400 1
391 1484 1
391 1546 1
391 1554 1
391 1751 1
391 2031 1
392 36 1
392 130 1
392 202 1
392 228 1
392 486 1
392 907 1
392 1097 1
392 1162 1
392 1301 1
392 1333 1
392 1338 1
392 1675 1
392 1691 1
392 1790 1
392 1874 1
392 2023 1
393 71 1
393 289 1
393 451 1
393 650 1
393 672 1
393 770 1
393 1062 1
393 1127 1
393 1180 1
393 1322 1
393 1424 1
393 1471 1
393 1928 1
394 336 1
394 504 1
394 789 1
394 931 1
394 1170 1
394 1405 1
394 1432 1
394 1745 1
394 1850 1
394 1963 1
395 118 1
395 201 1
395 658 1
396 137 1
396 317 1
396 1318 1
396 1365 1
397 347 1
397 431 1
397 1433 1
397 1515 1
397 1545 1
397 2035 1
398 625 1
398 939 1
398 1652 1
399 603 1
400 859 1
400 1631 1
400 1980 1
401 296 1
402 106 1
402 182 1
402 489 1
402 747 1
403 842 1
403 1220 1
403 1350 1
403 1714 1
403 1950 1
403 1995 1
404 53 1
404 245 1
404 298 1
404 363 1
404 448 1
404 500 1
404 548 1
404 590 1
404 641 1
404 660 1
404 953 1
404 990 1
404 1174 1
404 1216 1
404 1390 1
404 1476 1
404 1585 1
404 1670 1
404 1762 1
405 25 1
405 110 1
405 168 1
405 225 1
405 339 1
405 374 1
405 612 1
405 875 1
405 926 1
405 1061 1
405 1135 1
405 1167 1
405 1280 1
405 1567 1
405 1718 1
405 1967 1
405 2004 1
405 2013 1
405 2021 1
405 2038 1
406 126 1
406 252 1
406 344 1
406 406 1
406 429 1
406 624 1
406 987 1
406 1053 1
406 1109 1
406 1125 1
406 1252 1
406 1290 1
406 1507 1
406 1576 1
406 1644 1
406 1702 1
406 1873 1
407 89 1
407 381 1
407 428 1
407 478 1
407 496 1
407 966 1
407 997 1
407 1224 1
407 1303 1
407 1412 1
407 1553 1
407 1687 1
407 1741 1
407 1921 1
407 1944 1
407 1969 1
407 1977 1
408 79 1
408 108 1
408 358 1
408 490 1
408 574 1
408 582 1
408 729 1
408 880 1
408 1006 1
408 1066 1
408 1123 1
408 1150 1
408 1168 1
408 1406 1
408 1708 1
408 1943 1
408 1949 1
408 1991 1
408 2025 1
409 13 1
409 60 1
409 74 1
409 128 1
409 159 1
409 354 1
409 468 1
409 523 1
409 780 1
409 803 1
409 983 1
409 1019 1
409 1302 1
409 1334 1
409 1367 1
409 1415 1
409 1423 1
409 1781 1
409 1947 1
409 2000 1
410 31 1
410 539 1
410 796 1
410 1186 1
410 1258 1
410 1343 1
410 1489 1
410 1588 1
410 1756 1
410 1852 1
411 113 1
411 611 1
411 655 1
411 923 1
411 928 1
411 984 1
411 1622 1
412 325 1
412 554 1
412 825 1
412 1974 1
412 1999 1
413 35 1
413 144 1
413 148 1
413 518 1
413 594 1
413 1419 1
413 2007 1
414 1141 1
414 2036 1
415 1440 1
415 1722 1
416 643 1
417 1877 1
418 173 1
418 461 1
418 938 1
418 1267 1
419 102 1
419 1222 1
419 1669 1
419 1847 1
420 48 1
420 54 1
420 180 1
420 396 1
420 441 1
420 1152 1
420 1206 1
420 1253 1
420 1422 1
420 1656 1
420 1907 1
421 187 1
421 359 1
421 398 1
421 430 1
421 491 1
421 568 1
421 710 1
421 726 1
421 727 1
421 852 1
421 856 1
421 869 1
421 969 1
421 1025 1
421 1207 1
421 1218 1
421 1227 1
421 1324 1
421 1392 1
421 1410 1
421 1416 1
421 1497 1
421 1514 1
421 1524 1
421 1543 1
421 1570 1
421 1758 1
421 1828 1
421 1978 1
422 29 1
422 38 1
422 73 1
422 95 1
422 155 1
422 400 1
422 653 1
422 738 1
422 818 1
422 819 1
422 1004 1
422 1236 1
422 1464 1
422 1494 1
422 1516 1
422 1519 1
422 1537 1
422 1538 1
422 1600 1
422 1646 1
422 1736 1
422 1868 1
422 1965 1
423 52 1
423 69 1
423 232 1
423 268 1
423 405 1
423 435 1
423 578 1
423 665 1
423 719 1
423 722 1
423 785 1
423 805 1
423 808 1
423 822 1
423 837 1
423 847 1
423 861 1
423 976 1
423 1002 1
423 1104 1
423 1111 1
423 1137 1
423 1328 1
423 1617 1
423 1698 1
423 1787 1
424 82 1
424 199 1
424 224 1
424 312 1
424 350 1
424 390 1
424 506 1
424 680 1
424 684 1
424 756 1
424 757 1
424 834 1
424 897 1
424 918 1
424 950 1
424 1143 1
424 1299 1
424 1304 1
424 1384 1
424 1409 1
424 1418 1
424 1445 1
424 1457 1
424 1481 1
424 1608 1
424 1720 1
424 1918 1
424 1923 1
425 149 1
425 274 1
425 482 1
425 602 1
425 606 1
425 677 1
425 737 1
425 951 1
425 964 1
425 1181 1
425 1201 1
425 1420 1
425 1438 1
425 1618 1
425 1629 1
425 1771 1
425 1792 1
426 134 1
426 138 1
426 324 1
426 445 1
426 1096 1
426 1283 1
426 1407 1
426 1634 1
426 1676 1
426 1748 1
426 1773 1
426 1840 1
426 1962 1
427 133 1
427 427 1
427 693 1
427 902 1
427 948 1
427 1028 1
427 1054 1
427 1436 1
427 1480 1
427 1517 1
428 349 1
428 455 1
428 734 1
428 786 1
428 1108 1
428 1156 1
428 1425 1
428 1685 1
429 141 1
429 696 1
429 1295 1
429 1529 1
430 62 1
430 203 1
430 933 1
431 921 1
432 46 1
432 243 1
432 510 1
432 588 1
432 1086 1
432 1122 1
432 1401 1
433 153 1
433 873 1
433 932 1
433 1010 1
433 1431 1
433 1446 1
434 37 1
434 80 1
434 322 1
435 305 1
435 573 1
435 1297 1
435 1572 1
436 142 1
436 250 1
436 286 1
436 761 1
436 1356 1
436 1744 1
436 2029 1
437 81 1
437 382 1
437 392 1
437 479 1
437 497 1
437 586 1
437 759 1
437 788 1
437 838 1
437 945 1
437 1007 1
437 1337 1
437 1794 1
437 1990 1
438 6 1
438 156 1
438 319 1
438 464 1
438 540 1
438 628 1
438 636 1
438 662 1
438 924 1
438 1048 1
438 1459 1
438 1584 1
438 1615 1
438 1639 1
438 1647 1
438 1660 1
438 1663 1
438 1755 1
438 1782 1
438 1888 1
438 1910 1
438 2006 1
438 2017 1
438 2018 1
438 2032 1
439 1 1
439 72 1
439 90 1
439 119 1
439 139 1
439 171 1
439 262 1
439 271 1
439 337 1
439 371 1
439 423 1
439 433 1
439 454 1
439 529 1
439 664 1
439 714 1
439 999 1
439 1144 1
439 1234 1
439 1276 1
439 1448 1
439 1632 1
439 1699 1
439 1789 1
439 1996 1
440 32 1
440 434 1
440 581 1
440 679 1
440 705 1
440 870 1
440 958 1
440 973 1
440 1146 1
440 1212 1
440 1311 1
440 1611 1
440 1778 1
440 1908 1
440 1937 1
440 1983 1
440 2041 1
441 292 1
441 308 1
441 503 1
441 533 1
441 630 1
441 970 1
441 1199 1
441 1217 1
441 1465 1
441 1487 1
441 1653 1
441 1795 1
441 1843 1
441 1931 1
441 1986 1
441 2024 1
442 83 1
442 492 1
442 901 1
442 1060 1
442 1205 1
442 1279 1
442 1372 1
442 1658 1
442 1671 1
442 1693 1
442 1841 1
442 1872 1
443 265 1
443 284 1
443 293 1
443 634 1
443 961 1
443 1161 1
443 1195 1
443 1246 1
443 1542 1
443 1692 1
443 1769 1
443 1836 1
444 1361 1
444 1988 1
445 282 1
445 604 1
445 739 1
445 758 1
445 1825 1
446 345 1
446 1601 1
446 1900 1
447 937 1
447 1984 1
448 78 1
448 207 1
449 1589 1
449 1909 1
450 2043 1
451 230 1
451 765 1
451 772 1
451 835 1
451 1078 1
451 1098 1
451 1103 1
452 353 1
452 422 1
452 444 1
452 671 1
452 688 1
452 773 1
452 1492 1
452 1596 1
452 1673 1
452 1810 1
452 1833 1
452 1919 1
452 1968 1
453 24 1
453 246 1
453 443 1
453 494 1
453 498 1
453 631 1
453 754 1
453 844 1
453 857 1
453 877 1
453 974 1
453 1085 1
453 1468 1
453 1540 1
453 2026 1
454 105 1
454 111 1
454 136 1
454 172 1
454 247 1
454 364 1
454 408 1
454 712 1
454 730 1
454 749 1
454 800 1
454 919 1
454 1192 1
454 1209 1
454 1249 1
454 1260 1
454 1292 1
454 1319 1
454 1368 1
454 1398 1
454 1430 1
454 1520 1
454 1882 1
455 248 1
455 277 1
455 403 1
455 411 1
455 415 1
455 508 1
455 531 1
455 745 1
455 955 1
455 1034 1
455 1077 1
455 1154 1
455 1171 1
455 1178 1
455 1262 1
455 1315 1
455 1681 1
455 1734 1
455 1783 1
455 1893 1
455 1981 1
456 127 1
456 222 1
456 330 1
456 343 1
456 474 1
456 530 1
456 812 1
456 814 1
456 962 1
456 1040 1
456 1159 1
456 1309 1
456 1379 1
456 1470 1
456 1511 1
456 1628 1
457 98 1
457 122 1
457 175 1
457 409 1
457 507 1
457 1102 1
457 1417 1
457 1539 1
457 1654 1
457 1851 1
457 1892 1
457 1964 1
457 1993 1
457 2039 1
458 177 1
458 288 1
458 327 1
458 355 1
458 617 1
458 708 1
458 992 1
458 1522 1
458 1550 1
458 1557 1
458 1818 1
459 3 1
459 536 1
459 563 1
459 968 1
459 1083 1
459 1395 1
459 1875 1
460 121 1
460 1532 1
460 1777 1
461 67 1
461 704 1
461 1594 1
461 1776 1
462 162 1
462 447 1
462 2001 1
463 1037 1
464 432 1
464 1664 1
465 206 1
465 642 1
465 1637 1
466 978 1
466 1145 1
466 1339 1
467 86 1
467 114 1
467 204 1
467 572 1
467 633 1
467 1081 1
467 1387 1
467 1439 1
467 1746 1
467 1948 1
468 66 1
468 579 1
468 674 1
468 716 1
468 804 1
468 862 1
468 956 1
468 981 1
468 1340 1
468 1411 1
468 1530 1
468 1586 1
468 1940 1
469 191 1
469 267 1
469 361 1
469 520 1
469 824 1
469 965 1
469 1071 1
469 1272 1
469 1335 1
469 1621 1
469 1677 1
469 1688 1
469 1706 1
469 1784 1
469 1838 1
469 1867 1
469 1954 1
469 2042 1
470 453 1
470 472 1
470 488 1
470 609 1
470 613 1
470 687 1
470 735 1
470 876 1
470 985 1
470 1072 1
470 1326 1
470 1352 1
470 1363 1
470 1393 1
470 1512 1
470 1518 1
470 1549 1
470 1686 1
470 1707 1
470 1879 1
470 1929 1
471 163 1
471 281 1
471 285 1
471 485 1
471 718 1
471 762 1
471 782 1
471 1084 1
471 1139 1
471 1263 1
471 1271 1
471 1403 1
471 1881 1
471 1883 1
471 1884 1
471 1925 1
471 1938 1
472 92 1
472 131 1
472 169 1
472 176 1
472 558 1
472 836 1
472 843 1
472 878 1
472 910 1
472 1291 1
472 1388 1
472 1665 1
472 1934 1
472 1975 1
472 2030 1
473 117 1
473 161 1
473 326 1
473 815 1
473 839 1
473 883 1
473 1041 1
473 1119 1
473 1129 1
473 1578 1
473 1761 1
473 1924 1
473 1997 1
474 151 1
474 740 1
474 775 1
474 1574 1
474 1602 1
474 1760 1
475 65 1
475 394 1
475 541 1
475 841 1
475 1373 1
475 1552 1
475 1603 1
476 181 1
476 646 1
476 1213 1
476 1711 1
476 1902 1
477 661 1
477 742 1
477 1110 1
477 1316 1
477 1377 1
477 1640 1
478 185 1
478 944 1
478 1750 1
479 45 1
479 303 1
480 40 1
480 1729 1
481 1317 1
482 833 1
482 1142 1
483 12 1
483 235 1
483 383 1
483 702 1
483 1774 1
483 1827 1
484 39 1
484 91 1
484 96 1
484 301 1
484 331 1
484 399 1
484 452 1
484 618 1
484 682 1
484 1237 1
484 1474 1
484 1490 1
484 1737 1
484 1815 1
484 1864 1
484 1941 1
484 1946 1
485 23 1
485 101 1
485 263 1
485 313 1
485 457 1
485 795 1
485 1012 1
485 1238 1
485 1243 1
485 1270 1
485 1314 1
485 1325 1
485 1386 1
485 1421 1
485 1443 1
485 1513 1
485 1598 1
485 1684 1
485 1798 1
485 1807 1
486 167 1
486 205 1
486 221 1
486 323 1
486 375 1
486 629 1
486 1099 1
486 1149 1
486 1268 1
486 1332 1
486 1399 1
486 1551 1
486 1563 1
486 1606 1
486 1679 1
486 1730 1
486 1809 1
486 1839 1
486 1901 1
486 2020 1
487 146 1
487 209 1
487 251 1
487 610 1
487 779 1
487 871 1
487 917 1
487 1441 1
487 1565 1
487 1591 1
487 1592 1
487 1593 1
487 1897 1
487 1915 1
487 2002 1
487 2046 1
488 47 1
488 84 1
488 150 1
488 380 1
488 424 1
488 571 1
488 585 1
488 647 1
488 699 1
488 725 1
488 728 1
488 752 1
488 817 1
488 853 1
488 959 1
488 1187 1
488 1313 1
488 1587 1
488 1625 1
488 1721 1
488 1834 1
488 1854 1
488 1957 1
489 49 1
489 266 1
489 560 1
489 583 1
489 895 1
489 1046 1
489 1380 1
489 1856 1
489 1895 1
489 1926 1
490 10 1
490 30 1
490 104 1
490 226 1
490 543 1
490 988 1
490 1153 1
491 109 1
491 154 1
491 946 1
492 253 1
492 608 1
492 1397 1
492 1728 1
493 198 1
493 528 1
493 884 1
493 1362 1
493 1936 1
494 743 1
494 1005 1
494 1731 1
495 1477 1
495 1533 1
495 1562 1
495 1577 1
495 1842 1
496 526 1
496 1620 1
497 200 1
497 307 1
497 593 1
498 348 1
498 512 1
498 683 1
498 1173 1
498 1449 1
499 15 1
499 145 1
499 183 1
499 241 1
499 515 1
499 589 1
499 1058 1
499 1101 1
499 1502 1
499 1581 1
499 2019 1
500 223 1
500 414 1
500 442 1
500 686 1
500 690 1
500 867 1
500 922 1
500 935 1
500 967 1
500 1047 1
500 1079 1
500 1376 1
500 1642 1
500 1757 1
500 1817 1
500 1822 1
500 1862 1
500 1876 1
500 1939 1
500 2012 1
501 240 1
501 524 1
501 547 1
501 829 1
501 909 1
501 989 1
501 1031 1
501 1226 1
501 1310 1
501 1500 1
501 1605 1
501 1610 1
501 1767 1
501 1806 1
501 1903 1
501 1920 1
502 27 1
502 33 1
502 68 1
502 367 1
502 439 1
502 469 1
502 517 1
502 639 1
502 798 1
502 851 1
502 1090 1
502 1165 1
502 1202 1
502 1210 1
502 1245 1
502 1285 1
502 1298 1
502 1460 1
502 1763 1
502 1992 1
503 9 1
503 75 1
503 210 1
503 413 1
503 551 1
503 567 1
503 619 1
503 855 1
503 868 1
503 960 1
503 1087 1
503 1133 1
503 1157 1
503 1266 1
503 1273 1
503 1330 1
503 1426 1
503 1541 1
503 1556 1
503 1972 1
504 94 1
504 516 1
504 552 1
504 591 1
504 597 1
504 654 1
504 874 1
504 1009 1
504 1287 1
504 1289 1
504 1300 1
504 1344 1
504 1354 1
504 1447 1
504 1555 1
504 1638 1
504 1651 1
504 1726 1
504 1835 1
504 1861 1
504 1927 1
505 196 1
505 215 1
505 456 1
505 596 1
505 776 1
505 1193 1
505 1355 1
505 1802 1
505 1971 1
506 197 1
506 242 1
506 341 1
506 417 1
506 667 1
506 675 1
506 898 1
506 986 1
506 1036 1
506 1105 1
506 1257 1
506 1450 1
506 1635 1
506 2003 1
507 88 1
507 218 1
507 426 1
507 499 1
507 1473 1
507 1479 1
507 1716 1
507 1747 1
508 77 1
508 1131 1
508 1320 1
508 1503 1
508 1636 1
508 1898 1
508 1913 1
509 979 1
509 1188 1
509 1321 1
509 1668 1
510 107 1
510 440 1
510 481 1
511 1712 1
511 1871 1
512 213 1
512 389 1
512 532 1
512 1107 1
512 1956 1
513 188 1
513 1641 1
513 1912 1
514 231 1
514 550 1
514 570 1
514 755 1
515 76 1
515 384 1
515 1176 1
515 1327 1
515 1341 1
515 1504 1
515 1813 1
516 143 1
516 332 1
516 514 1
516 519 1
516 534 1
516 724 1
516 732 1
516 920 1
516 1826 1
516 1846 1
517 7 1
517 14 1
517 275 1
517 328 1
517 420 1
517 545 1
517 821 1
517 1015 1
517 1155 1
517 1560 1
517 1709 1
517 1849 1
518 93 1
518 477 1
518 511 1
518 846 1
518 849 1
518 1068 1
518 1080 1
518 1092 1
518 1124 1
518 1196 1
518 1214 1
518 1278 1
518 1413 1
518 1435 1
518 1462 1
518 1466 1
518 1486 1
518 1501 1
518 1573 1
518 1713 1
518 1803 1
518 1821 1
518 1951 1
518 1958 1
519 21 1
519 157 1
519 338 1
519 357 1
519 402 1
519 501 1
519 615 1
519 638 1
519 689 1
519 778 1
519 830 1
519 995 1
519 1172 1
519 1277 1
519 1478 1
519 1505 1
519 1823 1
519 1959 1
519 1982 1
520 51 1
520 310 1
520 600 1
520 673 1
520 676 1
520 685 1
520 850 1
520 893 1
520 930 1
520 1042 1
520 1147 1
520 1250 1
520 1351 1
520 1495 1
520 1583 1
520 1623 1
520 1704 1
520 1766 1
520 1814 1
520 1859 1
521 22 1
521 437 1
521 466 1
521 495 1
521 632 1
521 703 1
521 872 1
521 916 1
521 1029 1
521 1116 1
521 1256 1
521 1582 1
521 1733 1
521 1779 1
521 1890 1
521 1955 1
521 1979 1
521 2005 1
522 525 1
522 557 1
522 892 1
522 1074 1
522 1906 1
522 1985 1
523 18 1
523 50 1
523 116 1
523 412 1
523 484 1
523 542 1
523 559 1
523 993 1
523 1026 1
523 1595 1
523 2047 1
524 158 1
524 1164 1
524 1696 1
525 605 1
525 640 1
525 885 1
525 1932 1
526 903 1
527 362 1
527 1130 1
527 1994 1
529 61 1
529 318 1
529 522 1
529 763 1
529 1151 1
530 1829 1
531 42 1
531 100 1
531 509 1
531 1023 1
531 1158 1
531 1837 1
532 186 1
532 272 1
532 473 1
532 697 1
532 831 1
532 1059 1
532 1073 1
532 1126 1
532 1138 1
532 1306 1
532 1381 1
532 1558 1
532 1816 1
532 2022 1
533 229 1
533 333 1
533 352 1
533 356 1
533 576 1
533 616 1
533 644 1
533 709 1
533 791 1
533 803 1
533 1018 1
533 1021 1
533 1067 1
533 1118 1
533 1134 1
533 1230 1
533 1342 1
533 1374 1
533 1674 1
533 1710 1
533 1848 1
533 1916 1
534 59 1
534 178 1
534 264 1
534 270 1
534 309 1
534 311 1
534 314 1
534 351 1
534 387 1
534 462 1
534 502 1
534 566 1
534 569 1
534 713 1
534 809 1
534 813 1
534 887 1
534 890 1
534 896 1
534 949 1
534 957 1
534 1065 1
534 1228 1
534 1307 1
534 1569 1
534 1616 1
534 1680 1
534 1682 1
534 1933 1
534 1973 1
535 57 1
535 211 1
535 219 1
535 300 1
535 539 1
535 620 1
535 695 1
535 764 1
535 793 1
535 810 1
535 942 1
535 996 1
535 1064 1
535 1112 1
535 1223 1
535 1232 1
535 1242 1
535 1281 1
535 1346 1
535 1700 1
535 1764 1
535 1770 1
536 97 1
536 259 1
536 493 1
536 807 1
536 998 1
536 1008 1
536 1076 1
536 1094 1
536 1106 1
536 1132 1
536 1177 1
536 1506 1
536 1523 1
536 1534 1
536 1619 1
536 1796 1
536 1889 1
536 1904 1
536 1961 1
536 1998 1
537 85 1
537 365 1
537 651 1
537 1308 1
537 1385 1
537 1759 1
537 1819 1
537 1896 1
537 1935 1
537 1969 1
537 2037 1
537 2040 1
538 125 1
538 132 1
538 190 1
538 249 1
538 340 1
538 748 1
538 1198 1
538 1404 1
538 1484 1
538 1662 1
538 1800 1
538 1812 1
539 321 1
539 888 1
539 889 1
539 934 1
539 1683 1
539 1870 1
540 217 1
540 594 1
540 882 1
540 1754 1
540 1866 1
541 299 1
541 668 1
541 767 1
541 1022 1
541 1294 1
542 137 1
542 753 1
542 972 1
542 1016 1
542 1282 1
543 147 1
543 1695 1
543 1793 1
544 1437 1
545 760 1
545 1255 1
546 410 1
546 487 1
546 731 1
546 1740 1
547 120 1
547 342 1
547 370 1
547 388 1
547 419 1
547 1219 1
547 1286 1
547 1357 1
548 44 1
548 238 1
548 244 1
548 255 1
548 378 1
548 397 1
548 622 1
548 717 1
548 802 1
548 912 1
548 947 1
548 1069 1
548 1259 1
548 1284 1
548 1580 1
548 1624 1
548 1914 1
548 1942 1
549 4 1
549 8 1
549 164 1
549 537 1
549 564 1
549 865 1
549 1070 1
549 1082 1
549 1394 1
549 1463 1
549 1630 1
549 1865 1
550 179 1
550 418 1
550 475 1
550 580 1
550 614 1
550 621 1
550 1056 1
550 1095 1
550 1115 1
550 1162 1
550 1233 1
550 1247 1
550 1248 1
550 1655 1
550 1703 1
550 1791 1
550 1832 1
550 1989 1
550 1991 1
550 2034 1
551 233 1
551 306 1
551 450 1
551 538 1
551 736 1
551 900 1
551 1024 1
551 1030 1
551 1175 1
551 1204 1
551 1360 1
551 1548 1
551 1718 1
552 26 1
552 123 1
552 135 1
552 192 1
552 212 1
552 320 1
552 386 1
552 436 1
552 737 1
552 781 1
552 823 1
552 854 1
552 943 1
552 1312 1
552 1329 1
552 1535 1
552 1604 1
552 1666 1
552 1785 1
552 1853 1
552 1894 1
552 1911 1
552 1922 1
552 1949 1
552 2016 1
553 17 1
553 63 1
553 234 1
553 421 1
553 461 1
553 649 1
553 670 1
553 747 1
553 801 1
553 863 1
553 927 1
553 1001 1
553 1366 1
553 1544 1
553 1648 1
553 1724 1
553 1752 1
553 1780 1
553 1824 1
553 1855 1
553 1863 1
553 1928 1
554 160 1
554 227 1
554 376 1
554 377 1
554 626 1
554 925 1
554 1027 1
554 1179 1
554 1221 1
554 1265 1
554 1296 1
554 1336 1
554 1375 1
555 194 1
555 243 1
555 881 1
555 1274 1
555 1322 1
555 1371 1
555 1396 1
555 1408 1
555 1493 1
555 1525 1
555 1801 1
555 1845 1
555 1952 1
556 55 1
556 283 1
556 627 1
556 783 1
556 913 1
556 1476 1
556 1568 1
556 1614 1
557 334 1
557 1120 1
557 1857 1
557 1886 1
557 2011 1
558 296 1
558 1369 1
558 1414 1
558 1808 1
559 53 1
559 1197 1
560 257 1
560 891 1
560 1201 1
560 1348 1
560 1739 1
561 505 1
561 1471 1
562 1461 1
562 1633 1
563 1239 1
563 1264 1
564 335 1
564 691 1
564 769 1
564 1347 1
564 1383 1
564 1531 1
564 1820 1
565 2 1
565 5 1
565 129 1
565 385 1
565 527 1
565 681 1
565 694 1
565 858 1
565 936 1
565 1678 1
566 130 1
566 193 1
566 256 1
566 280 1
566 395 1
566 449 1
566 700 1
566 826 1
566 1049 1
566 1089 1
566 1244 1
566 1661 1
566 1717 1
567 103 1
567 140 1
567 195 1
567 294 1
567 401 1
567 438 1
567 601 1
567 659 1
567 820 1
567 864 1
567 954 1
567 1088 1
567 1216 1
567 1261 1
567 1467 1
567 1564 1
567 1579 1
567 1858 1
567 1880 1
567 1917 1
568 34 1
568 73 1
568 166 1
568 202 1
568 504 1
568 595 1
568 669 1
568 698 1
568 848 1
568 894 1
568 1052 1
568 1200 1
568 1225 1
568 1331 1
568 1359 1
568 1442 1
568 1481 1
568 1571 1
568 1694 1
568 1722 1
568 1887 1
568 2010 1
568 2014 1
569 252 1
569 366 1
569 446 1
569 480 1
569 623 1
569 733 1
569 771 1
569 869 1
569 994 1
569 1169 1
569 1190 1
569 1475 1
569 1613 1
569 1772 1
569 1976 1
570 220 1
570 297 1
570 329 1
570 360 1
570 471 1
570 707 1
570 1419 1
570 1536 1
570 1799 1
570 2008 1
570 2023 1
571 486 1
571 746 1
571 915 1
571 941 1
571 963 1
571 1140 1
571 1235 1
571 1472 1
571 1735 1
572 36 1
572 678 1
572 701 1
572 751 1
572 1054 1
572 1181 1
572 1364 1
572 1469 1
572 1599 1
572 1672 1
573 152 1
573 1629 1
573 1788 1
574 315 1
574 1966 1
575 70 1
575 565 1
575 971 1
575 1507 1
575 1559 1
575 2027 1
576 561 1
576 886 1
577 549 1
577 845 1
577 1334 1
578 20 1
578 666 1
578 1117 1
578 1160 1
579 165 1
579 1033 1
580 237 1
580 603 1
580 720 1
580 741 1
580 750 1
580 1482 1
580 1561 1
580 1657 1
580 1697 1
580 2009 1
581 302 1
581 460 1
581 562 1
581 637 1
581 911 1
581 948 1
581 1091 1
581 1180 1
581 1251 1
581 1275 1
581 1433 1
581 1527 1
581 1811 1
581 1930 1
581 2033 1
582 287 1
582 289 1
582 592 1
582 635 1
582 692 1
582 975 1
582 1189 1
582 1211 1
582 1358 1
582 1454 1
582 1705 1
582 1753 1
582 1878 1
583 124 1
583 369 1
583 393 1
583 470 1
583 657 1
583 799 1
583 974 1
583 1044 1
583 1050 1
583 1100 1
583 1553 1
583 1612 1
583 1723 1
583 1738 1
584 64 1
584 258 1
584 271 1
584 273 1
584 344 1
584 416 1
584 535 1
584 655 1
584 672 1
584 693 1
584 797 1
584 907 1
584 980 1
584 1168 1
584 1258 1
584 1468 1
584 1496 1
584 1575 1
584 1609 1
584 1667 1
584 1690 1
584 1691 1
584 1831 1
584 1970 1
584 1987 1
584 2004 1
584 2045 1
585 79 1
585 228 1
585 349 1
585 792 1
585 931 1
585 1000 1
585 1231 1
585 1402 1
585 1428 1
585 1777 1
585 1847 1
585 1967 1
586 32 1
586 279 1
586 459 1
586 842 1
586 1038 1
586 1135 1
586 1186 1
586 1963 1
586 1980 1
587 368 1
587 553 1
587 606 1
587 715 1
587 744 1
587 777 1
587 806 1
587 1174 1
588 25 1
588 429 1
588 467 1
588 612 1
588 658 1
588 816 1
588 1191 1
588 1240 1
588 1420 1
588 1456 1
588 1483 1
588 1751 1
588 1781 1
589 372 1
589 584 1
589 1048 1
589 1444 1
589 1745 1
590 87 1
590 199 1
590 254 1
590 425 1
590 1345 1
591 269 1
591 374 1
591 983 1
591 1297 1
591 1323 1
591 1510 1
592 828 1
592 1962 1
593 1566 1
594 112 1
594 1017 1
594 1254 1
594 1304 1
594 1899 1
596 1066 1
596 1405 1
596 1499 1
596 1659 1
596 1725 1
596 1742 1
597 476 1
597 546 1
597 555 1
597 641 1
597 774 1
597 1051 1
597 1127 1
597 1429 1
597 2015 1
597 2038 1
598 11 1
598 99 1
598 139 1
598 170 1
598 208 1
598 236 1
598 489 1
598 607 1
598 643 1
598 811 1
598 926 1
598 1075 1
598 1097 1
598 1128 1
598 1163 1
598 1489 1
598 1491 1
598 1509 1
598 1905 1
598 2044 1
599 184 1
599 214 1
599 260 1
599 316 1
599 322 1
599 325 1
599 448 1
599 451 1
599 482 1
599 840 1
599 966 1
599 1014 1
599 1020 1
599 1148 1
599 1152 1
599 1305 1
599 1412 1
599 1545 1
599 1701 1
599 2021 1
600 262 1
600 278 1
600 305 1
600 336 1
600 441 1
600 575 1
600 706 1
600 784 1
600 818 1
600 822 1
600 837 1
600 856 1
600 879 1
600 1003 1
600 1011 1
600 1167 1
600 1333 1
600 1349 1
600 1390 1
600 1422 1
600 1464 1
600 1526 1
600 1538 1
600 1547 1
600 1631 1
600 1634 1
600 1689 1
600 1727 1
600 1765 1
600 1775 1
600 1786 1
601 173 1
601 232 1
601 295 1
601 391 1
601 406 1
601 478 1
601 648 1
601 710 1
601 787 1
601 1453 1
601 1521 1
601 1702 1
601 1830 1
601 1843 1
601 1868 1
601 1921 1
601 1953 1
602 58 1
602 144 1
602 168 1
602 176 1
602 373 1
602 921 1
602 1061 1
602 1114 1
602 1288 1
602 1293 1
602 1425 1
602 1455 1
602 1498 1
602 1516 1
602 1622 1
602 1643 1
602 1693 1
602 1773 1
602 1937 1
603 41 1
603 687 1
603 866 1
603 902 1
603 939 1
603 1253 1
603 1353 1
603 1427 1
603 1639 1
604 19 1
604 114 1
604 392 1
604 529 1
604 875 1
604 897 1
604 908 1
604 961 1
604 1113 1
604 1338 1
604 1423 1
605 28 1
605 409 1
605 573 1
605 825 1
605 1121 1
605 1187 1
606 56 1
606 189 1
606 696 1
606 1543 1
606 1590 1
606 2026 1
607 127 1
607 483 1
607 711 1
607 1644 1
607 1762 1
608 153 1
608 1185 1
609 1675 1
609 2013 1
611 69 1
612 133 1
612 1215 1
612 1324 1
612 1409 1
612 1458 1
612 1488 1
613 977 1
614 346 1
614 721 1
614 794 1
614 914 1
614 982 1
614 1434 1
614 1588 1
614 1685 1
614 1719 1
614 1996 1
615 43 1
615 80 1
615 118 1
615 239 1
615 312 1
615 404 1
615 407 1
615 465 1
615 578 1
615 727 1
615 906 1
615 1006 1
615 1166 1
615 1207 1
615 1328 1
615 1608 1
615 1645 1
615 1732 1
615 1760 1
615 1804 1
615 2007 1
615 2036 1
616 60 1
616 106 1
616 122 1
616 134 1
616 149 1
616 151 1
616 159 1
616 216 1
616 261 1
616 363 1
616 379 1
616 430 1
616 599 1
616 665 1
616 754 1
616 852 1
616 990 1
616 997 1
616 1170 1
616 1182 1
616 1183 1
616 1263 1
616 1295 1
616 1343 1
616 1372 1
616 1658 1
616 1792 1
616 1944 1
616 1960 1
617 29 1
617 358 1
617 400 1
617 496 1
617 653 1
617 768 1
617 836 1
617 928 1
617 933 1
617 940 1
617 945 1
617 1025 1
617 1350 1
617 1352 1
617 1391 1
617 1480 1
617 1650 1
617 1663 1
617 1749 1
617 1810 1
618 548 1
618 588 1
618 730 1
618 1111 1
618 1184 1
618 1508 1
618 1515 1
618 1741 1
618 1977 1
618 1986 1
619 708 1
619 1032 1
619 1057 1
619 1085 1
619 1222 1
619 1229 1
619 1241 1
619 1301 1
619 1356 1
619 1432 1
620 16 1
620 115 1
620 174 1
620 298 1
620 574 1
620 904 1
620 991 1
620 1203 1
620 1382 1
620 1431 1
620 1528 1
621 30 1
621 427 1
621 723 1
621 862 1
621 1365 1
621 1400 1
621 1758 1
621 2028 1
621 2041 1
621 2043 1
622 291 1
622 479 1
622 815 1
622 1424 1
622 1607 1
622 2025 1
624 78 1
624 156 1
624 761 1
624 1519 1
625 48 1
625 276 1
625 445 1
625 796 1
625 1715 1
625 1873 1
626 37 1
626 268 1
626 1224 1
626 1869 1
627 1389 1
627 1999 1
628 71 1
628 187 1
628 1055 1
628 1570 1
629 119 1
629 786 1
629 923 1
629 1303 1
629 1378 1
629 1415 1
629 1572 1
629 1676 1
629 1743 1
629 1918 1
630 113 1
630 568 1
630 663 1
630 680 1
630 759 1
630 805 1
630 832 1
630 859 1
630 950 1
630 958 1
630 1093 1
630 1236 1
631 38 1
631 225 1
631 288 1
631 339 1
631 521 1
631 789 1
631 1035 1
631 1192 1
631 1218 1
631 1272 1
631 1421 1
631 1670 1
631 1686 1
631 1744 1
631 1891 1
631 1945 1
631 1965 1
631 1990 1
632 104 1
632 148 1
632 177 1
632 317 1
632 431 1
632 432 1
632 506 1
632 563 1
632 611 1
632 617 1
632 729 1
632 766 1
632 770 1
632 984 1
632 1019 1
632 1141 1
632 1290 1
632 1416 1
632 1649 1
632 1708 1
632 1789 1
632 1850 1
632 1968 1
632 1988 1
633 142 1
633 290 1
633 433 1
633 554 1
633 582 1
633 664 1
633 745 1
633 860 1
633 929 1
633 951 1
633 953 1
633 1013 1
633 1104 1
633 1146 1
633 1150 1
633 1178 1
633 1220 1
633 1302 1
633 1554 1
633 1687 1
633 1797 1
633 1805 1
633 1978 1
633 2024 1
633 2031 1
634 95 1
634 128 1
634 141 1
634 204 1
634 347 1
634 624 1
634 652 1
634 861 1
634 899 1
634 987 1
634 1045 1
634 1457 1
634 1578 1
634 1626 1
634 1714 1
634 1874 1
635 105 1
635 180 1
635 222 1
635 684 1
635 758 1
635 790 1
635 932 1
635 1063 1
635 1136 1
635 1269 1
635 1270 1
635 1283 1
635 1692 1
635 1736 1
635 1768 1
635 1910 1
635 1926 1
636 245 1
636 286 1
636 819 1
636 1195 1
636 1618 1
636 1794 1
636 2032 1
637 138 1
637 577 1
637 625 1
637 1782 1
637 1840 1
637 1860 1
637 1947 1
638 1144 1
638 1267 1
638 1436 1
638 1783 1
639 1440 1
639 1617 1
640 850 1
640 1129 1
641 1646 1
642 110 1
642 1039 1
642 1279 1
642 1597 1
642 1627 1
642 1656 1
643 274 1
643 650 1
643 1143 1
643 1720 1
644 13 1
644 1060 1
644 1311 1
645 169 1
645 343 1
645 660 1
645 757 1
645 1194 1
645 1315 1
645 1451 1
645 2018 1
645 2029 1
646 90 1
646 108 1
646 304 1
646 308 1
646 371 1
646 408 1
646 458 1
646 808 1
646 1037 1
646 1098 1
646 1537 1
646 1546 1
646 1652 1
646 1653 1
646 1769 1
646 1872 1
646 1964 1
647 81 1
647 292 1
647 319 1
647 350 1
647 353 1
647 354 1
647 398 1
647 464 1
647 513 1
647 952 1
647 1028 1
647 1137 1
647 1252 1
647 1514 1
647 1529 1
647 1532 1
647 1584 1
647 1647 1
647 1787 1
647 1875 1
647 1983 1
647 2046 1
648 94 1
648 182 1
648 230 1
648 381 1
648 507 1
648 523 1
648 531 1
648 556 1
648 671 1
648 726 1
648 880 1
648 1062 1
648 1108 1
648 1153 1
648 1245 1
648 1368 1
648 1567 1
648 1605 1
648 1841 1
648 1877 1
648 1923 1
648 1984 1
648 1995 1
649 66 1
649 405 1
649 756 1
649 838 1
649 924 1
649 1084 1
649 1123 1
649 1125 1
649 1145 1
649 1208 1
649 1292 1
649 1299 1
649 1439 1
649 1459 1
649 1784 1
649 2035 1
650 6 1
650 54 1
650 117 1
650 191 1
650 581 1
650 630 1
650 719 1
650 937 1
650 992 1
650 1109 1
650 1159 1
650 1387 1
650 1494 1
650 1539 1
650 1632 1
650 1746 1
650 1974 1
650 2000 1
650 2039 1
651 532 1
651 560 1
651 598 1
651 1105 1
651 1212 1
651 1246 1
651 1452 1
651 1587 1
651 1601 1
651 1721 1
651 1844 1
651 1884 1
652 154 1
652 203 1
652 434 1
652 510 1
652 519 1
652 608 1
652 788 1
652 827 1
652 1243 1
652 1384 1
653 738 1
653 812 1
653 814 1
653 1173 1
653 1397 1
653 1474 1
653 1756 1
653 1825 1
653 1948 1
654 145 1
654 1881 1
654 1885 1
655 785 1
655 1407 1
655 1993 1
656 293 1
656 1004 1
657 1637 1
658 857 1
658 1734 1
659 586 1
659 1370 1
659 1487 1
659 1492 1
659 1560 1
660 62 1
660 835 1
660 1034 1
660 1337 1
660 1671 1
661 265 1
661 428 1
661 503 1
661 518 1
661 1318 1
661 1401 1
661 1755 1
661 1790 1
661 1950 1
662 89 1
662 163 1
662 452 1
662 474 1
662 491 1
662 558 1
662 604 1
662 712 1
662 976 1
662 1445 1
662 1497 1
662 1557 1
662 2017 1
663 65 1
663 72 1
663 454 1
663 590 1
663 602 1
663 634 1
663 800 1
663 964 1
663 969 1
663 989 1
663 1043 1
663 1096 1
663 1398 1
663 1540 1
663 1576 1
663 1852 1
663 1856 1
664 1 1
664 155 1
664 162 1
664 206 1
664 284 1
664 323 1
664 390 1
664 469 1
664 485 1
664 533 1
664 631 1
664 645 1
664 704 1
664 718 1
664 749 1
664 821 1
664 824 1
664 901 1
664 968 1
664 1010 1
664 1367 1
664 1441 1
664 1485 1
664 1517 1
664 1600 1
664 1664 1
665 111 1
665 223 1
665 248 1
665 324 1
665 442 1
665 443 1
665 490 1
665 492 1
665 725 1
665 780 1
665 1083 1
665 1090 1
665 1234 1
665 1260 1
665 1340 1
665 1392 1
665 1542 1
665 1603 1
665 1669 1
665 1748 1
665 1882 1
665 1934 1
665 1943 1
665 2006 1
666 396 1
666 468 1
666 572 1
666 636 1
666 662 1
666 739 1
666 743 1
666 855 1
666 1086 1
666 1142 1
666 1226 1
666 1319 1
666 1524 1
666 1919 1
667 247 1
667 530 1
667 567 1
667 688 1
667 772 1
667 1171 1
667 1310 1
667 1317 1
667 1351 1
667 1704 1
667 1892 1
668 98 1
668 285 1
668 463 1
668 765 1
668 962 1
668 1660 1
668 1665 1
668 1729 1
668 1737 1
668 1771 1
668 1909 1
669 40 1
669 250 1
669 382 1
669 841 1
669 1202 1
669 1611 1
669 1750 1
669 1924 1
670 282 1
670 426 1
671 12 1
671 1007 1
671 1935 1
672 84 1
672 447 1
672 938 1
673 1589 1
674 1276 1
674 1898 1
675 705 1
675 1932 1
676 92 1
676 494 1
676 1399 1
676 1684 1
677 330 1
677 536 1
677 804 1
677 1582 1
677 1795 1
677 1893 1
678 91 1
678 313 1
678 956 1
678 999 1
678 1361 1
678 1490 1
678 1596 1
678 1699 1
678 1778 1
679 175 1
679 498 1
679 541 1
679 674 1
679 905 1
679 1199 1
679 1256 1
679 1268 1
679 1309 1
679 1339 1
679 1522 1
679 1555 1
679 1625 1
679 1677 1
679 1681 1
679 2042 1
679 2048 1
680 45 1
680 74 1
680 188 1
680 201 1
680 380 1
680 394 1
680 773 1
680 892 1
680 981 1
680 1110 1
680 1205 1
680 1262 1
680 1280 1
680 1403 1
680 1448 1
680 1530 1
680 1806 1
680 1900 1
680 1929 1
680 1931 1
680 1940 1
680 2020 1
681 35 1
681 82 1
681 229 1
681 246 1
681 387 1
681 455 1
681 610 1
681 618 1
681 628 1
681 762 1
681 853 1
681 884 1
681 918 1
681 988 1
681 1249 1
681 1411 1
681 1460 1
681 1549 1
681 1574 1
681 1585 1
681 1615 1
681 1716 1
681 1833 1
681 1901 1
682 158 1
682 205 1
682 221 1
682 267 1
682 543 1
682 871 1
682 970 1
682 1046 1
682 1206 1
682 1449 1
682 1602 1
682 1620 1
682 1673 1
682 1938 1
683 185 1
683 275 1
683 277 1
683 1070 1
683 1154 1
683 1156 1
683 1158 1
683 1232 1
683 1271 1
683 1470 1
683 1593 1
684 640 1
684 849 1
684 874 1
684 955 1
684 1102 1
684 1556 1
684 1640 1
684 1836 1
684 1839 1
684 1936 1
685 795 1
686 377 1
686 583 1
686 813 1
686 1362 1
686 1512 1
686 1565 1
686 1818 1
687 516 1
687 550 1
687 782 1
687 1002 1
687 1071 1
687 1533 1
687 1619 1
688 646 1
688 679 1
689 131 1
689 847 1
689 1997 1
690 183 1
690 500 1
691 263 1
691 281 1
691 1355 1
692 488 1
692 540 1
692 740 1
692 1447 1
692 1861 1
693 3 1
693 413 1
693 834 1
693 1139 1
693 1380 1
693 1707 1
693 1815 1
693 1851 1
693 1864 1
693 1883 1
693 2001 1
694 24 1
694 171 1
694 303 1
694 403 1
694 493 1
694 587 1
694 656 1
694 697 1
694 1041 1
694 1079 1
694 1227 1
694 1363 1
694 1373 1
694 1628 1
694 1798 1
694 1913 1
695 67 1
695 121 1
695 224 1
695 235 1
695 389 1
695 415 1
695 423 1
695 453 1
695 579 1
695 677 1
695 699 1
695 724 1
695 734 1
695 778 1
695 910 1
695 1213 1
695 1217 1
695 1520 1
695 1709 1
695 1802 1
695 1920 1
695 1941 1
696 17 1
696 75 1
696 83 1
696 101 1
696 102 1
696 435 1
696 670 1
696 742 1
696 877 1
696 973 1
696 1081 1
696 1149 1
696 1255 1
696 1259 1
696 1594 1
696 1733 1
696 1915 1
696 1982 1
696 1992 1
696 2012 1
696 2030 1
697 126 1
697 172 1
697 497 1
697 544 1
697 552 1
697 593 1
697 620 1
697 682 1
697 689 1
697 873 1
697 1335 1
697 1359 1
697 1465 1
697 1563 1
697 1568 1
697 1710 1
697 1809 1
697 1813 1
697 1828 1
697 1846 1
697 2002 1
698 15 1
698 18 1
698 47 1
698 226 1
698 364 1
698 414 1
698 545 1
698 752 1
698 823 1
698 831 1
698 1115 1
698 1138 1
698 1282 1
698 1354 1
698 1688 1
698 1706 1
699 157 1
699 231 1
699 355 1
699 484 1
699 557 1
699 675 1
699 810 1
699 944 1
699 1065 1
699 1118 1
699 1395 1
699 1443 1
699 1462 1
699 1477 1
699 1503 1
699 1518 1
699 1541 1
699 1621 1
699 1767 1
699 1816 1
699 2019 1
700 242 1
700 898 1
700 1438 1
700 1728 1
700 1766 1
700 1867 1
701 10 1
701 359 1
701 444 1
701 472 1
701 571 1
701 1072 1
701 1266 1
701 1298 1
701 1430 1
701 1562 1
701 1623 1
702 629 1
702 1551 1
703 314 1
703 320 1
703 326 1
703 763 1
703 1012 1
703 1133 1
703 1747 1
703 1906 1
703 1981 1
704 337 1
704 1161 1
704 2003 1
705 678 1
705 1726 1
705 1835 1
706 107 1
706 1418 1
708 909 1
709 348 1
709 722 1
709 1238 1
709 1838 1
709 1957 1
710 68 1
710 96 1
710 198 1
710 457 1
710 473 1
710 589 1
710 1047 1
710 1092 1
710 1214 1
710 1332 1
710 1410 1
710 1414 1
710 1907 1
710 1951 1
710 2040 1
711 39 1
711 200 1
711 296 1
711 362 1
711 422 1
711 702 1
711 714 1
711 844 1
711 876 1
711 959 1
711 1021 1
711 1107 1
711 1341 1
711 1495 1
711 1531 1
711 1581 1
711 1823 1
711 1903 1
711 1954 1
712 49 1
712 150 1
712 210 1
712 211 1
712 215 1
712 508 1
712 661 1
712 779 1
712 833 1
712 843 1
712 878 1
712 995 1
712 1029 1
712 1053 1
712 1099 1
712 1193 1
712 1237 1
712 1289 1
712 1388 1
712 1504 1
712 1511 1
712 1592 1
712 1711 1
712 1826 1
712 1854 1
712 1916 1
712 2022 1
713 161 1
713 307 1
713 338 1
713 383 1
713 515 1
713 517 1
713 619 1
713 686 1
713 829 1
713 868 1
713 946 1
713 1058 1
713 1196 1
713 1210 1
713 1386 1
713 1413 1
713 1550 1
713 1583 1
713 1606 1
713 1651 1
713 1871 1
713 1888 1
713 1994 1
714 21 1
714 375 1
714 420 1
714 735 1
714 764 1
714 776 1
714 870 1
714 943 1
714 972 1
714 1059 1
714 1101 1
714 1291 1
714 1374 1
714 1774 1
714 1979 1
715 300 1
715 576 1
715 651 1
715 698 1
715 867 1
715 967 1
715 986 1
715 1040 1
715 1165 1
715 1313 1
715 1330 1
715 1814 1
715 1855 1
715 1955 1
715 1971 1
716 466 1
716 613 1
716 1228 1
716 1757 1
716 1879 1
716 1894 1
716 1897 1
717 437 1
717 632 1
717 728 1
717 1406 1
717 1446 1
718 31 1
718 179 1
718 266 1
718 993 1
718 1209 1
718 1277 1
718 1569 1
718 1821 1
718 1939 1
719 399 1
719 580 1
719 649 1
719 1325 1
719 1473 1
719 1975 1
719 2009 1
720 27 1
720 181 1
720 411 1
720 439 1
720 851 1
720 893 1
720 1450 1
721 14 1
721 109 1
721 212 1
721 639 1
721 1103 1
723 461 1
723 1558 1
723 1761 1
724 526 1
724 935 1
724 1132 1
724 1257 1
724 1379 1
724 1493 1
724 1698 1
724 1791 1
725 86 1
725 895 1
725 896 1
725 960 1
725 1435 1
725 1598 1
726 76 1
726 218 1
726 477 1
726 514 1
726 520 1
726 542 1
726 547 1
726 839 1
726 1155 1
726 1172 1
726 1763 1
726 1834 1
726 1848 1
727 167 1
727 240 1
727 569 1
727 828 1
727 848 1
727 858 1
727 883 1
727 985 1
727 1005 1
727 1023 1
727 1031 1
727 1036 1
727 1061 1
727 1327 1
727 1712 1
727 1730 1
727 1827 1
727 1959 1
728 186 1
728 252 1
728 341 1
728 509 1
728 597 1
728 916 1
728 925 1
728 930 1
728 1015 1
728 1077 1
728 1119 1
728 1157 1
728 1188 1
728 1306 1
728 1426 1
728 1573 1
728 1679 1
728 1837 1
728 1908 1
728 1925 1
728 1961 1
729 52 1
729 331 1
729 654 1
729 667 1
729 683 1
729 716 1
729 760 1
729 882 1
729 919 1
729 965 1
729 979 1
729 1106 1
729 1116 1
729 1160 1
729 1300 1
729 1336 1
729 1357 1
729 1500 1
729 1616 1
729 1635 1
729 1636 1
729 1642 1
729 1654 1
729 1666 1
729 1799 1
729 1902 1
729 1949 1
730 4 1
730 59 1
730 270 1
730 321 1
730 345 1
730 436 1
730 528 1
730 709 1
730 1068 1
730 1176 1
730 1322 1
730 1343 1
730 1479 1
730 1595 1
730 1764 1
730 1785 1
730 1890 1
730 1942 1
730 1958 1
731 93 1
731 384 1
731 525 1
731 887 1
731 917 1
731 942 1
731 1307 1
731 1502 1
731 1577 1
731 1586 1
731 1591 1
731 1822 1
731 1895 1
731 1946 1
732 197 1
732 334 1
732 487 1
732 668 1
732 685 1
732 1126 1
732 1273 1
732 1287 1
732 1329 1
732 1342 1
732 1668 1
732 1969 1
733 213 1
733 361 1
733 695 1
733 700 1
733 854 1
733 1008 1
733 1080 1
733 1254 1
733 1320 1
733 1506 1
733 1534 1
733 1985 1
733 1989 1
734 609 1
734 615 1
734 915 1
734 1483 1
734 1505 1
734 2005 1
735 280 1
735 922 1
735 1481 1
735 1507 1
735 1832 1
735 1972 1
737 100 1
737 440 1
737 755 1
737 783 1
737 872 1
737 1177 1
738 46 1
738 116 1
738 647 1
738 690 1
739 501 1
739 1314 1
740 207 1
740 1393 1
741 77 1
741 241 1
741 1321 1
741 1478 1
741 2016 1
742 42 1
742 143 1
742 196 1
742 257 1
742 342 1
742 732 1
742 1264 1
742 1552 1
742 1680 1
742 1862 1
743 147 1
743 522 1
743 559 1
743 622 1
743 633 1
743 703 1
743 830 1
743 845 1
743 963 1
743 994 1
743 1347 1
743 1696 1
743 1713 1
743 1731 1
743 1817 1
743 1927 1
744 315 1
744 418 1
744 767 1
744 803 1
744 863 1
744 903 1
744 1308 1
744 1312 1
744 1476 1
744 1513 1
744 1641 1
744 1812 1
744 1886 1
744 1889 1
744 1922 1
744 2014 1
745 8 1
745 192 1
745 209 1
745 297 1
745 318 1
745 462 1
745 596 1
745 809 1
745 820 1
745 885 1
745 1134 1
745 1244 1
745 1442 1
745 1633 1
745 1807 1
746 287 1
746 340 1
746 495 1
746 707 1
746 826 1
746 846 1
746 890 1
746 978 1
746 1067 1
746 1344 1
746 1467 1
746 1800 1
746 1956 1
746 2023 1
747 310 1
747 402 1
747 524 1
747 676 1
747 798 1
747 1151 1
747 1296 1
747 1754 1
748 164 1
748 227 1
748 228 1
748 289 1
748 295 1
748 1179 1
748 1274 1
748 1326 1
748 1417 1
748 1674 1
748 1695 1
748 1779 1
749 88 1
749 217 1
749 259 1
749 374 1
749 456 1
749 511 1
749 512 1
749 600 1
749 1042 1
749 1131 1
749 1197 1
750 365 1
750 499 1
750 736 1
750 817 1
750 1069 1
750 1486 1
750 1661 1
750 1662 1
750 1796 1
750 2048 0
