1 6 1
1 234 1
1 422 1
1 443 1
1 777 1
1 875 1
1 1143 1
1 1232 1
1 1304 1
1 1474 1
1 1915 1
2 283 1
2 660 1
2 1712 1
2 1847 1
2 2018 1
3 3 1
3 16 1
3 41 1
3 105 1
3 697 1
3 786 1
3 803 1
3 1685 1
4 22 1
4 198 1
4 1079 1
4 1547 1
4 1568 1
4 1660 1
4 1943 1
5 812 1
5 1576 1
5 2027 1
6 32 1
6 159 1
6 393 1
6 524 1
6 1179 1
6 1794 1
7 14 1
7 19 1
7 32 1
7 173 1
7 189 1
7 193 1
7 273 1
7 276 1
7 288 1
7 308 1
7 313 1
7 486 1
7 560 1
7 600 1
7 738 1
7 755 1
7 831 1
7 832 1
7 877 1
7 974 1
7 1110 1
7 1111 1
7 1365 1
7 1393 1
7 1682 1
7 1760 1
7 1779 1
7 1931 1
7 2020 1
8 11 1
8 177 1
8 258 1
8 261 1
8 319 1
8 388 1
8 526 1
8 564 1
8 655 1
8 762 1
8 806 1
8 895 1
8 932 1
8 980 1
8 984 1
8 1074 1
8 1166 1
8 1207 1
8 1252 1
8 1309 1
8 1372 1
8 1455 1
8 1471 1
8 1472 1
8 1570 1
8 1574 1
8 1618 1
8 1645 1
8 1670 1
8 1692 1
8 1700 1
8 1780 1
8 1811 1
8 1824 1
8 1850 1
8 1982 1
9 594 1
9 728 1
9 840 1
9 956 1
9 1600 1
9 1699 1
9 1818 1
9 1854 1
10 322 1
11 7 1
11 27 1
12 19 1
13 1 1
13 14 1
15 1196 1
16 18 1
17 1278 1
18 19 1
18 24 1
18 31 1
19 36 1
20 25 1
23 1 1
26 3 1
28 9 1
31 9 1
31 27 1
31 41 1
32 25 1
32 34 1
34 14 1
34 24 1
35 12 1
35 24 1
35 35 1
37 25 1
39 40 1
40 4 1
41 36 1
43 8 1
43 31 1
43 35 1
44 16 1
44 34 1
44 38 1
44 168 1
44 903 1
44 916 1
44 1505 1
44 1733 1
44 1804 1
45 22 1
45 28 1
45 37 1
45 232 1
45 506 1
45 930 1
45 1900 1
45 1944 1
45 1976 1
45 1979 1
46 29 1
46 82 1
46 226 1
46 561 1
46 815 1
46 1861 1
47 19 1
47 26 1
47 92 1
47 146 1
47 221 1
47 301 1
47 757 1
47 1005 1
47 1025 1
47 1033 1
47 1592 1
47 1635 1
47 1775 1
47 1996 1
48 3 1
48 8 1
48 18 1
48 152 1
48 188 1
48 302 1
48 505 1
48 681 1
48 972 1
48 1100 1
48 1168 1
48 1191 1
48 1546 1
48 1601 1
48 1669 1
49 2 1
49 149 1
49 619 1
49 1266 1
49 1344 1
49 1623 1
50 14 1
50 25 1
50 300 1
50 1027 1
50 1215 1
50 1540 1
51 9 1
51 33 1
52 147 1
52 978 1
52 1403 1
52 1630 1
53 12 1
54 34 1
54 38 1
55 9 1
55 31 1
55 38 1
55 963 1
55 2012 1
56 41 1
56 195 1
56 774 1
57 20 1
57 41 1
57 1021 1
58 121 1
58 1272 1
58 1371 1
58 1503 1
58 1562 1
58 1745 1
58 1905 1
58 1928 1
59 32 1
59 355 1
59 494 1
59 690 1
59 741 1
59 776 1
59 839 1
59 859 1
59 1235 1
59 1250 1
59 1262 1
59 1458 1
59 1731 1
59 1831 1
59 1966 1
59 2046 1
60 26 1
60 73 1
60 244 1
60 371 1
60 385 1
60 411 1
60 449 1
60 453 1
60 480 1
60 489 1
60 516 1
60 590 1
60 673 1
60 948 1
60 1101 1
60 1326 1
60 1374 1
60 1392 1
60 1420 1
60 1461 1
60 1463 1
60 1504 1
60 1663 1
60 1736 1
60 1737 1
60 1742 1
60 1770 1
60 1821 1
60 1875 1
60 1895 1
60 1945 1
60 1961 1
60 2034 1
61 8 1
61 81 1
61 114 1
61 243 1
61 384 1
61 517 1
61 558 1
61 613 1
61 721 1
61 744 1
61 765 1
61 882 1
61 909 1
61 998 1
61 1012 1
61 1081 1
61 1148 1
61 1255 1
61 1394 1
61 1412 1
61 1442 1
61 1465 1
61 1486 1
61 1525 1
61 1644 1
61 1823 1
61 1841 1
61 1871 1
61 1940 1
62 216 1
62 239 1
62 382 1
62 402 1
62 405 1
62 452 1
62 528 1
62 575 1
62 605 1
62 608 1
62 940 1
62 986 1
62 1017 1
62 1261 1
62 1421 1
62 1573 1
62 1662 1
62 1795 1
63 93 1
63 161 1
63 215 1
63 328 1
63 462 1
63 538 1
63 601 1
63 689 1
63 805 1
63 866 1
63 879 1
63 988 1
63 1071 1
63 1119 1
63 1146 1
63 1147 1
63 1292 1
63 1311 1
63 1329 1
63 1330 1
63 1356 1
63 1469 1
63 1481 1
63 1508 1
63 1553 1
63 1595 1
63 1655 1
63 1757 1
63 1785 1
63 1798 1
63 1990 1
64 2 1
64 15 1
64 108 1
64 135 1
64 202 1
64 253 1
64 268 1
64 490 1
64 572 1
64 670 1
64 789 1
64 820 1
64 861 1
64 1184 1
64 1327 1
65 20 1
65 29 1
65 31 1
65 53 1
65 87 1
65 292 1
65 648 1
65 717 1
65 887 1
65 1380 1
65 1409 1
65 1487 1
65 1827 1
65 1974 1
65 1998 1
66 5 1
66 30 1
66 285 1
66 870 1
66 968 1
66 1114 1
66 1866 1
66 1885 1
66 2033 1
67 128 1
67 257 1
67 497 1
67 659 1
67 787 1
67 1446 1
68 1 1
68 23 1
68 85 1
68 107 1
68 534 1
68 652 1
68 1876 1
69 190 1
69 307 1
69 1405 1
69 1680 1
69 1799 1
70 11 1
70 27 1
70 365 1
70 548 1
70 587 1
70 1055 1
70 1839 1
71 4 1
71 89 1
71 872 1
71 1416 1
72 400 1
72 830 1
72 1376 1
72 1529 1
72 1681 1
72 2040 1
73 38 1
73 71 1
73 904 1
73 1073 1
73 1137 1
73 1225 1
73 1454 1
73 1528 1
73 1665 1
73 1684 1
74 24 1
74 150 1
74 228 1
74 415 1
74 551 1
74 578 1
74 582 1
74 617 1
74 688 1
74 719 1
74 736 1
74 809 1
74 1127 1
74 1204 1
74 1253 1
74 1283 1
74 1321 1
74 1445 1
74 1453 1
74 1530 1
74 1580 1
74 1615 1
74 1642 1
74 1657 1
74 1698 1
74 1858 1
74 1924 1
74 2008 1
74 2044 1
75 19 1
75 132 1
75 153 1
75 164 1
75 181 1
75 218 1
75 224 1
75 271 1
75 291 1
75 293 1
75 315 1
75 321 1
75 353 1
75 360 1
75 406 1
75 409 1
75 424 1
75 459 1
75 475 1
75 501 1
75 522 1
75 567 1
75 644 1
75 656 1
75 782 1
75 829 1
75 845 1
75 874 1
75 898 1
75 899 1
75 901 1
75 957 1
75 967 1
75 977 1
75 1020 1
75 1051 1
75 1054 1
75 1067 1
75 1075 1
75 1118 1
75 1124 1
75 1162 1
75 1172 1
75 1197 1
75 1203 1
75 1221 1
75 1231 1
75 1236 1
75 1361 1
75 1368 1
75 1381 1
75 1439 1
75 1462 1
75 1468 1
75 1542 1
75 1559 1
75 1578 1
75 1613 1
75 1676 1
75 1714 1
75 1815 1
75 1832 1
75 1865 1
75 1899 1
75 1935 1
75 1971 1
75 1993 1
76 28 1
76 39 1
76 46 1
76 52 1
76 55 1
76 64 1
76 65 1
76 109 1
76 125 1
76 133 1
76 185 1
76 204 1
76 236 1
76 269 1
76 270 1
76 323 1
76 357 1
76 376 1
76 408 1
76 412 1
76 433 1
76 445 1
76 563 1
76 569 1
76 610 1
76 679 1
76 714 1
76 746 1
76 754 1
76 799 1
76 865 1
76 893 1
76 925 1
76 926 1
76 928 1
76 955 1
76 979 1
76 1000 1
76 1002 1
76 1028 1
76 1090 1
76 1112 1
76 1131 1
76 1199 1
76 1228 1
76 1254 1
76 1256 1
76 1258 1
76 1276 1
76 1296 1
76 1317 1
76 1347 1
76 1360 1
76 1379 1
76 1410 1
76 1419 1
76 1429 1
76 1501 1
76 1533 1
76 1538 1
76 1541 1
76 1569 1
76 1571 1
76 1583 1
76 1617 1
76 1622 1
76 1668 1
76 1675 1
76 1686 1
76 1722 1
76 1741 1
76 1762 1
76 1766 1
76 1767 1
76 1782 1
76 1800 1
76 1808 1
76 1812 1
76 1820 1
76 1853 1
76 1956 1
76 2029 1
77 51 1
77 60 1
77 74 1
77 78 1
77 110 1
77 120 1
77 141 1
77 165 1
77 183 1
77 186 1
77 208 1
77 264 1
77 274 1
77 278 1
77 295 1
77 310 1
77 327 1
77 336 1
77 460 1
77 463 1
77 525 1
77 537 1
77 583 1
77 602 1
77 647 1
77 653 1
77 696 1
77 716 1
77 723 1
77 783 1
77 790 1
77 848 1
77 883 1
77 907 1
77 934 1
77 1003 1
77 1007 1
77 1035 1
77 1058 1
77 1062 1
77 1133 1
77 1232 1
77 1234 1
77 1245 1
77 1319 1
77 1349 1
77 1448 1
77 1626 1
77 1691 1
77 1725 1
77 1727 1
77 1739 1
77 1768 1
77 1786 1
77 1801 1
77 1848 1
77 1921 1
77 1981 1
77 1984 1
77 2000 1
77 2047 1
78 13 1
78 27 1
78 72 1
78 95 1
78 99 1
78 115 1
78 124 1
78 138 1
78 155 1
78 169 1
78 196 1
78 214 1
78 233 1
78 364 1
78 437 1
78 478 1
78 589 1
78 591 1
78 666 1
78 667 1
78 705 1
78 718 1
78 725 1
78 769 1
78 793 1
78 794 1
78 801 1
78 826 1
78 854 1
78 892 1
78 913 1
78 914 1
78 953 1
78 981 1
78 1008 1
78 1009 1
78 1040 1
78 1102 1
78 1104 1
78 1135 1
78 1188 1
78 1220 1
78 1265 1
78 1302 1
78 1341 1
78 1348 1
78 1353 1
78 1386 1
78 1431 1
78 1466 1
78 1549 1
78 1557 1
78 1590 1
78 1606 1
78 1629 1
78 1649 1
78 1696 1
78 1751 1
78 1761 1
78 1778 1
78 1873 1
78 1923 1
78 1926 1
78 2007 1
79 24 1
79 38 1
79 280 1
79 316 1
79 383 1
79 392 1
79 499 1
79 502 1
79 514 1
79 631 1
79 691 1
79 706 1
79 745 1
79 842 1
79 846 1
79 959 1
79 990 1
79 991 1
79 999 1
79 1045 1
79 1125 1
79 1132 1
79 1157 1
79 1158 1
79 1286 1
79 1300 1
79 1378 1
79 1450 1
79 1519 1
79 1521 1
79 1552 1
79 1651 1
79 1666 1
79 1702 1
79 1788 1
79 1828 1
79 1864 1
79 1955 1
80 77 1
80 205 1
80 252 1
80 436 1
80 651 1
80 796 1
80 833 1
80 834 1
80 864 1
80 881 1
80 888 1
80 946 1
80 964 1
80 1024 1
80 1026 1
80 1068 1
80 1128 1
80 1274 1
80 1355 1
80 1390 1
80 1705 1
80 1776 1
80 1792 1
80 1938 1
80 1962 1
80 1986 1
80 2023 1
81 30 1
81 296 1
81 305 1
81 361 1
81 374 1
81 427 1
81 450 1
81 586 1
81 814 1
81 987 1
81 1209 1
81 1295 1
81 1350 1
81 1396 1
81 1495 1
81 1524 1
81 1597 1
81 1660 1
81 1667 1
81 1810 1
82 14 1
82 38 1
82 237 1
82 245 1
82 299 1
82 373 1
82 389 1
82 1053 1
82 1056 1
82 1116 1
82 1222 1
82 1633 1
82 1652 1
82 1672 1
82 1920 1
83 27 1
83 804 1
83 1169 1
83 1212 1
83 1426 1
83 2004 1
84 3 1
84 731 1
84 1149 1
84 1177 1
84 1206 1
84 1840 1
84 1863 1
85 1367 1
86 9 1
86 31 1
86 32 1
86 969 1
86 1922 1
87 21 1
87 468 1
87 708 1
87 1189 1
87 1565 1
87 1908 1
87 1983 1
88 15 1
88 26 1
88 222 1
88 289 1
88 345 1
88 1483 1
88 1674 1
88 1706 1
88 1837 1
89 2 1
89 10 1
89 48 1
89 59 1
89 91 1
89 126 1
89 200 1
89 246 1
89 318 1
89 329 1
89 343 1
89 346 1
89 416 1
89 439 1
89 491 1
89 535 1
89 557 1
89 621 1
89 642 1
89 700 1
89 748 1
89 889 1
89 902 1
89 941 1
89 996 1
89 1010 1
89 1050 1
89 1072 1
89 1126 1
89 1136 1
89 1161 1
89 1164 1
89 1259 1
89 1291 1
89 1297 1
89 1299 1
89 1307 1
89 1316 1
89 1345 1
89 1385 1
89 1411 1
89 1493 1
89 1587 1
89 1643 1
89 1694 1
89 1707 1
89 1708 1
89 1887 1
89 1950 1
89 1951 1
89 1987 1
89 1991 1
90 14 1
90 25 1
90 76 1
90 90 1
90 116 1
90 136 1
90 148 1
90 151 1
90 170 1
90 176 1
90 217 1
90 227 1
90 240 1
90 249 1
90 272 1
90 275 1
90 294 1
90 326 1
90 338 1
90 351 1
90 372 1
90 396 1
90 410 1
90 483 1
90 492 1
90 500 1
90 562 1
90 596 1
90 598 1
90 687 1
90 703 1
90 732 1
90 771 1
90 780 1
90 853 1
90 857 1
90 862 1
90 885 1
90 911 1
90 915 1
90 962 1
90 965 1
90 982 1
90 1004 1
90 1070 1
90 1092 1
90 1095 1
90 1113 1
90 1156 1
90 1160 1
90 1202 1
90 1210 1
90 1214 1
90 1243 1
90 1264 1
90 1270 1
90 1337 1
90 1338 1
90 1359 1
90 1362 1
90 1389 1
90 1391 1
90 1397 1
90 1399 1
90 1400 1
90 1401 1
90 1475 1
90 1491 1
90 1500 1
90 1510 1
90 1514 1
90 1522 1
90 1539 1
90 1544 1
90 1550 1
90 1577 1
90 1582 1
90 1603 1
90 1621 1
90 1634 1
90 1637 1
90 1656 1
90 1723 1
90 1724 1
90 1734 1
90 1747 1
90 1753 1
90 1772 1
90 1777 1
90 1805 1
90 1813 1
90 1833 1
90 1835 1
90 1844 1
90 1851 1
90 1869 1
90 1874 1
90 1881 1
90 1882 1
90 1889 1
90 1929 1
90 1932 1
90 1939 1
90 1946 1
90 1954 1
90 1967 1
90 2003 1
90 2039 1
91 29 1
91 57 1
91 68 1
91 79 1
91 97 1
91 111 1
91 134 1
91 139 1
91 172 1
91 179 1
91 187 1
91 242 1
91 247 1
91 254 1
91 256 1
91 259 1
91 277 1
91 281 1
91 284 1
91 337 1
91 340 1
91 352 1
91 363 1
91 377 1
91 380 1
91 386 1
91 423 1
91 426 1
91 454 1
91 465 1
91 472 1
91 507 1
91 508 1
91 510 1
91 519 1
91 527 1
91 531 1
91 532 1
91 539 1
91 549 1
91 577 1
91 584 1
91 585 1
91 595 1
91 597 1
91 599 1
91 623 1
91 626 1
91 657 1
91 665 1
91 668 1
91 674 1
91 701 1
91 704 1
91 711 1
91 743 1
91 819 1
91 822 1
91 856 1
91 880 1
91 896 1
91 900 1
91 929 1
91 936 1
91 944 1
91 954 1
91 995 1
91 1006 1
91 1011 1
91 1022 1
91 1029 1
91 1032 1
91 1041 1
91 1047 1
91 1059 1
91 1060 1
91 1061 1
91 1077 1
91 1078 1
91 1086 1
91 1097 1
91 1105 1
91 1144 1
91 1154 1
91 1165 1
91 1182 1
91 1186 1
91 1192 1
91 1205 1
91 1211 1
91 1217 1
91 1238 1
91 1242 1
91 1279 1
91 1282 1
91 1294 1
91 1382 1
91 1383 1
91 1384 1
91 1417 1
91 1440 1
91 1441 1
91 1456 1
91 1489 1
91 1492 1
91 1494 1
91 1497 1
91 1511 1
91 1520 1
91 1537 1
91 1558 1
91 1598 1
91 1599 1
91 1602 1
91 1607 1
91 1638 1
91 1673 1
91 1679 1
91 1687 1
91 1697 1
91 1709 1
91 1710 1
91 1719 1
91 1728 1
91 1748 1
91 1754 1
91 1764 1
91 1814 1
91 1834 1
91 1836 1
91 1859 1
91 1879 1
91 1886 1
91 1896 1
91 1912 1
91 1914 1
91 1919 1
91 1933 1
91 1969 1
91 1973 1
91 2010 1
91 2025 1
91 2043 1
92 23 1
92 49 1
92 70 1
92 96 1
92 103 1
92 113 1
92 166 1
92 194 1
92 206 1
92 219 1
92 229 1
92 282 1
92 286 1
92 309 1
92 356 1
92 368 1
92 381 1
92 395 1
92 441 1
92 455 1
92 456 1
92 467 1
92 469 1
92 473 1
92 477 1
92 498 1
92 504 1
92 518 1
92 521 1
92 529 1
92 544 1
92 547 1
92 556 1
92 580 1
92 604 1
92 607 1
92 609 1
92 612 1
92 615 1
92 628 1
92 635 1
92 643 1
92 663 1
92 671 1
92 684 1
92 699 1
92 713 1
92 724 1
92 730 1
92 733 1
92 734 1
92 763 1
92 766 1
92 775 1
92 797 1
92 810 1
92 813 1
92 817 1
92 825 1
92 835 1
92 841 1
92 860 1
92 873 1
92 884 1
92 924 1
92 947 1
92 949 1
92 960 1
92 976 1
92 989 1
92 1019 1
92 1043 1
92 1057 1
92 1080 1
92 1085 1
92 1106 1
92 1115 1
92 1139 1
92 1142 1
92 1151 1
92 1170 1
92 1171 1
92 1176 1
92 1183 1
92 1233 1
92 1239 1
92 1246 1
92 1293 1
92 1312 1
92 1313 1
92 1320 1
92 1354 1
92 1366 1
92 1404 1
92 1418 1
92 1422 1
92 1430 1
92 1434 1
92 1443 1
92 1449 1
92 1467 1
92 1470 1
92 1479 1
92 1488 1
92 1499 1
92 1516 1
92 1545 1
92 1579 1
92 1632 1
92 1647 1
92 1689 1
92 1717 1
92 1718 1
92 1721 1
92 1743 1
92 1744 1
92 1755 1
92 1763 1
92 1771 1
92 1774 1
92 1781 1
92 1783 1
92 1784 1
92 1787 1
92 1846 1
92 1852 1
92 1878 1
92 1880 1
92 1883 1
92 1884 1
92 1906 1
92 1936 1
92 1937 1
92 1949 1
92 1959 1
92 1972 1
92 1985 1
92 1999 1
92 2024 1
92 2035 1
92 2036 1
92 2045 1
93 63 1
93 105 1
93 129 1
93 167 1
93 171 1
93 184 1
93 211 1
93 297 1
93 317 1
93 324 1
93 347 1
93 348 1
93 354 1
93 399 1
93 432 1
93 470 1
93 474 1
93 479 1
93 484 1
93 488 1
93 554 1
93 565 1
93 611 1
93 638 1
93 639 1
93 677 1
93 680 1
93 695 1
93 750 1
93 760 1
93 785 1
93 795 1
93 800 1
93 844 1
93 850 1
93 933 1
93 1001 1
93 1014 1
93 1037 1
93 1038 1
93 1044 1
93 1049 1
93 1076 1
93 1084 1
93 1087 1
93 1098 1
93 1134 1
93 1153 1
93 1163 1
93 1167 1
93 1223 1
93 1248 1
93 1268 1
93 1280 1
93 1288 1
93 1305 1
93 1315 1
93 1324 1
93 1351 1
93 1413 1
93 1415 1
93 1423 1
93 1425 1
93 1436 1
93 1444 1
93 1447 1
93 1451 1
93 1464 1
93 1478 1
93 1498 1
93 1506 1
93 1512 1
93 1517 1
93 1531 1
93 1534 1
93 1561 1
93 1566 1
93 1572 1
93 1584 1
93 1588 1
93 1593 1
93 1594 1
93 1605 1
93 1611 1
93 1614 1
93 1628 1
93 1636 1
93 1654 1
93 1664 1
93 1703 1
93 1704 1
93 1715 1
93 1716 1
93 1732 1
93 1740 1
93 1746 1
93 1791 1
93 1796 1
93 1803 1
93 1816 1
93 1819 1
93 1867 1
93 1888 1
93 1894 1
93 1904 1
93 1977 1
93 2015 1
93 2021 1
93 2031 1
93 2037 1
93 2038 1
94 45 1
94 154 1
94 225 1
94 279 1
94 298 1
94 375 1
94 398 1
94 446 1
94 493 1
94 512 1
94 588 1
94 620 1
94 622 1
94 640 1
94 678 1
94 685 1
94 788 1
94 802 1
94 920 1
94 927 1
94 952 1
94 1018 1
94 1042 1
94 1052 1
94 1173 1
94 1190 1
94 1284 1
94 1298 1
94 1310 1
94 1395 1
94 1398 1
94 1554 1
94 1560 1
94 1619 1
94 1620 1
94 1640 1
94 1641 1
94 1688 1
94 1765 1
94 1806 1
94 1822 1
94 1845 1
94 1849 1
94 1860 1
94 1891 1
94 1925 1
94 1942 1
94 1975 1
94 1992 1
94 2006 1
94 2011 1
94 2016 1
95 3 1
95 44 1
95 62 1
95 66 1
95 86 1
95 88 1
95 234 1
95 331 1
95 362 1
95 366 1
95 370 1
95 438 1
95 457 1
95 515 1
95 550 1
95 751 1
95 753 1
95 770 1
95 827 1
95 851 1
95 867 1
95 922 1
95 938 1
95 943 1
95 1034 1
95 1121 1
95 1178 1
95 1249 1
95 1257 1
95 1271 1
95 1308 1
95 1339 1
95 1476 1
95 1586 1
95 1671 1
95 1678 1
95 1693 1
95 1756 1
95 1758 1
95 1826 1
95 1843 1
96 75 1
96 158 1
96 283 1
96 339 1
96 378 1
96 482 1
96 654 1
96 661 1
96 792 1
96 908 1
96 910 1
96 992 1
96 1138 1
96 1195 1
96 1267 1
96 1543 1
96 1659 1
96 1661 1
96 1850 1
96 1911 1
97 19 1
97 28 1
97 145 1
97 553 1
97 564 1
97 739 1
97 945 1
97 1063 1
97 1174 1
97 1185 1
97 1277 1
97 1334 1
97 1438 1
97 1459 1
97 1596 1
97 1749 1
97 1953 1
97 1958 1
98 6 1
98 102 1
98 555 1
98 574 1
98 634 1
98 649 1
98 650 1
98 897 1
98 961 1
98 980 1
98 1407 1
98 1496 1
99 10 1
99 22 1
99 61 1
99 418 1
99 712 1
99 747 1
99 778 1
99 781 1
99 942 1
99 966 1
99 1109 1
99 1490 1
100 213 1
100 428 1
100 430 1
100 435 1
100 540 1
100 571 1
100 702 1
100 808 1
100 951 1
100 1030 1
100 1103 1
100 1208 1
100 1219 1
100 1373 1
100 1427 1
100 1435 1
100 1752 1
100 1910 1
101 2 1
101 27 1
101 160 1
101 303 1
101 906 1
101 1325 1
101 1750 1
102 3 1
102 238 1
102 287 1
102 579 1
102 1094 1
102 1281 1
102 1965 1
102 2030 1
103 10 1
103 117 1
103 603 1
103 632 1
103 693 1
103 764 1
103 768 1
103 837 1
103 950 1
103 1082 1
103 1224 1
103 1240 1
103 1477 1
103 1830 1
103 1916 1
103 1978 1
103 2017 1
104 5 1
104 47 1
104 56 1
104 80 1
104 94 1
104 123 1
104 162 1
104 231 1
104 241 1
104 248 1
104 304 1
104 390 1
104 444 1
104 451 1
104 542 1
104 546 1
104 646 1
104 740 1
104 821 1
104 824 1
104 919 1
104 958 1
104 973 1
104 1015 1
104 1036 1
104 1048 1
104 1091 1
104 1108 1
104 1117 1
104 1237 1
104 1263 1
104 1328 1
104 1331 1
104 1333 1
104 1336 1
104 1433 1
104 1482 1
104 1502 1
104 1507 1
104 1589 1
104 1608 1
104 1627 1
104 1690 1
104 1711 1
104 1726 1
104 1735 1
104 1773 1
104 1797 1
104 1902 1
104 1934 1
104 2048 1
105 27 1
105 43 1
105 58 1
105 67 1
105 69 1
105 106 1
105 118 1
105 119 1
105 122 1
105 130 1
105 131 1
105 144 1
105 175 1
105 192 1
105 199 1
105 212 1
105 220 1
105 230 1
105 265 1
105 267 1
105 290 1
105 306 1
105 312 1
105 325 1
105 330 1
105 332 1
105 358 1
105 391 1
105 393 1
105 404 1
105 417 1
105 419 1
105 447 1
105 471 1
105 503 1
105 511 1
105 520 1
105 559 1
105 576 1
105 581 1
105 606 1
105 614 1
105 624 1
105 636 1
105 645 1
105 658 1
105 672 1
105 676 1
105 682 1
105 686 1
105 692 1
105 694 1
105 698 1
105 709 1
105 749 1
105 758 1
105 759 1
105 772 1
105 791 1
105 828 1
105 836 1
105 838 1
105 847 1
105 852 1
105 855 1
105 868 1
105 876 1
105 886 1
105 912 1
105 918 1
105 937 1
105 971 1
105 993 1
105 997 1
105 1089 1
105 1099 1
105 1107 1
105 1129 1
105 1130 1
105 1143 1
105 1145 1
105 1152 1
105 1159 1
105 1181 1
105 1198 1
105 1213 1
105 1216 1
105 1227 1
105 1241 1
105 1244 1
105 1247 1
105 1269 1
105 1275 1
105 1306 1
105 1318 1
105 1342 1
105 1363 1
105 1364 1
105 1369 1
105 1370 1
105 1375 1
105 1377 1
105 1388 1
105 1402 1
105 1432 1
105 1457 1
105 1473 1
105 1509 1
105 1513 1
105 1515 1
105 1523 1
105 1532 1
105 1563 1
105 1564 1
105 1567 1
105 1609 1
105 1631 1
105 1646 1
105 1648 1
105 1677 1
105 1712 1
105 1759 1
105 1789 1
105 1790 1
105 1809 1
105 1817 1
105 1838 1
105 1855 1
105 1877 1
105 1893 1
105 1898 1
105 1909 1
105 1917 1
105 1918 1
105 1948 1
105 1957 1
105 1963 1
105 1980 1
105 2014 1
105 2018 1
105 2041 1
106 17 1
106 50 1
106 54 1
106 98 1
106 100 1
106 101 1
106 137 1
106 142 1
106 143 1
106 197 1
106 203 1
106 207 1
106 209 1
106 210 1
106 223 1
106 235 1
106 250 1
106 251 1
106 260 1
106 266 1
106 314 1
106 320 1
106 334 1
106 344 1
106 367 1
106 387 1
106 394 1
106 401 1
106 413 1
106 414 1
106 420 1
106 421 1
106 422 1
106 425 1
106 434 1
106 442 1
106 448 1
106 458 1
106 464 1
106 466 1
106 476 1
106 495 1
106 509 1
106 513 1
106 526 1
106 533 1
106 541 1
106 543 1
106 552 1
106 568 1
106 593 1
106 618 1
106 625 1
106 633 1
106 637 1
106 641 1
106 662 1
106 697 1
106 720 1
106 722 1
106 726 1
106 727 1
106 737 1
106 742 1
106 761 1
106 773 1
106 786 1
106 807 1
106 816 1
106 831 1
106 843 1
106 858 1
106 875 1
106 917 1
106 931 1
106 932 1
106 935 1
106 975 1
106 994 1
106 1013 1
106 1066 1
106 1083 1
106 1093 1
106 1096 1
106 1111 1
106 1120 1
106 1122 1
106 1123 1
106 1140 1
106 1166 1
106 1175 1
106 1180 1
106 1218 1
106 1226 1
106 1251 1
106 1273 1
106 1287 1
106 1289 1
106 1301 1
106 1314 1
106 1323 1
106 1340 1
106 1343 1
106 1387 1
106 1406 1
106 1414 1
106 1424 1
106 1437 1
106 1480 1
106 1484 1
106 1518 1
106 1547 1
106 1548 1
106 1551 1
106 1556 1
106 1575 1
106 1585 1
106 1612 1
106 1616 1
106 1624 1
106 1625 1
106 1650 1
106 1682 1
106 1695 1
106 1701 1
106 1738 1
106 1793 1
106 1794 1
106 1842 1
106 1856 1
106 1857 1
106 1862 1
106 1892 1
106 1897 1
106 1903 1
106 1907 1
106 1927 1
106 1930 1
106 1952 1
106 1960 1
106 1968 1
106 1982 1
106 1995 1
106 1997 1
106 2002 1
106 2009 1
106 2013 1
106 2028 1
107 3 1
107 14 1
107 42 1
107 83 1
107 156 1
107 174 1
107 180 1
107 182 1
107 255 1
107 311 1
107 333 1
107 342 1
107 349 1
107 350 1
107 440 1
107 481 1
107 485 1
107 486 1
107 487 1
107 496 1
107 536 1
107 566 1
107 600 1
107 627 1
107 629 1
107 664 1
107 669 1
107 683 1
107 707 1
107 728 1
107 756 1
107 762 1
107 779 1
107 798 1
107 806 1
107 863 1
107 871 1
107 877 1
107 878 1
107 895 1
107 921 1
107 970 1
107 983 1
107 985 1
107 1046 1
107 1064 1
107 1065 1
107 1069 1
107 1110 1
107 1141 1
107 1193 1
107 1201 1
107 1229 1
107 1230 1
107 1285 1
107 1335 1
107 1357 1
107 1452 1
107 1485 1
107 1526 1
107 1536 1
107 1555 1
107 1568 1
107 1591 1
107 1604 1
107 1610 1
107 1653 1
107 1683 1
107 1713 1
107 1720 1
107 1779 1
107 1802 1
107 1825 1
107 1847 1
107 1868 1
107 1872 1
107 1941 1
107 1964 1
107 1989 1
107 1994 1
107 2001 1
107 2020 1
107 2022 1
107 2026 1
107 2042 1
108 24 1
108 40 1
108 84 1
108 104 1
108 112 1
108 127 1
108 140 1
108 157 1
108 163 1
108 191 1
108 273 1
108 308 1
108 313 1
108 319 1
108 341 1
108 369 1
108 379 1
108 397 1
108 407 1
108 429 1
108 461 1
108 523 1
108 524 1
108 545 1
108 592 1
108 630 1
108 660 1
108 710 1
108 729 1
108 735 1
108 752 1
108 767 1
108 777 1
108 812 1
108 869 1
108 890 1
108 891 1
108 894 1
108 923 1
108 939 1
108 1039 1
108 1187 1
108 1207 1
108 1290 1
108 1332 1
108 1372 1
108 1471 1
108 1472 1
108 1527 1
108 1535 1
108 1576 1
108 1692 1
108 1730 1
108 1769 1
108 1970 1
108 2005 1
108 2019 1
108 2027 1
109 33 1
109 177 1
109 201 1
109 431 1
109 570 1
109 573 1
109 715 1
109 1031 1
109 1309 1
109 1393 1
109 1408 1
109 1460 1
109 1870 1
109 1901 1
109 1931 1
110 198 1
110 530 1
110 1023 1
110 1474 1
110 1811 1
110 1943 1
111 9 1
111 12 1
111 13 1
111 335 1
111 755 1
111 1150 1
111 1729 1
111 1947 1
112 13 1
112 19 1
112 675 1
112 738 1
112 1352 1
112 1658 1
112 1913 1
113 23 1
113 193 1
113 263 1
113 1574 1
114 20 1
114 616 1
114 784 1
114 818 1
114 2032 1
115 5 1
115 11 1
115 24 1
115 832 1
115 984 1
115 1304 1
115 1322 1
115 1455 1
115 1639 1
115 1685 1
115 1807 1
115 1915 1
116 15 1
116 39 1
116 403 1
116 1155 1
116 1829 1
117 3 1
117 173 1
117 261 1
117 560 1
117 803 1
117 1088 1
117 1194 1
117 1200 1
117 1670 1
117 1988 1
118 11 1
118 24 1
118 39 1
118 159 1
118 178 1
118 189 1
118 262 1
118 288 1
118 443 1
118 594 1
118 811 1
118 823 1
118 849 1
118 1074 1
118 1179 1
118 1581 1
118 1600 1
118 1645 1
118 1760 1
119 322 1
119 655 1
119 840 1
119 956 1
119 974 1
119 1079 1
119 1196 1
119 1346 1
119 1365 1
119 1618 1
119 1699 1
119 1700 1
119 1780 1
119 1824 1
120 2 1
120 258 1
120 276 1
120 388 1
120 1278 1
120 1303 1
120 1358 1
120 1570 1
120 1818 1
120 1854 1
121 13 1
121 15 1
121 30 1
121 1252 1
121 1260 1
122 12 1
122 1016 1
123 15 1
124 7 1
124 24 1
125 10 1
125 31 1
125 1890 1
126 21 1
127 40 1
128 4 1
129 7 1
129 20 1
130 28 1
130 29 1
130 41 1
131 13 1
131 40 1
133 28 1
134 9 1
134 16 1
135 5 1
135 10 1
136 4 1
138 14 1
138 23 1
139 5 1
141 24 1
142 41 1
142 1623 1
144 39 1
144 505 1
145 30 1
145 815 1
145 1027 1
146 17 1
146 561 1
147 38 1
148 21 1
148 40 1
148 903 1
148 905 1
149 23 1
149 302 1
149 1546 1
150 16 1
150 73 1
150 590 1
150 1392 1
150 1737 1
150 1804 1
150 1971 1
150 1976 1
151 301 1
151 774 1
151 930 1
151 940 1
151 963 1
151 1058 1
151 1996 1
152 168 1
153 152 1
153 1148 1
154 289 1
154 368 1
155 1429 1
155 2046 1
156 188 1
156 1266 1
156 1283 1
156 1630 1
157 107 1
157 161 1
157 460 1
158 82 1
158 681 1
158 741 1
158 1428 1
158 1644 1
158 1795 1
159 72 1
159 300 1
159 382 1
159 953 1
159 1400 1
159 1613 1
159 1858 1
159 1885 1
160 93 1
160 232 1
160 538 1
160 558 1
160 613 1
160 717 1
160 744 1
160 909 1
160 1262 1
160 1525 1
160 1573 1
160 1905 1
160 2015 1
161 114 1
161 195 1
161 371 1
161 597 1
161 690 1
161 776 1
161 833 1
161 857 1
161 986 1
161 1114 1
161 1463 1
161 1731 1
161 1757 1
161 1775 1
161 1831 1
161 2012 1
161 2033 1
162 71 1
162 141 1
162 226 1
162 516 1
162 578 1
162 626 1
162 638 1
162 644 1
162 771 1
162 914 1
162 941 1
162 1059 1
162 1085 1
162 1118 1
162 1204 1
162 1231 1
162 1250 1
162 1292 1
162 1296 1
162 1353 1
162 1380 1
162 1394 1
162 1442 1
162 1487 1
162 1505 1
162 1684 1
162 1698 1
162 1998 1
163 53 1
163 87 1
163 294 1
163 298 1
163 453 1
163 544 1
163 569 1
163 617 1
163 651 1
163 652 1
163 657 1
163 822 1
163 882 1
163 926 1
163 998 1
163 1000 1
163 1012 1
163 1061 1
163 1100 1
163 1132 1
163 1403 1
163 1405 1
163 1588 1
163 1742 1
163 1766 1
163 1785 1
163 1821 1
163 2023 1
163 2029 1
163 2034 1
164 90 1
164 125 1
164 126 1
164 183 1
164 271 1
164 277 1
164 374 1
164 587 1
164 746 1
164 765 1
164 856 1
164 887 1
164 989 1
164 1137 1
164 1284 1
164 1345 1
164 1469 1
164 1522 1
164 1540 1
164 1561 1
164 1571 1
164 1576 1
164 1823 1
164 1899 1
164 2011 1
164 2040 1
165 108 1
165 174 1
165 278 1
165 343 1
165 420 1
165 489 1
165 688 1
165 902 1
165 968 1
165 1097 1
165 1101 1
165 1254 1
165 1270 1
165 1272 1
165 1348 1
165 1366 1
165 1402 1
165 1533 1
165 1733 1
165 1803 1
165 1827 1
165 1873 1
165 1920 1
165 1990 1
166 455 1
166 551 1
166 605 1
166 754 1
166 839 1
166 842 1
166 967 1
166 1060 1
166 1164 1
166 1326 1
166 1368 1
166 1454 1
166 1486 1
166 1508 1
166 1580 1
166 1595 1
166 1602 1
166 1615 1
166 1863 1
166 1875 1
166 1900 1
166 1945 1
166 1991 1
166 2002 1
167 52 1
167 309 1
167 608 1
167 710 1
167 747 1
167 854 1
167 1028 1
167 1049 1
167 1138 1
167 1235 1
167 1439 1
167 1736 1
167 1761 1
167 1833 1
168 253 1
168 355 1
168 494 1
168 537 1
168 701 1
168 892 1
168 1168 1
169 462 1
169 988 1
169 1008 1
169 1095 1
169 1503 1
169 1715 1
170 402 1
170 736 1
171 292 1
171 315 1
171 504 1
171 604 1
171 1006 1
171 1225 1
172 153 1
172 233 1
172 268 1
172 1007 1
172 1694 1
173 18 1
173 805 1
173 872 1
173 1215 1
173 1221 1
173 1746 1
173 1940 1
174 121 1
174 190 1
174 409 1
174 480 1
174 689 1
174 725 1
174 901 1
174 955 1
174 1714 1
174 1782 1
175 147 1
175 150 1
175 270 1
175 405 1
175 471 1
175 582 1
175 719 1
175 972 1
175 1009 1
175 1071 1
175 1081 1
175 1255 1
175 1258 1
175 1261 1
175 1374 1
175 1468 1
175 1481 1
175 1529 1
175 1601 1
175 1800 1
175 1853 1
176 81 1
176 95 1
176 128 1
176 135 1
176 139 1
176 215 1
176 216 1
176 236 1
176 243 1
176 282 1
176 291 1
176 293 1
176 321 1
176 328 1
176 359 1
176 384 1
176 411 1
176 433 1
176 483 1
176 517 1
176 647 1
176 670 1
176 830 1
176 859 1
176 874 1
176 883 1
176 913 1
176 1003 1
176 1020 1
176 1067 1
176 1090 1
176 1102 1
176 1116 1
176 1135 1
176 1161 1
176 1184 1
176 1232 1
176 1236 1
176 1274 1
176 1316 1
176 1356 1
176 1371 1
176 1376 1
176 1379 1
176 1448 1
176 1465 1
176 1496 1
176 1528 1
176 1559 1
176 1592 1
176 1635 1
176 1642 1
176 1662 1
176 1722 1
176 1723 1
176 1815 1
176 1835 1
176 1861 1
176 1876 1
176 1895 1
176 1924 1
176 1939 1
176 1944 1
176 1961 1
176 1979 1
176 1986 1
176 2007 1
177 43 1
177 51 1
177 74 1
177 76 1
177 85 1
177 86 1
177 89 1
177 120 1
177 155 1
177 164 1
177 165 1
177 181 1
177 185 1
177 221 1
177 224 1
177 228 1
177 264 1
177 269 1
177 285 1
177 307 1
177 353 1
177 361 1
177 364 1
177 412 1
177 415 1
177 427 1
177 452 1
177 468 1
177 490 1
177 525 1
177 548 1
177 656 1
177 659 1
177 667 1
177 696 1
177 769 1
177 782 1
177 790 1
177 799 1
177 893 1
177 898 1
177 899 1
177 907 1
177 916 1
177 928 1
177 946 1
177 979 1
177 981 1
177 1010 1
177 1017 1
177 1019 1
177 1035 1
177 1142 1
177 1149 1
177 1191 1
177 1199 1
177 1203 1
177 1209 1
177 1299 1
177 1317 1
177 1344 1
177 1349 1
177 1385 1
177 1397 1
177 1410 1
177 1412 1
177 1445 1
177 1483 1
177 1504 1
177 1538 1
177 1553 1
177 1557 1
177 1569 1
177 1583 1
177 1599 1
177 1638 1
177 1666 1
177 1725 1
177 1727 1
177 1745 1
177 1778 1
177 1820 1
177 1839 1
177 1841 1
177 1851 1
177 2004 1
177 2008 1
177 2038 1
178 37 1
178 46 1
178 60 1
178 77 1
178 91 1
178 97 1
178 99 1
178 109 1
178 170 1
178 186 1
178 187 1
178 204 1
178 286 1
178 323 1
178 329 1
178 354 1
178 376 1
178 385 1
178 399 1
178 410 1
178 479 1
178 514 1
178 527 1
178 549 1
178 567 1
178 583 1
178 591 1
178 598 1
178 635 1
178 648 1
178 691 1
178 718 1
178 724 1
178 748 1
178 775 1
178 793 1
178 817 1
178 861 1
178 867 1
178 870 1
178 879 1
178 987 1
178 999 1
178 1018 1
178 1025 1
178 1032 1
178 1033 1
178 1037 1
178 1070 1
178 1073 1
178 1076 1
178 1104 1
178 1125 1
178 1146 1
178 1162 1
178 1172 1
178 1177 1
178 1197 1
178 1206 1
178 1220 1
178 1222 1
178 1259 1
178 1265 1
178 1291 1
178 1321 1
178 1327 1
178 1330 1
178 1341 1
178 1359 1
178 1375 1
178 1399 1
178 1409 1
178 1416 1
178 1423 1
178 1542 1
178 1578 1
178 1614 1
178 1629 1
178 1655 1
178 1657 1
178 1676 1
178 1681 1
178 1686 1
178 1693 1
178 1702 1
178 1705 1
178 1710 1
178 1719 1
178 1740 1
178 1748 1
178 1770 1
178 1783 1
178 1792 1
178 1809 1
178 1812 1
178 1832 1
178 1848 1
178 1866 1
178 1902 1
178 1922 1
178 1928 1
178 1938 1
178 1956 1
178 1962 1
178 1973 1
178 1975 1
178 1981 1
178 2016 1
179 64 1
179 65 1
179 92 1
179 196 1
179 214 1
179 252 1
179 310 1
179 357 1
179 365 1
179 424 1
179 436 1
179 497 1
179 506 1
179 522 1
179 589 1
179 610 1
179 649 1
179 666 1
179 680 1
179 732 1
179 739 1
179 802 1
179 804 1
179 819 1
179 820 1
179 834 1
179 835 1
179 889 1
179 949 1
179 969 1
179 990 1
179 1014 1
179 1026 1
179 1055 1
179 1136 1
179 1242 1
179 1355 1
179 1398 1
179 1446 1
179 1458 1
179 1477 1
179 1495 1
179 1514 1
179 1530 1
179 1541 1
179 1552 1
179 1565 1
179 1649 1
179 1652 1
179 1660 1
179 1667 1
179 1744 1
179 1788 1
179 1801 1
179 1816 1
179 1822 1
179 1908 1
179 1966 1
179 2000 1
180 61 1
180 84 1
180 132 1
180 148 1
180 149 1
180 207 1
180 213 1
180 217 1
180 295 1
180 316 1
180 336 1
180 345 1
180 346 1
180 395 1
180 400 1
180 418 1
180 437 1
180 463 1
180 475 1
180 491 1
180 509 1
180 547 1
180 572 1
180 581 1
180 602 1
180 628 1
180 642 1
180 800 1
180 841 1
180 848 1
180 933 1
180 934 1
180 959 1
180 965 1
180 1024 1
180 1043 1
180 1050 1
180 1051 1
180 1062 1
180 1112 1
180 1115 1
180 1133 1
180 1169 1
180 1282 1
180 1311 1
180 1329 1
180 1396 1
180 1420 1
180 1421 1
180 1449 1
180 1459 1
180 1480 1
180 1489 1
180 1521 1
180 1534 1
180 1558 1
180 1560 1
180 1584 1
180 1598 1
180 1606 1
180 1620 1
180 1654 1
180 1668 1
180 1708 1
180 1776 1
180 1786 1
180 1837 1
180 1840 1
180 1878 1
180 1912 1
180 1977 1
180 1987 1
181 129 1
181 169 1
181 260 1
181 438 1
181 714 1
181 743 1
181 750 1
181 846 1
181 948 1
181 977 1
181 1005 1
181 1075 1
181 1109 1
181 1189 1
181 1208 1
181 1228 1
181 1301 1
181 1381 1
181 1382 1
181 1419 1
181 1466 1
181 1501 1
181 1622 1
181 1808 1
181 1923 1
181 1926 1
181 1933 1
181 2014 1
181 2048 1
182 202 1
182 280 1
182 313 1
182 695 1
182 731 1
182 733 1
182 734 1
182 813 1
182 829 1
182 904 1
182 1036 1
182 1078 1
182 1663 1
182 1765 1
183 138 1
183 275 1
183 318 1
183 449 1
183 704 1
183 808 1
183 1021 1
183 1361 1
183 1651 1
183 1696 1
183 1883 1
183 1887 1
183 1955 1
183 2017 1
184 1300 1
184 1772 1
185 57 1
185 62 1
185 326 1
185 331 1
185 472 1
185 1054 1
185 1302 1
185 1411 1
185 1768 1
186 42 1
186 287 1
186 619 1
186 996 1
186 1461 1
186 1799 1
186 1941 1
186 1946 1
187 80 1
187 573 1
187 1607 1
188 218 1
188 383 1
188 1223 1
188 1513 1
188 1983 1
189 239 1
189 327 1
189 360 1
189 421 1
189 723 1
189 757 1
189 801 1
189 809 1
189 885 1
189 1119 1
189 1276 1
189 1288 1
189 1562 1
189 1680 1
189 1687 1
189 1798 1
189 1984 1
190 55 1
190 110 1
190 133 1
190 146 1
190 244 1
190 254 1
190 299 1
190 317 1
190 459 1
190 502 1
190 534 1
190 575 1
190 601 1
190 745 1
190 789 1
190 794 1
190 796 1
190 915 1
190 1002 1
190 1004 1
190 1127 1
190 1144 1
190 1147 1
190 1158 1
190 1165 1
190 1293 1
190 1319 1
190 1347 1
190 1378 1
190 1389 1
190 1395 1
190 1417 1
190 1590 1
190 1621 1
190 1669 1
190 1724 1
190 1762 1
190 1921 1
190 2047 1
191 58 1
191 105 1
191 115 1
191 124 1
191 134 1
191 136 1
191 208 1
191 225 1
191 296 1
191 337 1
191 352 1
191 362 1
191 398 1
191 406 1
191 428 1
191 445 1
191 465 1
191 470 1
191 477 1
191 478 1
191 580 1
191 585 1
191 596 1
191 673 1
191 677 1
191 685 1
191 708 1
191 716 1
191 721 1
191 766 1
191 787 1
191 814 1
191 860 1
191 881 1
191 884 1
191 920 1
191 954 1
191 964 1
191 978 1
191 997 1
191 1029 1
191 1045 1
191 1072 1
191 1131 1
191 1188 1
191 1234 1
191 1238 1
191 1248 1
191 1264 1
191 1297 1
191 1351 1
191 1388 1
191 1441 1
191 1450 1
191 1453 1
191 1491 1
191 1497 1
191 1500 1
191 1524 1
191 1549 1
191 1550 1
191 1554 1
191 1632 1
191 1633 1
191 1665 1
191 1675 1
191 1689 1
191 1691 1
191 1706 1
191 1707 1
191 1716 1
191 1791 1
191 1805 1
191 1810 1
191 1836 1
191 1852 1
191 1859 1
191 1864 1
191 1865 1
191 1871 1
191 1884 1
191 1954 1
191 1974 1
191 1993 1
192 35 1
192 36 1
192 59 1
192 70 1
192 79 1
192 96 1
192 211 1
192 219 1
192 237 1
192 246 1
192 247 1
192 249 1
192 257 1
192 259 1
192 274 1
192 284 1
192 370 1
192 372 1
192 373 1
192 380 1
192 386 1
192 392 1
192 408 1
192 416 1
192 426 1
192 450 1
192 454 1
192 456 1
192 492 1
192 501 1
192 503 1
192 508 1
192 510 1
192 512 1
192 529 1
192 532 1
192 539 1
192 563 1
192 588 1
192 599 1
192 631 1
192 643 1
192 653 1
192 665 1
192 668 1
192 679 1
192 687 1
192 700 1
192 705 1
192 711 1
192 713 1
192 730 1
192 763 1
192 780 1
192 783 1
192 785 1
192 788 1
192 810 1
192 826 1
192 845 1
192 853 1
192 865 1
192 866 1
192 880 1
192 888 1
192 900 1
192 911 1
192 945 1
192 960 1
192 962 1
192 982 1
192 991 1
192 995 1
192 1011 1
192 1041 1
192 1056 1
192 1068 1
192 1077 1
192 1086 1
192 1092 1
192 1113 1
192 1124 1
192 1126 1
192 1157 1
192 1176 1
192 1183 1
192 1186 1
192 1212 1
192 1245 1
192 1253 1
192 1280 1
192 1295 1
192 1298 1
192 1307 1
192 1308 1
192 1324 1
192 1337 1
192 1367 1
192 1383 1
192 1384 1
192 1390 1
192 1391 1
192 1401 1
192 1407 1
192 1426 1
192 1430 1
192 1436 1
192 1443 1
192 1451 1
192 1462 1
192 1467 1
192 1470 1
192 1475 1
192 1493 1
192 1494 1
192 1506 1
192 1512 1
192 1519 1
192 1544 1
192 1545 1
192 1577 1
192 1579 1
192 1587 1
192 1597 1
192 1628 1
192 1634 1
192 1637 1
192 1656 1
192 1661 1
192 1673 1
192 1679 1
192 1697 1
192 1717 1
192 1718 1
192 1728 1
192 1753 1
192 1771 1
192 1781 1
192 1819 1
192 1869 1
192 1879 1
192 1880 1
192 1882 1
192 1886 1
192 1888 1
192 1889 1
192 1914 1
192 1932 1
192 1951 1
192 1985 1
192 2003 1
192 2006 1
192 2024 1
192 2025 1
192 2039 1
192 2043 1
192 2044 1
193 44 1
193 45 1
193 50 1
193 56 1
193 66 1
193 68 1
193 151 1
193 166 1
193 179 1
193 200 1
193 205 1
193 240 1
193 241 1
193 256 1
193 265 1
193 272 1
193 283 1
193 305 1
193 320 1
193 324 1
193 347 1
193 351 1
193 363 1
193 375 1
193 396 1
193 423 1
193 432 1
193 439 1
193 467 1
193 469 1
193 473 1
193 493 1
193 498 1
193 499 1
193 507 1
193 511 1
193 515 1
193 518 1
193 519 1
193 521 1
193 593 1
193 612 1
193 661 1
193 684 1
193 699 1
193 706 1
193 751 1
193 797 1
193 827 1
193 910 1
193 938 1
193 942 1
193 943 1
193 952 1
193 957 1
193 1034 1
193 1042 1
193 1044 1
193 1047 1
193 1063 1
193 1084 1
193 1087 1
193 1105 1
193 1122 1
193 1154 1
193 1156 1
193 1159 1
193 1173 1
193 1175 1
193 1182 1
193 1192 1
193 1211 1
193 1217 1
193 1239 1
193 1243 1
193 1268 1
193 1279 1
193 1360 1
193 1362 1
193 1404 1
193 1422 1
193 1425 1
193 1431 1
193 1440 1
193 1447 1
193 1499 1
193 1531 1
193 1536 1
193 1539 1
193 1582 1
193 1603 1
193 1617 1
193 1674 1
193 1732 1
193 1751 1
193 1764 1
193 1767 1
193 1774 1
193 1787 1
193 1790 1
193 1796 1
193 1806 1
193 1844 1
193 1896 1
193 1904 1
193 1934 1
193 1935 1
193 1936 1
193 1937 1
193 1950 1
193 1969 1
193 1972 1
193 2010 1
193 2021 1
193 2030 1
194 47 1
194 48 1
194 94 1
194 111 1
194 130 1
194 145 1
194 156 1
194 194 1
194 222 1
194 229 1
194 281 1
194 303 1
194 339 1
194 340 1
194 348 1
194 356 1
194 369 1
194 377 1
194 414 1
194 442 1
194 474 1
194 482 1
194 500 1
194 528 1
194 541 1
194 571 1
194 579 1
194 592 1
194 620 1
194 621 1
194 639 1
194 682 1
194 703 1
194 760 1
194 770 1
194 781 1
194 844 1
194 873 1
194 906 1
194 944 1
194 947 1
194 958 1
194 1080 1
194 1093 1
194 1103 1
194 1106 1
194 1120 1
194 1190 1
194 1233 1
194 1246 1
194 1256 1
194 1286 1
194 1315 1
194 1338 1
194 1354 1
194 1386 1
194 1415 1
194 1478 1
194 1510 1
194 1537 1
194 1567 1
194 1572 1
194 1586 1
194 1589 1
194 1605 1
194 1611 1
194 1640 1
194 1647 1
194 1709 1
194 1721 1
194 1726 1
194 1739 1
194 1743 1
194 1747 1
194 1752 1
194 1754 1
194 1828 1
194 1845 1
194 1850 1
194 1891 1
194 1967 1
194 1992 1
194 2037 1
195 75 1
195 103 1
195 137 1
195 171 1
195 172 1
195 176 1
195 234 1
195 245 1
195 390 1
195 404 1
195 430 1
195 441 1
195 523 1
195 531 1
195 555 1
195 556 1
195 634 1
195 640 1
195 654 1
195 658 1
195 675 1
195 678 1
195 825 1
195 831 1
195 918 1
195 925 1
195 975 1
195 993 1
195 1040 1
195 1145 1
195 1160 1
195 1251 1
195 1294 1
195 1325 1
195 1433 1
195 1464 1
195 1492 1
195 1507 1
195 1517 1
195 1594 1
195 1641 1
195 1713 1
195 1763 1
195 1773 1
195 1777 1
195 1814 1
195 1846 1
195 1943 1
195 1994 1
195 2035 1
196 167 1
196 304 1
196 381 1
196 401 1
196 447 1
196 488 1
196 576 1
196 586 1
196 618 1
196 625 1
196 864 1
196 875 1
196 936 1
196 1108 1
196 1170 1
196 1219 1
196 1241 1
196 1313 1
196 1434 1
196 1516 1
196 1575 1
196 1585 1
196 1624 1
196 1703 1
196 1826 1
196 1919 1
196 2036 1
197 140 1
197 175 1
197 227 1
197 554 1
197 636 1
197 686 1
197 753 1
197 764 1
197 912 1
197 924 1
197 976 1
197 1143 1
197 1202 1
197 1216 1
197 1263 1
197 1320 1
197 1414 1
197 1435 1
197 1474 1
197 1479 1
197 1593 1
197 1849 1
197 1874 1
197 1953 1
197 1958 1
197 1995 1
197 2045 1
198 154 1
198 250 1
198 279 1
198 391 1
198 457 1
198 609 1
198 674 1
198 712 1
198 778 1
198 1167 1
198 1171 1
198 1205 1
198 1226 1
198 1704 1
199 158 1
199 220 1
199 338 1
199 1151 1
199 1664 1
199 1834 1
199 1999 1
200 266 1
200 290 1
200 484 1
200 837 1
200 1350 1
200 1581 1
200 1690 1
200 1881 1
201 63 1
201 349 1
201 557 1
201 896 1
202 78 1
202 210 1
202 1153 1
202 1566 1
203 212 1
203 550 1
203 606 1
203 1275 1
203 1305 1
203 1437 1
203 1643 1
203 1741 1
203 1755 1
204 646 1
204 1128 1
204 1163 1
204 1520 1
204 1608 1
204 1930 1
204 1963 1
205 49 1
205 116 1
205 157 1
205 366 1
205 535 1
205 562 1
205 564 1
205 577 1
205 603 1
205 615 1
205 623 1
205 671 1
205 676 1
205 740 1
205 851 1
205 862 1
205 950 1
205 1030 1
205 1052 1
205 1053 1
205 1082 1
205 1139 1
205 1174 1
205 1210 1
205 1214 1
205 1249 1
205 1267 1
205 1281 1
205 1312 1
205 1418 1
205 1438 1
205 1456 1
205 1488 1
205 1490 1
205 1498 1
205 1678 1
205 1749 1
205 1758 1
205 1813 1
205 1894 1
205 1906 1
205 1918 1
205 1929 1
206 1 1
206 6 1
206 8 1
206 54 1
206 69 1
206 101 1
206 102 1
206 113 1
206 144 1
206 184 1
206 197 1
206 242 1
206 248 1
206 308 1
206 334 1
206 387 1
206 389 1
206 422 1
206 444 1
206 446 1
206 451 1
206 495 1
206 540 1
206 546 1
206 565 1
206 574 1
206 584 1
206 595 1
206 607 1
206 611 1
206 622 1
206 692 1
206 702 1
206 768 1
206 791 1
206 792 1
206 795 1
206 824 1
206 828 1
206 850 1
206 897 1
206 908 1
206 922 1
206 927 1
206 929 1
206 951 1
206 971 1
206 1022 1
206 1038 1
206 1048 1
206 1057 1
206 1066 1
206 1094 1
206 1099 1
206 1107 1
206 1134 1
206 1218 1
206 1240 1
206 1333 1
206 1369 1
206 1413 1
206 1473 1
206 1502 1
206 1509 1
206 1532 1
206 1543 1
206 1556 1
206 1564 1
206 1619 1
206 1636 1
206 1646 1
206 1650 1
206 1659 1
206 1672 1
206 1677 1
206 1688 1
206 1735 1
206 1756 1
206 1784 1
206 1867 1
206 1877 1
206 1893 1
206 1910 1
206 1925 1
206 1949 1
206 1957 1
206 2022 1
206 2041 1
207 88 1
207 98 1
207 117 1
207 123 1
207 160 1
207 162 1
207 180 1
207 209 1
207 231 1
207 235 1
207 297 1
207 306 1
207 378 1
207 413 1
207 458 1
207 533 1
207 542 1
207 553 1
207 559 1
207 614 1
207 624 1
207 632 1
207 637 1
207 641 1
207 645 1
207 650 1
207 663 1
207 672 1
207 693 1
207 694 1
207 720 1
207 722 1
207 726 1
207 742 1
207 749 1
207 758 1
207 772 1
207 786 1
207 816 1
207 821 1
207 855 1
207 961 1
207 966 1
207 973 1
207 992 1
207 1001 1
207 1015 1
207 1089 1
207 1111 1
207 1117 1
207 1121 1
207 1129 1
207 1130 1
207 1140 1
207 1152 1
207 1180 1
207 1181 1
207 1185 1
207 1195 1
207 1198 1
207 1224 1
207 1237 1
207 1257 1
207 1269 1
207 1271 1
207 1273 1
207 1318 1
207 1328 1
207 1331 1
207 1334 1
207 1336 1
207 1339 1
207 1342 1
207 1343 1
207 1372 1
207 1406 1
207 1408 1
207 1424 1
207 1432 1
207 1444 1
207 1518 1
207 1535 1
207 1563 1
207 1596 1
207 1626 1
207 1627 1
207 1671 1
207 1682 1
207 1711 1
207 1712 1
207 1750 1
207 1759 1
207 1794 1
207 1797 1
207 1802 1
207 1843 1
207 1897 1
207 1911 1
207 1927 1
207 1942 1
207 1959 1
207 1968 1
207 1980 1
207 1997 1
207 2020 1
207 2028 1
208 127 1
208 131 1
208 177 1
208 199 1
208 206 1
208 288 1
208 312 1
208 314 1
208 394 1
208 407 1
208 419 1
208 434 1
208 435 1
208 496 1
208 513 1
208 520 1
208 543 1
208 552 1
208 568 1
208 633 1
208 664 1
208 707 1
208 735 1
208 756 1
208 762 1
208 767 1
208 779 1
208 836 1
208 838 1
208 847 1
208 858 1
208 863 1
208 868 1
208 878 1
208 886 1
208 891 1
208 921 1
208 931 1
208 935 1
208 937 1
208 980 1
208 1013 1
208 1046 1
208 1083 1
208 1091 1
208 1098 1
208 1110 1
208 1213 1
208 1244 1
208 1277 1
208 1289 1
208 1306 1
208 1340 1
208 1364 1
208 1373 1
208 1452 1
208 1457 1
208 1472 1
208 1476 1
208 1511 1
208 1548 1
208 1609 1
208 1612 1
208 1631 1
208 1720 1
208 1734 1
208 1738 1
208 1779 1
208 1789 1
208 1825 1
208 1830 1
208 1855 1
208 1862 1
208 1868 1
208 1898 1
208 1903 1
208 1907 1
208 1917 1
208 1948 1
208 1965 1
209 34 1
209 67 1
209 143 1
209 192 1
209 238 1
209 255 1
209 311 1
209 319 1
209 332 1
209 350 1
209 393 1
209 417 1
209 425 1
209 461 1
209 464 1
209 466 1
209 485 1
209 524 1
209 526 1
209 600 1
209 629 1
209 662 1
209 669 1
209 683 1
209 715 1
209 737 1
209 773 1
209 877 1
209 895 1
209 919 1
209 994 1
209 1178 1
209 1187 1
209 1227 1
209 1229 1
209 1247 1
209 1285 1
209 1310 1
209 1363 1
209 1370 1
209 1393 1
209 1484 1
209 1485 1
209 1527 1
209 1547 1
209 1625 1
209 1648 1
209 1857 1
209 1860 1
209 1909 1
209 1916 1
209 1931 1
209 1952 1
209 1960 1
209 1978 1
209 2018 1
210 230 1
210 251 1
210 330 1
210 379 1
210 429 1
210 440 1
210 448 1
210 566 1
210 759 1
210 1166 1
210 1179 1
210 1201 1
210 1309 1
210 1314 1
210 1332 1
210 1526 1
210 1568 1
210 1574 1
210 1591 1
210 1701 1
210 1838 1
210 1856 1
210 1872 1
210 1892 1
210 1964 1
210 1982 1
210 2013 1
210 2027 1
210 2042 1
211 112 1
211 122 1
211 223 1
211 341 1
211 367 1
211 476 1
211 486 1
211 697 1
211 728 1
211 807 1
211 843 1
211 1064 1
211 1555 1
211 1695 1
211 2032 1
212 119 1
212 261 1
212 267 1
212 431 1
212 545 1
212 660 1
212 729 1
212 755 1
212 812 1
212 917 1
212 1141 1
212 1193 1
212 1471 1
212 1683 1
212 2019 1
213 142 1
213 273 1
213 322 1
213 627 1
213 970 1
213 1515 1
213 1692 1
213 1793 1
213 1817 1
214 530 1
214 570 1
214 752 1
214 806 1
214 939 1
214 1658 1
214 1807 1
215 163 1
217 100 1
217 358 1
218 342 1
218 536 1
218 1123 1
218 1207 1
218 1387 1
218 1847 1
218 1989 1
219 118 1
219 182 1
219 198 1
219 443 1
219 698 1
219 761 1
219 852 1
219 871 1
219 876 1
219 894 1
219 923 1
219 932 1
219 1287 1
219 1427 1
219 1482 1
219 1523 1
219 1616 1
220 83 1
220 106 1
220 191 1
220 203 1
220 263 1
220 333 1
220 344 1
220 397 1
220 487 1
220 560 1
220 594 1
220 630 1
220 709 1
220 777 1
220 798 1
220 983 1
220 985 1
220 1031 1
220 1039 1
220 1069 1
220 1096 1
220 1150 1
220 1278 1
220 1323 1
220 1335 1
220 1352 1
220 1377 1
220 1604 1
220 1653 1
220 1685 1
220 1729 1
220 1901 1
220 2001 1
220 2026 1
220 2031 1
221 159 1
221 189 1
221 193 1
221 201 1
221 403 1
221 481 1
221 616 1
221 727 1
221 738 1
221 784 1
221 803 1
221 823 1
221 869 1
221 890 1
221 1023 1
221 1065 1
221 1155 1
221 1196 1
221 1200 1
221 1230 1
221 1290 1
221 1304 1
221 1346 1
221 1357 1
221 1365 1
221 1460 1
221 1551 1
221 1610 1
221 1639 1
221 1829 1
221 1947 1
221 1970 1
221 2009 1
222 173 1
222 325 1
222 811 1
222 818 1
222 832 1
222 840 1
222 849 1
222 984 1
222 1074 1
222 1194 1
222 1322 1
222 1455 1
222 1600 1
222 1670 1
222 1730 1
222 1760 1
222 1811 1
222 1818 1
222 1842 1
222 1890 1
222 2005 1
223 22 1
223 258 1
223 262 1
223 1079 1
223 1088 1
223 1260 1
223 1303 1
223 1645 1
223 1699 1
223 1700 1
223 1769 1
223 1780 1
223 1854 1
223 1870 1
224 388 1
224 1358 1
224 1570 1
224 1913 1
224 1988 1
225 104 1
225 655 1
225 956 1
226 335 1
226 1252 1
227 26 1
227 33 1
227 974 1
228 32 1
230 1618 1
231 1824 1
231 1915 1
233 1016 1
234 276 1
235 178 1
242 561 1
750 2048 0
