1 15 1
1 1097 1
3 28 1
6 13 1
7 23 1
7 41 1
10 32 1
11 22 1
12 27 1
14 27 1
14 30 1
16 25 1
16 39 1
16 40 1
18 13 1
19 8 1
21 11 1
21 36 1
22 23 1
24 6 1
25 21 1
25 32 1
25 233 1
25 785 1
25 1127 1
27 226 1
27 757 1
27 1645 1
29 29 1
29 110 1
29 578 1
29 910 1
30 4 1
30 5 1
30 7 1
30 33 1
30 34 1
30 911 1
30 1256 1
31 16 1
31 2037 1
32 2012 1
33 197 1
33 291 1
33 337 1
33 1428 1
34 1952 1
34 1998 1
35 9 1
35 16 1
35 20 1
35 28 1
35 613 1
35 913 1
35 1528 1
35 1724 1
36 27 1
36 113 1
36 749 1
36 1934 1
37 35 1
37 303 1
37 937 1
37 1061 1
37 1078 1
37 1583 1
37 1792 1
38 2 1
38 7 1
38 147 1
38 711 1
39 14 1
39 712 1
39 1293 1
39 1371 1
39 1841 1
40 6 1
40 8 1
40 81 1
40 726 1
40 1203 1
40 1566 1
41 322 1
41 532 1
41 597 1
41 953 1
41 965 1
41 1030 1
41 1055 1
41 1380 1
41 1489 1
41 1641 1
41 1723 1
41 1816 1
41 1820 1
41 1932 1
41 2011 1
41 2017 1
42 29 1
42 225 1
42 493 1
42 590 1
42 1335 1
42 1406 1
43 2 1
43 10 1
43 411 1
43 540 1
43 875 1
43 1027 1
43 1099 1
43 1349 1
43 1365 1
43 1422 1
43 1477 1
43 1675 1
44 181 1
44 313 1
44 362 1
44 368 1
44 638 1
44 717 1
44 724 1
44 929 1
44 968 1
44 996 1
44 1077 1
44 1098 1
44 1171 1
44 1213 1
44 1400 1
44 1556 1
44 1587 1
44 1776 1
44 1894 1
44 1978 1
45 24 1
45 82 1
45 146 1
45 250 1
45 261 1
45 874 1
45 878 1
45 981 1
45 1135 1
45 1149 1
45 1254 1
45 1374 1
45 1458 1
45 1469 1
45 1642 1
45 1697 1
45 1741 1
46 11 1
46 205 1
46 336 1
46 387 1
46 419 1
46 436 1
46 640 1
46 837 1
46 1244 1
46 1588 1
46 1660 1
47 258 1
47 283 1
47 356 1
47 430 1
47 440 1
47 699 1
47 1022 1
47 1107 1
47 1309 1
47 1503 1
47 1524 1
47 1623 1
47 1674 1
47 1722 1
47 1737 1
47 1805 1
47 1895 1
47 1951 1
47 1997 1
47 2042 1
48 9 1
48 62 1
48 70 1
48 133 1
48 141 1
48 224 1
48 278 1
48 285 1
48 789 1
48 835 1
48 905 1
48 976 1
48 994 1
48 1262 1
48 1404 1
48 1549 1
48 1750 1
48 1821 1
48 1883 1
48 1930 1
49 1 1
49 9 1
49 17 1
49 35 1
49 140 1
49 192 1
49 212 1
49 407 1
49 475 1
49 629 1
49 727 1
49 806 1
49 833 1
49 925 1
49 951 1
49 1000 1
49 1020 1
49 1050 1
49 1100 1
49 1292 1
49 1501 1
49 1525 1
49 1569 1
49 1626 1
49 1857 1
49 1971 1
50 3 1
50 4 1
50 119 1
50 137 1
50 326 1
50 412 1
50 461 1
50 671 1
50 710 1
50 725 1
50 866 1
50 873 1
50 904 1
50 975 1
50 1116 1
50 1124 1
50 1218 1
50 1225 1
50 1297 1
50 1302 1
50 1306 1
50 1396 1
50 1439 1
50 1506 1
50 1640 1
50 1669 1
50 1962 1
50 2004 1
51 71 1
51 498 1
51 530 1
51 575 1
51 663 1
51 669 1
51 694 1
51 1045 1
51 1101 1
51 1155 1
51 1159 1
51 1178 1
51 1310 1
51 1325 1
51 1488 1
51 1554 1
51 1620 1
51 1635 1
51 1720 1
51 2008 1
52 18 1
52 20 1
52 88 1
52 102 1
52 202 1
52 476 1
52 508 1
52 544 1
52 568 1
52 583 1
52 764 1
52 1019 1
52 1196 1
52 1204 1
52 1268 1
52 1346 1
52 1441 1
52 1498 1
52 1529 1
52 1534 1
52 1575 1
52 1718 1
52 1808 1
52 1970 1
52 1989 1
53 2 1
53 42 1
53 44 1
53 87 1
53 328 1
53 459 1
53 690 1
53 813 1
53 879 1
53 967 1
53 1063 1
53 1401 1
53 1545 1
53 1552 1
53 1679 1
53 1687 1
53 1785 1
53 1800 1
53 1909 1
54 16 1
54 40 1
54 96 1
54 108 1
54 128 1
54 248 1
54 280 1
54 354 1
54 378 1
54 489 1
54 584 1
54 732 1
54 733 1
54 762 1
54 847 1
54 901 1
54 943 1
54 1068 1
54 1111 1
54 1140 1
54 1259 1
54 1261 1
54 1266 1
54 1326 1
54 1391 1
54 1392 1
54 1424 1
54 1445 1
54 1461 1
54 1561 1
54 1571 1
54 1681 1
54 1683 1
54 1751 1
54 1768 1
54 1867 1
54 1874 1
54 1898 1
54 1906 1
55 19 1
55 38 1
55 52 1
55 59 1
55 152 1
55 289 1
55 519 1
55 527 1
55 596 1
55 605 1
55 624 1
55 719 1
55 769 1
55 817 1
55 867 1
55 890 1
55 919 1
55 962 1
55 1105 1
55 1122 1
55 1147 1
55 1176 1
55 1334 1
55 1431 1
55 1447 1
55 1481 1
55 1535 1
55 1608 1
55 1658 1
55 1662 1
55 1706 1
55 1747 1
55 1749 1
55 1897 1
55 1904 1
55 1943 1
56 26 1
56 51 1
56 65 1
56 73 1
56 105 1
56 317 1
56 442 1
56 469 1
56 486 1
56 598 1
56 602 1
56 647 1
56 649 1
56 794 1
56 811 1
56 815 1
56 851 1
56 938 1
56 942 1
56 982 1
56 1114 1
56 1231 1
56 1239 1
56 1243 1
56 1427 1
56 1465 1
56 1490 1
56 1550 1
56 1685 1
56 1726 1
56 1811 1
56 1830 1
56 1912 1
56 1947 1
57 9 1
57 13 1
57 22 1
57 37 1
57 60 1
57 76 1
57 91 1
57 161 1
57 193 1
57 204 1
57 222 1
57 257 1
57 319 1
57 345 1
57 348 1
57 363 1
57 367 1
57 373 1
57 421 1
57 441 1
57 446 1
57 478 1
57 520 1
57 567 1
57 582 1
57 651 1
57 653 1
57 662 1
57 678 1
57 683 1
57 723 1
57 808 1
57 823 1
57 846 1
57 915 1
57 1013 1
57 1070 1
57 1108 1
57 1152 1
57 1197 1
57 1223 1
57 1247 1
57 1340 1
57 1393 1
57 1399 1
57 1551 1
57 1579 1
57 1627 1
57 1670 1
57 1676 1
57 1699 1
57 1701 1
57 1712 1
57 2029 1
58 31 1
58 57 1
58 75 1
58 188 1
58 277 1
58 287 1
58 290 1
58 316 1
58 334 1
58 360 1
58 370 1
58 482 1
58 496 1
58 538 1
58 561 1
58 606 1
58 615 1
58 666 1
58 714 1
58 737 1
58 753 1
58 758 1
58 827 1
58 862 1
58 881 1
58 891 1
58 917 1
58 949 1
58 1011 1
58 1112 1
58 1179 1
58 1189 1
58 1200 1
58 1251 1
58 1267 1
58 1276 1
58 1319 1
58 1362 1
58 1363 1
58 1376 1
58 1385 1
58 1394 1
58 1414 1
58 1492 1
58 1532 1
58 1547 1
58 1572 1
58 1592 1
58 1622 1
58 1651 1
58 1740 1
58 1775 1
58 1832 1
58 1961 1
58 2014 1
59 12 1
59 48 1
59 58 1
59 83 1
59 190 1
59 206 1
59 309 1
59 315 1
59 358 1
59 428 1
59 487 1
59 511 1
59 526 1
59 551 1
59 580 1
59 631 1
59 633 1
59 701 1
59 704 1
59 831 1
59 858 1
59 870 1
59 902 1
59 930 1
59 954 1
59 956 1
59 971 1
59 988 1
59 1007 1
59 1087 1
59 1088 1
59 1102 1
59 1129 1
59 1141 1
59 1177 1
59 1190 1
59 1236 1
59 1341 1
59 1373 1
59 1408 1
59 1426 1
59 1434 1
59 1442 1
59 1472 1
59 1493 1
59 1502 1
59 1507 1
59 1576 1
59 1614 1
59 1630 1
59 1700 1
59 1790 1
59 1807 1
59 1822 1
59 1866 1
59 1880 1
59 1924 1
59 1954 1
59 2007 1
59 2018 1
60 68 1
60 90 1
60 99 1
60 103 1
60 124 1
60 148 1
60 151 1
60 236 1
60 246 1
60 314 1
60 323 1
60 335 1
60 361 1
60 371 1
60 381 1
60 423 1
60 449 1
60 451 1
60 467 1
60 481 1
60 500 1
60 502 1
60 514 1
60 524 1
60 566 1
60 607 1
60 609 1
60 620 1
60 621 1
60 626 1
60 632 1
60 676 1
60 680 1
60 721 1
60 778 1
60 780 1
60 857 1
60 877 1
60 935 1
60 1008 1
60 1023 1
60 1047 1
60 1054 1
60 1104 1
60 1170 1
60 1181 1
60 1207 1
60 1210 1
60 1232 1
60 1269 1
60 1285 1
60 1329 1
60 1348 1
60 1360 1
60 1382 1
60 1402 1
60 1496 1
60 1504 1
60 1505 1
60 1540 1
60 1548 1
60 1573 1
60 1589 1
60 1601 1
60 1631 1
60 1666 1
60 1671 1
60 1692 1
60 1713 1
60 1804 1
60 1833 1
60 1853 1
60 1877 1
60 1881 1
60 1939 1
60 1950 1
60 1991 1
60 2048 1
61 5 1
61 20 1
61 63 1
61 93 1
61 97 1
61 106 1
61 135 1
61 150 1
61 154 1
61 185 1
61 214 1
61 239 1
61 254 1
61 266 1
61 324 1
61 338 1
61 365 1
61 396 1
61 400 1
61 455 1
61 473 1
61 492 1
61 533 1
61 658 1
61 674 1
61 684 1
61 700 1
61 706 1
61 728 1
61 730 1
61 743 1
61 747 1
61 766 1
61 781 1
61 786 1
61 787 1
61 788 1
61 797 1
61 805 1
61 828 1
61 834 1
61 839 1
61 849 1
61 860 1
61 865 1
61 872 1
61 900 1
61 903 1
61 957 1
61 961 1
61 972 1
61 997 1
61 1046 1
61 1052 1
61 1059 1
61 1060 1
61 1117 1
61 1142 1
61 1148 1
61 1167 1
61 1191 1
61 1194 1
61 1226 1
61 1235 1
61 1253 1
61 1283 1
61 1290 1
61 1303 1
61 1323 1
61 1327 1
61 1366 1
61 1377 1
61 1453 1
61 1522 1
61 1536 1
61 1558 1
61 1560 1
61 1565 1
61 1594 1
61 1602 1
61 1611 1
61 1613 1
61 1619 1
61 1636 1
61 1638 1
61 1672 1
61 1682 1
61 1693 1
61 1727 1
61 1733 1
61 1752 1
61 1795 1
61 1835 1
61 1837 1
61 1839 1
61 1888 1
61 1902 1
61 1926 1
61 1927 1
61 1976 1
61 1980 1
62 23 1
62 28 1
62 79 1
62 176 1
62 207 1
62 221 1
62 237 1
62 243 1
62 249 1
62 292 1
62 311 1
62 425 1
62 470 1
62 480 1
62 499 1
62 509 1
62 529 1
62 558 1
62 577 1
62 600 1
62 601 1
62 619 1
62 623 1
62 625 1
62 650 1
62 689 1
62 709 1
62 740 1
62 746 1
62 792 1
62 802 1
62 812 1
62 822 1
62 832 1
62 883 1
62 887 1
62 899 1
62 947 1
62 985 1
62 989 1
62 1029 1
62 1062 1
62 1131 1
62 1132 1
62 1156 1
62 1161 1
62 1165 1
62 1168 1
62 1257 1
62 1270 1
62 1287 1
62 1307 1
62 1314 1
62 1343 1
62 1383 1
62 1386 1
62 1413 1
62 1513 1
62 1574 1
62 1605 1
62 1607 1
62 1643 1
62 1714 1
62 1735 1
62 1765 1
62 1852 1
62 1865 1
62 1872 1
62 1892 1
62 1917 1
62 1941 1
62 2019 1
62 2046 1
62 2047 1
63 3 1
63 11 1
63 45 1
63 46 1
63 55 1
63 61 1
63 66 1
63 67 1
63 69 1
63 121 1
63 169 1
63 199 1
63 217 1
63 218 1
63 231 1
63 262 1
63 275 1
63 293 1
63 299 1
63 372 1
63 377 1
63 432 1
63 453 1
63 484 1
63 518 1
63 522 1
63 559 1
63 563 1
63 573 1
63 574 1
63 611 1
63 643 1
63 644 1
63 707 1
63 748 1
63 755 1
63 768 1
63 810 1
63 824 1
63 825 1
63 829 1
63 876 1
63 895 1
63 952 1
63 991 1
63 1004 1
63 1010 1
63 1069 1
63 1086 1
63 1126 1
63 1130 1
63 1172 1
63 1173 1
63 1209 1
63 1242 1
63 1315 1
63 1356 1
63 1364 1
63 1372 1
63 1403 1
63 1449 1
63 1480 1
63 1510 1
63 1519 1
63 1533 1
63 1553 1
63 1585 1
63 1650 1
63 1691 1
63 1703 1
63 1705 1
63 1731 1
63 1738 1
63 1773 1
63 1801 1
63 1844 1
63 1858 1
63 1859 1
63 1875 1
63 1914 1
63 1945 1
63 1982 1
63 2016 1
63 2025 1
64 3 1
64 12 1
64 18 1
64 34 1
64 39 1
64 49 1
64 77 1
64 94 1
64 158 1
64 166 1
64 178 1
64 186 1
64 203 1
64 210 1
64 244 1
64 247 1
64 270 1
64 305 1
64 325 1
64 333 1
64 339 1
64 343 1
64 376 1
64 386 1
64 408 1
64 434 1
64 438 1
64 466 1
64 536 1
64 641 1
64 691 1
64 784 1
64 882 1
64 914 1
64 920 1
64 1003 1
64 1024 1
64 1036 1
64 1073 1
64 1075 1
64 1096 1
64 1137 1
64 1180 1
64 1185 1
64 1224 1
64 1229 1
64 1260 1
64 1311 1
64 1318 1
64 1454 1
64 1463 1
64 1468 1
64 1499 1
64 1530 1
64 1597 1
64 1610 1
64 1646 1
64 1647 1
64 1695 1
64 1742 1
64 1761 1
64 1772 1
64 1796 1
64 1825 1
64 1827 1
64 1893 1
64 1915 1
64 1922 1
64 1953 1
64 1963 1
64 1988 1
64 2005 1
64 2024 1
64 2028 1
64 2038 1
65 7 1
65 16 1
65 238 1
65 264 1
65 274 1
65 284 1
65 369 1
65 404 1
65 414 1
65 435 1
65 488 1
65 490 1
65 552 1
65 560 1
65 576 1
65 585 1
65 586 1
65 593 1
65 603 1
65 646 1
65 659 1
65 693 1
65 695 1
65 698 1
65 720 1
65 722 1
65 761 1
65 775 1
65 779 1
65 861 1
65 892 1
65 906 1
65 907 1
65 927 1
65 934 1
65 960 1
65 970 1
65 990 1
65 1028 1
65 1123 1
65 1158 1
65 1250 1
65 1255 1
65 1288 1
65 1355 1
65 1368 1
65 1430 1
65 1433 1
65 1450 1
65 1464 1
65 1482 1
65 1486 1
65 1543 1
65 1709 1
65 1774 1
65 1778 1
65 1819 1
65 1882 1
65 1936 1
65 1938 1
65 1946 1
65 1975 1
65 1979 1
65 1984 1
65 1993 1
66 78 1
66 89 1
66 112 1
66 134 1
66 174 1
66 208 1
66 219 1
66 234 1
66 263 1
66 269 1
66 276 1
66 279 1
66 304 1
66 318 1
66 380 1
66 384 1
66 457 1
66 471 1
66 485 1
66 506 1
66 517 1
66 652 1
66 672 1
66 765 1
66 767 1
66 771 1
66 777 1
66 852 1
66 859 1
66 909 1
66 912 1
66 977 1
66 993 1
66 999 1
66 1001 1
66 1038 1
66 1076 1
66 1085 1
66 1133 1
66 1324 1
66 1353 1
66 1381 1
66 1415 1
66 1435 1
66 1440 1
66 1470 1
66 1637 1
66 1659 1
66 1743 1
66 1755 1
66 1777 1
66 1824 1
66 1845 1
66 1861 1
66 2034 1
67 27 1
67 37 1
67 95 1
67 123 1
67 156 1
67 167 1
67 168 1
67 286 1
67 385 1
67 393 1
67 415 1
67 416 1
67 447 1
67 525 1
67 537 1
67 557 1
67 608 1
67 627 1
67 657 1
67 660 1
67 783 1
67 843 1
67 886 1
67 933 1
67 963 1
67 986 1
67 995 1
67 1018 1
67 1093 1
67 1164 1
67 1169 1
67 1227 1
67 1258 1
67 1273 1
67 1305 1
67 1389 1
67 1475 1
67 1485 1
67 1509 1
67 1515 1
67 1559 1
67 1563 1
67 1600 1
67 1707 1
67 1754 1
67 1758 1
67 1810 1
67 1855 1
67 1885 1
67 1890 1
67 1925 1
67 1931 1
67 1957 1
67 2041 1
68 40 1
68 85 1
68 98 1
68 117 1
68 227 1
68 320 1
68 329 1
68 342 1
68 389 1
68 394 1
68 513 1
68 548 1
68 634 1
68 735 1
68 751 1
68 921 1
68 1006 1
68 1074 1
68 1079 1
68 1153 1
68 1215 1
68 1249 1
68 1264 1
68 1272 1
68 1279 1
68 1412 1
68 1437 1
68 1578 1
68 1590 1
68 1616 1
68 1648 1
68 1652 1
68 1690 1
68 1728 1
68 1729 1
68 1753 1
68 1788 1
68 1999 1
69 53 1
69 74 1
69 109 1
69 118 1
69 142 1
69 173 1
69 183 1
69 352 1
69 395 1
69 448 1
69 450 1
69 501 1
69 535 1
69 604 1
69 612 1
69 645 1
69 665 1
69 675 1
69 679 1
69 703 1
69 729 1
69 731 1
69 773 1
69 820 1
69 836 1
69 838 1
69 864 1
69 868 1
69 869 1
69 885 1
69 922 1
69 941 1
69 946 1
69 1017 1
69 1118 1
69 1187 1
69 1274 1
69 1289 1
69 1312 1
69 1395 1
69 1416 1
69 1476 1
69 1557 1
69 1615 1
69 1649 1
69 1684 1
69 1689 1
69 1704 1
69 1710 1
69 1730 1
69 1748 1
69 1793 1
69 1850 1
69 1863 1
69 1948 1
69 1949 1
69 1974 1
69 2000 1
69 2036 1
70 23 1
70 84 1
70 143 1
70 163 1
70 187 1
70 232 1
70 327 1
70 374 1
70 409 1
70 410 1
70 413 1
70 452 1
70 468 1
70 477 1
70 505 1
70 554 1
70 564 1
70 587 1
70 589 1
70 661 1
70 681 1
70 738 1
70 750 1
70 782 1
70 931 1
70 950 1
70 955 1
70 974 1
70 1002 1
70 1166 1
70 1174 1
70 1184 1
70 1192 1
70 1193 1
70 1219 1
70 1277 1
70 1291 1
70 1295 1
70 1333 1
70 1397 1
70 1410 1
70 1417 1
70 1446 1
70 1452 1
70 1457 1
70 1494 1
70 1495 1
70 1512 1
70 1596 1
70 1606 1
70 1609 1
70 1632 1
70 1655 1
70 1770 1
70 1794 1
70 1813 1
70 1846 1
70 1870 1
70 1910 1
70 1973 1
70 1994 1
70 2015 1
71 36 1
71 38 1
71 56 1
71 86 1
71 101 1
71 160 1
71 177 1
71 182 1
71 195 1
71 213 1
71 223 1
71 230 1
71 240 1
71 255 1
71 271 1
71 310 1
71 332 1
71 340 1
71 349 1
71 406 1
71 418 1
71 422 1
71 439 1
71 491 1
71 495 1
71 541 1
71 553 1
71 570 1
71 635 1
71 692 1
71 696 1
71 708 1
71 744 1
71 793 1
71 798 1
71 801 1
71 893 1
71 908 1
71 916 1
71 969 1
71 979 1
71 992 1
71 1026 1
71 1042 1
71 1044 1
71 1064 1
71 1092 1
71 1138 1
71 1139 1
71 1201 1
71 1206 1
71 1220 1
71 1221 1
71 1222 1
71 1234 1
71 1252 1
71 1263 1
71 1280 1
71 1282 1
71 1296 1
71 1342 1
71 1344 1
71 1370 1
71 1421 1
71 1478 1
71 1497 1
71 1514 1
71 1546 1
71 1595 1
71 1598 1
71 1625 1
71 1639 1
71 1678 1
71 1719 1
71 1763 1
71 1771 1
71 1791 1
71 1799 1
71 1838 1
71 1847 1
71 1848 1
71 1860 1
71 1873 1
71 1886 1
71 1900 1
71 1907 1
71 1918 1
71 1923 1
71 1929 1
71 1944 1
71 1958 1
71 1960 1
71 1965 1
71 1996 1
71 2020 1
71 2032 1
71 2044 1
72 38 1
72 43 1
72 54 1
72 72 1
72 120 1
72 126 1
72 136 1
72 144 1
72 157 1
72 162 1
72 164 1
72 184 1
72 191 1
72 242 1
72 252 1
72 253 1
72 265 1
72 306 1
72 312 1
72 330 1
72 366 1
72 399 1
72 402 1
72 420 1
72 424 1
72 426 1
72 429 1
72 431 1
72 433 1
72 464 1
72 494 1
72 512 1
72 515 1
72 516 1
72 531 1
72 571 1
72 610 1
72 616 1
72 618 1
72 630 1
72 654 1
72 705 1
72 736 1
72 741 1
72 742 1
72 752 1
72 763 1
72 774 1
72 790 1
72 791 1
72 800 1
72 821 1
72 841 1
72 842 1
72 856 1
72 863 1
72 940 1
72 944 1
72 945 1
72 959 1
72 978 1
72 1021 1
72 1058 1
72 1071 1
72 1072 1
72 1083 1
72 1109 1
72 1110 1
72 1119 1
72 1143 1
72 1202 1
72 1216 1
72 1265 1
72 1275 1
72 1286 1
72 1299 1
72 1387 1
72 1407 1
72 1444 1
72 1462 1
72 1491 1
72 1527 1
72 1538 1
72 1570 1
72 1581 1
72 1591 1
72 1603 1
72 1624 1
72 1644 1
72 1661 1
72 1688 1
72 1711 1
72 1725 1
72 1759 1
72 1769 1
72 1782 1
72 1789 1
72 1798 1
72 1851 1
72 1854 1
72 1868 1
72 1901 1
72 1903 1
72 1940 1
72 1955 1
72 1964 1
72 1981 1
72 1985 1
72 1990 1
72 2039 1
72 2045 1
73 6 1
73 111 1
73 131 1
73 139 1
73 170 1
73 171 1
73 179 1
73 180 1
73 196 1
73 201 1
73 229 1
73 241 1
73 267 1
73 273 1
73 295 1
73 300 1
73 347 1
73 353 1
73 357 1
73 364 1
73 375 1
73 379 1
73 390 1
73 392 1
73 405 1
73 456 1
73 460 1
73 465 1
73 472 1
73 483 1
73 503 1
73 510 1
73 588 1
73 594 1
73 636 1
73 670 1
73 682 1
73 687 1
73 715 1
73 739 1
73 745 1
73 759 1
73 760 1
73 795 1
73 804 1
73 809 1
73 814 1
73 816 1
73 840 1
73 850 1
73 853 1
73 884 1
73 889 1
73 928 1
73 958 1
73 973 1
73 980 1
73 998 1
73 1009 1
73 1014 1
73 1031 1
73 1034 1
73 1035 1
73 1039 1
73 1080 1
73 1084 1
73 1089 1
73 1090 1
73 1094 1
73 1115 1
73 1120 1
73 1150 1
73 1157 1
73 1175 1
73 1186 1
73 1195 1
73 1199 1
73 1211 1
73 1240 1
73 1248 1
73 1271 1
73 1278 1
73 1284 1
73 1300 1
73 1321 1
73 1339 1
73 1345 1
73 1361 1
73 1375 1
73 1419 1
73 1432 1
73 1466 1
73 1474 1
73 1483 1
73 1526 1
73 1531 1
73 1541 1
73 1564 1
73 1567 1
73 1582 1
73 1633 1
73 1673 1
73 1696 1
73 1716 1
73 1732 1
73 1736 1
73 1744 1
73 1746 1
73 1757 1
73 1779 1
73 1780 1
73 1783 1
73 1784 1
73 1803 1
73 1806 1
73 1823 1
73 1826 1
73 1829 1
73 1843 1
73 1856 1
73 1871 1
73 1876 1
73 1899 1
73 1921 1
73 1937 1
73 1967 1
73 1968 1
73 1992 1
73 1995 1
73 2001 1
73 2022 1
73 2030 1
74 47 1
74 64 1
74 80 1
74 100 1
74 107 1
74 114 1
74 149 1
74 153 1
74 159 1
74 165 1
74 189 1
74 194 1
74 198 1
74 220 1
74 235 1
74 268 1
74 272 1
74 288 1
74 297 1
74 298 1
74 331 1
74 344 1
74 346 1
74 359 1
74 382 1
74 383 1
74 391 1
74 398 1
74 401 1
74 437 1
74 454 1
74 458 1
74 462 1
74 474 1
74 504 1
74 521 1
74 523 1
74 534 1
74 539 1
74 547 1
74 549 1
74 565 1
74 569 1
74 572 1
74 581 1
74 591 1
74 614 1
74 622 1
74 667 1
74 677 1
74 688 1
74 718 1
74 772 1
74 826 1
74 844 1
74 888 1
74 923 1
74 926 1
74 936 1
74 984 1
74 1005 1
74 1012 1
74 1016 1
74 1033 1
74 1043 1
74 1056 1
74 1057 1
74 1067 1
74 1081 1
74 1103 1
74 1106 1
74 1134 1
74 1151 1
74 1162 1
74 1163 1
74 1182 1
74 1183 1
74 1198 1
74 1212 1
74 1238 1
74 1241 1
74 1316 1
74 1317 1
74 1322 1
74 1332 1
74 1367 1
74 1369 1
74 1390 1
74 1405 1
74 1418 1
74 1423 1
74 1429 1
74 1448 1
74 1451 1
74 1455 1
74 1459 1
74 1460 1
74 1516 1
74 1520 1
74 1521 1
74 1537 1
74 1542 1
74 1568 1
74 1577 1
74 1584 1
74 1599 1
74 1617 1
74 1618 1
74 1629 1
74 1653 1
74 1654 1
74 1656 1
74 1663 1
74 1664 1
74 1665 1
74 1702 1
74 1717 1
74 1721 1
74 1739 1
74 1756 1
74 1760 1
74 1762 1
74 1764 1
74 1766 1
74 1767 1
74 1786 1
74 1797 1
74 1809 1
74 1814 1
74 1815 1
74 1818 1
74 1840 1
74 1864 1
74 1878 1
74 1884 1
74 1896 1
74 1913 1
74 1919 1
74 1969 1
74 1986 1
74 2013 1
74 2023 1
74 2027 1
74 2033 1
74 2035 1
74 2043 1
75 15 1
75 92 1
75 115 1
75 122 1
75 127 1
75 132 1
75 175 1
75 216 1
75 228 1
75 251 1
75 294 1
75 296 1
75 302 1
75 355 1
75 403 1
75 417 1
75 427 1
75 443 1
75 444 1
75 479 1
75 497 1
75 542 1
75 556 1
75 595 1
75 617 1
75 637 1
75 664 1
75 673 1
75 685 1
75 697 1
75 716 1
75 756 1
75 770 1
75 799 1
75 807 1
75 880 1
75 894 1
75 896 1
75 918 1
75 924 1
75 948 1
75 987 1
75 1025 1
75 1032 1
75 1040 1
75 1041 1
75 1051 1
75 1113 1
75 1136 1
75 1145 1
75 1146 1
75 1160 1
75 1214 1
75 1294 1
75 1313 1
75 1328 1
75 1330 1
75 1338 1
75 1347 1
75 1354 1
75 1379 1
75 1384 1
75 1409 1
75 1425 1
75 1436 1
75 1456 1
75 1467 1
75 1511 1
75 1539 1
75 1562 1
75 1580 1
75 1586 1
75 1604 1
75 1621 1
75 1667 1
75 1686 1
75 1781 1
75 1787 1
75 1802 1
75 1817 1
75 1828 1
75 1887 1
75 1889 1
75 1891 1
75 1905 1
75 1911 1
75 1916 1
75 1920 1
75 1933 1
75 1935 1
75 1972 1
75 1977 1
76 104 1
76 116 1
76 125 1
76 145 1
76 200 1
76 260 1
76 281 1
76 282 1
76 321 1
76 350 1
76 388 1
76 545 1
76 546 1
76 592 1
76 656 1
76 686 1
76 734 1
76 754 1
76 819 1
76 845 1
76 848 1
76 871 1
76 897 1
76 966 1
76 983 1
76 1048 1
76 1049 1
76 1053 1
76 1066 1
76 1082 1
76 1091 1
76 1205 1
76 1217 1
76 1228 1
76 1230 1
76 1246 1
76 1301 1
76 1304 1
76 1320 1
76 1331 1
76 1351 1
76 1357 1
76 1359 1
76 1398 1
76 1443 1
76 1487 1
76 1500 1
76 1517 1
76 1544 1
76 1555 1
76 1593 1
76 1628 1
76 1634 1
76 1734 1
76 1831 1
76 1834 1
76 1862 1
76 1908 1
76 2003 1
76 2021 1
76 2040 1
77 19 1
77 130 1
77 138 1
77 215 1
77 301 1
77 307 1
77 308 1
77 351 1
77 507 1
77 562 1
77 639 1
77 655 1
77 668 1
77 855 1
77 964 1
77 1065 1
77 1125 1
77 1128 1
77 1144 1
77 1154 1
77 1188 1
77 1208 1
77 1298 1
77 1350 1
77 1388 1
77 1420 1
77 1471 1
77 1479 1
77 1657 1
77 1715 1
77 1836 1
77 1869 1
77 1966 1
77 1983 1
77 1987 1
77 2010 1
77 2031 1
78 14 1
78 36 1
78 259 1
78 543 1
78 550 1
78 599 1
78 702 1
78 854 1
78 932 1
78 1237 1
78 1352 1
78 1508 1
78 1523 1
78 1677 1
78 1708 1
78 1959 1
79 463 1
79 579 1
79 642 1
79 1015 1
79 1037 1
79 1942 1
79 2006 1
80 13 1
80 172 1
80 256 1
80 776 1
80 803 1
80 1097 1
80 1358 1
80 1378 1
80 1411 1
80 1680 1
80 1698 1
80 1879 1
80 2002 1
81 25 1
81 555 1
81 796 1
81 1956 1
82 10 1
82 18 1
82 28 1
82 36 1
82 155 1
82 397 1
82 1245 1
82 1668 1
83 26 1
83 37 1
84 341 1
84 628 1
84 1233 1
85 10 1
85 20 1
85 50 1
85 209 1
85 1095 1
85 1281 1
85 1694 1
85 1745 1
86 41 1
86 713 1
87 6 1
87 21 1
88 1 1
88 939 1
88 1484 1
89 9 1
89 33 1
89 245 1
89 1473 1
89 1812 1
90 16 1
90 30 1
90 36 1
90 898 1
90 1928 1
91 29 1
91 40 1
91 129 1
91 2009 1
92 28 1
93 1336 1
94 7 1
94 35 1
97 5 1
97 33 1
98 4 1
99 10 1
100 20 1
101 20 1
102 9 1
102 15 1
102 27 1
103 4 1
103 23 1
104 34 1
106 8 1
109 17 1
109 23 1
111 15 1
111 22 1
112 30 1
113 1566 1
114 23 1
114 1127 1
114 1675 1
114 2037 1
115 39 1
116 30 1
116 34 1
116 1374 1
117 3 1
117 19 1
117 34 1
117 1116 1
117 1309 1
117 2012 1
118 1693 1
118 1741 1
119 1 1
119 11 1
119 1030 1
119 1934 1
120 17 1
120 23 1
120 27 1
120 161 1
120 1820 1
121 1349 1
121 1592 1
121 1651 1
121 1951 1
121 1952 1
122 717 1
122 1196 1
122 1213 1
122 1335 1
123 7 1
123 11 1
123 712 1
123 1525 1
123 1849 1
124 14 1
124 291 1
124 953 1
124 1121 1
124 1428 1
124 1723 1
125 36 1
125 37 1
125 41 1
125 226 1
125 1020 1
125 1371 1
126 10 1
126 22 1
126 289 1
126 368 1
126 1589 1
127 7 1
127 757 1
127 1821 1
128 280 1
128 337 1
128 345 1
128 544 1
128 785 1
128 911 1
128 1055 1
128 1712 1
128 1841 1
129 17 1
129 39 1
129 51 1
129 81 1
129 110 1
129 590 1
129 613 1
129 666 1
129 860 1
129 1061 1
129 1160 1
129 1377 1
129 1458 1
129 1556 1
129 1927 1
129 1954 1
129 2011 1
130 184 1
130 356 1
130 1180 1
130 1259 1
130 1400 1
130 1427 1
130 1578 1
130 1737 1
130 1883 1
130 1893 1
131 7 1
131 36 1
131 146 1
131 435 1
131 482 1
131 568 1
131 578 1
131 835 1
131 905 1
131 914 1
131 1045 1
131 1254 1
131 1405 1
131 1528 1
131 1662 1
131 1706 1
131 1914 1
132 12 1
132 470 1
132 857 1
132 937 1
132 1178 1
132 1207 1
132 1293 1
132 1325 1
132 1472 1
132 1594 1
132 1626 1
132 1669 1
132 1895 1
133 152 1
133 192 1
133 212 1
133 303 1
133 313 1
133 446 1
133 476 1
133 703 1
133 730 1
133 847 1
133 935 1
133 968 1
133 1022 1
133 1077 1
133 1149 1
133 1346 1
133 1361 1
133 1432 1
133 1571 1
133 1588 1
133 1645 1
133 1776 1
133 1998 1
134 9 1
134 253 1
134 436 1
134 455 1
134 498 1
134 561 1
134 689 1
134 1100 1
134 1302 1
134 1391 1
134 1392 1
134 1474 1
134 1506 1
134 1635 1
134 1683 1
134 1811 1
135 23 1
135 70 1
135 100 1
135 459 1
135 471 1
135 492 1
135 649 1
135 671 1
135 818 1
135 899 1
135 947 1
135 971 1
135 1156 1
135 1194 1
135 1545 1
135 1572 1
136 22 1
136 36 1
136 42 1
136 82 1
136 233 1
136 254 1
136 322 1
136 339 1
136 373 1
136 385 1
136 513 1
136 552 1
136 583 1
136 615 1
136 629 1
136 633 1
136 681 1
136 794 1
136 974 1
136 980 1
136 1011 1
136 1090 1
136 1129 1
136 1147 1
136 1465 1
136 1489 1
136 1522 1
136 1619 1
136 1670 1
136 1813 1
136 1855 1
136 1898 1
136 2042 1
136 2046 1
137 3 1
137 370 1
137 399 1
137 584 1
137 596 1
137 632 1
137 648 1
137 720 1
137 732 1
137 746 1
137 830 1
137 851 1
137 856 1
137 873 1
137 929 1
137 1029 1
137 1076 1
137 1111 1
137 1171 1
137 1565 1
137 1630 1
137 1674 1
137 1681 1
137 1842 1
137 2004 1
137 2008 1
138 8 1
138 20 1
138 23 1
138 55 1
138 278 1
138 323 1
138 348 1
138 363 1
138 724 1
138 823 1
138 903 1
138 930 1
138 994 1
138 1000 1
138 1010 1
138 1107 1
138 1235 1
138 1306 1
138 1575 1
138 1666 1
138 2003 1
138 2026 1
139 22 1
139 36 1
139 48 1
139 102 1
139 140 1
139 147 1
139 176 1
139 234 1
139 283 1
139 532 1
139 643 1
139 709 1
139 895 1
139 901 1
139 906 1
139 1124 1
139 1652 1
139 1720 1
139 1844 1
139 1877 1
139 1932 1
139 1968 1
140 57 1
140 62 1
140 157 1
140 181 1
140 236 1
140 478 1
140 520 1
140 533 1
140 788 1
140 789 1
140 837 1
140 870 1
140 913 1
140 915 1
140 925 1
140 942 1
140 951 1
140 1002 1
140 1059 1
140 1142 1
140 1148 1
140 1151 1
140 1223 1
140 1501 1
140 1601 1
140 1613 1
140 1718 1
140 1751 1
140 1765 1
140 1800 1
140 1978 1
141 185 1
141 329 1
141 749 1
141 827 1
141 952 1
141 996 1
141 1101 1
141 1189 1
141 1266 1
141 1337 1
141 1362 1
141 1641 1
141 1822 1
141 1897 1
141 1943 1
141 1962 1
142 37 1
142 88 1
142 179 1
142 216 1
142 225 1
142 246 1
142 362 1
142 386 1
142 575 1
142 619 1
142 753 1
142 758 1
142 813 1
142 833 1
142 875 1
142 1046 1
142 1052 1
142 1060 1
142 1096 1
142 1098 1
142 1112 1
142 1167 1
142 1184 1
142 1292 1
142 1322 1
142 1356 1
142 1477 1
142 1550 1
142 1639 1
142 1807 1
142 1819 1
142 1909 1
142 1976 1
143 5 1
143 69 1
143 71 1
143 97 1
143 169 1
143 202 1
143 214 1
143 219 1
143 285 1
143 316 1
143 360 1
143 486 1
143 623 1
143 683 1
143 738 1
143 766 1
143 910 1
143 1047 1
143 1050 1
143 1229 1
143 1353 1
143 1366 1
143 1413 1
143 1434 1
143 1699 1
143 1733 1
143 1881 1
143 1904 1
143 1912 1
144 3 1
144 118 1
144 193 1
144 221 1
144 258 1
144 315 1
144 378 1
144 419 1
144 430 1
144 490 1
144 514 1
144 644 1
144 674 1
144 680 1
144 690 1
144 714 1
144 775 1
144 828 1
144 931 1
144 1068 1
144 1105 1
144 1203 1
144 1284 1
144 1341 1
144 1343 1
144 1406 1
144 1558 1
144 1623 1
144 1894 1
144 1917 1
144 1947 1
144 1970 1
144 1989 1
144 2017 1
145 9 1
145 89 1
145 224 1
145 248 1
145 262 1
145 317 1
145 333 1
145 336 1
145 488 1
145 522 1
145 528 1
145 529 1
145 538 1
145 540 1
145 551 1
145 711 1
145 737 1
145 750 1
145 764 1
145 826 1
145 972 1
145 1027 1
145 1108 1
145 1135 1
145 1159 1
145 1174 1
145 1244 1
145 1256 1
145 1308 1
145 1327 1
145 1376 1
145 1380 1
145 1383 1
145 1393 1
145 1396 1
145 1415 1
145 1445 1
145 1447 1
145 1468 1
145 1469 1
145 1496 1
145 1518 1
145 1529 1
145 1534 1
145 1579 1
145 1581 1
145 1638 1
145 1642 1
145 1722 1
145 1731 1
145 1775 1
145 1963 1
145 1997 1
145 2038 1
146 21 1
146 31 1
146 32 1
146 90 1
146 98 1
146 203 1
146 211 1
146 249 1
146 250 1
146 266 1
146 270 1
146 290 1
146 319 1
146 400 1
146 415 1
146 477 1
146 554 1
146 597 1
146 616 1
146 620 1
146 621 1
146 710 1
146 817 1
146 843 1
146 867 1
146 874 1
146 878 1
146 894 1
146 917 1
146 927 1
146 938 1
146 990 1
146 1064 1
146 1114 1
146 1165 1
146 1172 1
146 1218 1
146 1231 1
146 1267 1
146 1283 1
146 1328 1
146 1360 1
146 1394 1
146 1414 1
146 1422 1
146 1438 1
146 1442 1
146 1453 1
146 1531 1
146 1543 1
146 1553 1
146 1682 1
146 1687 1
146 1713 1
146 1714 1
146 1750 1
146 1795 1
146 1816 1
146 1852 1
146 1872 1
146 1906 1
146 1915 1
146 1984 1
146 2039 1
147 63 1
147 68 1
147 119 1
147 190 1
147 210 1
147 217 1
147 325 1
147 354 1
147 365 1
147 367 1
147 377 1
147 475 1
147 493 1
147 508 1
147 519 1
147 566 1
147 582 1
147 587 1
147 647 1
147 659 1
147 676 1
147 718 1
147 747 1
147 769 1
147 780 1
147 877 1
147 881 1
147 891 1
147 967 1
147 1007 1
147 1013 1
147 1063 1
147 1093 1
147 1122 1
147 1155 1
147 1176 1
147 1253 1
147 1334 1
147 1464 1
147 1488 1
147 1490 1
147 1507 1
147 1510 1
147 1551 1
147 1583 1
147 1660 1
147 1695 1
147 1705 1
147 1724 1
147 1727 1
147 1747 1
147 1749 1
147 1825 1
147 1830 1
147 1857 1
147 1950 1
147 2007 1
147 2018 1
148 24 1
148 44 1
148 45 1
148 59 1
148 75 1
148 83 1
148 141 1
148 148 1
148 204 1
148 205 1
148 206 1
148 247 1
148 274 1
148 298 1
148 326 1
148 334 1
148 361 1
148 372 1
148 440 1
148 469 1
148 511 1
148 530 1
148 598 1
148 651 1
148 662 1
148 694 1
148 725 1
148 743 1
148 771 1
148 792 1
148 802 1
148 811 1
148 824 1
148 832 1
148 858 1
148 883 1
148 887 1
148 892 1
148 900 1
148 904 1
148 954 1
148 985 1
148 1008 1
148 1078 1
148 1085 1
148 1104 1
148 1173 1
148 1179 1
148 1185 1
148 1204 1
148 1210 1
148 1241 1
148 1285 1
148 1296 1
148 1330 1
148 1386 1
148 1437 1
148 1503 1
148 1504 1
148 1549 1
148 1590 1
148 1637 1
148 1672 1
148 1702 1
148 1790 1
148 1846 1
148 1853 1
148 1867 1
148 1884 1
148 1905 1
148 1924 1
148 1971 1
149 6 1
149 79 1
149 84 1
149 103 1
149 142 1
149 151 1
149 156 1
149 232 1
149 261 1
149 277 1
149 299 1
149 331 1
149 335 1
149 404 1
149 489 1
149 506 1
149 553 1
149 600 1
149 653 1
149 695 1
149 706 1
149 733 1
149 755 1
149 762 1
149 781 1
149 787 1
149 808 1
149 890 1
149 907 1
149 943 1
149 960 1
149 970 1
149 977 1
149 982 1
149 999 1
149 1001 1
149 1141 1
149 1186 1
149 1228 1
149 1261 1
149 1268 1
149 1274 1
149 1290 1
149 1326 1
149 1329 1
149 1364 1
149 1385 1
149 1402 1
149 1417 1
149 1424 1
149 1446 1
149 1475 1
149 1502 1
149 1527 1
149 1554 1
149 1576 1
149 1597 1
149 1605 1
149 1640 1
149 1643 1
149 1679 1
149 1707 1
149 1726 1
149 1735 1
149 1774 1
149 1792 1
149 1833 1
149 1839 1
149 1859 1
149 1899 1
149 1929 1
149 1958 1
149 2024 1
150 25 1
150 67 1
150 76 1
150 80 1
150 128 1
150 150 1
150 154 1
150 170 1
150 304 1
150 324 1
150 374 1
150 384 1
150 389 1
150 421 1
150 445 1
150 451 1
150 453 1
150 480 1
150 485 1
150 499 1
150 501 1
150 524 1
150 527 1
150 537 1
150 609 1
150 624 1
150 722 1
150 768 1
150 778 1
150 779 1
150 797 1
150 848 1
150 872 1
150 884 1
150 956 1
150 963 1
150 965 1
150 975 1
150 989 1
150 1003 1
150 1039 1
150 1087 1
150 1192 1
150 1222 1
150 1269 1
150 1310 1
150 1373 1
150 1399 1
150 1450 1
150 1454 1
150 1461 1
150 1470 1
150 1498 1
150 1530 1
150 1552 1
150 1584 1
150 1608 1
150 1622 1
150 1650 1
150 1655 1
150 1676 1
150 1715 1
150 1728 1
150 1736 1
150 1768 1
150 1814 1
150 1875 1
150 1903 1
150 1946 1
150 1953 1
150 1957 1
150 2045 1
150 2048 1
151 49 1
151 85 1
151 96 1
151 133 1
151 208 1
151 220 1
151 222 1
151 252 1
151 314 1
151 338 1
151 357 1
151 371 1
151 413 1
151 425 1
151 426 1
151 509 1
151 577 1
151 645 1
151 655 1
151 657 1
151 684 1
151 707 1
151 765 1
151 815 1
151 859 1
151 909 1
151 919 1
151 957 1
151 959 1
151 993 1
151 1038 1
151 1158 1
151 1161 1
151 1164 1
151 1166 1
151 1175 1
151 1200 1
151 1239 1
151 1255 1
151 1271 1
151 1313 1
151 1381 1
151 1382 1
151 1384 1
151 1404 1
151 1410 1
151 1462 1
151 1485 1
151 1491 1
151 1505 1
151 1512 1
151 1526 1
151 1620 1
151 1636 1
151 1648 1
151 1658 1
151 1700 1
151 1729 1
151 1770 1
151 1779 1
151 1793 1
151 1796 1
151 1851 1
151 1854 1
151 1870 1
151 1910 1
151 1930 1
151 1961 1
151 1982 1
151 2019 1
152 61 1
152 66 1
152 121 1
152 126 1
152 173 1
152 199 1
152 207 1
152 264 1
152 267 1
152 287 1
152 292 1
152 321 1
152 347 1
152 349 1
152 366 1
152 376 1
152 411 1
152 515 1
152 526 1
152 602 1
152 606 1
152 607 1
152 608 1
152 641 1
152 777 1
152 800 1
152 866 1
152 981 1
152 1018 1
152 1023 1
152 1024 1
152 1042 1
152 1044 1
152 1110 1
152 1168 1
152 1181 1
152 1232 1
152 1311 1
152 1416 1
152 1435 1
152 1482 1
152 1492 1
152 1587 1
152 1602 1
152 1628 1
152 1631 1
152 1689 1
152 1761 1
152 1773 1
152 1809 1
152 1828 1
152 1866 1
152 1902 1
152 1919 1
152 1941 1
152 1945 1
152 1949 1
152 1991 1
152 2001 1
153 43 1
153 65 1
153 94 1
153 113 1
153 124 1
153 183 1
153 186 1
153 237 1
153 257 1
153 271 1
153 273 1
153 328 1
153 358 1
153 428 1
153 433 1
153 450 1
153 466 1
153 484 1
153 496 1
153 601 1
153 603 1
153 631 1
153 635 1
153 658 1
153 669 1
153 696 1
153 705 1
153 727 1
153 744 1
153 782 1
153 806 1
153 821 1
153 822 1
153 838 1
153 840 1
153 846 1
153 852 1
153 886 1
153 912 1
153 949 1
153 969 1
153 1079 1
153 1083 1
153 1102 1
153 1152 1
153 1170 1
153 1206 1
153 1243 1
153 1258 1
153 1276 1
153 1339 1
153 1365 1
153 1368 1
153 1369 1
153 1408 1
153 1426 1
153 1430 1
153 1486 1
153 1493 1
153 1532 1
153 1535 1
153 1541 1
153 1548 1
153 1598 1
153 1604 1
153 1649 1
153 1701 1
153 1738 1
153 1804 1
153 1824 1
153 1827 1
153 1890 1
153 1936 1
153 2014 1
154 54 1
154 77 1
154 117 1
154 180 1
154 231 1
154 412 1
154 441 1
154 444 1
154 473 1
154 481 1
154 517 1
154 559 1
154 574 1
154 605 1
154 661 1
154 740 1
154 748 1
154 783 1
154 876 1
154 889 1
154 920 1
154 921 1
154 945 1
154 991 1
154 998 1
154 1074 1
154 1080 1
154 1126 1
154 1163 1
154 1187 1
154 1193 1
154 1225 1
154 1226 1
154 1286 1
154 1319 1
154 1342 1
154 1389 1
154 1513 1
154 1524 1
154 1564 1
154 1573 1
154 1591 1
154 1621 1
154 1627 1
154 1680 1
154 1730 1
154 1742 1
154 1863 1
154 1876 1
154 1986 1
154 1987 1
154 1999 1
154 2013 1
154 2034 1
155 47 1
155 56 1
155 60 1
155 74 1
155 101 1
155 162 1
155 379 1
155 432 1
155 442 1
155 525 1
155 557 1
155 576 1
155 580 1
155 685 1
155 715 1
155 719 1
155 736 1
155 742 1
155 791 1
155 829 1
155 865 1
155 882 1
155 1019 1
155 1028 1
155 1069 1
155 1094 1
155 1099 1
155 1131 1
155 1132 1
155 1146 1
155 1182 1
155 1183 1
155 1249 1
155 1273 1
155 1277 1
155 1303 1
155 1333 1
155 1352 1
155 1495 1
155 1514 1
155 1536 1
155 1560 1
155 1577 1
155 1600 1
155 1614 1
155 1617 1
155 1646 1
155 1654 1
155 1659 1
155 1685 1
155 1691 1
155 1697 1
155 1806 1
155 1856 1
155 2027 1
155 2033 1
155 2036 1
155 2041 1
156 86 1
156 135 1
156 160 1
156 178 1
156 188 1
156 197 1
156 238 1
156 276 1
156 327 1
156 434 1
156 467 1
156 487 1
156 548 1
156 563 1
156 564 1
156 589 1
156 604 1
156 638 1
156 646 1
156 663 1
156 678 1
156 691 1
156 701 1
156 721 1
156 751 1
156 786 1
156 879 1
156 924 1
156 950 1
156 979 1
156 995 1
156 1009 1
156 1088 1
156 1128 1
156 1133 1
156 1198 1
156 1209 1
156 1227 1
156 1247 1
156 1250 1
156 1348 1
156 1401 1
156 1419 1
156 1441 1
156 1463 1
156 1515 1
156 1540 1
156 1569 1
156 1585 1
156 1612 1
156 1616 1
156 1624 1
156 1661 1
156 1744 1
156 1748 1
156 1759 1
156 1777 1
156 1794 1
156 1805 1
156 1948 1
156 1994 1
156 2005 1
156 2029 1
157 52 1
157 53 1
157 95 1
157 99 1
157 174 1
157 182 1
157 187 1
157 223 1
157 242 1
157 243 1
157 263 1
157 293 1
157 342 1
157 382 1
157 387 1
157 393 1
157 394 1
157 409 1
157 414 1
157 465 1
157 536 1
157 556 1
157 573 1
157 586 1
157 636 1
157 642 1
157 652 1
157 665 1
157 692 1
157 728 1
157 761 1
157 812 1
157 820 1
157 831 1
157 841 1
157 885 1
157 1070 1
157 1150 1
157 1169 1
157 1262 1
157 1291 1
157 1297 1
157 1315 1
157 1387 1
157 1412 1
157 1425 1
157 1480 1
157 1665 1
157 1692 1
157 1752 1
157 1758 1
157 1772 1
157 1782 1
157 1786 1
157 1874 1
157 1891 1
157 1892 1
157 1939 1
157 1944 1
157 1993 1
157 2016 1
157 2025 1
157 2032 1
158 46 1
158 64 1
158 73 1
158 78 1
158 87 1
158 93 1
158 125 1
158 137 1
158 268 1
158 269 1
158 275 1
158 352 1
158 402 1
158 407 1
158 449 1
158 461 1
158 494 1
158 505 1
158 614 1
158 625 1
158 660 1
158 693 1
158 698 1
158 700 1
158 723 1
158 726 1
158 760 1
158 801 1
158 849 1
158 902 1
158 988 1
158 1004 1
158 1062 1
158 1075 1
158 1177 1
158 1195 1
158 1220 1
158 1221 1
158 1263 1
158 1433 1
158 1439 1
158 1440 1
158 1481 1
158 1519 1
158 1618 1
158 1625 1
158 1711 1
158 1725 1
158 1732 1
158 1799 1
158 1886 1
158 1925 1
158 1926 1
158 1955 1
158 1974 1
158 1975 1
158 1979 1
158 1981 1
158 2028 1
159 91 1
159 105 1
159 108 1
159 131 1
159 158 1
159 159 1
159 229 1
159 307 1
159 369 1
159 381 1
159 395 1
159 405 1
159 410 1
159 416 1
159 443 1
159 447 1
159 452 1
159 468 1
159 500 1
159 518 1
159 581 1
159 612 1
159 626 1
159 640 1
159 654 1
159 699 1
159 708 1
159 784 1
159 793 1
159 810 1
159 839 1
159 868 1
159 916 1
159 941 1
159 976 1
159 986 1
159 987 1
159 997 1
159 1026 1
159 1036 1
159 1065 1
159 1086 1
159 1117 1
159 1118 1
159 1130 1
159 1140 1
159 1224 1
159 1236 1
159 1260 1
159 1264 1
159 1265 1
159 1272 1
159 1287 1
159 1301 1
159 1307 1
159 1314 1
159 1331 1
159 1340 1
159 1345 1
159 1347 1
159 1370 1
159 1418 1
159 1449 1
159 1455 1
159 1520 1
159 1537 1
159 1547 1
159 1607 1
159 1611 1
159 1615 1
159 1667 1
159 1710 1
159 1801 1
159 1810 1
159 1815 1
159 1837 1
159 1868 1
159 1880 1
159 1911 1
159 1922 1
160 58 1
160 106 1
160 112 1
160 191 1
160 218 1
160 230 1
160 241 1
160 244 1
160 286 1
160 318 1
160 396 1
160 401 1
160 424 1
160 438 1
160 448 1
160 457 1
160 483 1
160 549 1
160 560 1
160 570 1
160 572 1
160 611 1
160 622 1
160 630 1
160 634 1
160 735 1
160 763 1
160 767 1
160 834 1
160 869 1
160 908 1
160 936 1
160 961 1
160 1014 1
160 1032 1
160 1034 1
160 1040 1
160 1043 1
160 1067 1
160 1084 1
160 1134 1
160 1137 1
160 1143 1
160 1190 1
160 1197 1
160 1215 1
160 1219 1
160 1242 1
160 1248 1
160 1252 1
160 1299 1
160 1300 1
160 1344 1
160 1363 1
160 1395 1
160 1431 1
160 1448 1
160 1494 1
160 1500 1
160 1509 1
160 1538 1
160 1559 1
160 1561 1
160 1596 1
160 1609 1
160 1629 1
160 1656 1
160 1678 1
160 1684 1
160 1690 1
160 1696 1
160 1753 1
160 1760 1
160 1835 1
160 1840 1
160 1843 1
160 1847 1
160 1861 1
160 1864 1
160 1921 1
160 1969 1
160 1985 1
160 1988 1
160 2000 1
160 2023 1
161 104 1
161 116 1
161 120 1
161 123 1
161 139 1
161 144 1
161 163 1
161 164 1
161 167 1
161 189 1
161 235 1
161 239 1
161 255 1
161 279 1
161 301 1
161 305 1
161 309 1
161 312 1
161 320 1
161 340 1
161 353 1
161 375 1
161 390 1
161 406 1
161 420 1
161 422 1
161 423 1
161 429 1
161 503 1
161 521 1
161 535 1
161 545 1
161 567 1
161 571 1
161 585 1
161 593 1
161 618 1
161 627 1
161 650 1
161 682 1
161 702 1
161 731 1
161 756 1
161 773 1
161 774 1
161 795 1
161 816 1
161 825 1
161 836 1
161 844 1
161 863 1
161 933 1
161 946 1
161 958 1
161 962 1
161 1033 1
161 1041 1
161 1057 1
161 1081 1
161 1082 1
161 1119 1
161 1123 1
161 1157 1
161 1217 1
161 1257 1
161 1270 1
161 1275 1
161 1280 1
161 1289 1
161 1295 1
161 1323 1
161 1367 1
161 1372 1
161 1403 1
161 1407 1
161 1421 1
161 1436 1
161 1451 1
161 1457 1
161 1476 1
161 1478 1
161 1497 1
161 1533 1
161 1542 1
161 1574 1
161 1603 1
161 1606 1
161 1610 1
161 1644 1
161 1647 1
161 1664 1
161 1671 1
161 1688 1
161 1703 1
161 1709 1
161 1716 1
161 1719 1
161 1740 1
161 1743 1
161 1754 1
161 1763 1
161 1783 1
161 1785 1
161 1791 1
161 1797 1
161 1803 1
161 1808 1
161 1832 1
161 1858 1
161 1860 1
161 1865 1
161 1885 1
161 1888 1
161 1896 1
161 1900 1
161 1907 1
161 1937 1
161 1940 1
161 1967 1
161 1980 1
161 1990 1
161 1995 1
161 2022 1
161 2030 1
161 2043 1
162 92 1
162 111 1
162 134 1
162 136 1
162 143 1
162 149 1
162 153 1
162 155 1
162 166 1
162 168 1
162 171 1
162 201 1
162 213 1
162 227 1
162 265 1
162 295 1
162 306 1
162 310 1
162 311 1
162 359 1
162 364 1
162 380 1
162 392 1
162 403 1
162 408 1
162 454 1
162 456 1
162 458 1
162 460 1
162 464 1
162 491 1
162 507 1
162 510 1
162 531 1
162 541 1
162 565 1
162 588 1
162 591 1
162 672 1
162 688 1
162 704 1
162 745 1
162 752 1
162 759 1
162 772 1
162 790 1
162 842 1
162 853 1
162 861 1
162 893 1
162 896 1
162 923 1
162 926 1
162 940 1
162 944 1
162 948 1
162 955 1
162 973 1
162 978 1
162 1006 1
162 1016 1
162 1017 1
162 1031 1
162 1054 1
162 1058 1
162 1071 1
162 1072 1
162 1089 1
162 1092 1
162 1109 1
162 1115 1
162 1153 1
162 1191 1
162 1212 1
162 1216 1
162 1234 1
162 1240 1
162 1251 1
162 1318 1
162 1324 1
162 1375 1
162 1397 1
162 1444 1
162 1459 1
162 1466 1
162 1511 1
162 1539 1
162 1546 1
162 1562 1
162 1582 1
162 1633 1
162 1663 1
162 1673 1
162 1704 1
162 1771 1
162 1778 1
162 1789 1
162 1823 1
162 1845 1
162 1848 1
162 1901 1
162 1913 1
162 1938 1
162 1964 1
162 1972 1
162 1992 1
162 2006 1
162 2020 1
162 2021 1
162 2044 1
163 72 1
163 107 1
163 115 1
163 127 1
163 175 1
163 177 1
163 194 1
163 195 1
163 196 1
163 240 1
163 251 1
163 284 1
163 288 1
163 300 1
163 308 1
163 330 1
163 332 1
163 351 1
163 388 1
163 398 1
163 417 1
163 427 1
163 497 1
163 523 1
163 534 1
163 547 1
163 562 1
163 569 1
163 599 1
163 667 1
163 697 1
163 798 1
163 850 1
163 854 1
163 862 1
163 918 1
163 928 1
163 934 1
163 992 1
163 1012 1
163 1051 1
163 1053 1
163 1066 1
163 1073 1
163 1113 1
163 1120 1
163 1154 1
163 1188 1
163 1199 1
163 1205 1
163 1211 1
163 1246 1
163 1282 1
163 1288 1
163 1312 1
163 1320 1
163 1321 1
163 1332 1
163 1355 1
163 1452 1
163 1460 1
163 1467 1
163 1521 1
163 1563 1
163 1567 1
163 1586 1
163 1595 1
163 1632 1
163 1686 1
163 1721 1
163 1734 1
163 1739 1
163 1746 1
163 1755 1
163 1756 1
163 1757 1
163 1764 1
163 1766 1
163 1767 1
163 1788 1
163 1798 1
163 1818 1
163 1829 1
163 1834 1
163 1836 1
163 1838 1
163 1850 1
163 1871 1
163 1878 1
163 1931 1
163 1935 1
163 1942 1
163 1960 1
163 1965 1
163 1966 1
163 1973 1
163 2010 1
163 2015 1
163 2035 1
163 2047 1
164 50 1
164 109 1
164 138 1
164 145 1
164 165 1
164 172 1
164 215 1
164 343 1
164 383 1
164 391 1
164 397 1
164 418 1
164 439 1
164 462 1
164 474 1
164 479 1
164 495 1
164 502 1
164 512 1
164 539 1
164 546 1
164 558 1
164 592 1
164 594 1
164 595 1
164 610 1
164 664 1
164 670 1
164 675 1
164 677 1
164 686 1
164 687 1
164 716 1
164 729 1
164 739 1
164 741 1
164 754 1
164 770 1
164 799 1
164 805 1
164 809 1
164 819 1
164 864 1
164 880 1
164 888 1
164 898 1
164 966 1
164 984 1
164 1021 1
164 1049 1
164 1056 1
164 1097 1
164 1103 1
164 1125 1
164 1144 1
164 1162 1
164 1202 1
164 1237 1
164 1279 1
164 1294 1
164 1379 1
164 1388 1
164 1390 1
164 1398 1
164 1429 1
164 1456 1
164 1483 1
164 1499 1
164 1516 1
164 1653 1
164 1694 1
164 1762 1
164 1769 1
164 1780 1
164 1784 1
164 1787 1
164 1882 1
164 1916 1
164 1918 1
164 1977 1
165 130 1
165 132 1
165 198 1
165 200 1
165 209 1
165 228 1
165 259 1
165 260 1
165 294 1
165 297 1
165 344 1
165 346 1
165 431 1
165 437 1
165 463 1
165 504 1
165 516 1
165 542 1
165 550 1
165 628 1
165 637 1
165 639 1
165 668 1
165 673 1
165 803 1
165 871 1
165 897 1
165 922 1
165 1037 1
165 1138 1
165 1201 1
165 1238 1
165 1305 1
165 1338 1
165 1350 1
165 1357 1
165 1423 1
165 1471 1
165 1544 1
165 1557 1
165 1580 1
165 1745 1
165 1869 1
165 1873 1
165 1887 1
165 1923 1
165 1933 1
165 1959 1
165 1996 1
165 2040 1
166 282 1
166 302 1
166 341 1
166 355 1
166 472 1
166 679 1
166 734 1
166 1005 1
166 1035 1
166 1091 1
166 1106 1
166 1139 1
166 1208 1
166 1230 1
166 1304 1
166 1316 1
166 1354 1
166 1378 1
166 1487 1
166 1555 1
166 1570 1
166 1599 1
166 1668 1
166 1781 1
166 1802 1
166 1826 1
166 1862 1
166 1920 1
166 2031 1
167 543 1
167 579 1
167 617 1
167 776 1
167 804 1
167 814 1
167 845 1
167 855 1
167 932 1
167 983 1
167 1025 1
167 1048 1
167 1278 1
167 1281 1
167 1317 1
167 1409 1
167 1479 1
167 1517 1
167 1523 1
167 1568 1
167 1708 1
167 1831 1
167 1889 1
167 2002 1
168 2 1
168 114 1
168 122 1
168 129 1
168 245 1
168 272 1
168 281 1
168 964 1
168 1233 1
168 1298 1
168 1359 1
168 1411 1
168 1443 1
168 1717 1
168 1817 1
168 1983 1
169 296 1
169 796 1
169 807 1
169 1145 1
169 1245 1
169 1593 1
169 1657 1
170 350 1
170 656 1
170 939 1
170 1015 1
170 1136 1
170 1351 1
170 1508 1
170 1634 1
170 1698 1
170 1908 1
170 1956 1
171 555 1
171 1420 1
171 1484 1
171 1677 1
171 1879 1
172 26 1
172 256 1
172 1095 1
172 1214 1
173 1358 1
173 1812 1
173 1928 1
174 713 1
174 1473 1
174 2009 1
176 1336 1
177 13 1
184 29 1
185 35 1
750 2048 0
