1 356 1
2 283 1
2 667 1
2 779 1
2 1697 1
3 786 1
3 896 1
3 1085 1
3 1274 1
3 1698 1
3 1770 1
3 1950 1
4 140 1
4 1632 1
4 1634 1
4 1816 1
5 25 1
5 222 1
5 637 1
5 777 1
5 1029 1
5 1237 1
5 1734 1
5 2008 1
6 19 1
6 21 1
6 103 1
6 607 1
6 1360 1
6 1862 1
7 75 1
7 380 1
7 401 1
7 1363 1
8 8 1
8 319 1
8 697 1
8 1141 1
8 1170 1
9 969 1
9 1039 1
9 1909 1
10 5 1
10 1138 1
10 1373 1
11 1 1
11 573 1
11 844 1
11 1047 1
12 764 1
12 1090 1
12 1515 1
14 331 1
14 1304 1
15 1105 1
16 3 1
16 40 1
16 1472 1
16 1988 1
17 18 1
17 230 1
17 572 1
17 817 1
17 924 1
18 152 1
18 249 1
18 1301 1
18 1561 1
18 1765 1
19 18 1
19 111 1
19 445 1
19 577 1
19 728 1
19 815 1
19 1166 1
19 1232 1
19 1670 1
19 1921 1
20 14 1
20 281 1
20 1838 1
20 1948 1
21 451 1
21 989 1
21 1092 1
21 1377 1
21 1604 1
21 1998 1
21 2037 1
22 2 1
22 41 1
22 424 1
22 901 1
22 1489 1
22 2005 1
22 2009 1
23 784 1
23 973 1
23 1353 1
23 1451 1
23 1596 1
23 1758 1
23 1999 1
23 2023 1
24 172 1
24 250 1
24 1289 1
24 1319 1
24 1477 1
25 8 1
25 16 1
25 40 1
25 369 1
25 1068 1
25 1245 1
25 1610 1
25 1935 1
25 2042 1
26 34 1
26 564 1
26 663 1
26 823 1
27 1 1
27 3 1
27 29 1
27 98 1
27 681 1
27 951 1
27 1048 1
27 2011 1
28 12 1
28 1401 1
29 3 1
29 11 1
29 374 1
29 1276 1
30 36 1
30 83 1
30 600 1
30 967 1
30 1755 1
31 949 1
31 1461 1
32 41 1
32 190 1
32 328 1
32 435 1
33 9 1
33 12 1
33 26 1
33 646 1
33 794 1
33 1558 1
33 1672 1
34 3 1
34 531 1
35 11 1
35 718 1
35 1559 1
36 2 1
36 18 1
37 24 1
37 322 1
37 690 1
38 7 1
38 16 1
38 86 1
38 302 1
38 530 1
38 741 1
39 24 1
39 36 1
39 239 1
39 1038 1
39 1583 1
40 2 1
40 7 1
40 35 1
40 1164 1
40 1809 1
41 10 1
41 19 1
41 26 1
41 36 1
41 244 1
41 975 1
41 1392 1
41 1434 1
41 1600 1
42 4 1
42 394 1
42 506 1
42 563 1
42 673 1
42 1934 1
43 28 1
43 483 1
43 1432 1
44 604 1
44 613 1
44 1341 1
45 1193 1
46 236 1
46 436 1
46 456 1
46 1015 1
46 1499 1
46 1952 1
46 1954 1
47 40 1
47 226 1
47 1161 1
47 1737 1
47 1883 1
48 12 1
48 1531 1
48 1961 1
49 6 1
50 41 1
50 1176 1
50 1528 1
51 16 1
51 21 1
51 313 1
51 1527 1
52 5 1
52 17 1
52 37 1
52 1107 1
53 413 1
53 632 1
53 982 1
53 1978 1
54 25 1
54 1313 1
54 1653 1
54 1866 1
55 234 1
55 822 1
56 14 1
56 32 1
56 473 1
56 1501 1
57 40 1
57 750 1
57 1076 1
57 1679 1
58 696 1
58 2047 1
59 14 1
59 96 1
60 15 1
60 28 1
60 1159 1
60 1508 1
61 22 1
61 184 1
61 461 1
61 1901 1
61 1906 1
62 84 1
62 814 1
62 922 1
62 1358 1
63 16 1
63 23 1
63 150 1
63 404 1
63 689 1
64 400 1
64 953 1
64 1171 1
64 1380 1
65 5 1
65 202 1
65 551 1
65 1203 1
66 15 1
66 329 1
67 27 1
67 37 1
67 147 1
67 468 1
67 1139 1
68 1640 1
68 1949 1
69 18 1
69 28 1
70 216 1
70 469 1
70 1775 1
70 1867 1
71 16 1
71 691 1
71 1645 1
72 31 1
72 773 1
72 1099 1
72 1723 1
72 1885 1
72 1902 1
73 23 1
73 481 1
73 1061 1
74 2 1
74 1296 1
74 1648 1
75 12 1
75 26 1
75 905 1
75 1721 1
76 196 1
76 590 1
76 1832 1
76 1927 1
77 252 1
77 700 1
77 1448 1
77 1966 1
78 9 1
78 10 1
78 20 1
78 197 1
78 351 1
78 755 1
78 893 1
78 904 1
78 1018 1
78 1369 1
78 1642 1
79 3 1
79 38 1
79 1447 1
79 1525 1
79 1884 1
80 698 1
80 830 1
80 873 1
80 874 1
80 1541 1
80 1545 1
80 1607 1
80 1639 1
80 2048 1
81 11 1
81 334 1
81 1196 1
81 1919 1
81 1943 1
81 2045 1
82 12 1
82 21 1
82 1303 1
82 1446 1
82 1467 1
83 40 1
83 761 1
83 870 1
83 1235 1
83 1587 1
84 9 1
84 682 1
84 1097 1
85 25 1
85 120 1
85 166 1
85 1953 1
86 19 1
86 570 1
86 906 1
86 937 1
86 1086 1
87 8 1
87 99 1
87 178 1
87 192 1
87 1622 1
88 3 1
88 7 1
89 1148 1
89 1460 1
89 1831 1
90 2 1
90 18 1
90 38 1
90 1897 1
91 36 1
91 40 1
91 1204 1
92 18 1
92 33 1
92 1292 1
93 38 1
93 962 1
93 1130 1
93 1259 1
93 1694 1
93 1811 1
94 21 1
94 752 1
94 805 1
94 845 1
94 902 1
94 1895 1
95 545 1
95 1749 1
96 20 1
96 23 1
96 158 1
96 522 1
96 703 1
97 315 1
97 362 1
97 1250 1
98 1302 1
98 1900 1
99 19 1
99 20 1
99 373 1
100 22 1
100 789 1
100 868 1
100 1521 1
101 305 1
102 824 1
102 939 1
102 994 1
103 33 1
103 41 1
104 4 1
104 1101 1
104 1599 1
104 1803 1
106 38 1
106 930 1
106 1476 1
106 1592 1
106 1674 1
107 16 1
107 31 1
107 38 1
107 134 1
107 141 1
107 1118 1
107 1397 1
108 5 1
108 11 1
108 609 1
109 24 1
109 32 1
109 116 1
109 440 1
109 659 1
109 670 1
109 1035 1
109 1468 1
109 1540 1
109 1777 1
110 223 1
110 934 1
110 1800 1
111 118 1
111 725 1
111 831 1
111 914 1
111 1132 1
111 1847 1
112 7 1
112 11 1
112 131 1
112 241 1
112 688 1
112 1079 1
112 1766 1
113 3 1
113 40 1
113 756 1
113 1985 1
114 3 1
114 14 1
114 447 1
114 540 1
114 1317 1
114 1662 1
114 1817 1
115 20 1
115 24 1
115 680 1
115 892 1
115 1184 1
116 32 1
116 35 1
117 41 1
117 1842 1
117 1993 1
118 885 1
118 1852 1
119 3 1
119 1055 1
119 1798 1
120 13 1
120 1486 1
121 7 1
121 12 1
121 17 1
121 36 1
121 209 1
121 858 1
121 1736 1
121 1944 1
122 18 1
122 1433 1
123 5 1
123 749 1
123 1896 1
124 11 1
124 408 1
124 467 1
124 1034 1
124 1858 1
124 1914 1
125 2 1
125 106 1
125 498 1
125 841 1
125 1551 1
126 5 1
126 16 1
126 39 1
126 129 1
126 337 1
126 385 1
126 1388 1
126 1650 1
127 19 1
127 806 1
127 909 1
127 1045 1
127 1297 1
127 1344 1
128 490 1
128 1116 1
128 1449 1
128 1597 1
129 148 1
129 160 1
129 884 1
129 1217 1
129 1414 1
129 1606 1
129 1891 1
129 1979 1
130 183 1
130 1010 1
130 1849 1
131 270 1
131 1403 1
132 5 1
132 9 1
132 21 1
132 677 1
132 1228 1
133 8 1
133 23 1
133 285 1
133 567 1
133 938 1
133 1417 1
133 1857 1
134 1878 1
136 3 1
136 629 1
136 717 1
136 1064 1
137 22 1
137 25 1
137 26 1
137 2006 1
138 2 1
139 25 1
139 1011 1
139 1265 1
139 1269 1
139 2041 1
140 17 1
140 21 1
140 35 1
140 1438 1
140 1848 1
141 10 1
141 29 1
141 1669 1
141 1712 1
142 370 1
142 429 1
142 1178 1
142 1422 1
142 1516 1
142 2038 1
143 12 1
143 903 1
143 981 1
143 1293 1
144 4 1
144 27 1
144 669 1
144 1412 1
144 1655 1
145 28 1
145 30 1
145 127 1
145 500 1
145 1407 1
145 1436 1
146 1484 1
147 776 1
147 1362 1
147 1452 1
147 1728 1
147 1908 1
148 412 1
148 453 1
148 895 1
148 1096 1
148 2019 1
149 9 1
149 1240 1
149 1778 1
149 1877 1
150 11 1
150 538 1
150 781 1
152 1828 1
154 168 1
154 225 1
154 615 1
156 1619 1
157 847 1
157 957 1
157 1591 1
158 419 1
159 505 1
159 941 1
159 1330 1
159 1411 1
160 206 1
160 292 1
160 321 1
160 336 1
160 715 1
160 1320 1
160 1349 1
160 1366 1
160 1453 1
160 1556 1
160 1820 1
161 480 1
161 635 1
161 739 1
161 760 1
161 1206 1
161 1221 1
161 1784 1
161 1804 1
161 2012 1
162 1229 1
162 1375 1
162 1389 1
162 1393 1
162 1482 1
162 1542 1
162 1937 1
162 2039 1
163 122 1
163 164 1
163 993 1
163 1024 1
163 1343 1
164 1058 1
164 1487 1
164 1630 1
164 1757 1
164 1768 1
164 1841 1
164 1932 1
165 102 1
165 1065 1
165 1077 1
165 1695 1
166 198 1
166 1147 1
166 1854 1
167 672 1
167 1791 1
168 311 1
168 1318 1
168 1665 1
169 1530 1
169 1732 1
169 1969 1
172 536 1
173 126 1
173 159 1
173 235 1
174 325 1
174 799 1
174 1684 1
174 1752 1
175 320 1
175 507 1
175 804 1
175 1158 1
175 1399 1
175 1441 1
175 1492 1
175 1518 1
175 1555 1
176 142 1
176 176 1
176 254 1
176 258 1
176 260 1
176 289 1
176 583 1
176 775 1
176 811 1
176 983 1
176 1103 1
176 1374 1
176 1920 1
176 1938 1
176 1962 1
176 2003 1
177 46 1
177 167 1
177 287 1
177 341 1
177 388 1
177 395 1
177 449 1
177 464 1
177 557 1
177 657 1
177 770 1
177 813 1
177 863 1
177 916 1
177 942 1
177 998 1
177 1093 1
177 1197 1
177 1300 1
177 1352 1
177 1355 1
177 1707 1
177 1799 1
177 1853 1
177 1869 1
178 94 1
178 218 1
178 307 1
178 406 1
178 554 1
178 563 1
178 686 1
178 803 1
178 828 1
178 871 1
178 888 1
178 1032 1
178 1085 1
178 1143 1
178 1225 1
178 1226 1
178 1268 1
178 1535 1
178 1620 1
178 1715 1
178 1807 1
178 1875 1
179 154 1
179 232 1
179 299 1
179 308 1
179 398 1
179 616 1
179 658 1
179 660 1
179 702 1
179 926 1
179 963 1
179 1075 1
179 1131 1
179 1149 1
179 1159 1
179 1340 1
179 1544 1
179 1659 1
179 1795 1
179 1912 1
180 59 1
180 64 1
180 492 1
180 502 1
180 608 1
180 1020 1
180 1105 1
180 1135 1
180 1190 1
180 1219 1
180 1370 1
180 1379 1
180 1384 1
180 1668 1
180 1747 1
180 1827 1
180 1865 1
180 2000 1
180 2025 1
181 360 1
181 497 1
181 508 1
181 518 1
181 737 1
181 862 1
181 1081 1
181 1188 1
181 1903 1
182 1280 1
182 1408 1
183 366 1
183 1049 1
183 1114 1
183 1539 1
183 1595 1
183 1754 1
184 119 1
184 1532 1
184 1609 1
184 1761 1
185 309 1
185 1329 1
186 117 1
186 1473 1
186 1719 1
187 242 1
187 495 1
188 525 1
188 1336 1
189 135 1
189 566 1
189 1327 1
190 837 1
190 1001 1
191 56 1
191 1982 1
192 716 1
192 1479 1
193 144 1
193 1463 1
194 416 1
194 427 1
194 584 1
194 829 1
194 1142 1
194 1175 1
194 1254 1
194 1510 1
194 1980 1
195 156 1
195 172 1
195 636 1
195 988 1
195 1014 1
195 1044 1
195 1567 1
195 1823 1
195 1824 1
195 1904 1
195 1992 1
196 676 1
196 1009 1
196 1084 1
196 1144 1
196 1177 1
196 1548 1
196 1797 1
197 516 1
197 774 1
197 1285 1
197 1685 1
197 1724 1
198 375 1
198 651 1
199 486 1
199 546 1
199 1295 1
199 1547 1
200 279 1
200 999 1
200 1042 1
200 1109 1
200 1635 1
201 368 1
201 1040 1
202 510 1
202 1651 1
202 1808 1
203 704 1
203 1787 1
204 640 1
204 1222 1
204 1833 1
204 1846 1
206 139 1
207 85 1
207 109 1
207 484 1
207 1725 1
208 361 1
209 186 1
209 295 1
209 1368 1
209 1638 1
210 411 1
210 877 1
210 1503 1
210 1772 1
211 265 1
211 603 1
211 743 1
211 979 1
211 1223 1
211 1394 1
211 1430 1
212 936 1
212 1059 1
212 1872 1
213 1284 1
213 1365 1
213 1786 1
214 107 1
214 494 1
214 577 1
214 762 1
214 818 1
214 904 1
214 1537 1
214 1733 1
214 1863 1
214 1930 1
215 165 1
215 631 1
215 713 1
215 1244 1
215 1382 1
215 1459 1
215 1708 1
215 2036 1
216 44 1
216 861 1
216 1552 1
216 1594 1
216 2035 1
217 1647 1
218 880 1
218 1478 1
218 1586 1
218 1782 1
218 1960 1
219 792 1
219 1324 1
220 1039 1
220 1815 1
221 105 1
221 723 1
221 1153 1
221 1239 1
222 415 1
222 1110 1
222 1272 1
222 1386 1
223 248 1
223 1680 1
224 323 1
224 654 1
225 238 1
225 382 1
225 1601 1
226 157 1
226 409 1
226 1007 1
227 224 1
227 428 1
227 433 1
227 692 1
227 706 1
227 857 1
227 1307 1
227 1338 1
228 161 1
228 342 1
228 628 1
228 661 1
228 808 1
228 889 1
228 1275 1
228 1608 1
228 1735 1
228 1812 1
228 1890 1
228 2005 1
229 185 1
229 212 1
229 280 1
229 282 1
229 533 1
229 620 1
229 1088 1
229 1419 1
229 1491 1
229 1748 1
229 1933 1
230 53 1
230 180 1
230 317 1
230 348 1
230 418 1
230 519 1
230 558 1
230 1156 1
230 1220 1
231 47 1
231 267 1
231 326 1
231 600 1
231 627 1
231 832 1
231 1182 1
231 1236 1
231 1261 1
231 1451 1
231 1493 1
231 1578 1
231 1801 1
231 1845 1
232 113 1
232 249 1
232 553 1
232 1125 1
232 1454 1
232 1514 1
232 1693 1
232 1702 1
232 1727 1
233 100 1
233 170 1
233 555 1
233 697 1
233 952 1
233 1605 1
233 1995 1
234 778 1
234 1060 1
234 1554 1
234 1582 1
234 1631 1
234 1741 1
234 1913 1
235 392 1
235 585 1
235 718 1
235 860 1
235 1496 1
235 1698 1
235 1880 1
235 1959 1
236 1617 1
236 1755 1
236 1830 1
237 171 1
238 108 1
238 933 1
238 1400 1
239 1939 1
241 191 1
242 793 1
243 469 1
243 997 1
243 1021 1
243 1633 1
244 1041 1
244 1283 1
244 1410 1
244 1621 1
245 625 1
245 1367 1
246 65 1
246 229 1
246 393 1
246 493 1
246 757 1
246 1566 1
246 1673 1
246 1886 1
247 92 1
247 115 1
247 187 1
247 470 1
247 853 1
247 859 1
247 867 1
247 1187 1
247 1455 1
247 1489 1
247 1661 1
247 1676 1
247 1716 1
247 1762 1
247 1907 1
247 2022 1
248 98 1
248 162 1
248 247 1
248 316 1
248 611 1
248 618 1
248 708 1
248 907 1
248 908 1
248 1094 1
248 1126 1
248 1387 1
248 1730 1
248 1838 1
248 1843 1
249 101 1
249 173 1
249 396 1
249 403 1
249 465 1
249 466 1
249 474 1
249 656 1
249 665 1
249 1231 1
249 1699 1
250 88 1
250 327 1
250 426 1
250 809 1
250 1404 1
250 1734 1
251 62 1
251 1345 1
251 2018 1
251 2026 1
252 1080 1
252 1967 1
253 425 1
256 194 1
257 1282 1
260 227 1
260 1354 1
260 1420 1
260 1641 1
261 386 1
261 432 1
261 458 1
261 582 1
261 586 1
261 1339 1
261 1344 1
261 1466 1
261 1739 1
261 1771 1
261 1773 1
261 2043 1
262 335 1
262 397 1
262 462 1
262 819 1
262 827 1
262 851 1
262 1025 1
262 1193 1
262 1325 1
262 1364 1
262 1588 1
262 1696 1
262 1701 1
262 1893 1
262 1899 1
262 1991 1
262 2021 1
262 2032 1
262 2044 1
262 2046 1
263 133 1
263 200 1
263 681 1
263 780 1
263 820 1
263 1004 1
263 1106 1
263 1136 1
263 1328 1
263 1346 1
263 1654 1
263 1657 1
263 1909 1
263 1910 1
263 1941 1
263 2040 1
264 244 1
264 515 1
264 596 1
264 922 1
264 1385 1
264 1401 1
264 1409 1
264 1689 1
264 1742 1
264 1825 1
264 1911 1
264 2010 1
265 50 1
265 90 1
265 138 1
265 208 1
265 424 1
265 622 1
265 766 1
265 1289 1
265 1322 1
265 1413 1
265 1423 1
265 1444 1
265 1485 1
266 328 1
266 744 1
266 986 1
266 1205 1
266 1499 1
266 1576 1
266 1882 1
267 446 1
267 800 1
267 970 1
267 1051 1
267 1653 1
268 367 1
268 664 1
268 1334 1
268 1950 1
269 729 1
269 1237 1
271 614 1
271 982 1
272 711 1
275 1781 1
276 643 1
276 653 1
276 900 1
276 1201 1
276 1215 1
276 1574 1
277 97 1
277 132 1
277 215 1
277 821 1
277 1766 1
278 143 1
278 195 1
278 1070 1
278 1083 1
278 1161 1
278 1264 1
278 1505 1
278 1615 1
278 1729 1
278 1764 1
278 1873 1
278 1974 1
279 221 1
279 257 1
279 259 1
279 602 1
279 689 1
279 712 1
279 782 1
279 1054 1
279 1146 1
279 1168 1
279 1233 1
279 1299 1
279 1529 1
279 1686 1
279 1690 1
279 1717 1
279 1916 1
280 55 1
280 300 1
280 391 1
280 483 1
280 886 1
280 894 1
280 1078 1
280 1137 1
280 1179 1
280 1260 1
280 1369 1
280 1688 1
281 219 1
281 448 1
281 591 1
281 684 1
281 1348 1
281 1351 1
281 1512 1
281 1573 1
281 1672 1
281 1713 1
281 1988 1
282 1306 1
282 1874 1
282 1887 1
282 1999 1
283 298 1
283 414 1
283 436 1
283 562 1
283 1166 1
283 1644 1
283 1649 1
283 1900 1
283 2008 1
284 269 1
284 440 1
284 1785 1
285 912 1
285 1056 1
285 1721 1
286 211 1
286 528 1
286 765 1
286 1964 1
287 394 1
287 1347 1
291 293 1
291 856 1
291 1580 1
292 1359 1
292 1851 1
293 357 1
293 1191 1
293 1469 1
293 2027 1
294 542 1
294 565 1
294 647 1
294 727 1
294 751 1
294 777 1
294 947 1
294 955 1
294 1163 1
294 1390 1
294 1526 1
294 1584 1
294 1818 1
294 1864 1
294 1945 1
295 524 1
295 605 1
295 840 1
295 865 1
295 1185 1
295 1248 1
295 1783 1
295 1794 1
295 1837 1
296 199 1
296 343 1
296 539 1
296 638 1
296 666 1
296 835 1
296 915 1
296 992 1
296 1091 1
296 1152 1
296 1291 1
296 1581 1
296 1590 1
296 1758 1
296 2009 1
297 69 1
297 120 1
297 179 1
297 253 1
297 286 1
297 291 1
297 344 1
297 496 1
297 767 1
297 815 1
297 901 1
297 1023 1
297 1090 1
297 1113 1
297 1150 1
297 1396 1
297 1618 1
297 1975 1
297 2001 1
297 2033 1
298 882 1
298 965 1
298 976 1
298 1029 1
298 1323 1
298 1331 1
298 1632 1
298 1788 1
298 2004 1
299 1069 1
299 1073 1
299 1117 1
299 1658 1
299 1925 1
300 87 1
300 95 1
300 404 1
300 487 1
300 1160 1
300 1186 1
300 1607 1
301 431 1
302 695 1
302 839 1
302 869 1
302 1534 1
303 384 1
303 644 1
305 463 1
306 1509 1
308 1692 1
309 439 1
309 1104 1
309 1614 1
310 220 1
310 354 1
310 610 1
310 1726 1
311 175 1
311 205 1
311 240 1
311 802 1
311 1092 1
311 1129 1
311 1598 1
311 1629 1
311 1738 1
311 1790 1
311 1810 1
311 1922 1
312 71 1
312 256 1
312 482 1
312 523 1
312 527 1
312 552 1
312 671 1
312 705 1
312 953 1
312 954 1
312 1037 1
312 1183 1
312 1192 1
312 1200 1
312 1319 1
312 1519 1
312 1670 1
312 1989 1
313 338 1
313 387 1
313 703 1
313 929 1
313 1286 1
313 1311 1
313 1443 1
313 1517 1
313 1575 1
313 1643 1
313 1780 1
314 378 1
314 381 1
314 545 1
314 682 1
314 887 1
314 1428 1
315 437 1
315 450 1
315 1249 1
316 78 1
316 648 1
316 1677 1
316 1763 1
316 1803 1
317 104 1
317 166 1
317 370 1
317 812 1
317 911 1
317 1038 1
317 1087 1
317 1836 1
318 738 1
318 916 1
318 1138 1
319 1255 1
320 1304 1
320 1942 1
321 645 1
322 1839 1
323 140 1
323 422 1
325 1016 1
325 1926 1
326 275 1
326 1181 1
326 1856 1
327 842 1
327 1011 1
327 1100 1
327 1626 1
327 1663 1
327 1704 1
328 807 1
328 1464 1
328 1682 1
329 15 1
329 60 1
329 372 1
329 476 1
329 674 1
329 1066 1
329 1165 1
329 1302 1
329 1494 1
329 1718 1
329 1829 1
329 1902 1
329 1996 1
330 209 1
330 261 1
330 264 1
330 441 1
330 731 1
330 735 1
330 846 1
330 866 1
330 1211 1
330 1315 1
330 1579 1
330 1775 1
330 1932 1
331 114 1
331 623 1
331 875 1
331 1123 1
331 1217 1
331 1473 1
331 1596 1
331 1667 1
331 1867 1
331 1937 1
332 543 1
332 1310 1
332 1513 1
332 1935 1
332 1952 1
332 1957 1
333 302 1
333 612 1
333 685 1
333 722 1
333 1047 1
333 1879 1
334 68 1
334 844 1
334 1198 1
334 1612 1
334 1921 1
334 1978 1
335 399 1
335 1139 1
336 1432 1
337 864 1
340 369 1
340 569 1
342 921 1
343 468 1
343 511 1
343 1157 1
343 1278 1
343 1511 1
343 1955 1
344 89 1
344 639 1
344 733 1
344 736 1
344 810 1
344 918 1
344 978 1
344 1018 1
344 1230 1
344 1332 1
344 1564 1
344 1931 1
345 141 1
345 540 1
345 564 1
345 668 1
345 721 1
345 849 1
345 980 1
345 1065 1
345 1498 1
345 1570 1
345 1700 1
345 1822 1
345 1870 1
346 111 1
346 177 1
346 263 1
346 358 1
346 390 1
346 797 1
346 1057 1
346 1154 1
346 1171 1
346 1256 1
346 1277 1
346 1397 1
346 1524 1
346 1897 1
346 1956 1
347 66 1
347 365 1
347 504 1
347 535 1
347 544 1
347 850 1
347 1119 1
347 1238 1
347 1245 1
347 1266 1
347 1703 1
348 130 1
348 332 1
348 526 1
348 607 1
348 786 1
348 1068 1
348 1361 1
348 1376 1
348 1458 1
348 1538 1
348 1589 1
348 1684 1
348 1834 1
348 1963 1
348 2015 1
348 2042 1
349 93 1
349 836 1
349 1279 1
349 1606 1
349 1776 1
349 2014 1
350 642 1
350 1724 1
350 1998 1
351 355 1
351 472 1
351 919 1
351 1076 1
353 930 1
353 932 1
353 1288 1
353 1894 1
354 1270 1
355 1173 1
355 1876 1
356 1232 1
358 203 1
358 1273 1
358 1506 1
359 155 1
359 764 1
359 985 1
359 1946 1
360 371 1
360 771 1
360 946 1
360 1642 1
361 228 1
361 230 1
361 373 1
361 385 1
361 443 1
361 566 1
361 578 1
361 758 1
361 834 1
361 931 1
361 1014 1
361 1227 1
361 1301 1
361 1333 1
361 1421 1
361 1431 1
361 1434 1
361 1536 1
361 1723 1
361 1889 1
362 306 1
362 350 1
362 407 1
362 459 1
362 583 1
362 1120 1
362 1184 1
362 1305 1
362 2024 1
363 118 1
363 134 1
363 323 1
363 330 1
363 630 1
363 633 1
363 650 1
363 748 1
363 785 1
363 876 1
363 940 1
363 973 1
363 1243 1
363 1269 1
363 1377 1
363 1416 1
363 1516 1
363 1769 1
363 1908 1
363 2016 1
364 146 1
364 189 1
364 824 1
364 969 1
364 1000 1
364 1107 1
364 1298 1
364 1508 1
364 1552 1
364 1599 1
365 380 1
365 521 1
365 619 1
365 621 1
365 670 1
365 759 1
365 1484 1
365 1744 1
365 1849 1
365 1997 1
366 252 1
366 499 1
366 679 1
366 1017 1
366 1095 1
366 1862 1
366 1871 1
366 1987 1
366 2007 1
367 1308 1
367 1440 1
367 1743 1
367 1958 1
367 2047 1
368 207 1
368 383 1
368 983 1
368 1234 1
368 1604 1
368 1970 1
370 746 1
370 1350 1
371 1112 1
373 588 1
376 456 1
376 576 1
376 667 1
377 747 1
377 991 1
377 1990 1
378 379 1
378 405 1
378 593 1
378 597 1
378 720 1
378 728 1
378 730 1
378 951 1
378 959 1
378 1044 1
378 1391 1
378 1597 1
378 1859 1
379 299 1
379 310 1
379 579 1
379 1208 1
379 1381 1
379 1476 1
379 1919 1
379 2037 1
380 160 1
380 294 1
380 477 1
380 550 1
380 617 1
380 814 1
380 1199 1
380 1253 1
380 1303 1
380 1472 1
380 1475 1
380 1665 1
380 1819 1
380 2020 1
381 136 1
381 148 1
381 402 1
381 444 1
381 779 1
381 878 1
381 917 1
381 1353 1
381 1418 1
381 1453 1
381 1544 1
381 1760 1
381 1842 1
381 1880 1
381 1972 1
382 1077 1
382 1522 1
382 1767 1
383 503 1
383 787 1
383 1022 1
383 1398 1
383 1774 1
383 1796 1
384 672 1
384 1040 1
384 1541 1
384 1809 1
385 438 1
386 726 1
387 984 1
390 1973 1
392 237 1
392 2029 1
393 305 1
393 349 1
393 895 1
393 1082 1
393 1170 1
393 1918 1
394 225 1
394 277 1
394 646 1
394 675 1
394 716 1
394 891 1
394 1001 1
394 1055 1
394 1216 1
394 1447 1
394 1525 1
394 1540 1
394 1572 1
394 1587 1
394 1968 1
395 193 1
395 266 1
395 313 1
395 1067 1
395 1474 1
395 1495 1
395 1562 1
395 1756 1
395 1948 1
395 1954 1
396 168 1
396 290 1
396 366 1
396 492 1
396 514 1
396 613 1
396 615 1
396 799 1
396 823 1
396 843 1
396 1062 1
396 1240 1
396 1578 1
396 1731 1
396 1936 1
397 346 1
397 445 1
397 475 1
397 637 1
397 640 1
397 750 1
397 897 1
397 944 1
397 948 1
397 1024 1
397 1337 1
397 1379 1
397 1408 1
397 1593 1
398 491 1
398 817 1
398 941 1
398 1262 1
398 1648 1
398 1917 1
399 235 1
399 609 1
399 1046 1
399 1086 1
399 1372 1
399 1802 1
399 1912 1
400 318 1
400 517 1
400 710 1
400 1052 1
400 1313 1
400 1695 1
400 1832 1
401 920 1
401 1460 1
405 950 1
407 828 1
408 159 1
408 872 1
409 223 1
409 547 1
409 1940 1
410 201 1
410 284 1
410 454 1
410 1074 1
410 1290 1
410 1388 1
410 1481 1
410 1821 1
410 2023 1
411 56 1
411 236 1
411 333 1
411 704 1
411 896 1
411 1036 1
411 1043 1
411 1130 1
411 1153 1
411 1263 1
411 1357 1
411 1433 1
411 1789 1
411 2036 1
412 49 1
412 129 1
412 636 1
412 737 1
412 806 1
412 1209 1
412 1355 1
412 1363 1
412 1725 1
412 1814 1
412 1903 1
413 434 1
413 678 1
413 741 1
413 822 1
413 855 1
413 905 1
413 925 1
413 993 1
413 1020 1
413 1175 1
413 1616 1
413 1624 1
413 1771 1
414 119 1
414 452 1
414 467 1
414 548 1
414 572 1
414 587 1
414 768 1
414 868 1
414 1707 1
415 324 1
415 1049 1
415 1193 1
415 1204 1
415 1213 1
415 1539 1
416 164 1
416 340 1
416 401 1
416 490 1
416 1342 1
416 1345 1
416 1414 1
416 1528 1
416 1656 1
417 512 1
417 977 1
417 1953 1
418 556 1
418 890 1
418 1048 1
418 1892 1
419 176 1
419 1659 1
420 626 1
420 1180 1
423 974 1
425 352 1
425 981 1
425 1759 1
426 283 1
426 288 1
426 351 1
426 989 1
426 1063 1
426 1463 1
426 1715 1
427 337 1
427 481 1
427 1028 1
427 1114 1
427 1799 1
427 1992 1
428 84 1
428 135 1
428 315 1
428 783 1
428 1081 1
428 1127 1
428 1591 1
428 2030 1
429 239 1
429 241 1
429 248 1
429 427 1
429 549 1
429 724 1
429 740 1
429 763 1
429 816 1
429 818 1
429 1008 1
429 1064 1
429 1172 1
429 1174 1
429 1425 1
429 1603 1
429 1820 1
429 2031 1
430 181 1
430 197 1
430 296 1
430 660 1
430 956 1
430 1225 1
430 1257 1
431 447 1
431 696 1
431 723 1
431 939 1
431 1251 1
431 1252 1
432 276 1
432 278 1
432 367 1
432 557 1
432 601 1
432 798 1
432 1737 1
432 1772 1
433 353 1
433 658 1
433 1514 1
433 1639 1
433 1906 1
434 500 1
434 631 1
434 923 1
434 1515 1
435 44 1
435 892 1
435 1189 1
435 1478 1
436 962 1
436 1178 1
437 510 1
437 945 1
438 537 1
438 841 1
441 336 1
441 599 1
441 960 1
442 479 1
443 103 1
443 531 1
443 707 1
443 958 1
443 1222 1
444 125 1
444 217 1
444 513 1
444 883 1
444 987 1
444 1202 1
444 1287 1
444 1826 1
445 234 1
445 322 1
445 624 1
445 714 1
445 735 1
445 902 1
445 997 1
445 1214 1
445 1341 1
445 1523 1
445 1733 1
445 1738 1
446 478 1
446 701 1
446 717 1
446 852 1
446 1118 1
446 1285 1
446 1628 1
446 1711 1
446 2021 1
447 139 1
447 265 1
447 592 1
447 848 1
447 1142 1
447 1293 1
447 1419 1
448 400 1
448 529 1
448 1219 1
448 2003 1
449 996 1
450 1324 1
451 596 1
451 1294 1
452 1015 1
452 1556 1
452 1610 1
452 1815 1
453 43 1
453 1096 1
454 2000 1
456 1365 1
456 2017 1
457 1075 1
457 1239 1
457 1627 1
458 396 1
458 415 1
459 755 1
459 1373 1
460 258 1
460 600 1
460 700 1
460 961 1
460 1019 1
460 1221 1
460 1412 1
460 1657 1
460 1701 1
460 1869 1
460 1905 1
461 57 1
461 123 1
461 128 1
461 428 1
461 507 1
461 611 1
461 830 1
461 1098 1
461 1210 1
461 1609 1
461 1683 1
461 1798 1
462 204 1
462 509 1
462 687 1
462 1102 1
462 1320 1
462 1438 1
462 1471 1
462 1490 1
462 1813 1
462 1886 1
462 2034 1
463 83 1
463 172 1
463 762 1
463 889 1
463 1732 1
463 1749 1
464 51 1
464 72 1
464 107 1
464 218 1
464 825 1
464 1403 1
464 1585 1
465 495 1
465 1236 1
465 1265 1
465 1496 1
466 190 1
466 460 1
466 1878 1
466 2009 1
467 202 1
467 775 1
468 158 1
468 1126 1
468 1868 1
468 1949 1
469 157 1
469 1735 1
470 254 1
470 356 1
473 1753 1
474 281 1
474 1533 1
474 1694 1
475 186 1
475 433 1
475 1012 1
475 1247 1
476 110 1
476 927 1
476 934 1
476 999 1
476 1104 1
476 1116 1
476 1602 1
476 1620 1
476 1824 1
477 361 1
477 620 1
477 662 1
477 665 1
477 1550 1
477 1710 1
478 462 1
478 473 1
478 573 1
478 652 1
478 859 1
478 1042 1
478 1148 1
478 1309 1
478 1436 1
478 1623 1
478 1812 1
478 1923 1
478 1930 1
479 393 1
479 432 1
479 488 1
479 712 1
479 784 1
479 820 1
479 845 1
479 847 1
479 1226 1
479 1371 1
479 1378 1
479 1417 1
479 1563 1
479 1568 1
479 1660 1
479 1722 1
479 1915 1
480 163 1
480 455 1
480 584 1
480 703 1
480 808 1
480 832 1
480 881 1
480 1093 1
480 1307 1
480 1335 1
480 1488 1
480 1565 1
480 1622 1
481 501 1
481 551 1
481 664 1
481 971 1
481 1053 1
481 1228 1
481 1292 1
481 1499 1
481 1792 1
481 2038 1
482 194 1
482 320 1
482 908 1
482 1149 1
482 1316 1
482 1702 1
482 1965 1
482 2045 1
483 122 1
483 581 1
483 753 1
483 1549 1
484 161 1
484 326 1
486 1487 1
486 1518 1
486 1536 1
488 1314 1
489 1031 1
490 1673 1
492 137 1
492 303 1
492 933 1
492 1151 1
492 1385 1
492 1929 1
492 1950 1
493 440 1
493 530 1
493 833 1
493 1030 1
493 1296 1
493 1493 1
493 1517 1
493 1752 1
494 374 1
494 384 1
494 616 1
494 629 1
494 702 1
494 742 1
494 1133 1
494 1134 1
494 1144 1
494 1465 1
494 1640 1
494 1967 1
495 185 1
495 233 1
495 282 1
495 446 1
495 502 1
495 545 1
495 598 1
495 734 1
495 739 1
495 966 1
495 982 1
495 1241 1
495 1267 1
495 1389 1
495 1479 1
495 1531 1
495 1717 1
495 1833 1
495 2019 1
496 74 1
496 212 1
496 413 1
496 508 1
496 560 1
496 773 1
496 937 1
496 1275 1
496 1470 1
496 1510 1
496 1520 1
496 1577 1
496 1645 1
496 1984 1
497 65 1
497 359 1
497 403 1
497 417 1
497 571 1
497 657 1
497 1004 1
497 1319 1
497 1406 1
497 1619 1
498 42 1
498 150 1
498 280 1
498 506 1
498 575 1
498 879 1
498 1003 1
498 1105 1
498 1271 1
498 1521 1
499 115 1
499 267 1
499 648 1
499 803 1
499 1400 1
499 1748 1
500 363 1
500 546 1
500 1352 1
500 1671 1
501 271 1
501 442 1
501 1156 1
501 1574 1
501 1806 1
502 622 1
502 649 1
504 695 1
505 860 1
509 251 1
509 273 1
509 699 1
509 790 1
509 1321 1
509 1407 1
509 1661 1
510 1122 1
510 1375 1
510 1402 1
510 1638 1
511 64 1
511 705 1
511 910 1
511 1057 1
511 1059 1
511 1235 1
511 1384 1
511 1410 1
511 1605 1
511 1633 1
511 1697 1
511 1840 1
511 1898 1
512 721 1
512 1195 1
512 1437 1
512 1583 1
512 1675 1
512 1913 1
512 2026 1
513 121 1
513 533 1
513 738 1
513 794 1
513 838 1
513 873 1
513 968 1
513 1085 1
513 1111 1
513 1177 1
513 1212 1
513 1280 1
513 1485 1
513 1504 1
513 1545 1
513 1557 1
514 109 1
514 243 1
514 291 1
514 335 1
514 466 1
514 862 1
514 1404 1
514 1899 1
514 1947 1
515 85 1
515 151 1
515 1630 1
515 1664 1
515 1730 1
516 470 1
516 973 1
516 1155 1
516 1163 1
516 1339 1
516 1678 1
516 1921 1
517 45 1
517 118 1
517 469 1
517 1864 1
518 525 1
518 690 1
518 777 1
518 1582 1
519 1386 1
522 1575 1
525 1229 1
525 1888 1
525 1907 1
526 131 1
526 216 1
526 429 1
526 484 1
526 916 1
526 1084 1
526 1328 1
527 144 1
527 268 1
527 410 1
527 412 1
527 487 1
527 1699 1
527 1728 1
527 1851 1
527 2032 1
528 132 1
528 166 1
528 196 1
528 496 1
528 745 1
528 756 1
528 1091 1
528 1462 1
528 1469 1
528 1600 1
528 1662 1
528 1688 1
528 1823 1
528 1865 1
528 1979 1
529 408 1
529 435 1
529 515 1
529 653 1
529 809 1
529 871 1
529 1023 1
529 1060 1
529 1553 1
529 1679 1
529 1681 1
529 1739 1
529 1757 1
529 1797 1
529 1828 1
529 1835 1
530 104 1
530 198 1
530 270 1
530 610 1
530 922 1
530 943 1
530 1445 1
530 1456 1
530 1482 1
530 1637 1
530 1655 1
530 1767 1
530 1807 1
530 1827 1
530 1860 1
530 1943 1
530 1994 1
531 357 1
531 627 1
531 749 1
531 804 1
531 1021 1
531 1038 1
531 1110 1
531 1359 1
531 1551 1
531 1736 1
531 1809 1
531 1945 1
531 1982 1
532 127 1
532 594 1
532 628 1
532 1035 1
532 1765 1
532 1853 1
533 292 1
533 810 1
533 935 1
533 1145 1
533 1300 1
533 1364 1
533 1427 1
533 1742 1
534 647 1
534 1258 1
535 227 1
537 345 1
537 728 1
539 1874 1
542 1724 1
543 101 1
543 117 1
543 232 1
543 392 1
543 791 1
543 882 1
543 1026 1
543 1032 1
543 1491 1
543 1588 1
543 1847 1
544 52 1
544 165 1
544 191 1
544 526 1
544 543 1
544 926 1
544 928 1
544 957 1
544 1188 1
544 1429 1
544 1441 1
544 1513 1
544 1542 1
544 1837 1
544 1866 1
544 1879 1
544 2039 1
545 156 1
545 171 1
545 199 1
545 541 1
545 655 1
545 672 1
545 795 1
545 875 1
545 947 1
545 1070 1
545 1160 1
545 1164 1
545 1249 1
545 1340 1
545 1351 1
545 1426 1
545 1439 1
545 1690 1
545 1716 1
545 1977 1
545 2002 1
546 98 1
546 133 1
546 183 1
546 300 1
546 590 1
546 864 1
546 1034 1
546 1101 1
546 1223 1
546 1873 1
546 1904 1
546 1951 1
547 287 1
547 559 1
547 683 1
547 813 1
547 869 1
547 874 1
547 967 1
547 1010 1
547 1143 1
547 1317 1
547 1452 1
547 1554 1
547 1555 1
547 1668 1
547 1875 1
547 1996 1
548 765 1
548 812 1
548 1054 1
548 1401 1
548 1548 1
549 153 1
549 903 1
549 938 1
549 1187 1
549 1597 1
549 1787 1
550 244 1
550 1567 1
550 1667 1
551 1304 1
551 1867 1
552 341 1
552 489 1
552 589 1
556 754 1
556 767 1
556 1158 1
558 91 1
558 713 1
558 1095 1
559 179 1
559 219 1
559 789 1
559 1198 1
559 1260 1
559 1920 1
560 141 1
560 164 1
560 293 1
560 464 1
560 1131 1
560 1179 1
560 1191 1
560 1242 1
560 1430 1
560 1497 1
560 1535 1
560 1547 1
560 1755 1
560 1783 1
560 1800 1
561 286 1
561 411 1
561 421 1
561 671 1
561 835 1
561 963 1
561 978 1
561 1080 1
561 1409 1
561 1420 1
561 1632 1
561 1740 1
561 1775 1
561 1926 1
561 1938 1
561 2011 1
562 279 1
562 781 1
562 1362 1
562 1480 1
562 1848 1
562 1897 1
562 1925 1
562 2001 1
563 397 1
563 659 1
563 815 1
563 955 1
563 1017 1
563 1346 1
563 1374 1
563 1631 1
563 1781 1
564 277 1
564 406 1
564 715 1
564 776 1
564 912 1
564 1190 1
564 1768 1
565 184 1
565 760 1
565 1455 1
566 53 1
566 1559 1
566 1916 1
566 1941 1
567 486 1
567 1283 1
568 949 1
569 386 1
569 1442 1
570 693 1
570 1974 1
571 1237 1
571 1647 1
571 1651 1
573 1713 1
573 1944 1
575 86 1
575 362 1
575 409 1
575 1006 1
575 1394 1
575 1643 1
576 174 1
576 229 1
576 527 1
576 706 1
576 829 1
576 885 1
576 1234 1
576 1259 1
576 1318 1
576 1387 1
576 1464 1
576 1546 1
576 1641 1
577 210 1
577 394 1
577 792 1
577 1297 1
578 62 1
578 511 1
578 578 1
578 614 1
578 1071 1
578 1138 1
578 1501 1
578 1519 1
578 1677 1
578 1991 1
579 309 1
579 325 1
579 425 1
579 607 1
579 747 1
579 779 1
579 819 1
579 917 1
579 1323 1
579 1778 1
579 1939 1
580 106 1
580 177 1
580 339 1
580 371 1
580 666 1
580 800 1
580 1347 1
580 1579 1
581 323 1
581 372 1
581 1086 1
581 1201 1
581 1325 1
582 1424 1
582 1650 1
582 1803 1
583 863 1
584 1689 1
585 538 1
585 888 1
585 1810 1
585 1849 1
587 995 1
588 1709 1
590 612 1
590 920 1
590 964 1
590 1477 1
590 1901 1
591 108 1
591 138 1
591 1625 1
592 388 1
592 619 1
592 907 1
592 1621 1
592 1801 1
592 1834 1
593 134 1
593 318 1
593 536 1
593 684 1
593 1027 1
593 1072 1
593 1186 1
593 1560 1
593 1592 1
593 1604 1
593 1764 1
593 2027 1
594 17 1
594 200 1
594 255 1
594 811 1
594 826 1
594 1014 1
594 1343 1
594 1473 1
594 1580 1
594 1910 1
594 2006 1
594 2033 1
595 147 1
595 180 1
595 457 1
595 499 1
595 564 1
595 680 1
595 884 1
595 1024 1
595 1089 1
595 1135 1
595 1216 1
595 1484 1
595 1506 1
595 1512 1
595 1596 1
595 1819 1
596 682 1
596 1448 1
596 1534 1
596 1538 1
596 1777 1
597 124 1
597 188 1
597 727 1
597 953 1
597 1261 1
597 2016 1
598 112 1
598 170 1
598 851 1
598 1051 1
598 1065 1
598 1489 1
598 1509 1
599 99 1
599 854 1
599 991 1
599 1505 1
600 483 1
601 247 1
601 519 1
601 1433 1
601 1457 1
601 1494 1
602 272 1
603 725 1
603 1993 1
605 63 1
605 2046 1
606 321 1
607 1009 1
607 1056 1
607 1326 1
608 47 1
608 1097 1
608 1780 1
608 1808 1
608 1829 1
609 136 1
609 338 1
609 497 1
609 814 1
609 1037 1
609 1248 1
609 1348 1
609 1447 1
609 1691 1
609 1832 1
609 1932 1
609 1935 1
609 1975 1
610 94 1
610 441 1
610 670 1
610 769 1
610 906 1
610 1181 1
610 1634 1
611 40 1
611 105 1
611 148 1
611 242 1
611 331 1
611 532 1
611 679 1
611 802 1
611 1796 1
612 215 1
612 263 1
612 306 1
612 382 1
612 439 1
612 478 1
612 574 1
612 1002 1
612 1162 1
612 1168 1
612 1222 1
612 1286 1
612 1522 1
612 1881 1
612 1968 1
613 340 1
613 430 1
613 504 1
613 900 1
613 1108 1
613 1230 1
613 1367 1
613 1486 1
613 1614 1
613 1762 1
613 1986 1
614 404 1
614 1467 1
614 1734 1
614 1992 1
614 2043 1
615 264 1
615 474 1
615 975 1
615 1044 1
615 1649 1
615 1666 1
615 2040 1
616 423 1
616 493 1
616 1942 1
617 102 1
617 503 1
617 774 1
617 1413 1
619 1475 1
620 1047 1
621 1885 1
623 1327 1
624 565 1
624 1005 1
624 1422 1
625 206 1
625 856 1
625 941 1
625 1784 1
626 90 1
626 119 1
626 266 1
626 567 1
626 654 1
626 676 1
626 736 1
626 1240 1
626 1714 1
627 308 1
627 329 1
627 449 1
627 576 1
627 635 1
627 710 1
627 732 1
627 1207 1
627 1246 1
627 1332 1
627 1391 1
627 1421 1
627 1502 1
627 1743 1
627 1750 1
627 1839 1
628 111 1
628 155 1
628 317 1
628 463 1
628 801 1
628 1099 1
628 1147 1
628 1526 1
628 1558 1
628 1570 1
628 1747 1
628 1843 1
628 1856 1
628 1882 1
628 1902 1
628 1995 1
628 2010 1
629 195 1
629 250 1
629 342 1
629 482 1
629 602 1
629 988 1
629 1067 1
629 1396 1
630 686 1
630 1078 1
630 1934 1
630 1955 1
630 1987 1
630 2028 1
631 69 1
631 125 1
631 221 1
631 414 1
631 477 1
631 844 1
631 1204 1
631 1253 1
632 343 1
632 471 1
632 865 1
632 1331 1
632 1884 1
633 78 1
633 913 1
633 992 1
633 1146 1
633 1282 1
633 1337 1
633 1500 1
634 22 1
634 79 1
634 451 1
634 554 1
634 787 1
634 1395 1
634 1540 1
634 1980 1
635 67 1
636 1623 1
637 1561 1
637 1746 1
637 1794 1
640 880 1
640 1069 1
641 583 1
643 534 1
643 970 1
644 245 1
644 348 1
644 642 1
644 688 1
644 1016 1
644 1226 1
644 1255 1
644 1284 1
644 1299 1
644 1370 1
644 1584 1
644 1663 1
644 1705 1
644 1857 1
644 1933 1
645 50 1
645 230 1
645 256 1
645 373 1
645 399 1
645 556 1
645 777 1
645 952 1
645 1308 1
645 1399 1
645 1712 1
645 1761 1
645 2007 1
645 2041 1
646 59 1
646 269 1
646 828 1
646 1254 1
646 1333 1
646 1756 1
647 253 1
647 288 1
647 698 1
647 1018 1
647 1083 1
647 1117 1
647 1635 1
647 1659 1
647 1854 1
648 778 1
648 796 1
648 852 1
648 1379 1
648 1498 1
648 1700 1
649 82 1
649 761 1
649 1169 1
649 1576 1
649 1646 1
650 154 1
650 294 1
650 805 1
651 241 1
651 297 1
651 350 1
651 427 1
651 437 1
652 415 1
652 1432 1
652 1852 1
653 603 1
653 661 1
656 946 1
656 1349 1
657 909 1
658 1617 1
659 310 1
659 824 1
659 1302 1
660 213 1
660 332 1
660 544 1
660 675 1
660 751 1
660 1081 1
660 1376 1
660 1872 1
660 1976 1
660 1999 1
661 60 1
661 510 1
661 640 1
661 641 1
661 718 1
661 731 1
661 1121 1
661 1288 1
661 1342 1
661 1524 1
661 1686 1
661 1745 1
661 2031 1
661 2034 1
662 178 1
662 298 1
662 380 1
662 674 1
662 993 1
662 1079 1
662 1113 1
662 1295 1
662 1329 1
662 1571 1
662 1704 1
662 1878 1
662 1969 1
663 100 1
663 448 1
663 1057 1
663 1087 1
663 1466 1
663 1593 1
663 1786 1
663 1982 1
663 1990 1
664 65 1
664 220 1
664 354 1
664 476 1
664 615 1
664 822 1
664 1626 1
664 1845 1
664 1889 1
665 246 1
665 254 1
665 523 1
665 724 1
665 739 1
665 1544 1
665 1724 1
665 1922 1
665 2044 1
666 104 1
666 182 1
666 346 1
666 438 1
666 717 1
666 950 1
666 1063 1
666 1405 1
667 208 1
667 285 1
667 1472 1
667 1507 1
667 1861 1
669 940 1
670 257 1
670 1446 1
671 175 1
671 1196 1
671 1909 1
672 1183 1
672 1954 1
673 355 1
673 764 1
673 1936 1
675 1589 1
675 2008 1
676 524 1
676 931 1
676 2004 1
676 2036 1
677 157 1
677 238 1
677 365 1
677 557 1
677 558 1
677 646 1
677 770 1
677 1112 1
677 1114 1
677 1966 1
678 54 1
678 344 1
678 383 1
678 518 1
678 660 1
678 987 1
678 1354 1
678 1377 1
678 1908 1
678 2022 1
679 48 1
679 262 1
679 491 1
679 521 1
679 542 1
679 585 1
679 596 1
679 632 1
679 1251 1
679 1262 1
679 1382 1
679 1964 1
679 1970 1
679 2048 1
680 168 1
680 259 1
680 274 1
680 468 1
680 520 1
680 733 1
680 758 1
680 839 1
680 984 1
680 1220 1
680 1338 1
680 1549 1
680 1805 1
680 1817 1
680 1946 1
681 426 1
681 555 1
681 568 1
681 823 1
681 1093 1
681 1109 1
681 1298 1
681 1381 1
681 1403 1
681 1880 1
682 201 1
682 370 1
682 625 1
682 1468 1
682 1610 1
682 1619 1
682 1903 1
682 2018 1
682 2025 1
683 187 1
684 336 1
684 377 1
684 1040 1
684 1128 1
684 1911 1
685 892 1
685 1324 1
688 1825 1
689 126 1
689 743 1
689 1392 1
690 68 1
690 158 1
690 741 1
690 1533 1
692 678 1
692 1863 1
693 570 1
693 711 1
693 752 1
693 918 1
693 1490 1
694 1264 1
694 1281 1
694 1388 1
694 1591 1
694 1769 1
694 2047 1
695 88 1
695 89 1
695 167 1
695 207 1
695 390 1
695 550 1
695 681 1
695 757 1
695 759 1
695 1094 1
695 1296 1
695 1435 1
695 1503 1
695 1685 1
695 1931 1
695 1957 1
696 96 1
696 116 1
696 120 1
696 398 1
696 560 1
696 569 1
696 609 1
696 1073 1
696 1139 1
696 1380 1
696 1586 1
696 1620 1
696 1684 1
697 366 1
697 846 1
697 945 1
697 998 1
697 1106 1
698 211 1
698 485 1
698 636 1
698 668 1
698 748 1
698 1105 1
698 1673 1
698 1896 1
698 1952 1
699 431 1
699 784 1
699 1050 1
699 1824 1
699 1971 1
700 1129 1
700 1279 1
701 436 1
701 972 1
701 1290 1
702 443 1
702 763 1
702 1972 1
703 103 1
703 1652 1
704 1030 1
704 1718 1
707 197 1
708 378 1
708 1012 1
708 1205 1
708 1618 1
709 490 1
709 915 1
709 1368 1
709 1983 1
710 535 1
710 1644 1
710 1859 1
711 61 1
711 95 1
711 786 1
711 1123 1
711 1154 1
711 1192 1
711 1360 1
711 1615 1
711 1695 1
711 1729 1
712 194 1
712 240 1
712 326 1
712 631 1
712 1041 1
712 1090 1
712 1727 1
712 1733 1
712 1763 1
712 2012 1
713 223 1
713 545 1
713 546 1
713 552 1
713 571 1
713 1153 1
713 1417 1
713 1520 1
714 833 1
714 842 1
714 1269 1
714 1306 1
714 1334 1
714 1341 1
714 1567 1
714 1669 1
714 1830 1
714 1917 1
715 55 1
715 617 1
715 721 1
715 782 1
715 980 1
715 1206 1
715 1578 1
715 1638 1
716 289 1
716 689 1
716 730 1
716 925 1
716 1052 1
716 1314 1
716 1726 1
717 464 1
717 847 1
717 1266 1
717 1459 1
717 1842 1
717 1906 1
718 87 1
718 226 1
718 562 1
719 1137 1
720 1836 1
722 1687 1
722 1766 1
724 237 1
725 453 1
725 1913 1
725 1965 1
726 703 1
726 1076 1
726 2026 1
727 291 1
727 369 1
727 692 1
727 954 1
727 959 1
727 1159 1
727 1530 1
727 1893 1
727 2042 1
728 160 1
728 405 1
728 459 1
728 461 1
728 472 1
728 572 1
728 587 1
728 630 1
728 818 1
728 834 1
728 853 1
728 898 1
728 1384 1
728 1400 1
728 1541 1
728 1811 1
728 1869 1
728 1907 1
729 176 1
729 349 1
729 395 1
729 473 1
729 886 1
729 896 1
729 1058 1
729 1150 1
729 1199 1
729 1294 1
729 1418 1
729 1436 1
729 1657 1
729 1721 1
729 1892 1
729 2000 1
730 80 1
730 352 1
730 659 1
730 1046 1
730 1141 1
730 1152 1
730 1595 1
730 1656 1
730 1711 1
730 1921 1
731 599 1
731 775 1
731 893 1
731 921 1
731 973 1
731 1045 1
731 1184 1
731 1293 1
731 1598 1
732 400 1
732 470 1
732 746 1
732 932 1
732 939 1
732 1092 1
732 1138 1
732 1172 1
732 1209 1
732 1676 1
732 1696 1
732 1985 1
733 77 1
733 243 1
733 447 1
733 450 1
733 850 1
733 1161 1
733 1819 1
733 1826 1
734 1213 1
734 1408 1
736 290 1
738 899 1
738 1443 1
739 843 1
741 56 1
742 169 1
742 958 1
743 216 1
743 656 1
743 658 1
743 872 1
743 1514 1
743 1841 1
743 1891 1
744 146 1
744 327 1
744 389 1
744 1088 1
744 1636 1
744 1823 1
744 1915 1
745 122 1
745 300 1
745 573 1
745 737 1
745 813 1
745 966 1
745 1185 1
745 1438 1
745 1793 1
745 1877 1
746 128 1
746 214 1
746 283 1
746 637 1
746 1140 1
746 1215 1
746 1268 1
746 1483 1
746 1488 1
746 2019 1
747 539 1
747 841 1
747 1025 1
747 1303 1
747 1654 1
748 303 1
748 540 1
748 957 1
748 1564 1
749 566 1
749 1170 1
749 1795 1
749 1851 1
750 1311 1
750 1532 1
750 2048 0
