1 14 1
1 33 1
1 233 1
1 266 1
1 380 1
1 434 1
1 590 1
1 1149 1
1 1161 1
1 1308 1
1 1493 1
1 1579 1
1 2017 1
2 40 1
2 757 1
2 1021 1
2 1136 1
2 1247 1
2 1294 1
2 1560 1
2 1844 1
2 2020 1
3 26 1
3 33 1
3 37 1
3 818 1
3 838 1
3 896 1
3 899 1
3 951 1
3 1026 1
3 1677 1
4 26 1
4 781 1
4 1053 1
5 26 1
5 39 1
5 1802 1
6 20 1
6 30 1
6 296 1
6 1411 1
6 1900 1
7 35 1
8 16 1
8 1544 1
11 72 1
11 487 1
11 1816 1
12 195 1
12 309 1
12 427 1
12 1253 1
13 3 1
13 28 1
14 11 1
14 1862 1
14 1966 1
15 22 1
15 1415 1
17 32 1
17 773 1
18 32 1
18 192 1
19 2 1
19 13 1
20 475 1
21 6 1
21 8 1
21 24 1
21 26 1
21 39 1
22 38 1
23 1754 1
24 7 1
25 15 1
25 161 1
26 16 1
26 750 1
26 1462 1
28 15 1
29 25 1
29 28 1
29 35 1
30 3 1
30 31 1
30 519 1
31 10 1
31 36 1
32 9 1
32 28 1
32 518 1
33 272 1
33 649 1
33 1297 1
33 1640 1
34 681 1
35 18 1
35 239 1
35 570 1
35 578 1
35 1998 1
36 1 1
36 4 1
36 669 1
36 1165 1
36 1850 1
36 1999 1
37 11 1
37 12 1
37 40 1
37 1869 1
37 1872 1
38 11 1
38 25 1
38 424 1
38 467 1
38 717 1
38 913 1
38 1792 1
39 14 1
39 96 1
39 629 1
39 1804 1
39 2004 1
40 15 1
40 829 1
40 1807 1
40 1883 1
41 15 1
42 1 1
42 39 1
42 994 1
42 1800 1
42 1896 1
43 982 1
43 1963 1
43 1978 1
44 26 1
44 397 1
44 538 1
45 1 1
45 385 1
45 1013 1
46 1 1
46 200 1
46 993 1
46 1027 1
46 1107 1
46 1766 1
47 8 1
47 1674 1
47 1895 1
48 36 1
48 285 1
48 305 1
48 703 1
48 1372 1
49 10 1
49 980 1
49 1098 1
50 89 1
50 528 1
50 691 1
50 911 1
50 1329 1
50 1371 1
50 1503 1
50 1627 1
50 1655 1
50 1682 1
50 1813 1
51 13 1
51 115 1
51 213 1
51 722 1
51 1005 1
51 1015 1
51 1083 1
51 1100 1
51 1121 1
51 1564 1
51 1972 1
51 1997 1
52 39 1
52 174 1
52 373 1
52 678 1
52 1093 1
52 1184 1
52 1192 1
52 1300 1
52 1591 1
52 1860 1
52 1950 1
52 2030 1
53 32 1
53 150 1
53 231 1
53 415 1
53 680 1
53 696 1
53 702 1
53 806 1
53 884 1
53 1448 1
53 1724 1
53 1781 1
53 1855 1
53 1873 1
53 1952 1
53 1953 1
53 2046 1
54 561 1
54 946 1
54 952 1
54 1048 1
54 1057 1
54 1169 1
54 1528 1
54 1610 1
54 1699 1
55 33 1
55 102 1
55 468 1
55 723 1
55 754 1
55 878 1
55 940 1
55 1059 1
55 1531 1
55 1618 1
55 1637 1
55 1721 1
55 2029 1
56 9 1
56 98 1
56 246 1
56 651 1
56 855 1
56 1018 1
56 1653 1
56 1838 1
57 9 1
57 29 1
57 140 1
57 599 1
57 868 1
57 1799 1
57 2011 1
58 124 1
58 209 1
58 1239 1
58 1269 1
58 1555 1
58 1605 1
58 1867 1
59 29 1
59 36 1
59 481 1
59 1227 1
59 1352 1
59 1602 1
60 378 1
60 438 1
60 1191 1
60 1288 1
60 1617 1
60 1639 1
60 1742 1
61 28 1
61 32 1
61 112 1
61 841 1
61 977 1
61 1675 1
61 1820 1
62 40 1
62 741 1
62 1970 1
63 10 1
63 11 1
63 37 1
63 39 1
64 12 1
64 650 1
65 11 1
65 34 1
65 38 1
66 217 1
66 541 1
66 1050 1
66 1338 1
67 204 1
67 208 1
67 488 1
67 706 1
67 1302 1
67 1364 1
67 1507 1
68 11 1
68 14 1
68 64 1
68 139 1
68 193 1
68 391 1
68 446 1
68 685 1
68 972 1
68 1554 1
68 1635 1
68 1676 1
69 9 1
69 13 1
69 106 1
69 311 1
69 345 1
69 1566 1
69 1884 1
70 674 1
70 779 1
70 1108 1
70 1160 1
70 1553 1
70 1988 1
71 33 1
71 534 1
71 700 1
71 1340 1
71 1669 1
71 1752 1
71 1763 1
71 1776 1
71 1912 1
72 33 1
72 109 1
72 154 1
72 453 1
72 551 1
72 626 1
72 916 1
72 1132 1
72 1188 1
72 1189 1
72 1396 1
72 1458 1
72 1681 1
72 1934 1
73 4 1
73 171 1
73 250 1
73 340 1
73 344 1
73 789 1
73 1293 1
74 16 1
74 20 1
74 845 1
74 903 1
74 1176 1
74 1341 1
75 39 1
75 44 1
75 337 1
75 853 1
75 1961 1
76 613 1
76 631 1
76 1060 1
76 1906 1
76 1993 1
77 48 1
77 334 1
77 1159 1
77 1750 1
78 17 1
78 419 1
78 1168 1
78 1400 1
79 5 1
80 40 1
81 2 1
81 8 1
82 26 1
82 1779 1
83 11 1
83 29 1
83 367 1
83 459 1
83 776 1
83 810 1
83 1424 1
83 1450 1
83 1474 1
83 1713 1
83 1939 1
84 8 1
84 19 1
84 32 1
84 795 1
85 25 1
85 76 1
85 184 1
85 575 1
85 600 1
85 891 1
85 1492 1
86 27 1
86 93 1
86 107 1
86 316 1
86 346 1
86 368 1
86 465 1
86 469 1
86 755 1
86 794 1
86 949 1
86 1109 1
86 1110 1
86 1122 1
86 1646 1
86 1679 1
86 1688 1
86 1858 1
87 65 1
87 81 1
87 88 1
87 91 1
87 234 1
87 257 1
87 511 1
87 774 1
87 888 1
87 1099 1
87 1261 1
87 1292 1
87 1435 1
87 1456 1
87 1468 1
87 1541 1
87 1642 1
87 1882 1
87 1982 1
88 147 1
88 191 1
88 210 1
88 299 1
88 300 1
88 576 1
88 596 1
88 816 1
88 820 1
88 981 1
88 1022 1
88 1180 1
88 1202 1
88 1255 1
88 1436 1
88 1500 1
88 1660 1
88 1709 1
88 1749 1
88 1983 1
89 24 1
89 29 1
89 135 1
89 292 1
89 418 1
89 693 1
89 736 1
89 1259 1
89 1373 1
89 1520 1
89 1811 1
90 175 1
90 177 1
90 780 1
90 1551 1
91 21 1
91 28 1
91 127 1
91 448 1
91 1343 1
91 1452 1
92 31 1
92 39 1
92 1626 1
93 24 1
93 491 1
93 565 1
93 811 1
93 1246 1
93 1380 1
93 1469 1
93 1615 1
94 13 1
94 21 1
94 28 1
94 29 1
94 70 1
94 474 1
94 889 1
94 1909 1
95 232 1
95 253 1
95 406 1
95 877 1
95 1045 1
95 1118 1
95 1583 1
95 1947 1
96 86 1
97 371 1
97 996 1
97 1936 1
98 389 1
98 960 1
98 1097 1
98 1980 1
99 196 1
99 673 1
99 683 1
99 1562 1
99 1958 1
100 162 1
100 206 1
100 749 1
100 758 1
100 1313 1
100 1413 1
100 1741 1
100 1839 1
101 26 1
101 168 1
101 188 1
101 198 1
101 207 1
101 503 1
101 543 1
101 577 1
101 589 1
101 1007 1
101 1008 1
101 1068 1
101 1262 1
101 1290 1
101 1540 1
101 1765 1
101 2026 1
102 10 1
102 77 1
102 149 1
102 212 1
102 428 1
102 525 1
102 556 1
102 580 1
102 852 1
102 882 1
102 904 1
102 1014 1
102 1043 1
102 1156 1
102 1221 1
102 1225 1
102 1504 1
102 1623 1
102 1662 1
102 1826 1
102 1881 1
103 14 1
103 40 1
103 92 1
103 222 1
103 223 1
103 248 1
103 410 1
103 530 1
103 581 1
103 973 1
103 986 1
103 1342 1
103 1680 1
103 1695 1
103 1739 1
103 1771 1
103 1849 1
103 1903 1
103 1932 1
104 237 1
104 274 1
104 377 1
104 404 1
104 429 1
104 442 1
104 544 1
104 607 1
104 610 1
104 615 1
104 1263 1
104 1274 1
104 1391 1
104 1563 1
104 1630 1
104 1738 1
104 2015 1
105 258 1
105 287 1
105 746 1
105 987 1
105 1079 1
105 1213 1
105 1471 1
105 1496 1
105 1698 1
105 1770 1
105 1951 1
106 33 1
106 138 1
106 215 1
106 289 1
106 332 1
106 364 1
106 379 1
106 479 1
106 1522 1
106 1533 1
107 11 1
107 19 1
107 151 1
107 169 1
107 205 1
107 254 1
107 619 1
107 919 1
107 1102 1
107 1178 1
107 1558 1
107 1584 1
107 1613 1
107 1924 1
107 1941 1
107 2027 1
108 2 1
108 11 1
108 348 1
108 568 1
108 1114 1
108 1196 1
108 1283 1
108 1353 1
108 1431 1
108 1879 1
109 197 1
109 325 1
109 790 1
109 821 1
109 1321 1
109 1624 1
110 301 1
110 660 1
110 1133 1
110 1244 1
110 1607 1
111 34 1
111 842 1
111 925 1
112 41 1
112 117 1
112 1236 1
113 31 1
113 708 1
113 947 1
113 1135 1
113 1717 1
114 833 1
114 1412 1
114 1445 1
114 2042 1
115 11 1
115 328 1
115 445 1
115 719 1
115 813 1
115 885 1
116 66 1
116 260 1
116 302 1
116 822 1
116 893 1
116 963 1
116 1206 1
116 1625 1
117 27 1
117 220 1
117 932 1
117 983 1
117 1002 1
117 1090 1
117 1266 1
117 1286 1
117 1457 1
117 1527 1
117 1582 1
117 1588 1
117 1651 1
117 1821 1
117 1975 1
117 1979 1
118 31 1
118 90 1
118 276 1
118 953 1
118 1124 1
118 1134 1
118 1250 1
118 1361 1
118 1526 1
118 1743 1
118 1764 1
118 2023 1
118 2048 1
119 142 1
119 166 1
119 242 1
119 304 1
119 356 1
119 707 1
119 766 1
119 828 1
119 1171 1
119 1197 1
119 1351 1
119 1425 1
119 1594 1
119 1652 1
119 1716 1
119 1753 1
119 1827 1
119 1832 1
119 1875 1
120 42 1
120 113 1
120 158 1
120 170 1
120 273 1
120 515 1
120 569 1
120 747 1
120 825 1
120 984 1
120 1061 1
120 1335 1
120 1366 1
120 1416 1
120 1461 1
120 1620 1
120 1964 1
120 1981 1
121 54 1
121 58 1
121 100 1
121 249 1
121 359 1
121 376 1
121 584 1
121 603 1
121 633 1
121 939 1
121 1439 1
121 1444 1
121 1449 1
121 1515 1
121 1648 1
121 1671 1
121 1786 1
121 1797 1
121 1910 1
122 8 1
122 281 1
122 480 1
122 585 1
122 652 1
122 694 1
122 800 1
122 905 1
122 1028 1
122 1035 1
122 1153 1
122 1323 1
122 1360 1
122 1516 1
122 1824 1
122 1840 1
122 1894 1
122 1967 1
123 2 1
123 5 1
123 38 1
123 119 1
123 421 1
123 436 1
123 440 1
123 447 1
123 836 1
123 942 1
123 1062 1
123 1182 1
123 1223 1
123 1404 1
123 1417 1
123 1472 1
123 1876 1
123 2002 1
124 82 1
124 163 1
124 396 1
124 455 1
124 761 1
124 890 1
124 999 1
124 1254 1
124 1279 1
124 1487 1
124 1751 1
124 1831 1
124 1845 1
124 1853 1
124 1914 1
124 1926 1
125 417 1
125 420 1
125 482 1
125 802 1
125 826 1
125 1240 1
125 1358 1
125 1441 1
125 1592 1
125 1686 1
126 41 1
126 182 1
126 218 1
126 282 1
126 362 1
126 478 1
126 609 1
126 730 1
126 909 1
126 1922 1
127 27 1
127 125 1
127 644 1
127 814 1
127 958 1
127 1545 1
127 1614 1
127 1708 1
128 1055 1
128 1298 1
128 1467 1
128 1621 1
128 1634 1
129 24 1
129 1332 1
129 1537 1
130 20 1
130 1929 1
131 22 1
131 620 1
131 1101 1
131 1574 1
131 1897 1
132 31 1
132 363 1
132 408 1
132 1177 1
132 1772 1
133 10 1
133 20 1
133 892 1
133 1034 1
133 1147 1
133 1809 1
133 1955 1
134 17 1
134 23 1
134 39 1
134 114 1
134 178 1
134 1066 1
134 1306 1
135 16 1
135 34 1
135 275 1
135 279 1
135 331 1
135 601 1
135 689 1
135 926 1
135 936 1
135 1095 1
135 1209 1
135 1242 1
135 1362 1
135 1427 1
135 1616 1
135 1689 1
135 1744 1
135 1828 1
135 1917 1
136 5 1
136 20 1
136 137 1
136 164 1
136 357 1
136 395 1
136 560 1
136 792 1
136 846 1
136 848 1
136 874 1
136 898 1
136 934 1
136 989 1
136 1023 1
136 1087 1
136 1115 1
136 1224 1
136 1228 1
136 1301 1
136 1303 1
136 1318 1
136 1485 1
136 1502 1
136 1890 1
136 1927 1
136 2034 1
137 60 1
137 290 1
137 471 1
137 807 1
137 880 1
137 907 1
137 938 1
137 959 1
137 1036 1
137 1137 1
137 1141 1
137 1208 1
137 1314 1
137 1434 1
137 1488 1
137 1530 1
137 1590 1
137 1650 1
137 1759 1
137 1768 1
137 1787 1
137 1825 1
137 1871 1
137 2007 1
137 2021 1
138 14 1
138 221 1
138 280 1
138 319 1
138 335 1
138 339 1
138 451 1
138 460 1
138 557 1
138 573 1
138 605 1
138 711 1
138 732 1
138 819 1
138 962 1
138 1058 1
138 1084 1
138 1195 1
138 1440 1
138 1837 1
138 1911 1
138 1933 1
138 2008 1
139 2 1
139 74 1
139 84 1
139 277 1
139 295 1
139 393 1
139 452 1
139 533 1
139 612 1
139 670 1
139 770 1
139 796 1
139 941 1
139 1031 1
139 1150 1
139 1267 1
139 1305 1
139 1320 1
139 1406 1
139 1887 1
139 1928 1
139 1930 1
139 1945 1
140 3 1
140 24 1
140 624 1
140 675 1
140 686 1
140 854 1
140 873 1
140 965 1
141 422 1
141 505 1
141 510 1
141 606 1
141 699 1
141 734 1
141 786 1
141 859 1
141 1033 1
141 1367 1
141 1407 1
141 1494 1
141 1644 1
141 1712 1
141 1783 1
141 1852 1
141 1944 1
142 20 1
142 22 1
142 25 1
142 49 1
142 55 1
142 291 1
142 399 1
142 466 1
142 508 1
142 636 1
142 637 1
142 731 1
142 902 1
142 1163 1
142 1460 1
142 1490 1
142 1643 1
142 1735 1
143 35 1
143 146 1
143 386 1
143 579 1
143 672 1
143 704 1
143 716 1
143 1204 1
143 1278 1
143 1606 1
143 1913 1
143 1925 1
144 4 1
144 310 1
144 366 1
144 997 1
144 1409 1
144 1645 1
144 1921 1
145 586 1
145 799 1
145 930 1
145 1164 1
145 1175 1
145 1324 1
145 1479 1
146 116 1
146 338 1
146 625 1
146 1051 1
146 1120 1
147 2 1
147 537 1
147 1636 1
147 1757 1
148 12 1
148 321 1
148 1103 1
148 1443 1
148 1904 1
148 2001 1
149 2 1
149 14 1
149 35 1
149 219 1
149 572 1
149 858 1
149 1463 1
149 1899 1
150 38 1
150 108 1
150 837 1
150 912 1
150 1402 1
151 263 1
151 548 1
151 592 1
151 677 1
151 1166 1
151 1260 1
151 1316 1
151 1525 1
151 1601 1
152 270 1
152 336 1
152 604 1
152 759 1
152 872 1
152 945 1
152 1422 1
152 1569 1
152 1666 1
152 2019 1
153 47 1
153 500 1
153 671 1
153 752 1
153 1127 1
153 1151 1
153 1243 1
153 1410 1
153 1495 1
153 1539 1
153 1791 1
153 1943 1
154 199 1
154 225 1
154 241 1
154 283 1
154 527 1
154 532 1
154 714 1
154 715 1
154 725 1
154 729 1
154 809 1
154 1003 1
154 1017 1
154 1047 1
154 1113 1
154 1215 1
154 1281 1
154 1348 1
154 1368 1
154 1521 1
154 1587 1
154 1740 1
154 1898 1
155 130 1
155 143 1
155 495 1
155 724 1
155 728 1
155 805 1
155 871 1
155 974 1
155 1038 1
155 1096 1
155 1235 1
155 1264 1
155 1309 1
155 1378 1
155 1419 1
155 1632 1
155 1819 1
155 2003 1
155 2047 1
156 153 1
156 179 1
156 183 1
156 489 1
156 593 1
156 654 1
156 692 1
156 1011 1
156 1074 1
156 1148 1
156 1200 1
156 1272 1
156 1333 1
156 1394 1
156 1433 1
156 1575 1
156 1641 1
156 1733 1
156 1736 1
156 1835 1
156 1984 1
157 227 1
157 327 1
157 437 1
157 441 1
157 804 1
157 830 1
157 1016 1
157 1291 1
157 1334 1
157 1393 1
157 1603 1
157 1687 1
157 1774 1
157 1834 1
157 1857 1
158 555 1
158 591 1
158 688 1
158 801 1
158 1144 1
158 1363 1
158 1694 1
158 1773 1
158 2043 1
159 236 1
159 423 1
159 862 1
159 1119 1
159 1154 1
159 1481 1
159 1508 1
159 1691 1
159 1705 1
159 1874 1
159 1915 1
160 611 1
160 655 1
160 834 1
160 844 1
160 979 1
160 1268 1
160 1317 1
160 1365 1
160 1543 1
160 1778 1
160 1841 1
160 1864 1
160 2009 1
161 159 1
161 278 1
161 390 1
161 744 1
161 748 1
161 863 1
161 957 1
161 1041 1
161 1183 1
161 1405 1
161 1664 1
161 1719 1
161 1737 1
161 1801 1
161 1877 1
162 134 1
162 297 1
162 594 1
162 1295 1
162 1327 1
162 1389 1
162 1596 1
163 59 1
163 361 1
163 398 1
163 908 1
163 1081 1
163 1756 1
164 123 1
164 173 1
164 1064 1
164 1237 1
164 1956 1
165 78 1
165 85 1
165 1304 1
166 110 1
166 268 1
166 990 1
166 1230 1
166 1346 1
166 1638 1
166 1969 1
167 372 1
167 502 1
167 705 1
167 1187 1
167 1390 1
167 1432 1
167 1597 1
168 228 1
168 256 1
168 308 1
168 668 1
168 695 1
168 935 1
168 1012 1
168 1270 1
168 1347 1
168 1732 1
168 1798 1
168 1901 1
169 75 1
169 476 1
169 590 1
169 1067 1
169 1139 1
169 1382 1
169 1451 1
169 1497 1
169 1532 1
169 1805 1
170 180 1
170 313 1
170 413 1
170 642 1
170 931 1
170 954 1
170 967 1
170 1072 1
170 1131 1
170 1280 1
170 1287 1
170 1359 1
170 1374 1
170 1784 1
170 1810 1
170 1830 1
170 2006 1
171 126 1
171 141 1
171 326 1
171 402 1
171 407 1
171 409 1
171 658 1
171 701 1
171 768 1
171 798 1
171 924 1
171 1052 1
171 1142 1
171 1167 1
171 1257 1
171 1403 1
171 1482 1
171 1571 1
171 1684 1
171 1812 1
171 1851 1
171 1878 1
171 1919 1
171 1973 1
172 156 1
172 224 1
172 243 1
172 245 1
172 387 1
172 574 1
172 653 1
172 764 1
172 791 1
172 921 1
172 1019 1
172 1065 1
172 1086 1
172 1106 1
172 1218 1
172 1249 1
172 1299 1
172 1476 1
172 1524 1
172 1546 1
172 1577 1
172 1600 1
172 1622 1
172 1700 1
172 1788 1
172 1836 1
172 2025 1
173 53 1
173 132 1
173 185 1
173 349 1
173 501 1
173 524 1
173 817 1
173 843 1
173 876 1
173 1162 1
173 1207 1
173 1428 1
173 1466 1
173 1473 1
173 1491 1
173 1672 1
173 1690 1
173 1704 1
173 1842 1
173 1918 1
173 2028 1
173 2032 1
174 87 1
174 94 1
174 104 1
174 255 1
174 343 1
174 355 1
174 588 1
174 751 1
174 783 1
174 784 1
174 992 1
174 995 1
174 1128 1
174 1193 1
174 1276 1
174 1325 1
174 1656 1
174 1803 1
174 1856 1
175 434 1
175 682 1
175 742 1
175 760 1
175 772 1
175 915 1
175 1158 1
175 1181 1
175 1194 1
175 1212 1
175 1285 1
175 1310 1
175 1399 1
175 1789 1
175 2014 1
176 144 1
176 244 1
176 443 1
176 739 1
176 969 1
176 1185 1
176 1517 1
176 1595 1
176 1599 1
176 1631 1
176 1683 1
176 1790 1
176 1806 1
176 1848 1
177 68 1
177 298 1
177 616 1
177 618 1
177 832 1
177 914 1
177 1220 1
177 1258 1
177 1289 1
177 1866 1
177 1959 1
178 62 1
178 63 1
178 444 1
178 1020 1
178 1069 1
178 1078 1
178 1421 1
179 365 1
179 375 1
179 435 1
179 562 1
179 815 1
179 850 1
179 991 1
179 1326 1
179 1350 1
179 1697 1
180 663 1
180 839 1
180 865 1
180 1214 1
180 1480 1
180 1935 1
181 598 1
181 803 1
181 1843 1
182 238 1
182 314 1
182 975 1
182 1030 1
182 1210 1
182 1232 1
182 1549 1
182 2022 1
182 2040 1
183 559 1
183 1942 1
183 1994 1
184 403 1
184 497 1
184 978 1
184 1000 1
184 1477 1
184 1796 1
184 1822 1
185 71 1
185 181 1
185 369 1
185 788 1
185 961 1
185 1104 1
185 1123 1
185 1186 1
185 1720 1
185 1960 1
185 1962 1
186 186 1
186 261 1
186 457 1
186 494 1
186 516 1
186 536 1
186 753 1
186 769 1
186 948 1
186 950 1
186 970 1
186 1044 1
186 1049 1
186 1211 1
186 1231 1
186 1271 1
186 1296 1
186 1385 1
186 1388 1
186 1430 1
186 1475 1
186 1728 1
186 1731 1
186 1746 1
186 1829 1
186 1965 1
186 1971 1
186 1976 1
186 2018 1
187 46 1
187 152 1
187 176 1
187 265 1
187 309 1
187 320 1
187 323 1
187 550 1
187 648 1
187 664 1
187 712 1
187 808 1
187 831 1
187 1024 1
187 1037 1
187 1063 1
187 1140 1
187 1179 1
187 1216 1
187 1233 1
187 1251 1
187 1383 1
187 1511 1
187 1523 1
187 1538 1
187 1612 1
187 1668 1
187 1703 1
187 1710 1
187 1823 1
187 2031 1
188 57 1
188 203 1
188 252 1
188 271 1
188 312 1
188 347 1
188 461 1
188 470 1
188 684 1
188 860 1
188 879 1
188 897 1
188 928 1
188 933 1
188 976 1
188 1006 1
188 1092 1
188 1129 1
188 1311 1
188 1486 1
188 1968 1
189 160 1
189 194 1
189 262 1
189 306 1
189 431 1
189 526 1
189 554 1
189 582 1
189 614 1
189 737 1
189 835 1
189 1032 1
189 1080 1
189 1173 1
189 1226 1
189 1510 1
189 1573 1
189 1579 1
189 1670 1
189 1678 1
189 1692 1
189 1785 1
189 1893 1
189 1989 1
189 1990 1
189 1991 1
190 45 1
190 103 1
190 111 1
190 189 1
190 294 1
190 324 1
190 400 1
190 509 1
190 632 1
190 690 1
190 781 1
190 793 1
190 918 1
190 943 1
190 998 1
190 1021 1
190 1174 1
190 1241 1
190 1245 1
190 1252 1
190 1265 1
190 1277 1
190 1349 1
190 1356 1
190 1454 1
190 1542 1
190 1604 1
190 1706 1
190 1718 1
190 1775 1
190 1808 1
190 1863 1
190 1891 1
190 1892 1
190 2037 1
191 79 1
191 315 1
191 454 1
191 583 1
191 638 1
191 667 1
191 710 1
191 713 1
191 927 1
191 1248 1
191 1315 1
191 1384 1
191 1437 1
191 1442 1
191 1519 1
191 1818 1
191 1854 1
191 1985 1
191 2016 1
192 329 1
192 330 1
192 477 1
192 561 1
192 564 1
192 622 1
192 733 1
192 864 1
192 896 1
192 1025 1
192 1053 1
192 1082 1
192 1275 1
192 1506 1
192 1629 1
192 1761 1
192 1817 1
192 1907 1
192 2013 1
192 2033 1
193 128 1
193 155 1
193 235 1
193 412 1
193 771 1
193 937 1
193 1004 1
193 1330 1
193 1398 1
193 1501 1
193 1513 1
193 1568 1
193 1714 1
193 1780 1
193 1865 1
194 296 1
194 341 1
194 462 1
194 558 1
194 665 1
194 777 1
194 866 1
194 911 1
194 1117 1
194 1203 1
194 1217 1
194 1386 1
194 1663 1
194 2005 1
195 105 1
195 458 1
195 640 1
195 1219 1
195 1337 1
195 1339 1
195 1377 1
195 1548 1
195 1745 1
195 1758 1
195 1767 1
195 1916 1
195 1957 1
195 2036 1
195 2044 1
196 1054 1
196 1312 1
196 1470 1
196 1498 1
196 1977 1
197 425 1
197 552 1
197 698 1
197 738 1
197 1130 1
197 1722 1
198 824 1
198 838 1
198 2012 1
199 635 1
199 1010 1
199 1459 1
200 439 1
200 666 1
200 1172 1
200 1395 1
200 1565 1
200 1570 1
201 95 1
201 136 1
201 370 1
201 383 1
201 966 1
201 1146 1
201 1222 1
201 1307 1
201 1369 1
201 1423 1
201 1561 1
201 1593 1
201 2000 1
202 51 1
202 226 1
202 529 1
202 647 1
202 1089 1
202 1145 1
202 1375 1
202 1493 1
202 1559 1
202 1931 1
203 97 1
203 211 1
203 267 1
203 342 1
203 353 1
203 358 1
203 595 1
203 726 1
203 735 1
203 765 1
203 861 1
203 895 1
203 910 1
203 985 1
203 1039 1
203 1042 1
203 1370 1
203 1408 1
203 1484 1
203 1560 1
203 1701 1
203 1937 1
203 2038 1
203 2041 1
204 118 1
204 133 1
204 251 1
204 303 1
204 388 1
204 426 1
204 463 1
204 531 1
204 641 1
204 721 1
204 894 1
204 900 1
204 1077 1
204 1094 1
204 1161 1
204 1273 1
204 1509 1
204 1567 1
204 1633 1
204 1734 1
204 1747 1
204 1833 1
204 1868 1
204 1889 1
205 293 1
205 318 1
205 381 1
205 498 1
205 506 1
205 553 1
205 778 1
205 971 1
205 1009 1
205 1116 1
205 1157 1
205 1308 1
205 1397 1
205 1429 1
205 1557 1
205 1598 1
205 1654 1
205 1685 1
205 1696 1
205 1711 1
205 1729 1
205 1748 1
205 1755 1
205 1815 1
205 1870 1
205 1987 1
205 1995 1
205 2010 1
205 2024 1
206 187 1
206 405 1
206 456 1
206 490 1
206 493 1
206 514 1
206 522 1
206 539 1
206 547 1
206 649 1
206 782 1
206 787 1
206 812 1
206 818 1
206 917 1
206 944 1
206 1001 1
206 1357 1
206 1609 1
206 1661 1
206 1730 1
206 1769 1
206 1814 1
206 1859 1
206 1861 1
207 56 1
207 120 1
207 230 1
207 266 1
207 486 1
207 627 1
207 847 1
207 913 1
207 1125 1
207 1138 1
207 1199 1
207 1238 1
207 1379 1
207 1392 1
207 1465 1
207 1580 1
207 1715 1
207 1782 1
207 1923 1
207 2039 1
207 2045 1
208 432 1
208 472 1
208 540 1
208 549 1
208 563 1
208 621 1
208 628 1
208 659 1
208 662 1
208 676 1
208 687 1
208 743 1
208 857 1
208 922 1
208 1073 1
208 1111 1
208 1205 1
208 1344 1
208 1381 1
208 1794 1
208 1986 1
209 73 1
209 384 1
209 401 1
209 433 1
209 535 1
209 639 1
209 875 1
209 899 1
209 1056 1
209 1152 1
209 1355 1
209 1483 1
209 1585 1
209 1619 1
209 1628 1
209 1657 1
209 1673 1
210 83 1
210 317 1
210 587 1
210 597 1
210 646 1
210 1029 1
210 1076 1
210 1198 1
210 1723 1
210 1795 1
211 450 1
211 507 1
211 955 1
211 1294 1
211 1707 1
211 1888 1
211 1949 1
212 165 1
212 1234 1
212 1489 1
212 1948 1
212 1954 1
213 374 1
213 657 1
213 1088 1
213 1846 1
214 1201 1
214 1578 1
214 1996 1
215 288 1
215 570 1
215 906 1
215 1447 1
215 1552 1
215 1576 1
215 1589 1
215 1637 1
216 350 1
216 661 1
216 745 1
216 851 1
216 1253 1
216 1455 1
217 50 1
217 840 1
217 870 1
217 883 1
218 61 1
218 167 1
218 449 1
218 517 1
218 571 1
218 767 1
218 1880 1
218 1974 1
219 284 1
219 322 1
219 351 1
219 380 1
219 416 1
219 492 1
219 1105 1
219 1190 1
219 1322 1
219 1446 1
219 1556 1
219 1902 1
220 69 1
220 99 1
220 201 1
220 229 1
220 286 1
220 360 1
220 382 1
220 392 1
220 464 1
220 775 1
220 956 1
220 1091 1
220 1282 1
220 1478 1
220 1547 1
220 1572 1
220 1586 1
220 1883 1
221 67 1
221 72 1
221 233 1
221 484 1
221 523 1
221 542 1
221 887 1
221 901 1
221 923 1
221 1046 1
221 1070 1
221 1071 1
221 1247 1
221 1418 1
221 1420 1
221 1647 1
221 1727 1
221 1760 1
221 1850 1
221 1966 1
222 172 1
222 240 1
222 496 1
222 512 1
222 679 1
222 697 1
222 763 1
222 827 1
222 929 1
222 968 1
222 1184 1
222 1192 1
222 1387 1
222 1411 1
222 1512 1
222 1529 1
222 1699 1
222 1702 1
222 1726 1
222 1816 1
222 1844 1
222 1885 1
222 1940 1
223 202 1
223 307 1
223 546 1
223 566 1
223 867 1
223 881 1
223 1336 1
223 1453 1
223 1544 1
223 1674 1
223 1950 1
224 214 1
224 378 1
224 414 1
224 485 1
224 608 1
224 727 1
224 1229 1
224 1536 1
224 1665 1
224 1677 1
224 1900 1
225 131 1
225 430 1
225 643 1
225 717 1
225 797 1
225 868 1
225 886 1
225 1550 1
225 1667 1
225 1886 1
226 545 1
226 740 1
226 964 1
226 1121 1
226 1331 1
226 1505 1
226 1611 1
226 2017 1
226 2035 1
227 520 1
227 920 1
227 952 1
227 1109 1
227 1401 1
227 2004 1
228 352 1
228 521 1
229 80 1
229 259 1
230 1018 1
230 1075 1
230 1658 1
231 823 1
231 1126 1
232 43 1
232 192 1
232 718 1
232 1026 1
232 1426 1
232 1518 1
233 656 1
233 1564 1
233 2020 1
234 691 1
234 1462 1
234 1659 1
234 1777 1
235 121 1
235 394 1
235 504 1
235 1256 1
235 1414 1
235 1438 1
235 1581 1
235 1952 1
236 122 1
236 415 1
236 438 1
236 674 1
236 1112 1
236 1149 1
236 1227 1
236 1297 1
236 1319 1
236 1514 1
236 1752 1
236 1920 1
236 1938 1
236 1992 1
237 64 1
237 216 1
237 499 1
237 702 1
237 785 1
237 891 1
237 1085 1
237 1143 1
237 1292 1
237 1464 1
237 1499 1
237 1693 1
237 1762 1
238 231 1
238 513 1
238 528 1
238 567 1
238 720 1
238 722 1
238 849 1
238 951 1
238 1083 1
238 1098 1
238 1448 1
238 1649 1
238 1725 1
238 1905 1
239 1159 1
239 1340 1
239 1503 1
240 148 1
240 629 1
240 651 1
240 779 1
240 977 1
240 1255 1
240 1284 1
240 1364 1
240 1793 1
240 1847 1
240 1881 1
241 205 1
241 292 1
241 538 1
241 645 1
241 709 1
241 1015 1
241 1792 1
242 487 1
242 1396 1
243 52 1
243 1132 1
243 1608 1
243 1709 1
244 101 1
244 299 1
244 483 1
244 993 1
244 1169 1
244 1345 1
244 1535 1
244 1602 1
245 391 1
246 972 1
246 1165 1
246 1168 1
247 756 1
248 762 1
248 916 1
249 190 1
249 397 1
249 411 1
249 511 1
249 630 1
249 988 1
249 1675 1
250 345 1
250 973 1
251 150 1
251 208 1
251 285 1
251 354 1
251 467 1
251 589 1
251 634 1
251 750 1
251 869 1
251 1062 1
251 1136 1
251 1380 1
252 427 1
252 773 1
252 1329 1
252 1372 1
252 1766 1
252 1838 1
252 2002 1
253 18 1
253 269 1
253 340 1
253 377 1
253 465 1
253 600 1
253 602 1
253 757 1
253 1352 1
253 1354 1
253 1660 1
253 1807 1
253 1867 1
253 1961 1
253 2026 1
253 2030 1
254 124 1
254 157 1
254 264 1
254 367 1
254 446 1
254 794 1
254 1191 1
254 1610 1
254 1615 1
254 1617 1
254 1799 1
255 337 1
255 473 1
255 541 1
255 683 1
255 877 1
255 878 1
255 884 1
255 1176 1
255 1882 1
255 2011 1
256 91 1
256 623 1
256 678 1
256 693 1
256 723 1
256 1820 1
256 1869 1
256 1998 1
257 6 1
257 96 1
257 250 1
257 736 1
257 754 1
257 1040 1
257 1262 1
257 1371 1
257 1676 1
257 1853 1
258 210 1
258 334 1
258 1531 1
258 1754 1
258 1845 1
258 2029 1
259 125 1
259 333 1
259 475 1
259 1155 1
259 1652 1
259 1739 1
259 1873 1
260 93 1
260 168 1
260 1013 1
260 1946 1
261 681 1
261 960 1
262 410 1
263 829 1
263 1376 1
263 1469 1
263 1750 1
263 1999 1
264 129 1
264 525 1
264 1553 1
264 1926 1
265 212 1
265 575 1
265 774 1
265 1188 1
265 1328 1
266 175 1
266 1417 1
266 1669 1
266 1978 1
267 193 1
267 385 1
267 578 1
267 776 1
267 816 1
267 853 1
267 1507 1
267 2046 1
268 139 1
268 248 1
268 254 1
268 474 1
268 617 1
268 841 1
268 980 1
268 987 1
268 1059 1
268 1415 1
268 1504 1
268 1688 1
268 1721 1
268 1738 1
268 1743 1
268 1800 1
268 1827 1
268 1908 1
269 89 1
269 195 1
269 519 1
269 685 1
269 1007 1
269 1048 1
269 1057 1
269 1341 1
269 1534 1
269 1554 1
269 1682 1
269 1862 1
269 1909 1
269 1912 1
270 217 1
270 222 1
270 257 1
270 305 1
270 491 1
270 669 1
270 1118 1
270 1313 1
270 1563 1
270 1655 1
270 1765 1
270 1988 1
271 173 1
271 204 1
271 344 1
271 530 1
271 534 1
271 703 1
271 790 1
271 981 1
271 1492 1
271 1545 1
271 1574 1
271 1613 1
271 1708 1
271 1837 1
271 1860 1
271 1975 1
272 184 1
272 479 1
272 994 1
272 1005 1
272 1099 1
272 1170 1
272 1431 1
272 1471 1
272 1528 1
272 1640 1
273 7 1
273 65 1
273 115 1
273 418 1
273 806 1
273 903 1
273 1490 1
273 1744 1
273 1812 1
273 1979 1
274 140 1
274 188 1
274 272 1
274 518 1
274 810 1
274 1050 1
274 1841 1
275 758 1
275 882 1
275 1605 1
275 1802 1
275 1941 1
276 419 1
276 424 1
276 820 1
276 1023 1
276 1646 1
277 379 1
277 581 1
277 1196 1
278 199 1
278 237 1
278 1813 1
278 1910 1
278 1982 1
279 1300 1
280 551 1
280 761 1
280 845 1
280 1925 1
281 161 1
281 1353 1
281 1409 1
281 1695 1
281 1713 1
282 440 1
282 603 1
282 946 1
282 1302 1
282 1338 1
282 1407 1
282 1412 1
282 1436 1
282 1936 1
283 81 1
283 135 1
283 174 1
283 239 1
283 459 1
283 503 1
283 1022 1
283 1027 1
283 1093 1
283 1246 1
283 1566 1
283 1620 1
283 1650 1
283 1653 1
283 1781 1
283 1970 1
283 2023 1
284 37 1
284 253 1
284 319 1
284 940 1
284 947 1
284 1362 1
284 1413 1
284 1551 1
284 1591 1
284 1689 1
284 1751 1
284 1771 1
284 1858 1
284 1895 1
285 442 1
285 481 1
285 543 1
285 556 1
285 576 1
285 596 1
285 696 1
285 700 1
285 755 1
285 828 1
285 836 1
285 1036 1
285 1239 1
285 1627 1
285 1630 1
285 1642 1
285 1662 1
285 1864 1
285 1922 1
285 1939 1
285 2027 1
286 213 1
286 247 1
286 620 1
286 626 1
286 631 1
286 780 1
286 833 1
286 936 1
286 1213 1
286 1240 1
286 1366 1
286 1474 1
286 1500 1
286 1874 1
286 1875 1
286 1903 1
286 1932 1
286 1997 1
287 1 1
287 30 1
287 220 1
287 371 1
287 437 1
287 650 1
287 734 1
287 811 1
287 856 1
287 982 1
287 1100 1
287 1263 1
287 1402 1
287 1502 1
287 1562 1
287 1906 1
288 12 1
288 368 1
288 675 1
288 706 1
288 826 1
288 1017 1
288 1068 1
288 1122 1
288 1623 1
288 1698 1
288 1824 1
288 1839 1
289 117 1
289 138 1
289 221 1
289 332 1
289 406 1
289 599 1
289 660 1
289 1151 1
289 1434 1
289 1759 1
289 1764 1
289 1896 1
289 1972 1
289 1993 1
290 508 1
290 607 1
290 741 1
290 873 1
290 1108 1
290 1327 1
290 1872 1
291 206 1
291 316 1
291 1522 1
291 1697 1
291 1927 1
291 1945 1
292 127 1
292 249 1
292 282 1
292 893 1
293 448 1
293 544 1
293 909 1
293 1135 1
293 1951 1
294 373 1
294 455 1
294 747 1
294 1361 1
295 2007 1
296 98 1
296 1776 1
297 44 1
297 275 1
297 802 1
297 1107 1
297 1133 1
297 1286 1
297 1624 1
297 1679 1
298 102 1
298 362 1
298 395 1
298 1180 1
298 1717 1
298 1855 1
298 1947 1
299 107 1
299 196 1
299 274 1
299 279 1
299 300 1
299 348 1
299 469 1
299 789 1
299 855 1
299 942 1
299 983 1
299 989 1
299 1639 1
299 1804 1
300 48 1
300 66 1
300 109 1
300 154 1
300 163 1
300 246 1
300 328 1
300 346 1
300 404 1
300 408 1
300 605 1
300 748 1
300 885 1
300 935 1
300 957 1
300 959 1
300 1008 1
300 1202 1
300 1208 1
300 1269 1
300 1527 1
300 1541 1
300 1618 1
300 1963 1
300 1981 1
301 42 1
301 200 1
301 209 1
301 291 1
301 302 1
301 356 1
301 359 1
301 363 1
301 376 1
301 452 1
301 515 1
301 565 1
301 615 1
301 642 1
301 652 1
301 905 1
301 925 1
301 932 1
301 1195 1
301 1223 1
301 1303 1
301 1333 1
301 1533 1
301 1594 1
301 1635 1
301 1741 1
301 1879 1
301 1890 1
301 1924 1
301 2042 1
302 86 1
302 106 1
302 119 1
302 170 1
302 171 1
302 223 1
302 315 1
302 707 1
302 809 1
302 846 1
302 854 1
302 963 1
302 979 1
302 1163 1
302 1225 1
302 1250 1
302 1306 1
302 1321 1
302 1335 1
302 1343 1
302 1363 1
302 1368 1
302 1425 1
302 1460 1
302 1515 1
302 1671 1
302 1681 1
302 1716 1
302 1797 1
302 1843 1
302 1904 1
302 1980 1
303 70 1
303 113 1
303 145 1
303 375 1
303 447 1
303 612 1
303 732 1
303 1079 1
303 1175 1
303 1189 1
303 1261 1
303 1288 1
303 1290 1
303 1305 1
303 1314 1
303 1316 1
303 1424 1
303 1525 1
303 1583 1
303 1616 1
303 1626 1
303 1811 1
303 1958 1
304 88 1
304 335 1
304 364 1
304 1035 1
304 1115 1
304 1323 1
304 1427 1
304 1440 1
304 1445 1
304 1458 1
304 1468 1
304 1558 1
304 1770 1
305 9 1
305 260 1
305 298 1
305 308 1
305 644 1
305 689 1
305 825 1
305 834 1
305 842 1
305 1283 1
305 1342 1
305 1724 1
305 1929 1
306 164 1
306 872 1
306 1103 1
306 1236 1
306 1779 1
306 1801 1
306 2047 1
307 889 1
307 890 1
307 1456 1
307 1461 1
307 1487 1
308 47 1
308 443 1
308 569 1
309 242 1
309 555 1
309 996 1
309 1293 1
310 158 1
311 343 1
311 1183 1
311 1452 1
312 58 1
312 147 1
312 704 1
312 795 1
312 1686 1
313 428 1
313 451 1
313 898 1
313 1826 1
313 1967 1
314 198 1
314 301 1
314 488 1
314 694 1
314 907 1
314 938 1
314 1444 1
314 1911 1
314 1913 1
314 1983 1
315 54 1
315 77 1
315 287 1
315 311 1
315 453 1
315 613 1
315 680 1
315 1110 1
315 1156 1
315 1221 1
315 1488 1
315 1526 1
315 1584 1
315 1621 1
315 1742 1
315 1787 1
315 1821 1
315 1914 1
316 60 1
316 90 1
316 137 1
316 389 1
316 393 1
316 577 1
316 625 1
316 673 1
316 677 1
316 749 1
316 759 1
316 852 1
316 904 1
316 1087 1
316 1242 1
316 1367 1
316 1435 1
316 1463 1
316 1496 1
316 1603 1
316 1772 1
316 1822 1
317 108 1
317 276 1
317 429 1
317 480 1
317 573 1
317 579 1
317 609 1
317 636 1
317 799 1
317 814 1
317 949 1
317 974 1
317 997 1
317 1002 1
317 1034 1
317 1055 1
317 1095 1
317 1097 1
317 1160 1
317 1178 1
317 1197 1
317 1351 1
317 1555 1
317 1819 1
317 1917 1
318 36 1
318 92 1
318 100 1
318 143 1
318 234 1
318 241 1
318 445 1
318 468 1
318 478 1
318 568 1
318 939 1
318 954 1
318 1060 1
318 1127 1
318 1141 1
318 1274 1
318 1373 1
318 1391 1
318 1405 1
318 1582 1
318 1601 1
318 1732 1
318 1757 1
318 1763 1
318 1832 1
318 1884 1
318 1894 1
318 1897 1
318 1933 1
318 1953 1
318 2008 1
318 2015 1
319 142 1
319 365 1
319 557 1
319 601 1
319 637 1
319 711 1
319 817 1
319 908 1
319 1124 1
319 1450 1
319 1719 1
319 1805 1
319 1930 1
319 2003 1
319 2021 1
320 15 1
320 49 1
320 537 1
320 716 1
320 819 1
320 1150 1
320 1182 1
320 1318 1
320 1516 1
321 383 1
321 610 1
321 725 1
321 1244 1
321 1439 1
321 1457 1
321 1530 1
321 1546 1
321 1749 1
322 399 1
322 670 1
322 958 1
322 1058 1
322 1147 1
322 1254 1
322 1400 1
322 1737 1
322 1809 1
322 1842 1
323 281 1
323 984 1
323 1031 1
323 1656 1
323 1690 1
323 1710 1
324 436 1
324 1889 1
326 84 1
326 289 1
326 714 1
326 1084 1
327 619 1
328 858 1
328 1575 1
328 1638 1
329 606 1
329 1684 1
330 55 1
330 151 1
330 232 1
330 671 1
330 719 1
330 1214 1
330 1520 1
330 1753 1
331 169 1
331 182 1
331 533 1
331 792 1
331 1047 1
331 1074 1
331 1228 1
331 1378 1
331 1537 1
331 1944 1
331 1955 1
331 2018 1
332 57 1
332 304 1
332 336 1
332 366 1
332 766 1
332 848 1
332 1224 1
332 1264 1
332 1334 1
332 1383 1
332 1394 1
332 1421 1
332 1597 1
332 1614 1
332 1928 1
333 76 1
333 263 1
333 277 1
333 417 1
333 598 1
333 672 1
333 874 1
333 888 1
333 926 1
333 930 1
333 965 1
333 1045 1
333 1086 1
333 1102 1
333 1114 1
333 1134 1
333 1171 1
333 1177 1
333 1517 1
333 1612 1
333 1673 1
333 1756 1
333 1778 1
333 1901 1
333 1915 1
333 1969 1
333 1986 1
333 2025 1
334 16 1
334 130 1
334 207 1
334 262 1
334 268 1
334 280 1
334 313 1
334 398 1
334 495 1
334 594 1
334 822 1
334 863 1
334 865 1
334 892 1
334 1014 1
334 1194 1
334 1257 1
334 1358 1
334 1360 1
334 1410 1
334 1592 1
334 1687 1
334 1783 1
334 1791 1
334 1798 1
334 1866 1
334 1877 1
335 21 1
335 505 1
335 772 1
335 919 1
335 967 1
335 1138 1
335 1187 1
335 1390 1
335 1540 1
335 1607 1
336 183 1
336 258 1
336 310 1
336 325 1
336 690 1
336 712 1
336 731 1
336 843 1
336 1123 1
336 1281 1
336 1385 1
336 1571 1
336 1587 1
336 1629 1
336 1643 1
336 1680 1
336 1898 1
337 128 1
337 236 1
337 338 1
337 500 1
337 783 1
337 832 1
337 1596 1
337 1634 1
337 1775 1
337 1830 1
338 729 1
338 1144 1
338 1389 1
338 1498 1
339 1324 1
339 1332 1
339 1705 1
340 695 1
340 1016 1
340 1494 1
340 1632 1
341 633 1
341 859 1
341 1590 1
342 390 1
342 572 1
342 2048 1
343 616 1
343 1443 1
344 112 1
344 215 1
344 386 1
344 1011 1
344 1291 1
344 1921 1
345 753 1
346 156 1
346 162 1
346 331 1
346 562 1
346 870 1
346 1231 1
346 1260 1
346 1641 1
346 1758 1
346 1984 1
347 85 1
347 349 1
347 420 1
347 688 1
347 705 1
347 708 1
347 784 1
347 804 1
347 807 1
347 813 1
347 945 1
347 970 1
347 1137 1
347 1266 1
347 1280 1
347 1422 1
347 1441 1
347 1459 1
347 1485 1
347 1524 1
347 1532 1
347 1588 1
347 1645 1
347 1664 1
347 1831 1
347 2001 1
347 2024 1
348 74 1
348 218 1
348 244 1
348 283 1
348 387 1
348 396 1
348 423 1
348 441 1
348 497 1
348 502 1
348 524 1
348 585 1
348 586 1
348 590 1
348 591 1
348 699 1
348 701 1
348 752 1
348 786 1
348 796 1
348 800 1
348 934 1
348 1206 1
348 1233 1
348 1278 1
348 1298 1
348 1348 1
348 1356 1
348 1482 1
348 1497 1
348 1604 1
348 1644 1
348 1704 1
348 1808 1
348 1840 1
348 1851 1
348 1871 1
348 1878 1
348 2019 1
348 2034 1
349 68 1
349 219 1
349 228 1
349 327 1
349 604 1
349 614 1
349 746 1
349 751 1
349 791 1
349 821 1
349 830 1
349 931 1
349 986 1
349 991 1
349 992 1
349 1012 1
349 1104 1
349 1131 1
349 1153 1
349 1230 1
349 1237 1
349 1276 1
349 1344 1
349 1388 1
349 1393 1
349 1399 1
349 1466 1
349 1648 1
349 1668 1
349 1774 1
349 1828 1
349 1836 1
349 1942 1
350 71 1
350 160 1
350 197 1
350 372 1
350 561 1
350 580 1
350 787 1
350 902 1
350 915 1
350 948 1
350 999 1
350 1003 1
350 1041 1
350 1061 1
350 1211 1
350 1222 1
350 1232 1
350 1287 1
350 1289 1
350 1449 1
350 1718 1
350 1789 1
350 1887 1
350 1899 1
350 1994 1
351 357 1
351 402 1
351 574 1
351 584 1
351 658 1
351 686 1
351 770 1
351 778 1
351 962 1
351 1020 1
351 1174 1
351 1309 1
351 1475 1
351 1685 1
351 1746 1
351 1786 1
351 1810 1
351 1815 1
351 1825 1
352 227 1
352 295 1
352 361 1
352 439 1
352 558 1
352 744 1
352 976 1
352 1010 1
352 1038 1
352 1219 1
352 1330 1
352 1339 1
352 1795 1
353 8 1
353 32 1
353 146 1
353 251 1
353 314 1
353 571 1
353 844 1
353 990 1
353 1028 1
353 1140 1
353 1479 1
353 1740 1
353 1834 1
353 1971 1
354 149 1
354 153 1
354 178 1
354 341 1
354 409 1
354 743 1
354 871 1
354 1119 1
354 1218 1
354 1472 1
354 1735 1
355 23 1
355 103 1
355 270 1
355 1937 1
356 724 1
356 1404 1
356 1432 1
356 1606 1
357 384 1
357 1066 1
357 1139 1
357 1691 1
358 921 1
358 1186 1
360 159 1
361 273 1
361 1549 1
362 34 1
362 191 1
362 243 1
362 592 1
362 593 1
362 1033 1
362 1101 1
362 1161 1
362 1209 1
362 1788 1
362 1876 1
362 1893 1
362 1934 1
363 82 1
363 114 1
363 126 1
363 296 1
363 297 1
363 329 1
363 370 1
363 668 1
363 1148 1
363 1162 1
363 1301 1
363 1346 1
363 1569 1
363 1636 1
363 1651 1
363 1736 1
363 1919 1
363 1989 1
363 2012 1
364 46 1
364 116 1
364 179 1
364 225 1
364 342 1
364 381 1
364 527 1
364 546 1
364 611 1
364 662 1
364 687 1
364 798 1
364 801 1
364 1090 1
364 1092 1
364 1142 1
364 1158 1
364 1200 1
364 1270 1
364 1304 1
364 1320 1
364 1374 1
364 1712 1
364 1962 1
364 2006 1
365 19 1
365 41 1
365 62 1
365 235 1
365 290 1
365 358 1
365 421 1
365 422 1
365 477 1
365 588 1
365 653 1
365 657 1
365 805 1
365 910 1
365 937 1
365 978 1
365 1006 1
365 1043 1
365 1051 1
365 1212 1
365 1296 1
365 1299 1
365 1359 1
365 1495 1
365 1622 1
365 1672 1
365 1806 1
365 1835 1
365 1849 1
365 1916 1
365 1954 1
365 1964 1
365 1968 1
365 1976 1
365 2014 1
366 78 1
366 144 1
366 306 1
366 489 1
366 501 1
366 663 1
366 667 1
366 715 1
366 730 1
366 964 1
366 1032 1
366 1044 1
366 1052 1
366 1063 1
366 1067 1
366 1216 1
366 1251 1
366 1279 1
366 1326 1
366 1428 1
366 1476 1
366 1480 1
366 1481 1
366 1518 1
366 1595 1
366 1700 1
366 1865 1
366 1973 1
367 110 1
367 347 1
367 682 1
367 887 1
367 1096 1
367 1215 1
367 1347 1
367 1511 1
367 1556 1
367 1683 1
367 1796 1
367 1803 1
367 1868 1
368 45 1
368 50 1
368 53 1
368 79 1
368 238 1
368 532 1
368 622 1
368 649 1
368 771 1
368 927 1
368 1046 1
368 1053 1
368 1056 1
368 1310 1
368 1523 1
368 1539 1
368 1773 1
369 176 1
369 460 1
369 471 1
369 560 1
369 803 1
369 985 1
369 1024 1
369 1065 1
369 1247 1
369 1271 1
369 1275 1
369 1325 1
369 1416 1
370 374 1
370 529 1
370 1001 1
370 1049 1
370 1076 1
370 1220 1
370 1768 1
370 1769 1
371 40 1
371 59 1
371 203 1
371 224 1
371 509 1
371 664 1
371 1548 1
371 1576 1
371 1666 1
372 400 1
372 1069 1
372 1619 1
373 721 1
373 918 1
373 1128 1
373 1235 1
373 1403 1
374 177 1
374 665 1
374 864 1
375 444 1
375 1857 1
376 1146 1
376 1631 1
376 1785 1
377 1021 1
377 1384 1
378 265 1
378 326 1
378 880 1
378 1272 1
378 1451 1
378 1508 1
378 1694 1
379 94 1
379 189 1
379 245 1
379 407 1
379 624 1
379 710 1
379 728 1
379 737 1
379 764 1
379 953 1
379 1000 1
379 1268 1
379 1369 1
379 1678 1
380 26 1
380 105 1
380 266 1
380 339 1
380 355 1
380 564 1
380 635 1
380 638 1
380 647 1
380 815 1
380 837 1
380 879 1
380 906 1
380 969 1
380 1080 1
380 1117 1
380 1120 1
380 1179 1
380 1193 1
380 1259 1
380 1285 1
380 1317 1
380 1406 1
380 1470 1
380 1521 1
380 1784 1
380 1848 1
380 1870 1
380 2013 1
380 2017 1
381 20 1
381 95 1
381 165 1
381 166 1
381 180 1
381 256 1
381 461 1
381 476 1
381 640 1
381 654 1
381 738 1
381 876 1
381 886 1
381 895 1
381 955 1
381 977 1
381 1258 1
381 1365 1
381 1599 1
381 1600 1
381 1617 1
381 1703 1
381 1748 1
381 1829 1
381 1892 1
382 51 1
382 226 1
382 322 1
382 425 1
382 466 1
382 547 1
382 559 1
382 632 1
382 692 1
382 742 1
382 760 1
382 769 1
382 781 1
382 850 1
382 1064 1
382 1166 1
382 1204 1
382 1207 1
382 1307 1
382 1473 1
382 1506 1
382 1509 1
382 1814 1
382 1925 1
382 1931 1
383 56 1
383 155 1
383 323 1
383 412 1
383 563 1
383 645 1
383 777 1
383 862 1
383 933 1
383 1077 1
383 1164 1
383 1568 1
383 1706 1
383 1767 1
383 1943 1
383 1965 1
384 25 1
384 120 1
384 271 1
384 413 1
384 539 1
384 566 1
384 698 1
384 788 1
384 1042 1
384 1167 1
384 1295 1
384 1543 1
384 1557 1
384 1663 1
384 1995 1
384 2005 1
385 29 1
385 104 1
385 111 1
385 320 1
385 496 1
385 648 1
385 857 1
385 896 1
385 1173 1
385 1181 1
385 1190 1
385 1382 1
385 1433 1
385 1489 1
385 1593 1
385 1670 1
386 913 1
386 941 1
386 1265 1
386 1823 1
386 1935 1
387 309 1
387 449 1
387 702 1
387 840 1
387 1234 1
387 1430 1
387 1869 1
388 38 1
388 75 1
388 369 1
388 1252 1
388 1589 1
388 1940 1
389 123 1
389 914 1
389 1089 1
389 1493 1
389 2037 1
390 63 1
390 628 1
390 1375 1
390 1486 1
390 1885 1
390 2031 1
390 2038 1
391 72 1
391 463 1
391 867 1
391 961 1
392 666 1
393 510 1
393 1657 1
394 294 1
394 360 1
394 462 1
394 1241 1
394 1633 1
394 2010 1
395 181 1
395 261 1
395 554 1
395 897 1
395 1172 1
395 1519 1
395 1585 1
396 3 1
396 134 1
396 684 1
396 823 1
396 922 1
396 1081 1
396 1109 1
396 1243 1
396 1454 1
396 1478 1
396 1559 1
396 1729 1
396 1818 1
396 1891 1
396 2000 1
397 39 1
397 101 1
397 141 1
397 152 1
397 194 1
397 211 1
397 230 1
397 288 1
397 457 1
397 490 1
397 587 1
397 1130 1
397 1205 1
397 1408 1
397 1512 1
397 1552 1
397 1567 1
397 1665 1
397 1731 1
397 1734 1
397 1752 1
397 1780 1
397 1854 1
397 1960 1
398 28 1
398 33 1
398 118 1
398 133 1
398 136 1
398 286 1
398 432 1
398 511 1
398 553 1
398 600 1
398 621 1
398 745 1
398 866 1
398 1004 1
398 1071 1
398 1094 1
398 1113 1
398 1315 1
398 1370 1
398 1419 1
398 1467 1
398 1491 1
398 1514 1
398 1699 1
398 1714 1
398 1733 1
398 1747 1
398 1977 1
398 2009 1
399 267 1
399 318 1
399 482 1
399 526 1
399 655 1
399 1106 1
399 1203 1
399 1210 1
399 1357 1
399 1446 1
399 1579 1
399 1725 1
399 2045 1
400 4 1
400 132 1
400 252 1
400 321 1
400 334 1
400 353 1
400 430 1
400 494 1
400 516 1
400 549 1
400 726 1
400 950 1
400 995 1
400 998 1
400 1111 1
400 1192 1
400 1349 1
400 1398 1
400 1420 1
400 1423 1
400 1510 1
400 1667 1
400 1817 1
400 1833 1
400 1985 1
400 2040 1
401 229 1
401 472 1
401 659 1
401 733 1
401 838 1
401 900 1
401 1267 1
401 1350 1
401 1484 1
401 1560 1
401 1959 1
402 80 1
402 493 1
402 697 1
402 923 1
402 951 1
402 1185 1
402 1245 1
402 1414 1
403 352 1
403 507 1
403 548 1
403 627 1
403 808 1
403 1248 1
403 1570 1
403 1572 1
403 1661 1
404 861 1
404 1121 1
404 1308 1
405 1477 1
405 1790 1
406 713 1
406 975 1
406 1401 1
407 1580 1
407 1948 1
408 10 1
408 1501 1
408 2022 1
409 1030 1
409 1145 1
410 435 1
410 824 1
410 1082 1
410 1152 1
410 1253 1
410 1429 1
410 1715 1
411 13 1
411 350 1
411 392 1
411 431 1
411 450 1
411 485 1
411 531 1
411 643 1
411 928 1
411 968 1
411 1018 1
411 1019 1
411 1513 1
411 1536 1
411 1561 1
412 486 1
412 629 1
412 765 1
412 768 1
412 775 1
412 793 1
412 1143 1
412 1312 1
412 1322 1
412 1377 1
412 1380 1
412 1455 1
412 1529 1
412 1598 1
412 1720 1
412 1856 1
412 1918 1
412 1950 1
412 1956 1
412 1966 1
412 1987 1
412 2039 1
413 255 1
413 259 1
413 405 1
413 458 1
413 550 1
413 597 1
413 641 1
413 782 1
413 847 1
413 1039 1
413 1129 1
413 1226 1
413 1282 1
413 1387 1
413 1426 1
413 1573 1
413 1609 1
413 1745 1
413 2016 1
413 2028 1
413 2044 1
414 14 1
414 69 1
414 186 1
414 464 1
414 492 1
414 514 1
414 528 1
414 583 1
414 639 1
414 767 1
414 881 1
414 1072 1
414 1078 1
414 1154 1
414 1381 1
414 1577 1
414 1586 1
414 1722 1
414 1761 1
414 1846 1
414 1863 1
414 1923 1
414 1941 1
414 1996 1
414 2041 1
415 121 1
415 139 1
415 299 1
415 307 1
415 312 1
415 368 1
415 438 1
415 520 1
415 618 1
415 676 1
415 785 1
415 868 1
415 944 1
415 1229 1
415 1273 1
415 1415 1
415 1453 1
415 1507 1
415 1659 1
415 1938 1
415 1974 1
415 1990 1
416 284 1
416 428 1
416 434 1
416 446 1
416 506 1
416 818 1
416 1054 1
416 1277 1
416 1418 1
416 1437 1
416 1464 1
416 1503 1
416 1538 1
416 1625 1
416 1859 1
416 1888 1
416 1900 1
417 185 1
417 397 1
417 552 1
417 911 1
417 1701 1
417 1883 1
417 2033 1
418 367 1
418 845 1
418 894 1
418 1157 1
418 1249 1
418 1483 1
419 735 1
419 1227 1
419 1337 1
419 1755 1
419 1852 1
420 1647 1
421 419 1
421 971 1
421 1465 1
421 1542 1
422 27 1
422 214 1
422 681 1
422 1907 1
422 2043 1
423 83 1
423 916 1
424 1009 1
424 1442 1
424 2036 1
425 540 1
425 602 1
425 1073 1
425 1547 1
426 278 1
426 839 1
426 860 1
426 1025 1
426 1198 1
426 1392 1
426 1565 1
426 2032 1
427 403 1
427 415 1
427 498 1
427 545 1
427 646 1
427 831 1
427 891 1
427 924 1
427 1184 1
427 1201 1
427 1578 1
427 1782 1
427 1957 1
428 187 1
428 231 1
428 394 1
428 401 1
428 433 1
428 484 1
428 763 1
428 790 1
428 851 1
428 952 1
428 1070 1
428 1149 1
428 1176 1
428 1354 1
429 61 1
429 87 1
429 97 1
429 175 1
429 188 1
429 317 1
429 499 1
429 523 1
429 536 1
429 683 1
429 717 1
429 727 1
429 827 1
429 917 1
429 966 1
429 1015 1
429 1037 1
429 1062 1
429 1125 1
429 1132 1
429 1217 1
429 1372 1
429 1379 1
429 1438 1
429 1692 1
429 1696 1
429 1730 1
429 1794 1
429 1827 1
429 1905 1
430 18 1
430 216 1
430 351 1
430 634 1
430 820 1
430 878 1
430 901 1
430 993 1
430 1085 1
430 1112 1
430 1136 1
430 1311 1
430 1413 1
430 1499 1
430 1637 1
430 1675 1
430 1820 1
430 1902 1
431 73 1
431 148 1
431 172 1
431 470 1
431 535 1
431 797 1
431 1075 1
431 1083 1
431 1336 1
431 1386 1
431 1608 1
431 1726 1
432 31 1
432 174 1
432 324 1
432 379 1
432 388 1
432 426 1
432 661 1
432 678 1
432 1105 1
432 1159 1
432 1169 1
432 1550 1
432 1707 1
432 1723 1
432 1816 1
433 454 1
433 679 1
433 1098 1
433 1313 1
433 1688 1
433 1844 1
433 1972 1
434 240 1
434 427 1
434 455 1
434 691 1
434 1395 1
434 1402 1
434 1792 1
434 1861 1
435 333 1
435 761 1
435 883 1
436 345 1
436 1126 1
437 330 1
437 1007 1
437 1505 1
437 1850 1
440 674 1
440 1912 1
440 1991 1
441 380 1
441 582 1
442 512 1
442 595 1
442 709 1
442 1654 1
442 1762 1
442 1862 1
442 1993 1
443 22 1
443 67 1
443 157 1
443 202 1
443 416 1
443 442 1
443 522 1
443 1088 1
443 1168 1
443 1649 1
443 1652 1
443 1676 1
443 1771 1
443 1961 1
443 2020 1
444 52 1
444 192 1
444 292 1
444 305 1
444 456 1
444 517 1
444 541 1
444 589 1
444 912 1
444 943 1
444 982 1
444 1029 1
444 1292 1
444 1345 1
444 1564 1
444 1574 1
444 1628 1
444 1693 1
444 1708 1
444 1754 1
444 1875 1
444 1926 1
444 1998 1
445 11 1
445 208 1
445 212 1
445 340 1
445 474 1
445 521 1
445 656 1
445 675 1
445 740 1
445 789 1
445 816 1
445 877 1
445 884 1
445 1050 1
445 1199 1
445 1331 1
445 1677 1
445 1811 1
445 1847 1
445 1880 1
445 1982 1
446 195 1
446 210 1
446 237 1
446 328 1
446 356 1
446 375 1
446 414 1
446 575 1
446 608 1
446 972 1
446 1040 1
446 1099 1
446 1615 1
446 1662 1
446 1766 1
446 1797 1
446 1882 1
447 12 1
447 93 1
447 205 1
447 254 1
447 448 1
447 479 1
447 723 1
447 875 1
447 956 1
447 960 1
447 1352 1
447 1361 1
447 1411 1
448 217 1
448 248 1
448 408 1
448 565 1
448 722 1
448 1165 1
448 1328 1
448 1474 1
448 1886 1
448 1909 1
448 2004 1
449 378 1
449 739 1
449 920 1
450 382 1
450 1531 1
450 1881 1
451 129 1
451 233 1
451 1611 1
452 1 1
452 1500 1
452 1837 1
453 89 1
453 570 1
453 1727 1
454 411 1
454 946 1
454 1605 1
455 750 1
455 1116 1
455 1799 1
455 1838 1
456 869 1
456 1195 1
456 1553 1
456 1770 1
456 1777 1
457 64 1
457 122 1
457 812 1
457 835 1
457 929 1
457 1340 1
457 1447 1
457 1658 1
457 1760 1
457 1910 1
458 5 1
458 17 1
458 127 1
458 167 1
458 406 1
458 623 1
458 651 1
458 780 1
458 836 1
458 849 1
458 873 1
458 973 1
458 981 1
458 987 1
458 1191 1
458 1448 1
458 1669 1
458 1728 1
458 1874 1
459 124 1
459 125 1
459 131 1
459 303 1
459 344 1
459 437 1
459 467 1
459 475 1
459 513 1
459 519 1
459 630 1
459 899 1
459 1036 1
459 1151 1
459 1188 1
459 1283 1
459 1284 1
459 1294 1
459 1469 1
459 1620 1
459 1709 1
459 1711 1
459 1738 1
459 1764 1
459 1920 1
459 1945 1
459 1951 1
459 1967 1
459 1988 1
459 1999 1
460 24 1
460 99 1
460 173 1
460 272 1
460 465 1
460 481 1
460 567 1
460 603 1
460 693 1
460 757 1
460 762 1
460 776 1
460 1196 1
460 1305 1
460 1396 1
460 1462 1
460 1492 1
460 1541 1
460 1546 1
460 1563 1
460 1627 1
460 1646 1
460 1741 1
460 1824 1
460 1864 1
460 1867 1
460 1932 1
460 1946 1
460 2011 1
460 2029 1
461 190 1
461 215 1
461 250 1
461 253 1
461 337 1
461 459 1
461 483 1
461 500 1
461 696 1
461 720 1
461 841 1
461 980 1
461 1005 1
461 1048 1
461 1180 1
461 1262 1
461 1314 1
461 1329 1
461 1355 1
461 1535 1
461 1566 1
461 1630 1
461 1660 1
461 1682 1
461 1855 1
461 1908 1
461 2030 1
462 44 1
462 85 1
462 285 1
462 542 1
462 607 1
462 703 1
462 718 1
462 809 1
462 846 1
462 855 1
462 1163 1
462 1224 1
462 1225 1
462 1238 1
462 1333 1
462 1341 1
462 1397 1
462 1458 1
462 1581 1
462 1639 1
462 1702 1
462 1822 1
462 1978 1
463 35 1
463 291 1
463 410 1
463 1364 1
463 1594 1
463 1681 1
463 1765 1
463 1804 1
463 1812 1
463 2035 1
464 42 1
464 66 1
464 113 1
464 452 1
464 909 1
464 1290 1
464 1843 1
464 1949 1
465 158 1
465 161 1
465 220 1
465 275 1
465 620 1
465 650 1
465 669 1
465 898 1
465 1023 1
465 1255 1
465 1286 1
465 1440 1
465 1739 1
465 1787 1
466 135 1
466 1091 1
466 1906 1
467 1368 1
467 1551 1
467 1742 1
467 1813 1
468 754 1
468 1256 1
469 184 1
469 795 1
469 1407 1
469 1793 1
470 551 1
470 882 1
470 1175 1
471 615 1
472 280 1
472 599 1
472 1721 1
472 1750 1
472 2046 1
473 391 1
473 756 1
473 779 1
473 829 1
473 1353 1
473 1371 1
473 1431 1
473 1695 1
474 2 1
474 47 1
474 140 1
474 418 1
474 538 1
474 755 1
474 947 1
474 1022 1
474 1058 1
474 1300 1
474 1674 1
474 1743 1
474 1873 1
475 138 1
475 201 1
475 249 1
475 258 1
475 515 1
475 617 1
475 644 1
475 833 1
475 988 1
475 1213 1
475 1239 1
475 1246 1
475 1250 1
475 1319 1
475 1321 1
475 1439 1
475 1534 1
475 1544 1
475 1653 1
475 1776 1
475 1807 1
475 1895 1
475 1952 1
475 1975 1
475 1979 1
475 1980 1
476 91 1
476 96 1
476 142 1
476 170 1
476 264 1
476 319 1
476 332 1
476 495 1
476 504 1
476 555 1
476 569 1
476 578 1
476 612 1
476 706 1
476 734 1
476 747 1
476 817 1
476 1087 1
476 1093 1
476 1293 1
476 1297 1
476 1558 1
476 1713 1
476 1903 1
476 1939 1
476 2002 1
477 149 1
477 222 1
477 301 1
477 395 1
477 736 1
477 936 1
477 1100 1
477 1118 1
477 1425 1
477 1445 1
477 1626 1
477 1635 1
477 1963 1
478 6 1
478 223 1
478 279 1
478 436 1
478 758 1
478 979 1
478 1096 1
478 1107 1
478 1303 1
478 1515 1
478 1841 1
478 1924 1
478 2026 1
479 206 1
479 626 1
479 744 1
479 794 1
479 853 1
479 935 1
479 994 1
479 1240 1
479 1757 1
480 43 1
480 204 1
480 316 1
480 652 1
480 907 1
480 1525 1
480 1530 1
480 1533 1
480 1744 1
481 594 1
481 694 1
481 822 1
481 856 1
481 940 1
481 1554 1
481 1610 1
481 1698 1
481 1877 1
481 1894 1
481 1947 1
481 1992 1
482 81 1
482 262 1
482 287 1
482 365 1
482 581 1
482 1655 1
483 533 1
483 677 1
483 1487 1
483 1623 1
483 1650 1
484 145 1
484 585 1
484 1059 1
484 1155 1
484 1327 1
484 1338 1
485 150 1
485 354 1
485 473 1
485 1068 1
485 1607 1
486 404 1
486 806 1
487 168 1
487 508 1
488 37 1
488 269 1
488 293 1
488 1027 1
489 98 1
489 107 1
489 424 1
489 673 1
489 732 1
489 1261 1
489 1269 1
489 1632 1
489 1860 1
490 108 1
490 389 1
490 534 1
490 605 1
490 802 1
490 890 1
490 1095 1
490 1097 1
490 1450 1
490 1461 1
490 1496 1
490 1562 1
490 1591 1
490 1624 1
490 1732 1
490 1872 1
491 193 1
491 348 1
491 362 1
491 469 1
491 685 1
491 799 1
491 938 1
491 1197 1
491 1376 1
491 1393 1
491 1394 1
491 1502 1
491 1527 1
491 1555 1
491 1751 1
491 1775 1
491 1839 1
492 102 1
492 115 1
492 239 1
492 246 1
492 300 1
492 311 1
492 556 1
492 596 1
492 893 1
492 957 1
492 983 1
492 1133 1
492 1160 1
492 1223 1
492 1363 1
492 1424 1
492 1575 1
492 1602 1
492 1621 1
492 1917 1
493 376 1
493 525 1
493 613 1
493 810 1
493 825 1
493 996 1
493 1017 1
493 1263 1
493 1460 1
493 1504 1
493 1522 1
493 1679 1
493 1716 1
493 1890 1
493 1922 1
493 1953 1
493 1970 1
494 213 1
494 257 1
494 445 1
494 579 1
494 660 1
494 959 1
494 965 1
494 1108 1
494 1115 1
494 1342 1
494 1583 1
494 1618 1
494 1753 1
494 2048 1
495 147 1
495 171 1
495 277 1
495 487 1
495 631 1
495 919 1
495 1026 1
495 1302 1
495 1391 1
495 1640 1
496 119 1
496 164 1
496 274 1
496 491 1
496 689 1
496 925 1
496 926 1
496 1266 1
496 1412 1
496 2007 1
496 2042 1
497 54 1
497 247 1
497 343 1
497 942 1
497 997 1
498 315 1
498 814 1
498 1035 1
498 1390 1
499 468 1
499 543 1
499 1013 1
499 1221 1
499 1673 1
499 1719 1
499 1801 1
499 1955 1
499 2019 1
500 90 1
500 440 1
500 636 1
500 1520 1
501 390 1
501 488 1
501 1102 1
501 1123 1
501 1443 1
503 773 1
504 363 1
504 700 1
504 963 1
504 991 1
504 1103 1
504 1528 1
504 1616 1
505 197 1
505 338 1
505 371 1
505 854 1
505 889 1
505 974 1
505 1110 1
505 1323 1
505 1434 1
505 1944 1
506 60 1
506 557 1
506 686 1
506 748 1
506 774 1
506 778 1
506 828 1
506 865 1
506 1122 1
506 1135 1
506 1194 1
506 1335 1
506 1642 1
507 84 1
507 154 1
507 163 1
507 178 1
507 200 1
507 276 1
507 313 1
507 383 1
507 478 1
507 518 1
507 642 1
507 858 1
507 905 1
507 1002 1
507 1138 1
507 1378 1
507 1468 1
507 1545 1
507 1614 1
507 1629 1
507 1759 1
507 1821 1
507 1845 1
507 2027 1
507 2047 1
508 92 1
508 198 1
508 359 1
508 588 1
508 766 1
508 999 1
508 1134 1
508 1208 1
508 1244 1
508 1360 1
508 1457 1
508 1490 1
508 1781 1
508 1800 1
508 1858 1
508 1896 1
508 1981 1
509 109 1
509 625 1
509 832 1
509 903 1
509 1209 1
509 1264 1
509 1362 1
509 1498 1
509 1584 1
509 1601 1
509 1631 1
509 1798 1
509 1871 1
509 1901 1
509 1933 1
509 1983 1
510 9 1
510 566 1
510 593 1
510 609 1
510 670 1
510 701 1
510 1254 1
510 1435 1
510 1436 1
510 1497 1
510 1582 1
510 1832 1
510 1929 1
511 7 1
511 46 1
511 153 1
511 207 1
511 342 1
511 377 1
511 503 1
511 576 1
511 704 1
511 800 1
511 826 1
511 1127 1
511 1156 1
511 1291 1
511 1588 1
511 1973 1
511 2021 1
512 385 1
512 399 1
512 451 1
512 505 1
512 707 1
512 863 1
512 1417 1
512 1791 1
513 571 1
513 932 1
513 984 1
513 989 1
513 1684 1
513 1911 1
514 49 1
514 70 1
514 209 1
514 268 1
514 711 1
514 1274 1
514 1643 1
515 40 1
515 619 1
515 1189 1
515 1480 1
515 1488 1
516 218 1
516 447 1
516 530 1
516 568 1
516 1904 1
517 772 1
518 196 1
518 242 1
518 421 1
518 645 1
518 1170 1
518 1183 1
519 86 1
519 169 1
519 232 1
519 714 1
519 1772 1
520 297 1
520 366 1
520 453 1
520 1783 1
521 199 1
521 364 1
521 373 1
521 577 1
521 752 1
521 908 1
521 1178 1
521 1214 1
521 1689 1
521 1774 1
521 1930 1
522 30 1
522 55 1
522 260 1
522 759 1
522 1008 1
522 1104 1
522 1494 1
522 1571 1
522 1915 1
522 1936 1
523 79 1
523 82 1
523 100 1
523 302 1
523 387 1
523 672 1
523 876 1
523 885 1
523 945 1
523 1012 1
523 1079 1
523 1114 1
523 1288 1
523 1383 1
523 1410 1
523 1612 1
523 1638 1
523 1656 1
523 1808 1
523 1897 1
523 1997 1
524 48 1
524 65 1
524 151 1
524 325 1
524 346 1
524 393 1
524 544 1
524 574 1
524 601 1
524 716 1
524 852 1
524 872 1
524 904 1
524 958 1
524 970 1
524 1182 1
524 1228 1
524 1278 1
524 1356 1
524 1444 1
524 1485 1
524 1596 1
524 1597 1
524 1634 1
524 1749 1
524 1763 1
524 1825 1
524 1836 1
524 1853 1
524 1927 1
524 1958 1
524 1969 1
524 1984 1
524 2003 1
525 16 1
525 282 1
525 591 1
525 616 1
525 1351 1
525 1367 1
525 1427 1
525 1592 1
525 1802 1
525 1889 1
525 1913 1
525 1919 1
525 2008 1
525 2015 1
526 68 1
526 304 1
526 310 1
526 358 1
526 480 1
526 590 1
526 598 1
526 604 1
526 719 1
526 842 1
526 1055 1
526 1161 1
526 1613 1
526 1697 1
526 1819 1
527 57 1
527 221 1
527 386 1
527 398 1
527 784 1
527 1032 1
527 1298 1
527 1472 1
527 1540 1
527 1878 1
528 58 1
528 130 1
528 804 1
528 843 1
528 1177 1
528 1207 1
528 1399 1
528 1740 1
528 1994 1
529 137 1
529 314 1
529 572 1
529 770 1
529 1144 1
529 1147 1
529 1343 1
529 1400 1
529 1603 1
530 633 1
530 658 1
530 730 1
530 1131 1
530 1142 1
530 1233 1
530 1879 1
531 326 1
531 637 1
531 1211 1
531 1216 1
531 1406 1
531 1409 1
531 1928 1
532 560 1
533 665 1
533 749 1
534 308 1
534 1084 1
534 1914 1
535 183 1
535 1366 1
536 283 1
536 298 1
536 497 1
536 1150 1
536 1219 1
537 88 1
537 1348 1
537 1359 1
537 1641 1
537 1810 1
537 2023 1
538 15 1
538 110 1
538 741 1
538 892 1
538 930 1
538 1061 1
538 1242 1
538 1306 1
538 1334 1
538 1604 1
538 1710 1
538 1724 1
538 1735 1
538 1893 1
538 1971 1
539 562 1
539 813 1
539 939 1
539 1000 1
539 1047 1
539 1056 1
539 1247 1
539 1270 1
539 1316 1
539 1332 1
539 1671 1
539 1691 1
539 1778 1
539 1779 1
540 128 1
540 181 1
540 194 1
540 443 1
540 573 1
540 635 1
540 787 1
540 859 1
540 902 1
540 948 1
540 990 1
540 1034 1
540 1045 1
540 1046 1
540 1074 1
540 1148 1
540 1187 1
540 1374 1
540 1449 1
540 1452 1
540 1517 1
540 1704 1
540 1789 1
540 1830 1
540 1857 1
540 1921 1
540 2034 1
541 146 1
541 357 1
541 396 1
541 413 1
541 537 1
541 606 1
541 721 1
541 783 1
541 807 1
541 888 1
541 969 1
541 1011 1
541 1016 1
541 1232 1
541 1241 1
541 1251 1
541 1347 1
541 1466 1
541 1549 1
541 1686 1
541 1826 1
541 1887 1
542 77 1
542 234 1
542 336 1
542 381 1
542 624 1
542 687 1
542 712 1
542 791 1
542 964 1
542 978 1
542 1066 1
542 1143 1
542 1548 1
542 1815 1
542 1849 1
542 2018 1
543 38 1
543 80 1
543 162 1
543 179 1
543 400 1
543 417 1
543 463 1
543 614 1
543 622 1
543 733 1
543 821 1
543 871 1
543 1003 1
543 1051 1
543 1301 1
543 1304 1
544 225 1
544 306 1
544 412 1
544 1437 1
544 2036 1
545 156 1
545 273 1
545 848 1
545 867 1
545 1020 1
545 1260 1
545 1422 1
546 219 1
546 341 1
546 792 1
546 1404 1
546 1524 1
546 1842 1
546 2013 1
547 725 1
547 986 1
547 1139 1
547 1756 1
548 587 1
548 819 1
548 1644 1
549 71 1
549 211 1
549 671 1
549 753 1
549 1307 1
550 281 1
550 1805 1
551 295 1
552 1052 1
552 1281 1
553 241 1
553 653 1
553 771 1
553 1158 1
553 1309 1
553 1668 1
554 182 1
554 228 1
554 251 1
554 289 1
554 335 1
554 372 1
554 402 1
554 561 1
554 786 1
554 874 1
554 918 1
554 937 1
554 1014 1
554 1038 1
554 1057 1
554 1141 1
554 1173 1
554 1231 1
554 1365 1
554 1416 1
554 1456 1
554 1481 1
554 1532 1
554 1633 1
554 1690 1
554 1989 1
555 53 1
555 134 1
555 322 1
555 531 1
555 546 1
555 680 1
555 702 1
555 844 1
555 962 1
555 1001 1
555 1069 1
555 1111 1
555 1202 1
555 1287 1
555 1299 1
555 1471 1
555 1523 1
555 1526 1
555 1587 1
555 1593 1
555 1599 1
555 1705 1
555 1718 1
555 1809 1
555 1828 1
555 2024 1
556 56 1
556 95 1
556 117 1
556 143 1
556 160 1
556 244 1
556 349 1
556 527 1
556 695 1
556 764 1
556 931 1
556 1153 1
556 1162 1
556 1210 1
556 1296 1
556 1344 1
556 1459 1
556 1511 1
556 1834 1
556 1931 1
556 1934 1
557 23 1
557 327 1
557 370 1
557 460 1
557 509 1
557 558 1
557 682 1
557 746 1
557 811 1
557 887 1
557 976 1
557 1041 1
557 1053 1
557 1172 1
557 1237 1
557 1295 1
557 1346 1
557 1421 1
557 1428 1
557 1470 1
557 1482 1
557 1576 1
557 1788 1
558 159 1
558 227 1
558 243 1
558 361 1
558 657 1
558 726 1
558 737 1
558 798 1
558 880 1
558 913 1
558 1117 1
558 1121 1
558 1164 1
558 1174 1
558 1206 1
558 1385 1
558 1512 1
558 1589 1
558 1598 1
558 1636 1
558 1680 1
558 1700 1
558 1831 1
558 1898 1
558 1942 1
558 2005 1
558 2010 1
558 2014 1
559 19 1
559 112 1
559 384 1
559 429 1
559 458 1
559 649 1
559 688 1
559 868 1
559 992 1
559 1006 1
559 1010 1
559 1081 1
559 1167 1
559 1257 1
559 1432 1
559 1600 1
559 1869 1
559 1925 1
560 106 1
560 189 1
560 270 1
560 449 1
560 713 1
560 921 1
560 1190 1
560 1441 1
560 1501 1
560 1516 1
561 103 1
561 1606 1
561 1645 1
561 1717 1
561 1736 1
562 263 1
562 461 1
562 1024 1
562 1454 1
563 610 1
563 1275 1
563 1477 1
563 1729 1
563 1848 1
563 1866 1
564 1806 1
564 1916 1
565 1060 1
565 1192 1
565 1259 1
565 1318 1
566 1965 1
567 329 1
567 347 1
567 1672 1
569 8 1
569 104 1
569 126 1
569 805 1
569 1276 1
569 1370 1
569 1475 1
569 1537 1
569 1786 1
570 41 1
570 63 1
570 72 1
570 256 1
570 296 1
570 420 1
570 496 1
570 592 1
570 662 1
570 667 1
570 690 1
570 692 1
570 699 1
570 724 1
570 731 1
570 886 1
570 1212 1
570 1349 1
570 1405 1
570 1651 1
570 1694 1
570 1892 1
570 2017 1
571 32 1
571 62 1
571 165 1
571 236 1
571 265 1
571 355 1
571 553 1
571 584 1
571 611 1
571 729 1
571 1043 1
571 1128 1
571 1171 1
571 1186 1
571 1218 1
571 1235 1
571 1285 1
571 1339 1
571 1377 1
571 1508 1
571 1539 1
571 1552 1
571 1556 1
571 1569 1
571 1785 1
571 2025 1
571 2038 1
572 21 1
572 50 1
572 155 1
572 177 1
572 191 1
572 352 1
572 353 1
572 510 1
572 529 1
572 540 1
572 632 1
572 840 1
572 927 1
572 1080 1
572 1109 1
572 1137 1
572 1140 1
572 1203 1
572 1215 1
572 1236 1
572 1258 1
572 1265 1
572 1271 1
572 1289 1
572 1358 1
572 1389 1
572 1486 1
572 1493 1
572 1648 1
572 1666 1
572 1796 1
572 1862 1
572 1885 1
573 33 1
573 39 1
573 83 1
573 139 1
573 176 1
573 409 1
573 457 1
573 621 1
573 640 1
573 796 1
573 834 1
573 861 1
573 864 1
573 879 1
573 967 1
573 975 1
573 1101 1
573 1234 1
573 1272 1
573 1279 1
573 1322 1
573 1369 1
573 1384 1
573 1455 1
573 1557 1
573 1703 1
573 1835 1
573 1883 1
573 1959 1
574 20 1
574 423 1
574 477 1
574 600 1
574 751 1
574 934 1
574 954 1
574 955 1
574 1076 1
574 1124 1
574 1185 1
574 1403 1
574 1670 1
574 1683 1
574 1714 1
574 1943 1
574 2040 1
575 4 1
575 42 1
575 698 1
575 708 1
575 742 1
575 808 1
575 830 1
575 866 1
575 961 1
575 985 1
575 1280 1
575 1388 1
575 1737 1
575 1758 1
575 1784 1
575 2006 1
576 14 1
576 45 1
576 116 1
576 288 1
576 439 1
576 777 1
576 1357 1
576 1507 1
576 1687 1
576 1795 1
576 1868 1
576 1937 1
576 1964 1
577 928 1
577 1330 1
577 1476 1
577 1559 1
577 1567 1
577 1579 1
577 1692 1
577 1748 1
578 132 1
578 444 1
578 528 1
578 715 1
578 914 1
578 1077 1
578 1146 1
578 1181 1
578 1514 1
578 1962 1
579 922 1
579 1049 1
579 1414 1
579 1938 1
580 114 1
580 654 1
580 683 1
580 816 1
580 915 1
581 1320 1
582 1840 1
582 1977 1
583 34 1
583 1028 1
583 1664 1
584 166 1
584 334 1
584 1521 1
584 1712 1
585 524 1
585 1331 1
585 1519 1
585 1586 1
585 1619 1
585 1685 1
585 1870 1
586 123 1
586 136 1
586 152 1
586 318 1
586 485 1
586 489 1
586 502 1
586 532 1
586 627 1
586 647 1
586 1065 1
586 1092 1
586 1120 1
586 1193 1
586 1375 1
586 1387 1
586 1495 1
586 1863 1
586 1960 1
586 1986 1
587 252 1
587 266 1
587 309 1
587 407 1
587 735 1
587 743 1
587 949 1
587 953 1
587 1018 1
587 1086 1
587 1401 1
587 1473 1
587 1573 1
587 1699 1
587 1755 1
587 1803 1
587 1851 1
587 2012 1
587 2037 1
588 26 1
588 76 1
588 101 1
588 238 1
588 312 1
588 360 1
588 441 1
588 564 1
588 663 1
588 681 1
588 850 1
588 1019 1
588 1064 1
588 1229 1
588 1230 1
588 1463 1
588 1560 1
588 1572 1
588 1746 1
588 1814 1
588 1884 1
588 1976 1
588 1996 1
589 94 1
589 144 1
589 235 1
589 278 1
589 419 1
589 425 1
589 466 1
589 589 1
589 628 1
589 697 1
589 738 1
589 831 1
589 870 1
589 1090 1
589 1152 1
589 1179 1
589 1222 1
589 1227 1
589 1317 1
589 1324 1
589 1354 1
589 1372 1
589 1381 1
589 1489 1
589 1564 1
589 1590 1
589 1780 1
589 1865 1
589 1876 1
589 1891 1
589 2000 1
589 2028 1
590 105 1
590 133 1
590 224 1
590 369 1
590 374 1
590 427 1
590 446 1
590 548 1
590 554 1
590 643 1
590 668 1
590 824 1
590 883 1
590 895 1
590 910 1
590 933 1
590 1119 1
590 1165 1
590 1220 1
590 1313 1
590 1325 1
590 1561 1
590 1568 1
590 1678 1
590 1747 1
590 1769 1
590 1833 1
590 1838 1
590 2022 1
591 25 1
591 78 1
591 267 1
591 290 1
591 323 1
591 438 1
591 691 1
591 728 1
591 760 1
591 765 1
591 857 1
591 1031 1
591 1042 1
591 1336 1
591 1478 1
591 1595 1
591 1715 1
591 1734 1
591 1817 1
592 307 1
592 511 1
592 580 1
592 1430 1
592 1484 1
592 1491 1
592 1764 1
593 131 1
593 180 1
593 710 1
593 1608 1
593 1720 1
593 1935 1
594 229 1
594 684 1
594 862 1
594 1088 1
594 1617 1
594 1647 1
595 837 1
596 1078 1
596 1451 1
597 552 1
597 1411 1
598 769 1
598 1157 1
598 1398 1
599 111 1
599 415 1
599 705 1
599 894 1
599 1790 1
599 1792 1
600 392 1
601 471 1
601 482 1
601 498 1
601 539 1
601 1067 1
601 1130 1
601 1310 1
601 1312 1
601 1479 1
601 1829 1
601 1856 1
602 120 1
602 230 1
602 331 1
602 450 1
602 638 1
602 664 1
602 781 1
602 900 1
602 906 1
602 1033 1
602 1044 1
602 1073 1
602 1145 1
602 1373 1
602 1513 1
602 1570 1
602 1657 1
602 1659 1
602 1663 1
602 1818 1
602 1968 1
603 27 1
603 148 1
603 203 1
603 321 1
603 462 1
603 516 1
603 559 1
603 586 1
603 639 1
603 655 1
603 661 1
603 788 1
603 801 1
603 877 1
603 1009 1
603 1037 1
603 1113 1
603 1200 1
603 1205 1
603 1252 1
603 1267 1
603 1419 1
603 1423 1
603 1438 1
603 1446 1
603 1752 1
603 1854 1
603 1966 1
603 1985 1
604 36 1
604 167 1
604 174 1
604 286 1
604 339 1
604 345 1
604 350 1
604 401 1
604 486 1
604 493 1
604 745 1
604 761 1
604 785 1
604 815 1
604 847 1
604 881 1
604 968 1
604 1129 1
604 1245 1
604 1248 1
604 1273 1
604 1379 1
604 1543 1
604 1580 1
604 1622 1
604 1675 1
604 1820 1
605 10 1
605 245 1
605 271 1
605 397 1
605 659 1
605 768 1
605 1352 1
605 1661 1
605 1995 1
605 2044 1
605 2045 1
606 51 1
606 411 1
606 432 1
606 435 1
606 472 1
606 547 1
606 563 1
606 916 1
606 1021 1
606 1023 1
606 1408 1
606 1433 1
606 1625 1
606 1859 1
606 1902 1
606 1905 1
606 1974 1
606 1998 1
607 61 1
607 93 1
607 998 1
607 1166 1
607 1169 1
607 1308 1
607 1453 1
607 1464 1
607 1667 1
607 1899 1
607 2009 1
608 74 1
608 344 1
608 646 1
608 750 1
608 1072 1
608 1149 1
608 1492 1
608 1852 1
608 2043 1
609 464 1
609 597 1
609 1534 1
609 1574 1
609 1611 1
609 1745 1
610 367 1
610 1082 1
610 1483 1
610 1529 1
611 521 1
611 523 1
611 896 1
611 1089 1
611 1706 1
611 1725 1
612 1761 1
612 1827 1
613 59 1
613 1957 1
614 618 1
614 1518 1
614 1701 1
614 1846 1
615 261 1
615 507 1
615 550 1
615 676 1
615 995 1
615 1253 1
615 1326 1
615 1337 1
616 259 1
616 434 1
616 1071 1
616 1888 1
616 2032 1
617 3 1
617 422 1
617 430 1
617 501 1
617 666 1
617 838 1
617 897 1
617 952 1
617 1204 1
617 1350 1
617 1536 1
617 1585 1
617 1918 1
617 2033 1
618 205 1
618 226 1
618 454 1
618 514 1
618 629 1
618 641 1
618 648 1
618 675 1
618 793 1
618 823 1
618 827 1
618 920 1
618 923 1
618 941 1
618 944 1
618 982 1
618 1184 1
618 1767 1
618 1956 1
618 2001 1
619 378 1
619 455 1
619 476 1
619 499 1
619 541 1
619 582 1
619 709 1
619 971 1
619 977 1
619 1126 1
619 1226 1
619 1345 1
619 1418 1
619 1688 1
619 1954 1
619 1978 1
620 44 1
620 75 1
620 254 1
620 380 1
620 526 1
620 674 1
620 727 1
620 950 1
620 1054 1
620 1063 1
620 1577 1
620 1628 1
620 1990 1
621 29 1
621 118 1
621 147 1
621 175 1
621 255 1
621 433 1
621 483 1
621 583 1
621 717 1
621 767 1
621 940 1
621 951 1
621 1243 1
621 1268 1
621 1386 1
621 1413 1
621 1768 1
621 1861 1
621 1909 1
622 28 1
622 89 1
622 172 1
622 240 1
622 474 1
622 678 1
622 790 1
622 836 1
622 878 1
622 911 1
622 1025 1
622 1329 1
622 1509 1
622 1510 1
622 1709 1
622 1773 1
622 1941 1
623 18 1
623 192 1
623 292 1
623 549 1
623 679 1
623 1843 1
623 1951 1
624 284 1
624 356 1
624 470 1
624 651 1
624 818 1
624 1380 1
624 1565 1
624 1615 1
624 1739 1
624 1850 1
625 320 1
625 1196 1
625 1538 1
625 1609 1
625 1646 1
625 2039 1
626 351 1
626 1469 1
626 1702 1
626 1972 1
627 324 1
628 1039 1
628 1075 1
628 1125 1
629 67 1
629 1544 1
629 1987 1
631 186 1
631 431 1
631 1392 1
631 1665 1
631 2031 1
632 484 1
632 506 1
632 860 1
632 1396 1
632 1730 1
633 212 1
633 391 1
633 820 1
633 851 1
633 993 1
633 1015 1
633 1083 1
633 1505 1
633 1733 1
633 2041 1
634 187 1
634 233 1
634 403 1
634 437 1
634 520 1
634 623 1
634 652 1
634 839 1
634 1195 1
634 1420 1
634 1439 1
634 1551 1
634 1558 1
634 1762 1
634 1782 1
635 66 1
635 87 1
635 195 1
635 330 1
635 379 1
635 656 1
635 775 1
635 803 1
635 891 1
635 1286 1
635 1311 1
635 1515 1
635 1797 1
635 1881 1
636 188 1
636 272 1
636 517 1
636 575 1
636 626 1
636 1106 1
636 1159 1
636 1217 1
636 1353 1
636 1361 1
636 1397 1
636 1415 1
636 1465 1
636 1503 1
636 1605 1
636 1726 1
636 1912 1
636 1932 1
637 237 1
637 294 1
637 408 1
637 479 1
637 490 1
637 1027 1
637 1059 1
637 1262 1
637 1402 1
637 1474 1
637 1811 1
637 1822 1
637 1874 1
638 64 1
638 216 1
638 556 1
638 570 1
638 947 1
638 1030 1
638 1050 1
638 1154 1
638 1198 1
638 1246 1
638 1300 1
638 1447 1
638 1738 1
639 538 1
639 1007 1
639 1094 1
639 1098 1
639 1244 1
639 1442 1
639 1607 1
639 1695 1
639 1922 1
640 73 1
640 202 1
640 494 1
640 739 1
640 812 1
640 917 1
640 1952 1
640 2046 1
641 1900 1
641 1991 1
642 22 1
642 239 1
642 1168 1
642 1547 1
643 150 1
643 214 1
643 299 1
643 1070 1
643 1723 1
643 1766 1
643 1907 1
643 1923 1
644 13 1
644 1282 1
644 1364 1
644 1728 1
645 81 1
645 210 1
646 956 1
647 208 1
647 388 1
647 1191 1
647 1867 1
648 69 1
648 107 1
648 368 1
648 536 1
648 797 1
648 869 1
648 1062 1
648 1566 1
648 1693 1
648 1988 1
649 121 1
649 231 1
649 375 1
649 630 1
649 907 1
649 1132 1
649 1136 1
649 1225 1
649 1429 1
649 1940 1
649 1948 1
650 141 1
650 190 1
650 508 1
650 522 1
650 535 1
650 545 1
650 942 1
650 957 1
650 1004 1
650 1292 1
650 1371 1
650 1541 1
650 1542 1
650 1696 1
650 1875 1
650 1886 1
651 31 1
651 301 1
651 428 1
651 465 1
651 694 1
651 849 1
651 989 1
651 1040 1
651 1112 1
651 1163 1
651 1314 1
651 1382 1
651 1434 1
651 1500 1
651 1620 1
651 1961 1
651 1967 1
652 52 1
652 275 1
652 436 1
652 513 1
652 740 1
652 776 1
652 884 1
652 898 1
652 919 1
652 1058 1
652 1085 1
652 1102 1
652 1201 1
652 1563 1
652 1816 1
652 1864 1
653 2 1
653 161 1
653 405 1
653 585 1
653 620 1
653 720 1
653 723 1
653 755 1
653 1115 1
653 1277 1
653 1426 1
653 1467 1
653 1496 1
653 1578 1
653 1632 1
653 1674 1
653 1708 1
653 1722 1
653 1837 1
653 1993 1
654 129 1
654 157 1
654 445 1
654 448 1
654 650 1
654 794 1
654 795 1
654 802 1
654 1188 1
654 1328 1
654 1333 1
654 1770 1
654 1844 1
654 1880 1
655 337 1
655 452 1
655 828 1
655 946 1
655 1462 1
655 1676 1
655 1741 1
656 1135 1
656 1199 1
656 1269 1
656 1535 1
656 1592 1
656 1721 1
656 2011 1
656 2020 1
657 608 1
657 1029 1
657 1266 1
657 1497 1
657 2035 1
658 382 1
658 442 1
658 924 1
658 943 1
658 1839 1
659 512 1
659 855 1
659 882 1
659 1118 1
659 1197 1
659 1214 1
659 1290 1
659 1652 1
659 1799 1
660 54 1
660 305 1
660 845 1
660 1530 1
660 1771 1
661 113 1
661 1575 1
661 1630 1
663 115 1
663 972 1
663 1754 1
663 1760 1
664 328 1
664 340 1
664 599 1
664 607 1
664 987 1
664 1407 1
664 1804 1
665 346 1
665 348 1
665 475 1
665 909 1
665 973 1
665 1249 1
665 1525 1
665 1639 1
665 1731 1
665 1873 1
665 1910 1
665 1963 1
666 149 1
666 223 1
666 414 1
666 418 1
666 456 1
666 543 1
666 565 1
666 677 1
666 693 1
666 696 1
666 846 1
666 873 1
666 960 1
666 1250 1
666 1327 1
666 1553 1
666 1757 1
666 1800 1
666 1882 1
666 1946 1
667 47 1
667 97 1
667 125 1
667 158 1
667 217 1
667 257 1
667 314 1
667 333 1
667 426 1
667 478 1
667 557 1
667 744 1
667 780 1
667 1017 1
667 1022 1
667 1305 1
667 1338 1
667 1487 1
667 1499 1
667 1506 1
667 1533 1
667 1589 1
667 1710 1
667 1794 1
667 1812 1
667 2016 1
668 91 1
668 184 1
668 332 1
668 700 1
668 809 1
668 912 1
668 966 1
668 1068 1
668 1315 1
668 1340 1
668 1395 1
668 1546 1
668 1550 1
668 1635 1
668 1654 1
668 1969 1
668 2042 1
669 416 1
669 481 1
669 644 1
669 762 1
669 865 1
669 988 1
669 1319 1
669 1321 1
669 1390 1
669 1627 1
669 1650 1
669 1823 1
669 1906 1
670 127 1
670 262 1
670 473 1
670 1189 1
670 1207 1
670 1523 1
670 1640 1
670 1653 1
670 1669 1
670 1776 1
670 1920 1
670 1926 1
671 5 1
671 122 1
671 394 1
671 722 1
671 756 1
671 1221 1
671 1504 1
671 1649 1
671 1777 1
671 1949 1
671 1982 1
672 250 1
672 569 1
672 581 1
672 926 1
672 1123 1
672 1284 1
672 1440 1
672 1801 1
672 2030 1
673 124 1
673 406 1
673 757 1
673 1335 1
673 1368 1
673 1677 1
673 1713 1
674 354 1
674 567 1
674 578 1
674 718 1
674 754 1
674 929 1
674 1872 1
675 525 1
675 595 1
675 634 1
675 1297 1
676 99 1
676 140 1
676 364 1
676 459 1
676 935 1
677 183 1
677 468 1
677 551 1
677 841 1
677 980 1
677 1048 1
677 1914 1
677 2004 1
678 220 1
678 342 1
678 799 1
678 899 1
678 1540 1
678 1847 1
679 495 1
679 736 1
679 981 1
679 1100 1
679 1228 1
680 85 1
680 269 1
680 519 1
680 1105 1
680 1239 1
680 1655 1
681 248 1
681 291 1
681 602 1
681 711 1
681 782 1
681 1138 1
681 1213 1
681 1263 1
681 1448 1
681 1517 1
681 1629 1
681 1711 1
682 55 1
682 258 1
682 504 1
682 633 1
682 669 1
682 763 1
682 1091 1
682 1103 1
682 1147 1
682 1255 1
682 1412 1
682 1461 1
682 1485 1
682 1562 1
682 1571 1
682 1637 1
682 1787 1
682 1871 1
682 1901 1
683 142 1
683 225 1
683 317 1
683 451 1
683 515 1
683 814 1
683 833 1
683 1005 1
683 1376 1
683 1425 1
683 1626 1
683 1689 1
683 1980 1
684 138 1
684 171 1
684 253 1
684 555 1
684 703 1
684 996 1
684 1261 1
684 1363 1
684 1502 1
684 1522 1
684 1555 1
684 1658 1
684 1719 1
684 1775 1
684 1895 1
684 1908 1
684 1955 1
684 1975 1
684 2029 1
685 90 1
685 201 1
685 204 1
685 206 1
685 395 1
685 469 1
685 594 1
685 612 1
685 707 1
685 810 1
685 842 1
685 974 1
685 1097 1
685 1107 1
685 1133 1
685 1175 1
685 1240 1
685 1274 1
685 1323 1
685 1341 1
685 1342 1
685 1642 1
685 1716 1
685 1945 1
685 1950 1
686 63 1
686 84 1
686 178 1
686 313 1
686 492 1
686 636 1
686 774 1
686 1079 1
686 1116 1
686 1378 1
686 1600 1
686 1707 1
686 1750 1
686 1894 1
686 1947 1
687 383 1
687 893 1
687 1294 1
687 1332 1
687 1393 1
687 1527 1
687 1697 1
687 1855 1
688 119 1
688 170 1
688 185 1
688 222 1
688 319 1
688 365 1
688 603 1
688 749 1
688 804 1
688 938 1
688 1176 1
688 1445 1
688 1597 1
688 1793 1
688 1999 1
689 86 1
689 268 1
689 673 1
689 1400 1
689 1744 1
689 2021 1
690 772 1
690 936 1
690 1087 1
690 1099 1
690 1160 1
690 1391 1
690 1460 1
691 747 1
692 279 1
692 447 1
692 467 1
693 46 1
693 497 1
693 1821 1
694 2002 1
695 625 1
696 835 1
696 1013 1
696 1498 1
696 1582 1
696 1973 1
697 11 1
697 102 1
697 200 1
697 249 1
697 371 1
697 488 1
697 890 1
697 965 1
697 1256 1
697 1293 1
697 1458 1
697 1673 1
697 1727 1
697 1783 1
697 1832 1
697 1860 1
698 35 1
698 343 1
698 534 1
698 672 1
698 817 1
698 822 1
698 829 1
698 858 1
698 875 1
698 885 1
698 999 1
698 1151 1
698 1223 1
698 1302 1
698 1355 1
698 1614 1
698 1624 1
698 1732 1
698 1759 1
698 1765 1
698 1877 1
698 1911 1
698 1924 1
698 1981 1
698 1983 1
698 1992 1
698 2047 1
699 24 1
699 280 1
699 440 1
699 631 1
699 660 1
699 685 1
699 1134 1
699 1187 1
699 1443 1
699 1742 1
699 1791 1
699 1824 1
699 1858 1
699 1917 1
699 1921 1
700 12 1
700 80 1
700 151 1
700 277 1
700 325 1
700 421 1
700 500 1
700 732 1
700 784 1
700 807 1
700 1002 1
700 1028 1
700 1114 1
700 1588 1
700 1606 1
700 1836 1
700 1979 1
700 2048 1
701 1 1
701 48 1
701 92 1
701 98 1
701 199 1
701 264 1
701 362 1
701 381 1
701 393 1
701 424 1
701 546 1
701 789 1
701 853 1
701 1069 1
701 1110 1
701 1298 1
701 1399 1
701 1528 1
701 1554 1
701 1594 1
701 1613 1
701 1621 1
701 1623 1
701 1813 1
701 1933 1
701 2015 1
702 164 1
702 274 1
702 410 1
702 948 1
702 994 1
702 1016 1
702 1108 1
702 1177 1
702 1394 1
702 1406 1
702 1410 1
702 1427 1
702 1456 1
702 1494 1
702 1610 1
702 1660 1
702 1751 1
702 1753 1
702 1866 1
702 2023 1
703 49 1
703 50 1
703 285 1
703 460 1
703 503 1
703 671 1
703 701 1
703 918 1
703 1209 1
703 1224 1
703 1283 1
703 1362 1
703 1424 1
703 1428 1
703 1436 1
703 1477 1
703 1581 1
703 1616 1
703 1743 1
703 1807 1
703 1842 1
703 1944 1
704 154 1
704 215 1
704 309 1
704 642 1
704 984 1
704 1036 1
704 1041 1
704 1178 1
704 1634 1
704 1930 1
705 7 1
705 9 1
705 1101 1
705 1278 1
705 1520 1
705 1638 1
705 1893 1
706 304 1
706 315 1
706 682 1
707 643 1
707 1238 1
707 1435 1
707 1834 1
708 387 1
709 562 1
709 591 1
709 830 1
709 1444 1
709 1604 1
709 1890 1
710 1155 1
711 1488 1
711 1656 1
712 153 1
712 779 1
712 826 1
713 338 1
713 706 1
713 1343 1
713 1583 1
713 1618 1
714 82 1
714 193 1
714 246 1
714 568 1
714 613 1
714 614 1
714 766 1
714 806 1
714 854 1
714 1008 1
714 1032 1
714 1182 1
714 1219 1
714 1351 1
714 1366 1
714 1480 1
714 1682 1
714 1798 1
715 209 1
715 221 1
715 232 1
715 303 1
715 311 1
715 366 1
715 373 1
715 396 1
715 577 1
715 689 1
715 704 1
715 759 1
715 867 1
715 901 1
715 958 1
715 962 1
715 991 1
715 1045 1
715 1131 1
715 1148 1
715 1156 1
715 1180 1
715 1192 1
715 1280 1
715 1288 1
715 1431 1
715 1457 1
715 1493 1
715 1601 1
715 1602 1
715 1795 1
715 1919 1
715 2027 1
716 77 1
716 300 1
716 363 1
716 390 1
716 413 1
716 606 1
716 619 1
716 658 1
716 665 1
716 787 1
716 852 1
716 876 1
716 997 1
716 1122 1
716 1170 1
716 1260 1
716 1264 1
716 1356 1
716 1468 1
716 1481 1
716 1549 1
716 1679 1
716 1681 1
716 1749 1
716 1756 1
716 1763 1
716 1774 1
716 1808 1
716 1857 1
716 2007 1
717 70 1
717 137 1
717 168 1
717 576 1
717 588 1
717 593 1
717 714 1
717 771 1
717 856 1
717 863 1
717 959 1
717 1012 1
717 1051 1
717 1093 1
717 1194 1
717 1232 1
717 1591 1
717 1643 1
717 1662 1
717 1828 1
717 1939 1
717 2017 1
717 2018 1
718 17 1
718 57 1
718 128 1
718 429 1
718 480 1
718 571 1
718 601 1
718 690 1
718 758 1
718 832 1
718 843 1
718 879 1
718 905 1
718 1128 1
718 1259 1
718 1348 1
718 1475 1
718 1524 1
718 1545 1
718 1984 1
718 1997 1
719 135 1
719 156 1
719 218 1
719 276 1
719 453 1
719 533 1
719 653 1
719 903 1
719 1142 1
719 1704 1
719 2019 1
719 2034 1
720 79 1
720 242 1
720 283 1
720 389 1
720 729 1
720 819 1
720 1121 1
720 1242 1
720 1680 1
720 1815 1
721 173 1
721 207 1
721 352 1
721 572 1
721 683 1
721 859 1
721 1084 1
721 1210 1
721 1511 1
721 1953 1
722 213 1
722 560 1
722 734 1
722 1127 1
722 1316 1
723 297 1
723 719 1
723 889 1
724 23 1
724 1095 1
725 888 1
725 1584 1
726 58 1
726 197 1
726 1889 1
727 243 1
727 712 1
727 1014 1
727 1929 1
728 1903 1
729 163 1
729 219 1
729 487 1
729 542 1
729 686 1
729 778 1
729 925 1
729 970 1
729 1150 1
729 1254 1
729 1367 1
729 1452 1
730 65 1
730 108 1
730 234 1
730 293 1
730 358 1
730 359 1
730 385 1
730 604 1
730 724 1
730 1046 1
730 1183 1
730 1374 1
730 1531 1
730 2006 1
731 30 1
731 43 1
731 62 1
731 136 1
731 169 1
731 194 1
731 196 1
731 372 1
731 376 1
731 491 1
731 574 1
731 596 1
731 617 1
731 687 1
731 892 1
731 1052 1
731 1061 1
731 1096 1
731 1104 1
731 1161 1
731 1237 1
731 1247 1
731 1383 1
731 1417 1
731 1422 1
731 1482 1
731 1596 1
731 1690 1
731 1698 1
731 1724 1
731 1729 1
731 1772 1
731 1830 1
731 1887 1
731 1925 1
731 1936 1
731 2026 1
732 16 1
732 60 1
732 228 1
732 247 1
732 326 1
732 329 1
732 377 1
732 463 1
732 615 1
732 773 1
732 904 1
732 913 1
732 1047 1
732 1053 1
732 1158 1
732 1208 1
732 1211 1
732 1287 1
732 1291 1
732 1296 1
732 1432 1
732 1450 1
732 1567 1
732 1691 1
732 1736 1
732 1788 1
732 1942 1
733 6 1
733 15 1
733 37 1
733 88 1
733 103 1
733 287 1
733 298 1
733 420 1
733 616 1
733 783 1
733 798 1
733 800 1
733 861 1
733 872 1
733 1049 1
733 1167 1
733 1173 1
733 1281 1
733 1303 1
733 1516 1
733 1853 1
733 1879 1
733 1904 1
733 1916 1
733 1927 1
734 160 1
734 310 1
734 334 1
734 361 1
734 649 1
734 695 1
734 844 1
734 932 1
734 945 1
734 1003 1
734 1143 1
734 1164 1
734 1556 1
734 1599 1
735 323 1
735 505 1
735 587 1
735 983 1
735 1020 1
735 1140 1
735 1220 1
735 1309 1
735 1671 1
735 1897 1
735 1989 1
736 162 1
736 306 1
736 518 1
736 791 1
736 825 1
736 1802 1
736 1970 1
737 251 1
737 598 1
737 1404 1
737 1748 1
738 19 1
738 145 1
738 1928 1
739 930 1
739 1241 1
739 1699 1
740 130 1
740 1473 1
741 96 1
741 110 1
741 357 1
742 609 1
742 670 1
742 1306 1
742 1781 1
743 1216 1
743 1449 1
744 1074 1
744 1684 1
745 41 1
745 241 1
745 273 1
745 336 1
745 404 1
745 955 1
745 961 1
745 1000 1
745 1026 1
745 1034 1
745 1346 1
745 1349 1
745 1636 1
745 1878 1
745 1971 1
746 56 1
746 83 1
746 189 1
746 260 1
746 289 1
746 341 1
746 579 1
746 621 1
746 750 1
746 764 1
746 978 1
746 979 1
746 986 1
746 1038 1
746 1080 1
746 1272 1
746 1603 1
746 1641 1
746 1778 1
746 1779 1
746 1819 1
746 1958 1
747 282 1
747 402 1
747 528 1
747 532 1
747 548 1
747 566 1
747 622 1
747 716 1
747 721 1
747 733 1
747 761 1
747 786 1
747 1035 1
747 1056 1
747 1057 1
747 1141 1
747 1166 1
747 1233 1
747 1359 1
747 1384 1
747 1507 1
747 1651 1
747 1831 1
747 1841 1
747 1862 1
747 1869 1
747 2010 1
748 8 1
748 40 1
748 53 1
748 109 1
748 238 1
748 295 1
748 477 1
748 590 1
748 657 1
748 667 1
748 725 1
748 777 1
748 927 1
748 931 1
748 1234 1
748 1235 1
748 1304 1
748 1590 1
748 1593 1
748 1789 1
748 1806 1
748 1809 1
748 1974 1
748 1994 1
749 38 1
749 100 1
749 191 1
749 263 1
749 509 1
749 530 1
749 715 1
749 928 1
749 967 1
749 1279 1
749 1344 1
749 1354 1
749 1472 1
749 1644 1
749 1645 1
749 1661 1
749 1672 1
749 1717 1
749 1805 1
749 1962 1
749 2024 1
750 20 1
750 134 1
750 155 1
750 308 1
750 880 1
750 897 1
750 921 1
750 1023 1
750 1206 1
750 1251 1
750 1271 1
750 1318 1
750 1372 1
750 1539 1
750 1617 1
750 1720 1
750 1885 1
750 2048 0
