1 12 1
1 28 1
1 1737 1
2 20 1
3 4 1
3 35 1
4 16 1
5 1813 1
6 995 1
7 16 1
7 341 1
8 41 1
9 30 1
9 35 1
10 29 1
10 1362 1
12 10 1
13 5 1
15 8 1
15 21 1
16 14 1
21 19 1
21 35 1
22 34 1
22 40 1
23 22 1
23 32 1
25 15 1
25 38 1
26 35 1
27 8 1
27 28 1
28 34 1
29 9 1
29 30 1
30 1 1
30 7 1
31 10 1
31 32 1
32 12 1
32 40 1
34 10 1
34 25 1
35 9 1
35 2029 1
36 33 1
36 1449 1
37 11 1
37 32 1
38 16 1
38 829 1
38 889 1
38 1063 1
39 8 1
39 57 1
40 11 1
40 28 1
41 6 1
41 19 1
41 173 1
41 645 1
42 41 1
42 322 1
42 427 1
42 505 1
42 1061 1
42 1107 1
42 1203 1
42 1674 1
42 2037 1
43 30 1
43 765 1
43 824 1
43 1330 1
43 1549 1
44 13 1
44 33 1
44 313 1
44 450 1
44 455 1
44 795 1
44 1005 1
44 1099 1
44 1809 1
44 1927 1
45 298 1
45 384 1
45 639 1
45 644 1
45 979 1
45 1125 1
45 1410 1
45 1506 1
45 1713 1
46 21 1
46 37 1
46 56 1
46 184 1
46 193 1
46 674 1
46 877 1
46 934 1
46 1027 1
46 1148 1
46 1271 1
46 1445 1
46 1474 1
47 88 1
47 280 1
47 417 1
47 578 1
47 590 1
47 1394 1
47 1453 1
47 1763 1
47 1962 1
47 1990 1
48 2 1
48 8 1
48 15 1
48 27 1
48 28 1
48 267 1
48 364 1
48 1619 1
48 1701 1
49 27 1
49 840 1
49 1455 1
49 1592 1
49 1878 1
50 26 1
50 33 1
50 195 1
50 373 1
50 681 1
50 821 1
50 1371 1
50 1819 1
51 3 1
51 10 1
51 602 1
52 26 1
52 317 1
52 453 1
52 913 1
52 1502 1
52 1724 1
52 1842 1
52 1958 1
53 1 1
53 6 1
53 9 1
53 23 1
53 230 1
53 408 1
53 412 1
53 443 1
53 749 1
53 968 1
53 1932 1
53 1944 1
54 18 1
54 28 1
54 95 1
54 1311 1
55 13 1
55 51 1
55 55 1
55 212 1
55 456 1
55 551 1
55 652 1
55 673 1
55 804 1
55 822 1
55 953 1
55 1095 1
55 1560 1
56 31 1
56 151 1
56 249 1
56 261 1
56 367 1
56 518 1
56 606 1
56 613 1
56 649 1
56 914 1
56 996 1
56 1199 1
56 1237 1
56 1503 1
56 1607 1
56 1631 1
56 1661 1
56 1815 1
57 27 1
57 147 1
57 149 1
57 152 1
57 161 1
57 401 1
57 419 1
57 468 1
57 545 1
57 691 1
57 760 1
57 797 1
57 885 1
57 898 1
57 903 1
57 985 1
57 1060 1
57 1334 1
57 1411 1
57 1416 1
57 1515 1
57 1527 1
57 1548 1
57 1660 1
57 1719 1
57 1764 1
57 1853 1
58 17 1
58 27 1
58 30 1
58 49 1
58 70 1
58 116 1
58 284 1
58 423 1
58 469 1
58 694 1
58 800 1
58 895 1
58 998 1
58 1176 1
58 1211 1
58 1222 1
58 1393 1
58 1401 1
58 1458 1
58 1568 1
58 1576 1
58 1626 1
58 1680 1
58 1753 1
58 1816 1
58 1844 1
58 1866 1
58 1985 1
58 2027 1
58 2030 1
59 28 1
59 60 1
59 74 1
59 78 1
59 192 1
59 221 1
59 253 1
59 285 1
59 325 1
59 329 1
59 382 1
59 418 1
59 653 1
59 656 1
59 730 1
59 816 1
59 845 1
59 875 1
59 918 1
59 994 1
59 1059 1
59 1102 1
59 1204 1
59 1227 1
59 1268 1
59 1305 1
59 1337 1
59 1422 1
59 1450 1
59 1573 1
59 1583 1
59 1602 1
59 1624 1
59 1637 1
59 1658 1
59 1685 1
59 1694 1
59 1746 1
59 1789 1
59 1806 1
59 1873 1
59 1883 1
59 1908 1
59 1909 1
59 1921 1
59 1982 1
59 2039 1
60 7 1
60 141 1
60 346 1
60 357 1
60 424 1
60 454 1
60 461 1
60 607 1
60 675 1
60 708 1
60 725 1
60 726 1
60 897 1
60 947 1
60 951 1
60 1022 1
60 1064 1
60 1108 1
60 1286 1
60 1404 1
60 1424 1
60 1441 1
60 1531 1
60 1655 1
60 1709 1
60 1716 1
60 1729 1
60 1807 1
60 1812 1
60 1829 1
60 1846 1
60 1885 1
60 1928 1
60 1947 1
60 1949 1
61 16 1
61 18 1
61 228 1
61 330 1
61 415 1
61 519 1
61 522 1
61 591 1
61 600 1
61 611 1
61 661 1
61 679 1
61 773 1
61 990 1
61 1116 1
61 1139 1
61 1143 1
61 1172 1
61 1260 1
61 1262 1
61 1356 1
61 1447 1
61 1534 1
61 1642 1
61 1697 1
61 1801 1
61 1803 1
61 1804 1
61 1831 1
61 1917 1
62 11 1
62 77 1
62 85 1
62 208 1
62 231 1
62 301 1
62 404 1
62 441 1
62 459 1
62 487 1
62 510 1
62 682 1
62 711 1
62 766 1
62 893 1
62 978 1
62 993 1
62 1013 1
62 1055 1
62 1068 1
62 1310 1
62 1366 1
62 1479 1
62 1547 1
62 1574 1
62 1615 1
62 1643 1
62 1645 1
62 1646 1
62 1684 1
62 1848 1
62 1851 1
62 1864 1
62 1886 1
62 1895 1
62 1897 1
62 1898 1
62 1906 1
62 1918 1
62 1923 1
62 2004 1
63 2 1
63 33 1
63 106 1
63 112 1
63 245 1
63 342 1
63 490 1
63 538 1
63 646 1
63 780 1
63 1058 1
63 1135 1
63 1147 1
63 1282 1
63 1418 1
63 1566 1
63 1664 1
63 1695 1
63 1699 1
63 1712 1
63 2015 1
64 44 1
64 241 1
64 262 1
64 311 1
64 328 1
64 482 1
64 507 1
64 830 1
64 866 1
64 1162 1
64 1165 1
64 1202 1
64 1255 1
64 1279 1
64 1375 1
64 1522 1
64 1532 1
64 1640 1
64 2009 1
65 5 1
65 18 1
65 34 1
65 125 1
65 257 1
65 326 1
65 337 1
65 458 1
65 536 1
65 570 1
65 720 1
65 806 1
65 923 1
65 1083 1
65 1248 1
65 1389 1
65 1523 1
65 1654 1
65 1728 1
65 1757 1
65 1879 1
65 1954 1
65 1998 1
66 20 1
66 310 1
66 344 1
66 573 1
66 727 1
66 761 1
66 776 1
66 823 1
66 1021 1
66 1250 1
66 1326 1
66 1501 1
66 1671 1
66 1902 1
66 1939 1
66 1948 1
66 1953 1
67 41 1
67 186 1
67 299 1
67 321 1
67 353 1
67 530 1
67 663 1
67 808 1
67 1097 1
67 1180 1
67 1181 1
67 1741 1
67 1798 1
67 1849 1
68 8 1
68 36 1
68 121 1
68 210 1
68 225 1
68 244 1
68 349 1
68 399 1
68 588 1
68 617 1
68 629 1
68 786 1
68 803 1
68 1018 1
68 1112 1
68 1161 1
68 1606 1
68 1611 1
68 1668 1
68 1734 1
68 1743 1
68 2012 1
69 2 1
69 15 1
69 90 1
69 131 1
69 503 1
69 618 1
69 754 1
69 904 1
69 987 1
69 1076 1
69 1249 1
69 1420 1
69 1605 1
69 1839 1
69 1850 1
69 1963 1
70 20 1
70 21 1
70 217 1
70 292 1
70 535 1
70 609 1
70 633 1
70 768 1
70 916 1
70 1213 1
70 1312 1
70 1373 1
70 1448 1
70 1473 1
70 1492 1
70 1544 1
70 1662 1
70 1822 1
71 45 1
71 158 1
71 190 1
71 343 1
71 448 1
71 561 1
71 576 1
71 593 1
71 651 1
71 709 1
71 719 1
71 736 1
71 834 1
71 867 1
71 879 1
71 888 1
71 891 1
71 909 1
71 941 1
71 955 1
71 992 1
71 1050 1
71 1090 1
71 1100 1
71 1103 1
71 1115 1
71 1175 1
71 1252 1
71 1259 1
71 1288 1
71 1425 1
71 1469 1
71 1478 1
71 1514 1
71 1519 1
71 1543 1
71 1581 1
71 1749 1
71 1808 1
71 1837 1
71 1843 1
71 1865 1
71 1943 1
71 1951 1
71 1987 1
72 2 1
72 43 1
72 59 1
72 61 1
72 66 1
72 79 1
72 82 1
72 91 1
72 105 1
72 117 1
72 128 1
72 178 1
72 202 1
72 226 1
72 233 1
72 255 1
72 270 1
72 312 1
72 377 1
72 378 1
72 414 1
72 420 1
72 466 1
72 501 1
72 524 1
72 563 1
72 584 1
72 603 1
72 654 1
72 660 1
72 700 1
72 703 1
72 748 1
72 758 1
72 769 1
72 820 1
72 855 1
72 939 1
72 1072 1
72 1074 1
72 1088 1
72 1101 1
72 1133 1
72 1190 1
72 1218 1
72 1223 1
72 1231 1
72 1243 1
72 1270 1
72 1292 1
72 1299 1
72 1308 1
72 1381 1
72 1386 1
72 1403 1
72 1434 1
72 1494 1
72 1516 1
72 1621 1
72 1652 1
72 1659 1
72 1663 1
72 1670 1
72 1677 1
72 1718 1
72 1761 1
72 1771 1
72 1774 1
72 1835 1
72 1973 1
72 1979 1
72 2021 1
72 2047 1
73 6 1
73 14 1
73 24 1
73 39 1
73 52 1
73 54 1
73 87 1
73 124 1
73 138 1
73 139 1
73 169 1
73 172 1
73 174 1
73 183 1
73 206 1
73 207 1
73 248 1
73 259 1
73 274 1
73 275 1
73 277 1
73 319 1
73 336 1
73 339 1
73 348 1
73 359 1
73 369 1
73 380 1
73 381 1
73 387 1
73 389 1
73 395 1
73 400 1
73 405 1
73 407 1
73 425 1
73 428 1
73 440 1
73 475 1
73 478 1
73 491 1
73 495 1
73 523 1
73 555 1
73 559 1
73 565 1
73 605 1
73 620 1
73 623 1
73 636 1
73 688 1
73 690 1
73 731 1
73 742 1
73 756 1
73 771 1
73 779 1
73 801 1
73 802 1
73 843 1
73 856 1
73 857 1
73 902 1
73 915 1
73 928 1
73 929 1
73 938 1
73 980 1
73 1070 1
73 1129 1
73 1130 1
73 1151 1
73 1171 1
73 1187 1
73 1239 1
73 1245 1
73 1266 1
73 1285 1
73 1289 1
73 1291 1
73 1293 1
73 1297 1
73 1316 1
73 1328 1
73 1329 1
73 1331 1
73 1353 1
73 1360 1
73 1363 1
73 1365 1
73 1367 1
73 1388 1
73 1392 1
73 1407 1
73 1412 1
73 1414 1
73 1440 1
73 1454 1
73 1481 1
73 1486 1
73 1487 1
73 1493 1
73 1500 1
73 1521 1
73 1557 1
73 1586 1
73 1590 1
73 1593 1
73 1616 1
73 1633 1
73 1651 1
73 1669 1
73 1739 1
73 1742 1
73 1750 1
73 1758 1
73 1768 1
73 1793 1
73 1794 1
73 1817 1
73 1845 1
73 1893 1
73 1914 1
73 1929 1
73 1937 1
73 1967 1
73 1986 1
73 2022 1
73 2025 1
73 2033 1
73 2040 1
74 11 1
74 81 1
74 89 1
74 96 1
74 97 1
74 102 1
74 130 1
74 142 1
74 150 1
74 154 1
74 175 1
74 177 1
74 197 1
74 204 1
74 235 1
74 250 1
74 251 1
74 258 1
74 266 1
74 279 1
74 289 1
74 308 1
74 309 1
74 320 1
74 323 1
74 340 1
74 355 1
74 390 1
74 392 1
74 406 1
74 421 1
74 422 1
74 502 1
74 514 1
74 533 1
74 544 1
74 562 1
74 594 1
74 635 1
74 657 1
74 677 1
74 678 1
74 680 1
74 743 1
74 762 1
74 785 1
74 805 1
74 809 1
74 826 1
74 841 1
74 853 1
74 859 1
74 874 1
74 880 1
74 883 1
74 907 1
74 936 1
74 937 1
74 954 1
74 959 1
74 962 1
74 964 1
74 981 1
74 986 1
74 1029 1
74 1035 1
74 1062 1
74 1086 1
74 1089 1
74 1109 1
74 1121 1
74 1150 1
74 1152 1
74 1153 1
74 1158 1
74 1163 1
74 1207 1
74 1235 1
74 1276 1
74 1287 1
74 1296 1
74 1303 1
74 1306 1
74 1314 1
74 1333 1
74 1370 1
74 1379 1
74 1435 1
74 1459 1
74 1462 1
74 1467 1
74 1471 1
74 1472 1
74 1475 1
74 1507 1
74 1529 1
74 1540 1
74 1553 1
74 1567 1
74 1569 1
74 1572 1
74 1585 1
74 1591 1
74 1600 1
74 1628 1
74 1667 1
74 1676 1
74 1681 1
74 1725 1
74 1833 1
74 1860 1
74 1874 1
74 1875 1
74 1916 1
74 1922 1
74 1926 1
74 1936 1
74 1955 1
74 1965 1
74 1977 1
74 1978 1
74 1988 1
74 1997 1
74 2044 1
75 32 1
75 64 1
75 71 1
75 80 1
75 99 1
75 122 1
75 132 1
75 171 1
75 181 1
75 216 1
75 227 1
75 232 1
75 265 1
75 283 1
75 295 1
75 302 1
75 305 1
75 314 1
75 324 1
75 332 1
75 351 1
75 352 1
75 379 1
75 385 1
75 394 1
75 411 1
75 435 1
75 436 1
75 449 1
75 481 1
75 494 1
75 512 1
75 531 1
75 532 1
75 543 1
75 558 1
75 566 1
75 568 1
75 581 1
75 582 1
75 597 1
75 599 1
75 647 1
75 662 1
75 696 1
75 697 1
75 707 1
75 715 1
75 717 1
75 728 1
75 741 1
75 770 1
75 777 1
75 815 1
75 817 1
75 835 1
75 836 1
75 850 1
75 863 1
75 878 1
75 906 1
75 930 1
75 946 1
75 952 1
75 963 1
75 971 1
75 983 1
75 999 1
75 1008 1
75 1011 1
75 1038 1
75 1044 1
75 1071 1
75 1111 1
75 1117 1
75 1120 1
75 1122 1
75 1179 1
75 1183 1
75 1184 1
75 1212 1
75 1215 1
75 1226 1
75 1229 1
75 1253 1
75 1258 1
75 1277 1
75 1283 1
75 1298 1
75 1315 1
75 1322 1
75 1338 1
75 1409 1
75 1432 1
75 1437 1
75 1499 1
75 1512 1
75 1517 1
75 1525 1
75 1539 1
75 1545 1
75 1554 1
75 1564 1
75 1589 1
75 1597 1
75 1603 1
75 1622 1
75 1627 1
75 1629 1
75 1649 1
75 1657 1
75 1682 1
75 1705 1
75 1715 1
75 1722 1
75 1723 1
75 1735 1
75 1770 1
75 1776 1
75 1777 1
75 1787 1
75 1863 1
75 1881 1
75 1891 1
75 1894 1
75 1933 1
75 1952 1
75 1968 1
75 2031 1
75 2035 1
75 2042 1
76 9 1
76 35 1
76 62 1
76 63 1
76 119 1
76 133 1
76 134 1
76 137 1
76 162 1
76 165 1
76 180 1
76 196 1
76 198 1
76 209 1
76 260 1
76 290 1
76 294 1
76 304 1
76 371 1
76 437 1
76 457 1
76 474 1
76 486 1
76 508 1
76 525 1
76 546 1
76 575 1
76 580 1
76 596 1
76 625 1
76 668 1
76 710 1
76 722 1
76 733 1
76 740 1
76 747 1
76 757 1
76 784 1
76 818 1
76 839 1
76 848 1
76 868 1
76 931 1
76 966 1
76 1026 1
76 1028 1
76 1033 1
76 1036 1
76 1040 1
76 1065 1
76 1094 1
76 1098 1
76 1118 1
76 1127 1
76 1131 1
76 1141 1
76 1144 1
76 1191 1
76 1193 1
76 1201 1
76 1228 1
76 1242 1
76 1274 1
76 1281 1
76 1321 1
76 1336 1
76 1357 1
76 1399 1
76 1430 1
76 1464 1
76 1476 1
76 1490 1
76 1498 1
76 1520 1
76 1533 1
76 1537 1
76 1546 1
76 1551 1
76 1556 1
76 1562 1
76 1563 1
76 1617 1
76 1686 1
76 1692 1
76 1779 1
76 1823 1
76 1890 1
76 1901 1
76 1957 1
76 1960 1
76 1964 1
76 1999 1
76 2024 1
76 2036 1
77 53 1
77 156 1
77 179 1
77 200 1
77 271 1
77 358 1
77 376 1
77 403 1
77 439 1
77 447 1
77 451 1
77 513 1
77 528 1
77 540 1
77 577 1
77 634 1
77 658 1
77 664 1
77 670 1
77 686 1
77 788 1
77 796 1
77 812 1
77 833 1
77 851 1
77 861 1
77 862 1
77 899 1
77 935 1
77 948 1
77 960 1
77 997 1
77 1032 1
77 1039 1
77 1073 1
77 1136 1
77 1145 1
77 1178 1
77 1194 1
77 1236 1
77 1238 1
77 1275 1
77 1319 1
77 1332 1
77 1378 1
77 1380 1
77 1384 1
77 1397 1
77 1415 1
77 1460 1
77 1510 1
77 1577 1
77 1634 1
77 1648 1
77 1704 1
77 1745 1
77 1781 1
77 1791 1
77 1799 1
77 1800 1
77 1830 1
77 1858 1
77 1900 1
77 1903 1
77 1905 1
77 1907 1
77 1910 1
77 1971 1
77 1991 1
77 2002 1
77 2010 1
77 2018 1
77 2020 1
77 2026 1
77 2043 1
77 2045 1
77 2046 1
78 92 1
78 170 1
78 201 1
78 213 1
78 220 1
78 223 1
78 268 1
78 318 1
78 334 1
78 347 1
78 370 1
78 430 1
78 452 1
78 471 1
78 476 1
78 571 1
78 583 1
78 628 1
78 638 1
78 669 1
78 701 1
78 792 1
78 950 1
78 976 1
78 995 1
78 1003 1
78 1010 1
78 1012 1
78 1087 1
78 1096 1
78 1124 1
78 1156 1
78 1177 1
78 1182 1
78 1246 1
78 1269 1
78 1313 1
78 1347 1
78 1364 1
78 1491 1
78 1612 1
78 1675 1
78 1688 1
78 1706 1
78 1733 1
78 1762 1
78 1790 1
78 1828 1
78 1852 1
78 1856 1
78 1870 1
78 1931 1
78 1961 1
79 94 1
79 159 1
79 168 1
79 238 1
79 243 1
79 246 1
79 278 1
79 307 1
79 429 1
79 432 1
79 434 1
79 462 1
79 492 1
79 631 1
79 641 1
79 689 1
79 827 1
79 869 1
79 949 1
79 970 1
79 975 1
79 1019 1
79 1043 1
79 1057 1
79 1189 1
79 1210 1
79 1327 1
79 1339 1
79 1343 1
79 1427 1
79 1495 1
79 1570 1
79 1608 1
79 1610 1
79 1683 1
79 1693 1
79 1730 1
79 1786 1
79 1820 1
79 1946 1
79 1995 1
80 19 1
80 84 1
80 120 1
80 123 1
80 264 1
80 529 1
80 601 1
80 685 1
80 692 1
80 746 1
80 793 1
80 886 1
80 920 1
80 1037 1
80 1066 1
80 1091 1
80 1134 1
80 1173 1
80 1208 1
80 1220 1
80 1232 1
80 1273 1
80 1419 1
80 1451 1
80 1457 1
80 1489 1
80 1504 1
80 1535 1
80 1630 1
80 1703 1
80 1760 1
80 1775 1
80 1935 1
80 1993 1
80 2028 1
81 1 1
81 19 1
81 65 1
81 188 1
81 287 1
81 396 1
81 431 1
81 484 1
81 496 1
81 527 1
81 693 1
81 702 1
81 734 1
81 783 1
81 871 1
81 900 1
81 901 1
81 911 1
81 927 1
81 977 1
81 1002 1
81 1048 1
81 1224 1
81 1317 1
81 1341 1
81 1342 1
81 1869 1
82 20 1
82 109 1
82 114 1
82 160 1
82 391 1
82 497 1
82 550 1
82 574 1
82 772 1
82 1004 1
82 1413 1
82 1456 1
82 1641 1
82 1796 1
82 1872 1
83 189 1
83 247 1
83 511 1
83 569 1
83 759 1
83 837 1
83 1081 1
83 1146 1
83 1169 1
83 1170 1
83 1217 1
83 1225 1
83 1482 1
83 1485 1
84 9 1
84 50 1
84 100 1
84 127 1
84 129 1
84 234 1
84 300 1
84 303 1
84 374 1
84 509 1
84 515 1
84 516 1
84 608 1
84 666 1
84 753 1
84 781 1
84 1205 1
84 1209 1
84 1256 1
84 1344 1
84 1465 1
84 1470 1
84 1598 1
84 1678 1
84 1690 1
84 1884 1
85 101 1
85 126 1
85 148 1
85 386 1
85 433 1
85 587 1
85 704 1
85 729 1
85 847 1
85 864 1
85 896 1
85 933 1
85 942 1
85 1034 1
85 1049 1
85 1128 1
85 1142 1
85 1154 1
85 1186 1
85 1214 1
85 1257 1
85 1272 1
85 1295 1
85 1325 1
85 1358 1
85 1395 1
85 1406 1
85 1463 1
85 1524 1
85 1526 1
85 1542 1
85 1555 1
85 1620 1
85 1769 1
85 1889 1
85 2023 1
86 10 1
86 11 1
86 41 1
86 47 1
86 67 1
86 69 1
86 75 1
86 86 1
86 110 1
86 219 1
86 224 1
86 281 1
86 354 1
86 366 1
86 442 1
86 464 1
86 470 1
86 499 1
86 542 1
86 547 1
86 554 1
86 560 1
86 589 1
86 610 1
86 616 1
86 630 1
86 640 1
86 650 1
86 655 1
86 683 1
86 699 1
86 713 1
86 723 1
86 738 1
86 767 1
86 791 1
86 810 1
86 813 1
86 838 1
86 860 1
86 865 1
86 910 1
86 940 1
86 945 1
86 965 1
86 988 1
86 989 1
86 1001 1
86 1031 1
86 1046 1
86 1123 1
86 1168 1
86 1185 1
86 1200 1
86 1234 1
86 1247 1
86 1267 1
86 1284 1
86 1376 1
86 1396 1
86 1405 1
86 1417 1
86 1442 1
86 1443 1
86 1484 1
86 1536 1
86 1559 1
86 1565 1
86 1582 1
86 1594 1
86 1636 1
86 1639 1
86 1653 1
86 1665 1
86 1666 1
86 1673 1
86 1679 1
86 1698 1
86 1700 1
86 1721 1
86 1732 1
86 1780 1
86 1785 1
86 1826 1
86 1838 1
86 1888 1
86 1892 1
86 1940 1
86 1941 1
86 1945 1
86 1969 1
86 1996 1
86 2041 1
87 58 1
87 68 1
87 73 1
87 98 1
87 103 1
87 135 1
87 136 1
87 146 1
87 176 1
87 182 1
87 191 1
87 205 1
87 211 1
87 229 1
87 236 1
87 240 1
87 256 1
87 263 1
87 276 1
87 282 1
87 288 1
87 306 1
87 331 1
87 333 1
87 335 1
87 350 1
87 360 1
87 361 1
87 362 1
87 375 1
87 416 1
87 445 1
87 460 1
87 465 1
87 473 1
87 488 1
87 489 1
87 493 1
87 521 1
87 526 1
87 534 1
87 537 1
87 541 1
87 548 1
87 549 1
87 556 1
87 572 1
87 586 1
87 612 1
87 627 1
87 642 1
87 659 1
87 665 1
87 676 1
87 684 1
87 687 1
87 698 1
87 706 1
87 721 1
87 724 1
87 732 1
87 735 1
87 745 1
87 774 1
87 778 1
87 787 1
87 790 1
87 814 1
87 828 1
87 849 1
87 873 1
87 892 1
87 924 1
87 925 1
87 943 1
87 944 1
87 957 1
87 961 1
87 972 1
87 973 1
87 982 1
87 984 1
87 1016 1
87 1025 1
87 1042 1
87 1045 1
87 1047 1
87 1051 1
87 1053 1
87 1075 1
87 1077 1
87 1084 1
87 1085 1
87 1137 1
87 1155 1
87 1159 1
87 1160 1
87 1164 1
87 1174 1
87 1195 1
87 1216 1
87 1233 1
87 1254 1
87 1261 1
87 1290 1
87 1294 1
87 1300 1
87 1323 1
87 1335 1
87 1348 1
87 1350 1
87 1352 1
87 1355 1
87 1382 1
87 1387 1
87 1391 1
87 1402 1
87 1428 1
87 1429 1
87 1433 1
87 1436 1
87 1452 1
87 1461 1
87 1483 1
87 1505 1
87 1509 1
87 1538 1
87 1541 1
87 1552 1
87 1561 1
87 1575 1
87 1587 1
87 1601 1
87 1609 1
87 1613 1
87 1625 1
87 1632 1
87 1635 1
87 1644 1
87 1647 1
87 1656 1
87 1672 1
87 1691 1
87 1702 1
87 1711 1
87 1727 1
87 1731 1
87 1736 1
87 1747 1
87 1751 1
87 1752 1
87 1756 1
87 1767 1
87 1773 1
87 1792 1
87 1797 1
87 1805 1
87 1810 1
87 1811 1
87 1818 1
87 1825 1
87 1847 1
87 1857 1
87 1859 1
87 1868 1
87 1871 1
87 1876 1
87 1911 1
87 1913 1
87 1919 1
87 1925 1
87 1942 1
87 1950 1
87 1970 1
87 1974 1
87 1975 1
87 2001 1
87 2008 1
87 2013 1
87 2014 1
87 2016 1
87 2017 1
88 18 1
88 22 1
88 23 1
88 28 1
88 72 1
88 93 1
88 104 1
88 108 1
88 111 1
88 140 1
88 143 1
88 153 1
88 163 1
88 166 1
88 167 1
88 187 1
88 194 1
88 199 1
88 203 1
88 215 1
88 218 1
88 222 1
88 237 1
88 239 1
88 254 1
88 272 1
88 273 1
88 286 1
88 291 1
88 293 1
88 315 1
88 316 1
88 327 1
88 338 1
88 372 1
88 383 1
88 397 1
88 398 1
88 402 1
88 413 1
88 438 1
88 444 1
88 467 1
88 472 1
88 480 1
88 485 1
88 498 1
88 500 1
88 506 1
88 517 1
88 520 1
88 552 1
88 553 1
88 557 1
88 567 1
88 579 1
88 585 1
88 595 1
88 614 1
88 619 1
88 621 1
88 624 1
88 632 1
88 637 1
88 667 1
88 695 1
88 705 1
88 714 1
88 737 1
88 739 1
88 751 1
88 752 1
88 755 1
88 782 1
88 794 1
88 798 1
88 819 1
88 825 1
88 832 1
88 842 1
88 844 1
88 854 1
88 858 1
88 870 1
88 872 1
88 881 1
88 884 1
88 887 1
88 894 1
88 905 1
88 912 1
88 917 1
88 921 1
88 922 1
88 926 1
88 956 1
88 958 1
88 1007 1
88 1015 1
88 1017 1
88 1020 1
88 1023 1
88 1041 1
88 1078 1
88 1079 1
88 1082 1
88 1093 1
88 1104 1
88 1106 1
88 1113 1
88 1114 1
88 1132 1
88 1138 1
88 1140 1
88 1157 1
88 1167 1
88 1188 1
88 1198 1
88 1219 1
88 1221 1
88 1230 1
88 1240 1
88 1264 1
88 1278 1
88 1301 1
88 1302 1
88 1309 1
88 1340 1
88 1345 1
88 1349 1
88 1359 1
88 1369 1
88 1372 1
88 1374 1
88 1377 1
88 1383 1
88 1398 1
88 1400 1
88 1426 1
88 1438 1
88 1444 1
88 1446 1
88 1466 1
88 1488 1
88 1528 1
88 1550 1
88 1558 1
88 1571 1
88 1578 1
88 1579 1
88 1584 1
88 1588 1
88 1596 1
88 1614 1
88 1618 1
88 1623 1
88 1687 1
88 1689 1
88 1696 1
88 1710 1
88 1714 1
88 1717 1
88 1726 1
88 1740 1
88 1748 1
88 1754 1
88 1765 1
88 1778 1
88 1782 1
88 1821 1
88 1824 1
88 1827 1
88 1832 1
88 1840 1
88 1841 1
88 1855 1
88 1867 1
88 1877 1
88 1880 1
88 1882 1
88 1887 1
88 1899 1
88 1912 1
88 1920 1
88 1924 1
88 1934 1
88 1938 1
88 1966 1
88 1976 1
88 1981 1
88 2005 1
88 2006 1
88 2007 1
88 2034 1
88 2048 1
89 21 1
89 23 1
89 29 1
89 107 1
89 144 1
89 155 1
89 185 1
89 214 1
89 252 1
89 296 1
89 345 1
89 388 1
89 393 1
89 409 1
89 410 1
89 426 1
89 463 1
89 477 1
89 479 1
89 504 1
89 539 1
89 592 1
89 598 1
89 622 1
89 643 1
89 648 1
89 672 1
89 718 1
89 750 1
89 775 1
89 789 1
89 799 1
89 807 1
89 811 1
89 831 1
89 846 1
89 852 1
89 876 1
89 882 1
89 890 1
89 932 1
89 969 1
89 974 1
89 991 1
89 1009 1
89 1014 1
89 1024 1
89 1069 1
89 1080 1
89 1105 1
89 1119 1
89 1126 1
89 1192 1
89 1196 1
89 1197 1
89 1244 1
89 1263 1
89 1265 1
89 1280 1
89 1318 1
89 1320 1
89 1324 1
89 1346 1
89 1361 1
89 1368 1
89 1385 1
89 1423 1
89 1431 1
89 1439 1
89 1468 1
89 1477 1
89 1497 1
89 1513 1
89 1518 1
89 1530 1
89 1580 1
89 1595 1
89 1599 1
89 1650 1
89 1720 1
89 1759 1
89 1766 1
89 1772 1
89 1784 1
89 1802 1
89 1834 1
89 1836 1
89 1862 1
89 1904 1
89 1915 1
89 1959 1
89 1972 1
89 1983 1
89 1994 1
89 2003 1
89 2011 1
89 2038 1
90 42 1
90 76 1
90 83 1
90 145 1
90 269 1
90 356 1
90 363 1
90 446 1
90 604 1
90 626 1
90 671 1
90 744 1
90 763 1
90 764 1
90 919 1
90 967 1
90 1052 1
90 1056 1
90 1067 1
90 1166 1
90 1241 1
90 1304 1
90 1307 1
90 1351 1
90 1354 1
90 1480 1
90 1508 1
90 1511 1
90 1707 1
90 1737 1
90 1744 1
90 1755 1
90 1795 1
90 1813 1
90 1930 1
90 1989 1
90 1992 1
90 2019 1
91 7 1
91 21 1
91 157 1
91 164 1
91 483 1
91 564 1
91 716 1
91 908 1
91 1000 1
91 1030 1
91 1054 1
91 1092 1
91 1206 1
91 1496 1
91 1708 1
91 1783 1
91 1854 1
91 1861 1
91 1984 1
92 8 1
92 118 1
92 341 1
92 1110 1
92 1421 1
92 1896 1
93 16 1
93 23 1
93 31 1
93 115 1
93 297 1
93 1006 1
93 1362 1
93 1390 1
93 1738 1
93 1814 1
94 4 1
95 14 1
95 2032 1
96 25 1
96 1604 1
97 12 1
97 14 1
97 30 1
97 712 1
97 1788 1
98 2 1
98 21 1
99 27 1
100 34 1
100 38 1
100 1980 1
101 10 1
101 28 1
101 46 1
101 48 1
102 365 1
103 35 1
105 22 1
105 113 1
106 6 1
106 23 1
107 25 1
108 11 1
109 10 1
109 13 1
110 17 1
111 36 1
112 3 1
112 22 1
113 8 1
113 18 1
113 27 1
113 40 1
116 12 1
116 16 1
118 33 1
120 2 1
120 21 1
122 4 1
122 27 1
123 26 1
124 14 1
124 39 1
125 10 1
125 33 1
126 9 1
126 1455 1
127 1 1
127 578 1
127 1099 1
128 313 1
128 1061 1
128 1356 1
130 22 1
130 822 1
131 2 1
131 18 1
131 31 1
132 9 1
132 15 1
132 34 1
133 12 1
133 35 1
133 261 1
133 639 1
133 1058 1
133 1883 1
134 25 1
134 28 1
134 52 1
134 1204 1
134 1619 1
134 2037 1
135 368 1
135 1956 1
136 22 1
136 31 1
136 88 1
136 329 1
136 600 1
136 691 1
136 829 1
137 25 1
137 39 1
137 192 1
137 424 1
137 773 1
137 947 1
137 1143 1
137 1638 1
137 1662 1
137 1982 1
137 2039 1
138 4 1
138 384 1
138 1401 1
138 1962 1
139 11 1
139 161 1
139 427 1
139 663 1
139 795 1
139 877 1
139 1330 1
139 1408 1
139 1410 1
139 1506 1
139 1680 1
140 22 1
140 998 1
140 1125 1
140 1637 1
141 12 1
141 141 1
141 184 1
141 419 1
141 503 1
141 561 1
141 934 1
141 1027 1
141 1108 1
141 1586 1
142 28 1
142 32 1
142 85 1
142 285 1
142 830 1
142 1148 1
142 1713 1
143 364 1
143 441 1
143 1107 1
143 1176 1
143 1445 1
144 33 1
144 412 1
144 568 1
144 903 1
144 1804 1
144 1890 1
145 538 1
145 824 1
145 1331 1
145 1763 1
145 1851 1
145 1951 1
146 275 1
146 321 1
146 367 1
146 993 1
146 1059 1
146 1139 1
146 1286 1
146 1364 1
146 1515 1
146 1809 1
146 1842 1
146 1853 1
147 149 1
147 173 1
147 405 1
147 417 1
147 522 1
147 563 1
147 688 1
147 708 1
147 1255 1
147 1474 1
147 1549 1
147 1645 1
147 1927 1
147 1990 1
148 70 1
148 128 1
148 241 1
148 505 1
148 518 1
148 609 1
148 615 1
148 673 1
148 821 1
148 1018 1
148 1162 1
148 1199 1
148 1203 1
148 1220 1
148 1289 1
148 1462 1
148 1602 1
148 1764 1
148 1998 1
148 2034 1
149 35 1
149 55 1
149 105 1
149 221 1
149 284 1
149 328 1
149 337 1
149 450 1
149 456 1
149 458 1
149 468 1
149 644 1
149 651 1
149 750 1
149 792 1
149 916 1
149 1116 1
149 1574 1
149 1607 1
149 1615 1
149 1660 1
149 1670 1
149 1742 1
149 1806 1
149 1844 1
149 1849 1
150 25 1
150 39 1
150 74 1
150 96 1
150 146 1
150 231 1
150 305 1
150 322 1
150 392 1
150 559 1
150 653 1
150 682 1
150 694 1
150 955 1
150 1005 1
150 1149 1
150 1227 1
150 1243 1
150 1249 1
150 1259 1
150 1328 1
150 1441 1
150 1453 1
150 1581 1
150 1583 1
150 1592 1
150 1641 1
150 1669 1
150 1750 1
150 1909 1
150 1963 1
150 2000 1
150 2029 1
151 90 1
151 116 1
151 147 1
151 178 1
151 249 1
151 709 1
151 736 1
151 768 1
151 780 1
151 856 1
151 886 1
151 889 1
151 893 1
151 968 1
151 1025 1
151 1060 1
151 1095 1
151 1178 1
151 1191 1
151 1235 1
151 1252 1
151 1371 1
151 1394 1
151 1503 1
151 1659 1
151 1664 1
151 1682 1
151 1724 1
151 1807 1
151 1843 1
151 1875 1
151 1898 1
151 1900 1
151 1917 1
151 1919 1
151 1952 1
152 226 1
152 235 1
152 245 1
152 250 1
152 298 1
152 316 1
152 373 1
152 415 1
152 455 1
152 502 1
152 519 1
152 681 1
152 715 1
152 996 1
152 1037 1
152 1130 1
152 1161 1
152 1175 1
152 1338 1
152 1387 1
152 1416 1
152 1449 1
152 1527 1
152 1547 1
152 1554 1
152 1568 1
152 1572 1
152 1631 1
152 1674 1
152 1712 1
152 1739 1
152 1746 1
152 1786 1
152 1819 1
152 1829 1
152 1866 1
152 1878 1
152 1895 1
152 2033 1
153 45 1
153 95 1
153 174 1
153 242 1
153 645 1
153 649 1
153 661 1
153 779 1
153 800 1
153 1013 1
153 1026 1
153 1031 1
153 1050 1
153 1101 1
153 1127 1
153 1137 1
153 1334 1
153 1420 1
153 1461 1
153 1502 1
153 1562 1
153 1774 1
154 196 1
154 233 1
154 243 1
154 257 1
154 401 1
154 425 1
154 469 1
154 481 1
154 801 1
154 845 1
154 850 1
154 883 1
154 1067 1
154 1073 1
154 1121 1
154 1151 1
154 1305 1
154 1388 1
154 1476 1
154 1694 1
154 1856 1
154 1881 1
154 1947 1
154 2012 1
154 2044 1
155 49 1
155 66 1
155 125 1
155 228 1
155 244 1
155 292 1
155 408 1
155 591 1
155 597 1
155 674 1
155 840 1
155 913 1
155 952 1
155 953 1
155 978 1
155 1103 1
155 1228 1
155 1268 1
155 1458 1
155 1573 1
155 1728 1
156 62 1
156 239 1
156 258 1
156 371 1
156 534 1
156 741 1
156 797 1
156 804 1
156 891 1
156 895 1
156 979 1
156 985 1
156 1102 1
156 1223 1
156 1239 1
156 1399 1
156 1424 1
156 1438 1
156 1707 1
156 1776 1
156 1799 1
156 1931 1
157 43 1
157 545 1
157 629 1
157 660 1
157 711 1
157 739 1
157 1415 1
157 1469 1
157 1523 1
157 1569 1
157 1576 1
157 1667 1
157 1897 1
158 78 1
158 99 1
158 443 1
158 727 1
158 806 1
158 995 1
158 1063 1
158 1086 1
158 1190 1
158 1211 1
158 1246 1
158 1251 1
158 1292 1
158 1296 1
158 1479 1
158 1548 1
158 1740 1
158 1816 1
158 1848 1
159 53 1
159 57 1
159 131 1
159 195 1
159 330 1
159 606 1
159 749 1
159 786 1
159 1155 1
159 1172 1
159 1314 1
159 1335 1
159 1363 1
159 1366 1
159 1493 1
159 1516 1
159 1646 1
159 1655 1
159 1789 1
159 1918 1
160 60 1
160 89 1
160 159 1
160 197 1
160 278 1
160 295 1
160 432 1
160 454 1
160 725 1
160 951 1
160 954 1
160 1109 1
160 1180 1
160 1311 1
160 1425 1
160 1642 1
160 1885 1
160 1932 1
160 1985 1
161 77 1
161 117 1
161 158 1
161 336 1
161 352 1
161 581 1
161 679 1
161 816 1
161 865 1
161 918 1
161 1076 1
161 1134 1
161 1229 1
161 1258 1
161 1260 1
161 1262 1
161 1339 1
161 1411 1
161 1448 1
161 1531 1
161 1535 1
161 1658 1
161 1777 1
161 1830 1
161 1879 1
161 1923 1
161 1949 1
161 2015 1
162 24 1
162 56 1
162 217 1
162 253 1
162 310 1
162 312 1
162 319 1
162 339 1
162 438 1
162 551 1
162 573 1
162 791 1
162 820 1
162 841 1
162 878 1
162 897 1
162 898 1
162 927 1
162 988 1
162 1003 1
162 1022 1
162 1070 1
162 1083 1
162 1135 1
162 1165 1
162 1232 1
162 1422 1
162 1534 1
162 1551 1
162 1684 1
162 1701 1
162 1893 1
162 1944 1
162 1991 1
162 2018 1
162 2027 1
163 44 1
163 61 1
163 64 1
163 79 1
163 87 1
163 137 1
163 142 1
163 152 1
163 186 1
163 212 1
163 230 1
163 262 1
163 317 1
163 359 1
163 394 1
163 400 1
163 407 1
163 423 1
163 436 1
163 501 1
163 524 1
163 529 1
163 536 1
163 590 1
163 613 1
163 620 1
163 623 1
163 669 1
163 689 1
163 697 1
163 754 1
163 760 1
163 769 1
163 770 1
163 776 1
163 796 1
163 823 1
163 826 1
163 834 1
163 839 1
163 848 1
163 902 1
163 904 1
163 907 1
163 915 1
163 980 1
163 1064 1
163 1112 1
163 1145 1
163 1222 1
163 1237 1
163 1270 1
163 1288 1
163 1337 1
163 1365 1
163 1381 1
163 1393 1
163 1414 1
163 1450 1
163 1481 1
163 1485 1
163 1496 1
163 1501 1
163 1504 1
163 1590 1
163 1624 1
163 1663 1
163 1677 1
163 1681 1
163 1695 1
163 1729 1
163 1794 1
163 1798 1
163 1863 1
163 1906 1
163 1916 1
163 1953 1
163 2022 1
164 59 1
164 65 1
164 81 1
164 106 1
164 114 1
164 134 1
164 154 1
164 190 1
164 198 1
164 210 1
164 220 1
164 255 1
164 274 1
164 287 1
164 300 1
164 301 1
164 314 1
164 325 1
164 342 1
164 351 1
164 357 1
164 369 1
164 380 1
164 416 1
164 428 1
164 429 1
164 439 1
164 448 1
164 459 1
164 461 1
164 474 1
164 475 1
164 478 1
164 490 1
164 492 1
164 510 1
164 514 1
164 525 1
164 602 1
164 618 1
164 625 1
164 635 1
164 675 1
164 696 1
164 718 1
164 730 1
164 762 1
164 765 1
164 808 1
164 811 1
164 843 1
164 863 1
164 867 1
164 874 1
164 885 1
164 888 1
164 911 1
164 929 1
164 935 1
164 939 1
164 981 1
164 987 1
164 994 1
164 1136 1
164 1147 1
164 1181 1
164 1202 1
164 1215 1
164 1217 1
164 1218 1
164 1231 1
164 1238 1
164 1245 1
164 1248 1
164 1277 1
164 1284 1
164 1293 1
164 1310 1
164 1315 1
164 1333 1
164 1347 1
164 1353 1
164 1357 1
164 1358 1
164 1384 1
164 1386 1
164 1409 1
164 1437 1
164 1467 1
164 1473 1
164 1491 1
164 1492 1
164 1495 1
164 1519 1
164 1522 1
164 1537 1
164 1540 1
164 1544 1
164 1557 1
164 1566 1
164 1585 1
164 1591 1
164 1605 1
164 1611 1
164 1621 1
164 1628 1
164 1640 1
164 1643 1
164 1685 1
164 1709 1
164 1770 1
164 1779 1
164 1780 1
164 1801 1
164 1815 1
164 1831 1
164 1837 1
164 1839 1
164 1840 1
164 1912 1
164 1928 1
164 1939 1
164 1954 1
164 1977 1
164 1979 1
164 1987 1
164 1988 1
164 2002 1
164 2004 1
164 2021 1
164 2024 1
164 2047 1
165 5 1
165 37 1
165 51 1
165 63 1
165 84 1
165 104 1
165 112 1
165 123 1
165 126 1
165 138 1
165 172 1
165 200 1
165 202 1
165 219 1
165 223 1
165 246 1
165 259 1
165 266 1
165 267 1
165 280 1
165 343 1
165 344 1
165 360 1
165 362 1
165 390 1
165 406 1
165 414 1
165 430 1
165 453 1
165 457 1
165 487 1
165 488 1
165 513 1
165 530 1
165 584 1
165 646 1
165 652 1
165 656 1
165 664 1
165 667 1
165 677 1
165 690 1
165 700 1
165 704 1
165 731 1
165 743 1
165 748 1
165 756 1
165 766 1
165 789 1
165 815 1
165 818 1
165 835 1
165 861 1
165 914 1
165 940 1
165 946 1
165 962 1
165 963 1
165 971 1
165 977 1
165 990 1
165 992 1
165 1008 1
165 1057 1
165 1087 1
165 1094 1
165 1097 1
165 1113 1
165 1115 1
165 1129 1
165 1144 1
165 1153 1
165 1179 1
165 1183 1
165 1212 1
165 1299 1
165 1343 1
165 1360 1
165 1370 1
165 1389 1
165 1392 1
165 1403 1
165 1418 1
165 1419 1
165 1434 1
165 1475 1
165 1521 1
165 1556 1
165 1564 1
165 1577 1
165 1593 1
165 1610 1
165 1616 1
165 1644 1
165 1654 1
165 1676 1
165 1679 1
165 1686 1
165 1697 1
165 1699 1
165 1741 1
165 1749 1
165 1753 1
165 1758 1
165 1761 1
165 1790 1
165 1793 1
165 1800 1
165 1822 1
165 1833 1
165 1835 1
165 1846 1
165 1910 1
165 1941 1
165 1997 1
165 2009 1
165 2023 1
165 2036 1
165 2042 1
166 69 1
166 121 1
166 175 1
166 193 1
166 207 1
166 209 1
166 227 1
166 247 1
166 268 1
166 271 1
166 272 1
166 299 1
166 326 1
166 346 1
166 366 1
166 382 1
166 418 1
166 420 1
166 434 1
166 521 1
166 544 1
166 562 1
166 565 1
166 570 1
166 603 1
166 605 1
166 628 1
166 633 1
166 636 1
166 654 1
166 678 1
166 685 1
166 710 1
166 728 1
166 733 1
166 777 1
166 781 1
166 785 1
166 802 1
166 805 1
166 855 1
166 864 1
166 875 1
166 879 1
166 901 1
166 920 1
166 923 1
166 926 1
166 930 1
166 933 1
166 937 1
166 938 1
166 941 1
166 997 1
166 1004 1
166 1038 1
166 1042 1
166 1090 1
166 1150 1
166 1163 1
166 1169 1
166 1171 1
166 1193 1
166 1200 1
166 1264 1
166 1269 1
166 1281 1
166 1285 1
166 1303 1
166 1306 1
166 1316 1
166 1326 1
166 1336 1
166 1340 1
166 1342 1
166 1378 1
166 1379 1
166 1397 1
166 1413 1
166 1440 1
166 1484 1
166 1487 1
166 1489 1
166 1499 1
166 1500 1
166 1525 1
166 1545 1
166 1546 1
166 1608 1
166 1617 1
166 1651 1
166 1668 1
166 1696 1
166 1700 1
166 1703 1
166 1715 1
166 1716 1
166 1757 1
166 1872 1
166 1884 1
166 1891 1
166 1892 1
166 1901 1
166 1921 1
166 1958 1
166 1964 1
166 1983 1
166 1996 1
166 2040 1
166 2046 1
167 80 1
167 94 1
167 97 1
167 102 1
167 111 1
167 132 1
167 133 1
167 162 1
167 171 1
167 181 1
167 213 1
167 332 1
167 338 1
167 340 1
167 349 1
167 377 1
167 421 1
167 433 1
167 447 1
167 512 1
167 523 1
167 547 1
167 575 1
167 601 1
167 655 1
167 695 1
167 737 1
167 742 1
167 784 1
167 857 1
167 866 1
167 909 1
167 924 1
167 931 1
167 944 1
167 966 1
167 986 1
167 1002 1
167 1028 1
167 1098 1
167 1100 1
167 1111 1
167 1114 1
167 1124 1
167 1133 1
167 1141 1
167 1214 1
167 1236 1
167 1261 1
167 1276 1
167 1290 1
167 1291 1
167 1321 1
167 1344 1
167 1407 1
167 1412 1
167 1432 1
167 1510 1
167 1520 1
167 1536 1
167 1600 1
167 1626 1
167 1722 1
167 1743 1
167 1747 1
167 1765 1
167 1803 1
167 1810 1
167 1812 1
167 1860 1
167 1886 1
167 1911 1
167 1922 1
167 1924 1
167 1925 1
167 1929 1
167 2026 1
168 71 1
168 92 1
168 130 1
168 191 1
168 283 1
168 294 1
168 413 1
168 442 1
168 451 1
168 465 1
168 471 1
168 476 1
168 509 1
168 564 1
168 566 1
168 624 1
168 641 1
168 662 1
168 706 1
168 707 1
168 735 1
168 758 1
168 771 1
168 798 1
168 803 1
168 836 1
168 912 1
168 936 1
168 964 1
168 999 1
168 1032 1
168 1062 1
168 1065 1
168 1069 1
168 1089 1
168 1091 1
168 1131 1
168 1166 1
168 1182 1
168 1185 1
168 1207 1
168 1242 1
168 1274 1
168 1279 1
168 1313 1
168 1322 1
168 1404 1
168 1486 1
168 1494 1
168 1512 1
168 1582 1
168 1595 1
168 1635 1
168 1649 1
168 1657 1
168 1673 1
168 1719 1
168 1760 1
168 1768 1
168 1852 1
168 1858 1
168 1873 1
168 1905 1
168 1920 1
168 1936 1
168 1942 1
168 1967 1
168 1978 1
168 2006 1
168 2016 1
168 2030 1
169 109 1
169 156 1
169 208 1
169 331 1
169 379 1
169 449 1
169 452 1
169 470 1
169 489 1
169 491 1
169 531 1
169 569 1
169 571 1
169 582 1
169 680 1
169 686 1
169 703 1
169 726 1
169 767 1
169 809 1
169 899 1
169 949 1
169 970 1
169 1035 1
169 1039 1
169 1128 1
169 1140 1
169 1205 1
169 1265 1
169 1329 1
169 1350 1
169 1380 1
169 1406 1
169 1446 1
169 1543 1
169 1567 1
169 1630 1
169 1683 1
169 1732 1
169 1735 1
169 1755 1
169 1767 1
169 1771 1
169 1838 1
169 1859 1
169 1938 1
169 2010 1
169 2031 1
169 2035 1
169 2045 1
170 50 1
170 127 1
170 155 1
170 183 1
170 187 1
170 350 1
170 355 1
170 376 1
170 389 1
170 435 1
170 446 1
170 463 1
170 586 1
170 594 1
170 607 1
170 617 1
170 828 1
170 846 1
170 881 1
170 959 1
170 1011 1
170 1033 1
170 1040 1
170 1055 1
170 1072 1
170 1118 1
170 1152 1
170 1184 1
170 1209 1
170 1210 1
170 1266 1
170 1560 1
170 1606 1
170 1726 1
170 1730 1
170 1756 1
170 1864 1
170 1926 1
170 1933 1
170 1955 1
171 47 1
171 101 1
171 170 1
171 286 1
171 543 1
171 692 1
171 720 1
171 919 1
171 983 1
171 1021 1
171 1049 1
171 1096 1
171 1104 1
171 1120 1
171 1156 1
171 1195 1
171 1225 1
171 1271 1
171 1465 1
171 1472 1
171 1478 1
171 1505 1
171 1603 1
171 1775 1
171 1820 1
171 1834 1
171 1914 1
171 1943 1
171 2020 1
171 2025 1
172 264 1
172 277 1
172 386 1
172 498 1
172 576 1
172 588 1
172 738 1
172 788 1
172 799 1
172 862 1
172 1066 1
172 1071 1
172 1187 1
172 1224 1
172 1226 1
172 1272 1
172 1275 1
172 1308 1
172 1367 1
172 1460 1
172 1725 1
172 1745 1
172 1948 1
172 1957 1
172 1993 1
172 1995 1
173 91 1
173 150 1
173 216 1
173 353 1
173 374 1
173 496 1
173 621 1
173 965 1
173 1029 1
173 1263 1
173 1312 1
173 1395 1
173 1553 1
173 1559 1
173 1718 1
173 1902 1
174 148 1
174 194 1
174 260 1
174 348 1
174 361 1
174 378 1
174 395 1
174 466 1
174 480 1
174 580 1
174 761 1
174 774 1
174 1154 1
174 1373 1
174 1762 1
174 1832 1
174 2013 1
175 107 1
175 168 1
175 225 1
175 248 1
175 324 1
175 411 1
175 495 1
175 550 1
175 611 1
175 701 1
175 719 1
175 782 1
175 812 1
175 838 1
175 984 1
175 1036 1
175 1074 1
175 1081 1
175 1196 1
175 1216 1
175 1257 1
175 1447 1
175 1563 1
175 1678 1
175 1690 1
175 1723 1
175 1791 1
175 1882 1
176 54 1
176 82 1
176 124 1
176 165 1
176 404 1
176 532 1
176 535 1
176 546 1
176 558 1
176 599 1
176 666 1
176 687 1
176 713 1
176 724 1
176 747 1
176 759 1
176 772 1
176 793 1
176 928 1
176 1045 1
176 1068 1
176 1079 1
176 1213 1
176 1250 1
176 1253 1
176 1254 1
176 1282 1
176 1319 1
176 1349 1
176 1507 1
176 1529 1
176 1532 1
176 1533 1
176 1622 1
176 1698 1
176 1734 1
176 1787 1
176 1847 1
176 1870 1
176 1973 1
176 2011 1
177 67 1
177 75 1
177 110 1
177 119 1
177 120 1
177 139 1
177 151 1
177 169 1
177 177 1
177 180 1
177 188 1
177 204 1
177 215 1
177 265 1
177 270 1
177 289 1
177 307 1
177 311 1
177 318 1
177 320 1
177 323 1
177 341 1
177 381 1
177 391 1
177 396 1
177 399 1
177 403 1
177 422 1
177 482 1
177 507 1
177 515 1
177 533 1
177 549 1
177 555 1
177 583 1
177 587 1
177 593 1
177 638 1
177 658 1
177 699 1
177 729 1
177 740 1
177 787 1
177 810 1
177 817 1
177 847 1
177 853 1
177 859 1
177 868 1
177 869 1
177 906 1
177 948 1
177 957 1
177 960 1
177 975 1
177 1019 1
177 1044 1
177 1046 1
177 1123 1
177 1173 1
177 1201 1
177 1206 1
177 1241 1
177 1323 1
177 1341 1
177 1348 1
177 1396 1
177 1400 1
177 1430 1
177 1435 1
177 1436 1
177 1452 1
177 1454 1
177 1457 1
177 1464 1
177 1466 1
177 1482 1
177 1517 1
177 1629 1
177 1634 1
177 1661 1
177 1705 1
177 1706 1
177 1808 1
177 1828 1
177 1865 1
177 1894 1
177 1908 1
177 1937 1
177 1968 1
177 1969 1
178 68 1
178 73 1
178 86 1
178 98 1
178 122 1
178 129 1
178 135 1
178 136 1
178 140 1
178 182 1
178 201 1
178 206 1
178 211 1
178 232 1
178 234 1
178 236 1
178 238 1
178 240 1
178 251 1
178 279 1
178 281 1
178 282 1
178 290 1
178 302 1
178 304 1
178 306 1
178 308 1
178 309 1
178 335 1
178 370 1
178 375 1
178 385 1
178 402 1
178 426 1
178 431 1
178 437 1
178 440 1
178 484 1
178 486 1
178 493 1
178 494 1
178 497 1
178 516 1
178 527 1
178 537 1
178 556 1
178 560 1
178 577 1
178 585 1
178 589 1
178 596 1
178 608 1
178 616 1
178 619 1
178 627 1
178 631 1
178 634 1
178 640 1
178 650 1
178 657 1
178 668 1
178 670 1
178 693 1
178 698 1
178 702 1
178 722 1
178 734 1
178 753 1
178 757 1
178 783 1
178 794 1
178 833 1
178 851 1
178 860 1
178 871 1
178 880 1
178 882 1
178 892 1
178 900 1
178 910 1
178 943 1
178 950 1
178 956 1
178 982 1
178 1010 1
178 1017 1
178 1043 1
178 1047 1
178 1048 1
178 1053 1
178 1117 1
178 1122 1
178 1158 1
178 1164 1
178 1168 1
178 1174 1
178 1189 1
178 1194 1
178 1208 1
178 1234 1
178 1267 1
178 1273 1
178 1283 1
178 1287 1
178 1297 1
178 1298 1
178 1300 1
178 1317 1
178 1320 1
178 1325 1
178 1327 1
178 1332 1
178 1368 1
178 1375 1
178 1376 1
178 1391 1
178 1402 1
178 1433 1
178 1442 1
178 1459 1
178 1470 1
178 1471 1
178 1490 1
178 1498 1
178 1508 1
178 1514 1
178 1526 1
178 1539 1
178 1542 1
178 1555 1
178 1570 1
178 1588 1
178 1589 1
178 1597 1
178 1598 1
178 1613 1
178 1627 1
178 1633 1
178 1675 1
178 1687 1
178 1693 1
178 1721 1
178 1733 1
178 1736 1
178 1751 1
178 1752 1
178 1781 1
178 1783 1
178 1785 1
178 1817 1
178 1818 1
178 1821 1
178 1823 1
178 1845 1
178 1850 1
178 1868 1
178 1871 1
178 1874 1
178 1889 1
178 1907 1
178 1913 1
178 1935 1
178 1945 1
178 1960 1
178 1970 1
178 1976 1
178 1986 1
178 1999 1
178 2007 1
178 2008 1
178 2014 1
178 2028 1
178 2041 1
179 29 1
179 38 1
179 42 1
179 58 1
179 83 1
179 103 1
179 108 1
179 143 1
179 166 1
179 167 1
179 179 1
179 203 1
179 205 1
179 222 1
179 252 1
179 269 1
179 276 1
179 293 1
179 303 1
179 347 1
179 354 1
179 356 1
179 358 1
179 387 1
179 388 1
179 397 1
179 445 1
179 460 1
179 462 1
179 472 1
179 473 1
179 506 1
179 508 1
179 511 1
179 517 1
179 520 1
179 526 1
179 528 1
179 540 1
179 541 1
179 542 1
179 554 1
179 572 1
179 574 1
179 579 1
179 598 1
179 610 1
179 612 1
179 614 1
179 630 1
179 642 1
179 643 1
179 647 1
179 648 1
179 659 1
179 676 1
179 705 1
179 714 1
179 717 1
179 723 1
179 732 1
179 746 1
179 813 1
179 814 1
179 827 1
179 831 1
179 837 1
179 842 1
179 844 1
179 858 1
179 870 1
179 872 1
179 873 1
179 896 1
179 905 1
179 922 1
179 925 1
179 942 1
179 958 1
179 972 1
179 973 1
179 976 1
179 989 1
179 1001 1
179 1012 1
179 1051 1
179 1075 1
179 1077 1
179 1084 1
179 1088 1
179 1106 1
179 1119 1
179 1142 1
179 1146 1
179 1159 1
179 1160 1
179 1170 1
179 1177 1
179 1186 1
179 1192 1
179 1219 1
179 1230 1
179 1240 1
179 1278 1
179 1295 1
179 1304 1
179 1309 1
179 1324 1
179 1346 1
179 1355 1
179 1377 1
179 1382 1
179 1405 1
179 1417 1
179 1426 1
179 1427 1
179 1444 1
179 1451 1
179 1463 1
179 1488 1
179 1518 1
179 1528 1
179 1561 1
179 1575 1
179 1584 1
179 1594 1
179 1596 1
179 1601 1
179 1609 1
179 1612 1
179 1614 1
179 1625 1
179 1632 1
179 1636 1
179 1639 1
179 1652 1
179 1653 1
179 1656 1
179 1671 1
179 1691 1
179 1692 1
179 1702 1
179 1704 1
179 1717 1
179 1727 1
179 1748 1
179 1769 1
179 1797 1
179 1824 1
179 1825 1
179 1826 1
179 1876 1
179 1877 1
179 1888 1
179 1899 1
179 1903 1
179 1940 1
179 1950 1
179 1961 1
179 1965 1
179 1966 1
179 1971 1
179 1974 1
179 1975 1
179 2001 1
179 2003 1
179 2005 1
179 2017 1
179 2043 1
179 2048 1
180 93 1
180 118 1
180 153 1
180 163 1
180 176 1
180 189 1
180 214 1
180 218 1
180 229 1
180 254 1
180 256 1
180 273 1
180 288 1
180 315 1
180 333 1
180 334 1
180 383 1
180 393 1
180 444 1
180 479 1
180 485 1
180 504 1
180 539 1
180 548 1
180 552 1
180 553 1
180 557 1
180 567 1
180 622 1
180 626 1
180 632 1
180 637 1
180 665 1
180 683 1
180 684 1
180 721 1
180 745 1
180 751 1
180 752 1
180 763 1
180 775 1
180 778 1
180 807 1
180 832 1
180 849 1
180 852 1
180 854 1
180 887 1
180 894 1
180 917 1
180 932 1
180 961 1
180 969 1
180 991 1
180 1007 1
180 1023 1
180 1041 1
180 1082 1
180 1085 1
180 1093 1
180 1105 1
180 1138 1
180 1157 1
180 1198 1
180 1221 1
180 1233 1
180 1247 1
180 1256 1
180 1294 1
180 1301 1
180 1318 1
180 1361 1
180 1421 1
180 1423 1
180 1429 1
180 1431 1
180 1439 1
180 1456 1
180 1468 1
180 1477 1
180 1480 1
180 1483 1
180 1530 1
180 1538 1
180 1550 1
180 1552 1
180 1558 1
180 1565 1
180 1587 1
180 1599 1
180 1618 1
180 1620 1
180 1623 1
180 1647 1
180 1648 1
180 1665 1
180 1688 1
180 1689 1
180 1711 1
180 1720 1
180 1773 1
180 1782 1
180 1792 1
180 1795 1
180 1796 1
180 1802 1
180 1805 1
180 1811 1
180 1887 1
180 1896 1
180 1904 1
180 1934 1
180 1946 1
180 1959 1
180 1972 1
180 1984 1
180 2038 1
181 46 1
181 48 1
181 157 1
181 160 1
181 164 1
181 199 1
181 224 1
181 263 1
181 296 1
181 363 1
181 398 1
181 409 1
181 464 1
181 483 1
181 500 1
181 595 1
181 671 1
181 764 1
181 790 1
181 819 1
181 825 1
181 876 1
181 884 1
181 908 1
181 921 1
181 945 1
181 974 1
181 1006 1
181 1015 1
181 1016 1
181 1078 1
181 1092 1
181 1110 1
181 1280 1
181 1302 1
181 1307 1
181 1351 1
181 1359 1
181 1362 1
181 1372 1
181 1374 1
181 1383 1
181 1385 1
181 1398 1
181 1428 1
181 1443 1
181 1497 1
181 1509 1
181 1513 1
181 1524 1
181 1650 1
181 1666 1
181 1710 1
181 1714 1
181 1737 1
181 1744 1
181 1759 1
181 1772 1
181 1814 1
181 1827 1
181 1841 1
181 1867 1
181 1981 1
181 1989 1
181 1994 1
182 72 1
182 100 1
182 144 1
182 185 1
182 237 1
182 291 1
182 372 1
182 410 1
182 499 1
182 592 1
182 712 1
182 744 1
182 755 1
182 890 1
182 967 1
182 1009 1
182 1024 1
182 1080 1
182 1167 1
182 1188 1
182 1197 1
182 1345 1
182 1352 1
182 1369 1
182 1541 1
182 1578 1
182 1604 1
182 1672 1
182 1708 1
182 1731 1
182 1784 1
182 1836 1
182 1854 1
182 1855 1
182 1857 1
182 1930 1
182 1992 1
183 145 1
183 327 1
183 467 1
183 604 1
183 1056 1
183 1126 1
183 1132 1
183 1354 1
184 76 1
184 477 1
184 1054 1
184 1511 1
184 1580 1
184 1880 1
185 672 1
185 1571 1
185 1579 1
185 1754 1
185 1788 1
185 1869 1
186 345 1
186 1766 1
186 1861 1
187 1020 1
187 1813 1
187 1862 1
187 2032 1
188 115 1
188 297 1
188 716 1
188 1030 1
188 1244 1
188 1778 1
190 1000 1
190 1014 1
190 1034 1
190 1052 1
190 1915 1
190 1980 1
190 2019 1
191 365 1
191 1390 1
191 1738 1
192 3 1
192 113 1
193 7 1
194 36 1
196 17 1
197 40 1
750 2048 0
