1 40 1
1 1979 1
2 794 1
2 863 1
2 1636 1
2 1640 1
2 1694 1
3 6 1
3 32 1
3 193 1
3 512 1
3 671 1
3 771 1
3 1235 1
3 1567 1
3 1648 1
3 1971 1
4 23 1
4 25 1
4 26 1
4 596 1
4 745 1
4 1104 1
4 1616 1
4 1904 1
4 1974 1
5 29 1
5 45 1
5 104 1
5 145 1
5 275 1
5 645 1
5 712 1
5 746 1
5 866 1
5 1006 1
5 1095 1
5 1210 1
5 1245 1
5 1421 1
5 1556 1
5 1617 1
5 1919 1
6 22 1
6 670 1
6 930 1
6 1005 1
6 1281 1
6 1317 1
6 1362 1
6 1529 1
6 1933 1
6 1996 1
6 2016 1
6 2021 1
6 2022 1
7 452 1
7 470 1
7 933 1
7 976 1
7 979 1
7 1088 1
7 1353 1
7 1419 1
7 1511 1
7 1574 1
7 1993 1
8 16 1
8 52 1
8 185 1
8 344 1
8 494 1
8 589 1
8 828 1
8 851 1
8 880 1
8 1502 1
8 1702 1
8 1817 1
8 1898 1
9 129 1
9 625 1
9 1824 1
9 1892 1
9 1917 1
10 30 1
10 369 1
10 424 1
10 1025 1
10 1736 1
10 1820 1
10 1950 1
11 1409 1
11 1991 1
12 2 1
12 36 1
12 1306 1
12 1348 1
12 1619 1
12 1763 1
13 29 1
13 34 1
13 1135 1
13 1172 1
13 1536 1
13 1734 1
14 33 1
14 1535 1
16 17 1
17 945 1
18 13 1
18 906 1
18 1143 1
19 35 1
19 281 1
19 481 1
19 576 1
19 835 1
19 895 1
19 1023 1
19 1928 1
20 261 1
20 282 1
20 409 1
20 1100 1
20 1256 1
20 2019 1
20 2036 1
21 14 1
21 109 1
21 380 1
21 488 1
21 545 1
21 577 1
21 594 1
21 683 1
21 691 1
21 829 1
21 1151 1
21 1349 1
21 1380 1
21 1945 1
22 2 1
22 86 1
22 302 1
22 801 1
22 805 1
22 882 1
22 893 1
22 937 1
22 1027 1
22 1067 1
22 1126 1
22 1261 1
22 1283 1
22 1342 1
22 1503 1
22 1506 1
22 1742 1
22 1761 1
22 1870 1
22 1938 1
23 11 1
23 25 1
23 78 1
23 102 1
23 200 1
23 466 1
23 491 1
23 714 1
23 875 1
23 1050 1
23 1098 1
23 1211 1
23 1293 1
23 1475 1
23 1508 1
23 1696 1
23 1723 1
23 1726 1
23 1936 1
23 1952 1
23 1962 1
23 2009 1
23 2029 1
24 16 1
24 83 1
24 404 1
24 420 1
24 560 1
24 570 1
24 593 1
24 614 1
24 942 1
24 1061 1
24 1184 1
24 1390 1
24 1649 1
24 2014 1
25 7 1
25 190 1
25 206 1
25 250 1
25 654 1
25 1404 1
26 186 1
26 195 1
26 658 1
26 696 1
26 1058 1
26 1195 1
26 1377 1
26 1427 1
26 1442 1
26 1794 1
27 187 1
27 226 1
27 271 1
27 548 1
27 1111 1
27 1185 1
27 1573 1
28 5 1
28 17 1
28 40 1
28 181 1
28 257 1
28 493 1
28 549 1
28 711 1
28 950 1
28 1467 1
28 1500 1
28 1707 1
29 26 1
29 418 1
29 810 1
30 9 1
30 19 1
30 608 1
30 1078 1
30 1105 1
31 7 1
31 21 1
31 534 1
31 736 1
31 1934 1
32 77 1
32 278 1
32 316 1
32 1469 1
33 4 1
33 36 1
33 280 1
33 587 1
33 644 1
33 1272 1
33 1906 1
34 322 1
35 11 1
35 675 1
35 757 1
35 1340 1
35 1932 1
36 27 1
36 615 1
36 1033 1
36 1059 1
36 1181 1
36 1269 1
36 1644 1
36 1998 1
37 165 1
37 406 1
37 525 1
37 547 1
37 709 1
37 1219 1
37 1331 1
37 1439 1
37 1546 1
37 2008 1
38 15 1
38 95 1
38 436 1
38 465 1
38 689 1
38 836 1
38 970 1
38 1134 1
38 1250 1
38 1329 1
38 1451 1
38 1766 1
38 1875 1
38 2035 1
39 15 1
39 31 1
39 34 1
39 227 1
39 329 1
39 421 1
39 767 1
39 770 1
39 891 1
39 1092 1
39 1445 1
39 2012 1
40 18 1
40 24 1
40 33 1
40 136 1
40 285 1
40 289 1
40 578 1
40 672 1
40 738 1
40 856 1
40 1215 1
40 1228 1
40 1323 1
40 1436 1
40 1463 1
41 18 1
41 40 1
41 247 1
41 605 1
41 705 1
41 710 1
41 717 1
41 729 1
41 807 1
41 1123 1
41 1155 1
41 1325 1
41 1443 1
41 1660 1
41 1680 1
41 1724 1
41 1733 1
42 31 1
42 128 1
42 460 1
42 761 1
42 903 1
42 923 1
42 1163 1
42 1413 1
43 26 1
43 63 1
43 139 1
43 378 1
43 446 1
43 949 1
43 1372 1
43 1431 1
43 1699 1
43 1844 1
43 1900 1
44 22 1
44 158 1
44 349 1
44 376 1
44 472 1
44 621 1
44 669 1
44 960 1
44 1089 1
44 1378 1
44 1668 1
45 46 1
45 408 1
45 943 1
45 948 1
45 1138 1
45 1180 1
45 1350 1
45 1453 1
45 1486 1
46 27 1
46 637 1
46 720 1
46 1980 1
46 1988 1
47 1 1
47 11 1
47 25 1
47 492 1
47 538 1
47 678 1
47 2018 1
48 10 1
48 497 1
48 952 1
48 1621 1
49 21 1
49 33 1
49 38 1
49 41 1
49 87 1
49 911 1
49 988 1
49 1752 1
50 1 1
50 28 1
50 34 1
50 750 1
50 1112 1
51 16 1
51 21 1
51 35 1
51 435 1
51 1711 1
51 2005 1
52 1662 1
53 9 1
53 27 1
53 36 1
53 196 1
53 236 1
54 687 1
54 898 1
54 1310 1
54 1363 1
54 1672 1
55 571 1
55 1242 1
55 1288 1
56 19 1
56 107 1
56 189 1
56 694 1
56 993 1
56 1426 1
56 1441 1
56 1460 1
57 21 1
57 24 1
57 266 1
57 371 1
57 456 1
57 874 1
57 878 1
57 1157 1
57 1262 1
57 1563 1
58 16 1
58 31 1
58 76 1
58 221 1
58 279 1
58 311 1
58 351 1
58 370 1
58 598 1
58 1240 1
58 1505 1
58 1514 1
59 529 1
59 642 1
59 663 1
59 834 1
59 1254 1
59 1381 1
59 1449 1
59 1558 1
59 1775 1
59 1951 1
60 231 1
60 417 1
60 982 1
60 1144 1
60 1345 1
60 1395 1
60 1540 1
60 1802 1
60 1811 1
61 2 1
61 1187 1
61 1204 1
61 1313 1
62 26 1
62 632 1
62 977 1
63 7 1
63 14 1
63 28 1
63 97 1
63 1107 1
64 2 1
64 825 1
65 3 1
65 4 1
65 16 1
65 39 1
65 901 1
66 13 1
66 166 1
66 218 1
66 328 1
66 916 1
66 1018 1
66 1458 1
66 1994 1
67 124 1
67 708 1
67 722 1
67 1676 1
67 1954 1
68 16 1
68 1821 1
69 15 1
69 25 1
69 1389 1
69 1477 1
69 1832 1
70 36 1
70 60 1
70 88 1
70 317 1
71 32 1
71 39 1
71 242 1
71 515 1
71 613 1
72 32 1
72 89 1
72 373 1
72 802 1
72 1524 1
72 1525 1
72 1822 1
72 1885 1
72 1969 1
73 15 1
73 469 1
73 475 1
73 971 1
73 1265 1
73 1266 1
73 1287 1
73 1393 1
73 1424 1
74 1 1
74 66 1
74 251 1
74 309 1
74 467 1
74 468 1
74 510 1
74 747 1
74 1010 1
74 1062 1
74 1132 1
74 1252 1
74 1412 1
74 1499 1
74 1501 1
74 1737 1
74 1887 1
75 17 1
75 41 1
75 395 1
75 479 1
75 521 1
75 573 1
75 847 1
75 859 1
75 947 1
75 1024 1
75 1064 1
75 1101 1
75 1275 1
75 1396 1
75 1410 1
75 1797 1
76 307 1
76 776 1
76 1164 1
76 1202 1
76 1295 1
76 1592 1
76 1623 1
76 1674 1
77 84 1
77 168 1
77 175 1
77 318 1
77 415 1
77 517 1
77 1896 1
78 14 1
78 38 1
78 858 1
78 1308 1
78 1321 1
78 1504 1
78 1550 1
79 5 1
79 21 1
79 1977 1
79 2027 1
80 1 1
80 2 1
80 471 1
80 963 1
80 1472 1
81 7 1
81 10 1
81 32 1
81 37 1
81 590 1
81 1114 1
82 741 1
82 1147 1
82 1435 1
83 1602 1
83 1749 1
84 5 1
84 462 1
84 604 1
84 721 1
84 1450 1
84 1682 1
85 10 1
85 209 1
85 584 1
85 609 1
85 822 1
85 1082 1
85 1097 1
85 1220 1
85 1659 1
85 1867 1
85 1912 1
86 763 1
86 824 1
86 1191 1
86 1476 1
87 17 1
87 38 1
87 627 1
87 962 1
87 1110 1
87 1414 1
87 1799 1
88 338 1
88 485 1
88 651 1
88 946 1
88 954 1
88 1014 1
88 1074 1
88 1125 1
88 1260 1
88 1492 1
88 1564 1
88 1595 1
88 1717 1
88 1914 1
88 2041 1
89 20 1
89 31 1
89 34 1
89 37 1
89 82 1
89 419 1
89 674 1
89 1162 1
89 1371 1
89 1559 1
89 1725 1
89 1891 1
90 1 1
90 6 1
90 10 1
90 31 1
90 313 1
90 321 1
90 455 1
90 536 1
90 599 1
90 617 1
90 783 1
90 986 1
90 1031 1
90 1052 1
90 1285 1
90 1465 1
90 1542 1
90 1551 1
90 1625 1
90 1692 1
90 1803 1
90 1814 1
90 1859 1
90 1908 1
90 2047 1
91 40 1
91 396 1
91 411 1
91 447 1
91 499 1
91 638 1
91 890 1
91 907 1
91 981 1
91 1142 1
91 1284 1
91 1366 1
91 1664 1
91 1846 1
92 2 1
92 7 1
92 153 1
92 482 1
92 505 1
92 559 1
92 629 1
92 1274 1
92 1354 1
92 1360 1
92 1577 1
92 1587 1
92 1809 1
92 1873 1
92 1903 1
93 14 1
93 31 1
93 117 1
93 244 1
93 682 1
93 865 1
93 1751 1
93 1795 1
94 41 1
94 225 1
94 1197 1
94 1624 1
94 1976 1
94 2037 1
95 618 1
95 673 1
95 905 1
95 1011 1
95 1526 1
95 1541 1
96 20 1
96 24 1
96 47 1
96 238 1
96 821 1
96 896 1
96 1438 1
96 1454 1
96 1557 1
96 1582 1
96 1894 1
97 159 1
97 1884 1
98 558 1
99 31 1
99 1358 1
99 1788 1
100 7 1
100 35 1
100 140 1
100 366 1
100 938 1
101 32 1
101 951 1
102 19 1
102 90 1
102 1336 1
102 1628 1
102 2046 1
103 1030 1
103 1071 1
104 25 1
104 36 1
104 41 1
104 167 1
104 301 1
104 780 1
104 795 1
104 953 1
104 1118 1
104 1248 1
104 1249 1
104 1539 1
104 1955 1
104 1963 1
105 18 1
105 516 1
105 530 1
105 1447 1
105 1489 1
105 1638 1
105 1727 1
105 1735 1
105 1772 1
105 1825 1
105 1861 1
105 1982 1
106 32 1
106 98 1
106 126 1
106 394 1
106 453 1
106 1703 1
106 1778 1
106 1848 1
106 2015 1
107 24 1
107 179 1
107 319 1
107 886 1
107 964 1
107 1139 1
107 1217 1
107 1836 1
107 1855 1
108 32 1
108 37 1
108 192 1
108 208 1
108 583 1
108 656 1
108 743 1
108 766 1
108 944 1
108 1995 1
109 35 1
109 260 1
109 331 1
109 473 1
109 659 1
109 820 1
109 837 1
109 957 1
109 1049 1
109 1244 1
109 1347 1
109 1374 1
109 1841 1
109 2048 1
110 21 1
110 35 1
110 177 1
110 353 1
110 628 1
110 640 1
110 688 1
110 723 1
110 765 1
110 1160 1
110 1205 1
110 1406 1
110 1771 1
110 1881 1
111 36 1
111 38 1
111 74 1
111 172 1
111 756 1
111 887 1
111 1286 1
111 1631 1
111 1632 1
111 1842 1
111 1888 1
112 23 1
112 162 1
112 379 1
112 566 1
112 1221 1
112 1485 1
113 3 1
113 15 1
113 290 1
113 941 1
113 1029 1
113 1203 1
113 1572 1
114 37 1
114 410 1
114 732 1
114 1530 1
114 1745 1
116 14 1
116 22 1
116 249 1
117 5 1
117 30 1
119 71 1
120 41 1
120 147 1
120 684 1
120 1076 1
120 1601 1
120 1816 1
121 21 1
121 401 1
121 484 1
122 12 1
122 24 1
122 28 1
122 648 1
122 936 1
122 1320 1
122 1330 1
122 1428 1
122 1473 1
122 1532 1
122 1747 1
123 308 1
123 387 1
123 1153 1
123 1456 1
123 1835 1
123 1878 1
123 1961 1
124 169 1
124 199 1
124 228 1
124 367 1
124 413 1
124 438 1
124 591 1
124 889 1
124 1231 1
124 1326 1
124 1491 1
124 1569 1
124 1739 1
124 2044 1
125 130 1
125 148 1
125 291 1
125 437 1
125 611 1
125 919 1
125 1364 1
125 1423 1
125 1643 1
125 1902 1
125 1946 1
126 122 1
126 327 1
126 365 1
126 900 1
126 1017 1
126 1061 1
126 1122 1
126 1547 1
126 2039 1
127 733 1
127 1013 1
127 1571 1
128 25 1
128 40 1
128 431 1
128 454 1
128 457 1
128 500 1
128 769 1
128 1051 1
128 1512 1
128 1935 1
128 1972 1
129 11 1
129 24 1
129 562 1
129 804 1
129 1806 1
129 1863 1
130 14 1
130 38 1
130 259 1
130 685 1
130 782 1
130 1943 1
131 31 1
131 389 1
131 541 1
131 1116 1
132 41 1
132 91 1
132 116 1
132 374 1
132 474 1
132 1482 1
133 9 1
133 513 1
134 34 1
134 298 1
134 356 1
134 1400 1
134 1857 1
134 1920 1
135 33 1
135 677 1
135 1403 1
135 1418 1
136 7 1
136 26 1
136 1008 1
136 1918 1
137 10 1
137 33 1
137 1960 1
138 294 1
138 668 1
138 701 1
138 848 1
138 1790 1
138 1831 1
139 40 1
139 62 1
139 258 1
139 569 1
139 657 1
139 1383 1
139 1452 1
139 1712 1
139 1798 1
140 1 1
140 16 1
140 150 1
140 154 1
140 304 1
140 662 1
140 1054 1
140 1570 1
140 1830 1
140 1966 1
141 6 1
141 232 1
141 305 1
141 533 1
141 690 1
141 1081 1
141 2004 1
142 26 1
142 220 1
142 581 1
142 713 1
142 813 1
142 816 1
142 1259 1
142 1549 1
142 1645 1
142 1930 1
144 17 1
144 439 1
144 864 1
144 1568 1
144 1583 1
144 1981 1
145 12 1
145 19 1
145 106 1
145 339 1
145 1687 1
146 3 1
146 26 1
146 36 1
146 37 1
146 142 1
146 320 1
146 498 1
146 702 1
146 779 1
146 817 1
146 1637 1
146 1944 1
146 1959 1
147 34 1
147 636 1
147 915 1
147 925 1
147 1773 1
148 9 1
148 17 1
148 151 1
148 1034 1
148 1405 1
148 1432 1
149 13 1
149 29 1
149 495 1
149 1075 1
149 1845 1
149 1923 1
150 7 1
150 1280 1
150 1786 1
151 867 1
151 1056 1
151 1391 1
152 568 1
152 1626 1
152 1646 1
154 543 1
154 588 1
154 1515 1
154 1728 1
154 1901 1
155 442 1
155 725 1
155 926 1
155 1190 1
156 224 1
156 840 1
156 1178 1
156 1916 1
157 388 1
157 501 1
157 646 1
157 1748 1
157 1871 1
157 1949 1
158 141 1
158 277 1
158 699 1
158 839 1
158 1085 1
159 184 1
159 292 1
159 1148 1
159 1357 1
159 1457 1
159 1784 1
160 100 1
160 390 1
160 537 1
160 1045 1
160 1189 1
160 1710 1
160 1780 1
160 1815 1
160 1985 1
160 1986 1
160 2038 1
161 341 1
161 345 1
161 649 1
161 992 1
161 1588 1
162 156 1
162 163 1
162 791 1
162 1119 1
162 1146 1
162 1158 1
162 1497 1
162 1521 1
162 1675 1
162 1853 1
163 449 1
163 877 1
163 935 1
163 1319 1
163 2045 1
164 404 1
164 626 1
164 881 1
164 913 1
164 1108 1
164 1291 1
164 1759 1
165 171 1
165 426 1
165 565 1
165 1271 1
166 393 1
167 579 1
167 753 1
167 1777 1
167 1997 1
168 252 1
168 332 1
168 1496 1
169 178 1
169 352 1
169 734 1
169 1667 1
170 149 1
170 600 1
170 1440 1
171 428 1
171 1292 1
171 1296 1
171 1495 1
171 1651 1
171 1837 1
171 1895 1
172 212 1
172 868 1
172 1765 1
172 1851 1
173 57 1
173 325 1
173 715 1
173 912 1
173 968 1
173 1003 1
173 1133 1
173 1150 1
173 1253 1
173 1352 1
173 1517 1
173 1758 1
173 1964 1
173 2033 1
174 99 1
174 384 1
174 414 1
174 798 1
174 918 1
174 1019 1
174 1140 1
174 1509 1
174 1655 1
174 1774 1
174 1929 1
175 67 1
175 119 1
175 180 1
175 229 1
175 383 1
175 440 1
175 444 1
175 507 1
175 616 1
175 852 1
175 978 1
175 1297 1
175 1603 1
175 1990 1
176 234 1
176 253 1
176 270 1
176 806 1
176 955 1
176 1015 1
176 1096 1
176 1216 1
176 1416 1
176 1756 1
176 1757 1
176 1874 1
177 243 1
177 334 1
177 545 1
177 550 1
177 564 1
177 814 1
177 910 1
177 1000 1
177 1046 1
177 1077 1
177 1212 1
177 1241 1
177 1459 1
177 1937 1
177 1947 1
178 400 1
178 422 1
178 585 1
178 624 1
178 787 1
178 1141 1
178 1173 1
178 1207 1
178 1420 1
178 1828 1
178 1843 1
178 1978 1
179 65 1
179 104 1
179 262 1
179 574 1
179 1065 1
179 1612 1
180 267 1
180 620 1
180 1305 1
180 1444 1
180 1779 1
181 342 1
181 823 1
181 1276 1
181 1328 1
181 1510 1
181 2024 1
182 108 1
182 489 1
182 1257 1
182 1322 1
182 1776 1
183 125 1
183 1213 1
183 1925 1
184 1622 1
185 789 1
185 819 1
186 392 1
186 894 1
186 1063 1
186 1808 1
187 204 1
187 553 1
187 1407 1
187 1893 1
188 217 1
188 1375 1
188 1411 1
188 1690 1
188 1743 1
189 323 1
189 633 1
189 928 1
189 959 1
189 1035 1
189 1382 1
189 1464 1
189 1537 1
189 1691 1
190 343 1
190 465 1
190 610 1
190 781 1
190 843 1
190 1066 1
190 1102 1
190 1161 1
190 1166 1
190 1199 1
190 1243 1
190 1247 1
190 1278 1
190 1304 1
190 1311 1
190 1315 1
190 1513 1
190 1544 1
190 1653 1
190 1800 1
190 1877 1
190 1879 1
190 1926 1
191 110 1
191 137 1
191 211 1
191 377 1
191 623 1
191 800 1
191 927 1
191 1005 1
191 1131 1
191 1224 1
191 1307 1
191 1518 1
191 1813 1
191 2013 1
192 79 1
192 272 1
192 427 1
192 461 1
192 681 1
192 751 1
192 871 1
192 961 1
192 1068 1
192 1145 1
192 1182 1
192 1312 1
192 1318 1
192 1562 1
192 1593 1
192 1670 1
192 1677 1
193 157 1
193 214 1
193 336 1
193 539 1
193 602 1
193 661 1
193 833 1
193 994 1
193 1103 1
193 1419 1
193 1430 1
193 1511 1
193 1654 1
193 1697 1
193 2031 1
194 188 1
194 324 1
194 358 1
194 509 1
194 528 1
194 634 1
194 841 1
194 876 1
194 972 1
194 1079 1
194 1226 1
194 1299 1
194 1335 1
194 1355 1
194 1385 1
194 1434 1
194 1534 1
194 1639 1
194 1641 1
194 1657 1
194 1686 1
194 1693 1
194 1700 1
194 1719 1
194 1769 1
194 1883 1
194 1953 1
194 2028 1
195 80 1
195 152 1
195 198 1
195 230 1
195 314 1
195 315 1
195 355 1
195 504 1
195 693 1
195 1392 1
195 1523 1
195 1600 1
195 1713 1
195 1849 1
195 1882 1
196 664 1
196 706 1
196 1057 1
196 2007 1
197 939 1
197 1614 1
197 1993 1
197 2034 1
198 49 1
198 844 1
198 1041 1
199 53 1
199 245 1
199 1159 1
199 1617 1
199 1886 1
200 997 1
200 2025 1
201 189 1
201 778 1
201 1365 1
201 1958 1
203 241 1
203 432 1
203 1083 1
203 1264 1
204 838 1
204 1685 1
204 1718 1
204 1804 1
205 123 1
205 483 1
205 612 1
205 897 1
205 1194 1
205 1527 1
206 382 1
206 857 1
206 861 1
206 975 1
206 1069 1
206 1359 1
206 1455 1
206 1585 1
206 1965 1
207 112 1
207 131 1
207 399 1
207 503 1
207 532 1
207 728 1
207 1012 1
207 1106 1
207 1263 1
207 1303 1
207 1629 1
207 1630 1
207 1647 1
207 1767 1
207 1864 1
207 1919 1
208 44 1
208 103 1
208 135 1
208 146 1
208 233 1
208 692 1
208 774 1
208 818 1
208 855 1
208 956 1
208 990 1
208 1028 1
208 1124 1
208 1193 1
208 1222 1
208 1370 1
208 1478 1
208 1484 1
208 1616 1
208 1783 1
208 1865 1
209 385 1
209 727 1
209 768 1
209 842 1
209 880 1
209 1169 1
209 1388 1
209 1408 1
209 1522 1
209 1604 1
209 1753 1
209 1760 1
209 1782 1
209 1858 1
209 2000 1
209 2040 1
210 101 1
210 256 1
210 263 1
210 330 1
210 425 1
210 429 1
210 511 1
210 1024 1
210 1043 1
210 1048 1
210 1270 1
210 1636 1
210 1805 1
210 1820 1
210 1823 1
211 96 1
211 118 1
211 672 1
211 902 1
211 991 1
211 1002 1
211 1324 1
211 1615 1
211 1635 1
211 1833 1
211 2010 1
212 255 1
212 430 1
212 494 1
212 572 1
212 603 1
212 735 1
212 985 1
212 989 1
212 1337 1
212 1538 1
212 1576 1
212 1620 1
212 1850 1
213 237 1
213 1038 1
213 1200 1
214 111 1
214 1084 1
214 1175 1
214 1446 1
214 1715 1
214 1870 1
215 686 1
215 980 1
215 1192 1
215 1968 1
215 2001 1
216 950 1
216 1047 1
216 1109 1
217 368 1
217 645 1
218 523 1
219 718 1
219 1708 1
221 346 1
221 1149 1
222 114 1
222 268 1
222 360 1
222 434 1
222 544 1
222 1001 1
222 1072 1
222 1130 1
222 1334 1
222 1448 1
222 1656 1
223 93 1
223 132 1
223 191 1
223 264 1
223 380 1
223 487 1
223 650 1
223 826 1
223 1006 1
223 1042 1
223 1208 1
223 1225 1
223 1422 1
223 1461 1
223 1939 1
224 75 1
224 143 1
224 303 1
224 514 1
224 647 1
224 737 1
224 831 1
224 914 1
224 1236 1
224 1507 1
224 1826 1
224 1984 1
224 2006 1
224 2032 1
224 2035 1
225 250 1
225 381 1
225 594 1
225 710 1
225 1113 1
225 1136 1
225 1183 1
225 1281 1
225 1402 1
225 1584 1
225 1610 1
225 1722 1
225 1768 1
225 1847 1
225 2042 1
226 240 1
226 302 1
226 940 1
226 1026 1
226 1294 1
226 1490 1
226 1663 1
226 1689 1
226 1755 1
226 1801 1
226 1869 1
226 1921 1
227 54 1
227 170 1
227 185 1
227 300 1
227 361 1
227 398 1
227 443 1
227 480 1
227 548 1
227 635 1
227 744 1
227 808 1
227 930 1
227 967 1
227 987 1
227 1090 1
227 1214 1
227 1516 1
227 1596 1
227 1652 1
228 113 1
228 709 1
228 906 1
228 995 1
228 1156 1
228 1333 1
228 1553 1
228 1762 1
229 42 1
229 777 1
229 932 1
229 1025 1
229 1229 1
229 1941 1
229 1987 1
230 403 1
230 1290 1
230 1368 1
230 1736 1
231 173 1
231 174 1
231 482 1
231 720 1
231 899 1
232 984 1
232 1039 1
232 1648 1
234 846 1
234 1594 1
234 1793 1
234 1913 1
235 652 1
235 738 1
236 2020 1
237 397 1
237 631 1
238 587 1
238 1555 1
239 265 1
239 716 1
239 934 1
239 1016 1
239 1174 1
239 1195 1
239 1373 1
239 1579 1
239 1729 1
239 1738 1
239 1740 1
240 386 1
240 520 1
240 527 1
240 535 1
240 601 1
240 670 1
240 921 1
240 1185 1
240 1196 1
240 1246 1
240 1314 1
240 1435 1
240 1487 1
240 1494 1
240 1574 1
240 1586 1
240 1763 1
241 83 1
241 92 1
241 109 1
241 310 1
241 452 1
241 460 1
241 714 1
241 803 1
241 807 1
241 870 1
241 1036 1
241 1137 1
241 1258 1
241 1262 1
241 1642 1
242 121 1
242 138 1
242 340 1
242 408 1
242 593 1
242 639 1
242 696 1
242 799 1
242 1152 1
242 1201 1
242 1302 1
242 1380 1
242 1437 1
242 1468 1
242 1580 1
242 1619 1
242 1744 1
242 1812 1
242 1866 1
242 1933 1
242 1957 1
243 335 1
243 409 1
243 417 1
243 496 1
243 519 1
243 521 1
243 582 1
243 658 1
243 830 1
243 1093 1
243 1104 1
243 1390 1
243 1810 1
243 1827 1
244 215 1
244 239 1
244 316 1
244 869 1
244 872 1
244 948 1
244 1268 1
244 1282 1
244 1283 1
244 1505 1
244 1684 1
244 1701 1
244 1792 1
244 2012 1
244 2022 1
245 203 1
245 333 1
245 557 1
245 850 1
245 929 1
245 1184 1
245 1353 1
245 1377 1
245 1872 1
245 2043 1
246 127 1
246 556 1
246 570 1
246 770 1
246 1227 1
246 1346 1
246 1376 1
246 1578 1
246 1819 1
247 433 1
247 463 1
247 666 1
247 667 1
247 764 1
247 796 1
247 924 1
247 999 1
247 1361 1
247 1835 1
247 2021 1
248 246 1
248 476 1
248 567 1
248 1339 1
248 1590 1
249 68 1
249 193 1
249 410 1
249 724 1
249 1671 1
249 1911 1
250 1279 1
250 1349 1
251 506 1
251 810 1
251 1078 1
252 134 1
252 223 1
252 1129 1
253 43 1
253 1163 1
254 736 1
254 1115 1
254 1186 1
254 1922 1
255 282 1
255 580 1
255 1474 1
256 261 1
256 363 1
256 372 1
256 755 1
256 794 1
256 854 1
256 1565 1
256 1634 1
256 1706 1
256 1746 1
257 115 1
257 578 1
257 595 1
257 665 1
257 1211 1
257 1300 1
257 1665 1
257 1787 1
257 1856 1
257 2014 1
258 145 1
258 158 1
258 354 1
258 643 1
258 909 1
258 1250 1
258 1316 1
258 1332 1
258 1372 1
258 1394 1
258 1425 1
258 1475 1
258 1483 1
258 1488 1
258 1536 1
258 1766 1
258 1791 1
258 1794 1
258 1818 1
258 1834 1
258 1838 1
258 2026 1
259 176 1
259 286 1
259 299 1
259 376 1
259 524 1
259 653 1
259 856 1
259 1439 1
259 1520 1
259 1621 1
259 1781 1
259 1898 1
260 201 1
260 283 1
260 293 1
260 450 1
260 790 1
260 811 1
260 1004 1
260 1098 1
260 1386 1
260 1599 1
260 1607 1
260 1644 1
260 1726 1
260 1761 1
261 85 1
261 155 1
261 274 1
261 297 1
261 357 1
261 552 1
261 888 1
261 904 1
261 958 1
261 1151 1
261 1301 1
261 1317 1
261 1673 1
261 1695 1
261 1796 1
261 2003 1
262 937 1
262 1126 1
262 1723 1
262 1854 1
262 1880 1
263 207 1
263 225 1
263 560 1
263 630 1
263 679 1
263 801 1
263 908 1
263 1171 1
263 1232 1
263 1548 1
263 1709 1
264 202 1
264 526 1
264 1037 1
264 1044 1
264 1868 1
264 1942 1
265 1215 1
265 1239 1
265 1470 1
265 1836 1
266 960 1
268 1721 1
268 1905 1
269 451 1
269 1095 1
270 464 1
270 712 1
270 1384 1
271 1147 1
271 1989 1
272 349 1
272 540 1
272 705 1
272 893 1
272 979 1
272 1597 1
273 405 1
273 490 1
273 575 1
273 656 1
273 1462 1
273 1650 1
274 165 1
274 589 1
274 641 1
274 748 1
274 752 1
274 832 1
274 922 1
274 1218 1
274 1367 1
274 1640 1
274 1683 1
274 1889 1
275 695 1
275 911 1
275 1188 1
275 1252 1
275 1552 1
275 1658 1
275 1676 1
275 1716 1
275 1846 1
275 1948 1
276 102 1
276 216 1
276 296 1
276 508 1
276 512 1
276 542 1
276 555 1
276 563 1
276 1033 1
276 1956 1
276 1973 1
276 1980 1
277 423 1
277 486 1
277 531 1
277 746 1
277 797 1
277 923 1
277 943 1
277 1256 1
277 1309 1
277 1770 1
277 1927 1
277 1976 1
277 1988 1
278 244 1
278 815 1
278 1089 1
278 1331 1
278 1340 1
278 1531 1
278 1945 1
279 144 1
279 497 1
279 663 1
279 1032 1
279 1342 1
279 1592 1
279 1943 1
280 754 1
280 988 1
280 1167 1
280 1862 1
281 469 1
281 607 1
281 1111 1
281 1378 1
281 1442 1
282 318 1
282 1181 1
282 1261 1
283 407 1
283 1088 1
283 1288 1
284 164 1
284 1519 1
285 1668 1
286 969 1
286 1598 1
287 64 1
287 213 1
288 772 1
288 1022 1
288 1500 1
289 707 1
289 730 1
289 1059 1
289 1073 1
289 1409 1
289 1508 1
289 1560 1
289 1669 1
289 1672 1
290 124 1
290 190 1
290 269 1
290 441 1
290 827 1
290 1374 1
290 1503 1
290 1731 1
291 61 1
291 322 1
291 576 1
291 708 1
291 726 1
291 750 1
291 784 1
291 973 1
291 1110 1
291 1128 1
291 1397 1
291 1398 1
291 1915 1
291 1967 1
291 2011 1
292 195 1
292 440 1
292 481 1
292 619 1
292 669 1
292 694 1
292 835 1
292 853 1
292 1060 1
292 1138 1
292 1499 1
292 1840 1
292 1914 1
292 1954 1
293 391 1
293 655 1
293 698 1
293 731 1
293 863 1
293 1053 1
293 1235 1
293 1286 1
293 1463 1
293 1467 1
293 1492 1
293 1591 1
293 1606 1
293 1609 1
293 1659 1
293 1824 1
293 1829 1
293 1892 1
293 2008 1
294 222 1
294 275 1
294 660 1
294 740 1
294 758 1
294 805 1
294 974 1
294 976 1
294 1308 1
294 1325 1
294 1327 1
294 1421 1
294 1427 1
294 1450 1
294 1754 1
294 1873 1
294 1897 1
294 1970 1
295 205 1
295 212 1
295 228 1
295 254 1
295 584 1
295 1070 1
295 1091 1
295 1245 1
295 1267 1
295 1341 1
295 1424 1
295 1533 1
295 1735 1
295 1737 1
296 72 1
296 97 1
296 625 1
296 711 1
296 775 1
296 1254 1
296 1477 1
296 1666 1
296 1924 1
296 2016 1
297 82 1
297 271 1
297 597 1
297 697 1
297 1067 1
298 206 1
298 1144 1
298 1822 1
298 1910 1
299 1343 1
300 1417 1
300 1752 1
300 1891 1
301 1350 1
301 1907 1
302 472 1
302 1219 1
302 1589 1
303 364 1
303 1602 1
304 954 1
304 1154 1
304 1605 1
305 448 1
305 598 1
305 1117 1
305 1210 1
305 1698 1
306 294 1
306 644 1
306 1289 1
306 1436 1
306 1561 1
306 1732 1
306 1809 1
307 48 1
307 107 1
307 459 1
307 466 1
307 721 1
307 767 1
307 933 1
307 982 1
307 1237 1
307 1266 1
307 1389 1
307 1413 1
307 1415 1
308 63 1
308 87 1
308 129 1
308 181 1
308 257 1
308 436 1
308 445 1
308 456 1
308 534 1
308 622 1
308 678 1
308 757 1
308 825 1
308 966 1
308 1040 1
308 1177 1
308 1255 1
308 1277 1
308 1338 1
308 1502 1
308 1529 1
308 1688 1
308 1742 1
308 1839 1
308 1996 1
308 1998 1
308 1999 1
309 23 1
309 51 1
309 136 1
309 175 1
309 196 1
309 281 1
309 306 1
309 462 1
309 606 1
309 883 1
309 920 1
309 942 1
309 1030 1
309 1120 1
309 1123 1
309 1228 1
309 1323 1
309 1366 1
309 1423 1
309 1493 1
309 1563 1
309 1575 1
309 1608 1
309 1702 1
309 1906 1
309 1951 1
309 1991 1
310 22 1
310 139 1
310 285 1
310 311 1
310 320 1
310 362 1
310 447 1
310 510 1
310 604 1
310 637 1
310 873 1
310 965 1
310 971 1
310 1021 1
310 1086 1
310 1100 1
310 1112 1
310 1344 1
310 1360 1
310 1472 1
310 1514 1
310 1559 1
310 1661 1
310 1764 1
310 1797 1
310 1975 1
310 1983 1
311 90 1
311 160 1
311 344 1
311 356 1
311 394 1
311 703 1
311 917 1
311 1694 1
311 1714 1
311 1730 1
312 192 1
312 415 1
312 517 1
312 632 1
312 793 1
312 828 1
312 1399 1
312 1458 1
312 1747 1
312 2041 1
313 331 1
313 435 1
313 719 1
313 1014 1
313 1298 1
313 1379 1
314 492 1
314 671 1
314 849 1
314 879 1
314 1269 1
314 1351 1
314 1558 1
314 1802 1
314 1848 1
315 141 1
315 248 1
315 638 1
315 895 1
315 1506 1
316 605 1
316 788 1
316 1240 1
317 468 1
317 673 1
317 1696 1
317 1842 1
318 421 1
318 996 1
321 186 1
321 615 1
321 773 1
321 786 1
321 1172 1
322 845 1
322 898 1
322 1105 1
322 1234 1
322 1406 1
322 1899 1
322 1994 1
323 179 1
323 290 1
323 371 1
323 590 1
323 1064 1
323 1135 1
323 1485 1
323 1545 1
323 1681 1
323 1936 1
323 1974 1
324 69 1
324 84 1
324 458 1
324 522 1
324 554 1
324 573 1
324 640 1
324 742 1
324 792 1
324 1082 1
324 1486 1
324 1682 1
324 1860 1
324 1890 1
324 1950 1
325 89 1
325 200 1
325 251 1
325 276 1
325 317 1
325 395 1
325 618 1
325 759 1
325 907 1
325 936 1
325 1051 1
325 1143 1
325 1155 1
325 1404 1
325 1525 1
325 1595 1
325 2044 1
326 161 1
326 183 1
326 279 1
326 351 1
326 366 1
326 369 1
326 592 1
326 836 1
326 1055 1
326 1321 1
326 1396 1
326 1725 1
326 1896 1
326 1900 1
326 1955 1
326 2005 1
326 2046 1
327 88 1
327 287 1
327 321 1
327 350 1
327 473 1
327 488 1
327 882 1
327 949 1
327 1029 1
327 1087 1
327 1180 1
327 1265 1
327 1479 1
327 1480 1
327 1778 1
327 1928 1
328 197 1
328 278 1
328 931 1
328 938 1
328 983 1
328 1285 1
328 1313 1
328 1554 1
328 1940 1
329 280 1
329 359 1
329 406 1
329 416 1
329 682 1
329 687 1
329 964 1
329 1011 1
329 1410 1
329 1521 1
329 1556 1
329 1720 1
329 2036 1
330 166 1
330 878 1
330 1412 1
330 1821 1
330 1901 1
331 674 1
331 1176 1
331 1902 1
331 1920 1
332 1960 1
333 809 1
333 1904 1
334 319 1
334 1007 1
335 614 1
336 291 1
336 1094 1
336 1433 1
337 329 1
337 865 1
337 1134 1
337 1233 1
338 210 1
338 479 1
338 944 1
339 182 1
339 683 1
339 684 1
339 812 1
339 884 1
339 1532 1
340 70 1
340 78 1
340 235 1
340 284 1
340 502 1
340 611 1
340 763 1
340 970 1
340 1345 1
340 1363 1
340 1772 1
340 1887 1
341 60 1
341 62 1
341 227 1
341 515 1
341 558 1
341 561 1
341 569 1
341 729 1
341 1125 1
341 1329 1
341 1428 1
341 1546 1
341 1581 1
341 1625 1
341 1638 1
341 1748 1
341 1799 1
341 1909 1
341 1952 1
342 231 1
342 370 1
342 424 1
342 470 1
342 484 1
342 485 1
342 543 1
342 546 1
342 733 1
342 739 1
342 745 1
342 762 1
342 782 1
342 820 1
342 1209 1
342 1348 1
342 1454 1
342 1497 1
342 1710 1
342 1814 1
342 1982 1
342 2009 1
343 219 1
343 236 1
343 289 1
343 378 1
343 586 1
343 749 1
343 885 1
343 952 1
343 1050 1
343 1097 1
343 1401 1
343 1577 1
344 659 1
344 862 1
344 1107 1
344 1405 1
344 1489 1
344 1566 1
344 2019 1
345 529 1
345 1197 1
345 1260 1
345 1535 1
346 105 1
346 189 1
346 301 1
346 467 1
346 774 1
346 1204 1
346 1336 1
346 1611 1
347 208 1
347 851 1
347 874 1
347 1733 1
348 56 1
348 629 1
348 2004 1
349 963 1
349 1118 1
349 1162 1
349 1416 1
349 1785 1
350 1469 1
351 549 1
351 568 1
351 1369 1
352 701 1
352 1114 1
352 1977 1
353 1092 1
353 1727 1
354 525 1
354 1481 1
355 221 1
355 309 1
355 312 1
355 1020 1
355 1249 1
355 1567 1
355 1749 1
356 86 1
356 94 1
356 402 1
356 491 1
356 766 1
356 839 1
356 1187 1
356 1524 1
356 1542 1
356 1759 1
356 1852 1
356 2017 1
357 47 1
357 259 1
357 373 1
357 478 1
357 609 1
357 685 1
357 780 1
357 1274 1
357 1284 1
357 1347 1
357 2030 1
358 50 1
358 304 1
358 307 1
358 471 1
358 1164 1
358 1168 1
358 1547 1
358 1739 1
358 1786 1
358 1795 1
358 1861 1
358 1938 1
359 122 1
359 262 1
359 700 1
359 753 1
359 887 1
359 998 1
359 1101 1
359 1165 1
359 1963 1
359 1985 1
360 76 1
360 253 1
360 431 1
360 627 1
360 1202 1
360 1296 1
360 1330 1
360 1381 1
360 1482 1
360 1551 1
360 1569 1
360 1664 1
361 337 1
361 824 1
361 1191 1
361 1217 1
361 1357 1
361 1473 1
361 1692 1
361 1832 1
362 475 1
362 896 1
362 1179 1
362 2047 1
363 365 1
363 676 1
363 727 1
363 847 1
363 876 1
363 1429 1
363 1498 1
363 1550 1
363 1616 1
363 1867 1
363 1992 1
364 250 1
364 547 1
364 837 1
365 791 1
365 986 1
365 1995 1
366 120 1
366 258 1
366 390 1
366 1515 1
366 1961 1
367 140 1
367 945 1
367 1383 1
367 2002 1
368 418 1
368 903 1
368 947 1
368 1811 1
369 313 1
369 1471 1
369 1775 1
369 2023 1
370 411 1
370 668 1
370 905 1
370 1190 1
370 1476 1
370 1512 1
371 1023 1
371 1908 1
372 3 1
372 642 1
372 760 1
372 1008 1
372 1807 1
372 1903 1
373 295 1
373 428 1
373 559 1
373 891 1
373 1624 1
374 513 1
374 571 1
374 785 1
374 892 1
374 1116 1
374 1119 1
374 1205 1
374 1206 1
374 1216 1
374 1241 1
374 1306 1
374 1356 1
374 1358 1
374 1387 1
374 1699 1
374 1790 1
375 538 1
375 713 1
375 715 1
375 1157 1
375 1393 1
375 1438 1
375 1734 1
375 1917 1
375 1972 1
375 2028 1
376 66 1
376 741 1
376 1969 1
377 194 1
377 536 1
377 541 1
377 680 1
377 795 1
377 981 1
377 1049 1
377 1062 1
377 1127 1
377 1293 1
377 1628 1
377 1679 1
377 1685 1
377 1831 1
378 267 1
378 422 1
378 477 1
378 588 1
378 675 1
378 1395 1
378 1495 1
378 1881 1
379 169 1
379 499 1
379 523 1
379 957 1
379 962 1
379 1024 1
379 1352 1
379 1539 1
379 1544 1
379 1627 1
379 1857 1
380 1390 1
380 1934 1
380 1944 1
381 133 1
381 272 1
381 396 1
381 1230 1
381 1322 1
381 1464 1
382 848 1
382 897 1
382 1678 1
382 1912 1
383 12 1
383 15 1
383 577 1
383 704 1
383 919 1
384 1491 1
384 1704 1
385 149 1
385 689 1
385 1326 1
386 167 1
386 1633 1
387 277 1
387 783 1
387 959 1
387 1074 1
387 1643 1
387 1876 1
388 493 1
388 953 1
388 1693 1
389 613 1
389 1238 1
389 1674 1
390 1273 1
390 1371 1
390 1516 1
390 1707 1
390 1859 1
391 218 1
391 871 1
391 1018 1
391 1132 1
391 1146 1
391 1220 1
391 1863 1
392 148 1
392 292 1
392 1057 1
392 1071 1
392 1166 1
392 1649 1
392 1660 1
392 1745 1
392 1979 1
392 2025 1
393 583 1
393 657 1
393 743 1
393 777 1
393 1075 1
393 1081 1
393 1121 1
393 1705 1
393 1768 1
394 108 1
394 142 1
394 288 1
394 375 1
394 693 1
394 702 1
394 867 1
394 868 1
394 889 1
394 1324 1
394 1449 1
394 1549 1
394 1623 1
394 1816 1
394 1855 1
395 242 1
395 635 1
395 1058 1
395 1142 1
395 1251 1
395 1264 1
395 1375 1
395 1528 1
395 1680 1
395 1949 1
396 305 1
396 338 1
396 539 1
396 747 1
396 1061 1
396 1362 1
396 1441 1
396 1825 1
396 1888 1
397 199 1
397 342 1
397 599 1
397 646 1
397 840 1
397 890 1
397 956 1
397 1207 1
397 1456 1
397 1703 1
398 71 1
398 339 1
398 446 1
398 612 1
398 688 1
398 768 1
398 900 1
398 1803 1
398 1844 1
399 35 1
399 241 1
399 374 1
399 1031 1
399 1310 1
400 1526 1
400 1997 1
401 137 1
401 802 1
401 1158 1
401 1564 1
401 1771 1
402 1169 1
403 347 1
403 2024 1
404 1653 1
404 2037 1
405 419 1
405 1054 1
406 65 1
406 234 1
406 398 1
406 603 1
406 1662 1
407 1226 1
407 1978 1
408 180 1
408 551 1
408 1009 1
408 1160 1
408 1419 1
408 1426 1
408 1451 1
408 1817 1
409 617 1
409 654 1
409 732 1
409 902 1
409 1391 1
409 1572 1
409 1826 1
409 1875 1
410 147 1
410 168 1
410 400 1
410 453 1
410 457 1
410 501 1
410 621 1
410 765 1
410 926 1
410 1003 1
410 1006 1
410 1085 1
410 1178 1
410 1276 1
410 1287 1
410 1510 1
410 1582 1
410 1918 1
411 55 1
411 125 1
411 720 1
411 751 1
411 866 1
411 918 1
411 993 1
411 1148 1
411 1518 1
411 1557 1
411 1594 1
411 1767 1
411 1773 1
411 1808 1
411 2018 1
412 104 1
412 131 1
412 574 1
412 769 1
412 800 1
412 804 1
412 946 1
412 1200 1
412 1242 1
412 1537 1
412 1612 1
412 1830 1
412 1894 1
412 1953 1
413 58 1
413 442 1
413 489 1
413 495 1
413 677 1
413 928 1
413 968 1
413 1275 1
413 1303 1
413 1364 1
413 1460 1
413 1527 1
413 1783 1
413 1784 1
413 1841 1
413 1871 1
414 8 1
414 226 1
414 367 1
414 564 1
414 1647 1
414 1689 1
414 1717 1
414 1776 1
415 6 1
415 52 1
415 237 1
415 593 1
415 972 1
415 1231 1
415 1837 1
416 330 1
416 530 1
416 728 1
416 807 1
416 1034 1
416 1045 1
416 1223 1
416 1452 1
416 1629 1
416 1981 1
416 1986 1
417 658 1
417 761 1
417 1170 1
417 1361 1
417 1779 1
418 1052 1
418 1657 1
418 1687 1
419 154 1
419 550 1
419 1224 1
420 437 1
420 438 1
420 1580 1
421 691 1
422 91 1
422 412 1
422 1511 1
423 661 1
423 1447 1
423 1916 1
424 220 1
424 516 1
425 187 1
425 778 1
425 939 1
425 1041 1
425 1820 1
426 162 1
426 198 1
426 444 1
426 454 1
426 500 1
426 1161 1
426 1320 1
426 1444 1
426 1651 1
426 1713 1
426 1926 1
427 151 1
427 439 1
427 528 1
427 662 1
427 722 1
427 776 1
427 859 1
427 987 1
427 1010 1
427 1263 1
427 1411 1
427 1437 1
427 1517 1
427 1798 1
427 1962 1
427 2014 1
428 114 1
428 341 1
428 581 1
428 913 1
428 961 1
428 1036 1
428 1304 1
428 1319 1
428 1349 1
428 1430 1
428 1459 1
428 1465 1
428 1484 1
428 1583 1
428 1728 1
428 1879 1
428 1886 1
429 336 1
429 345 1
429 455 1
429 624 1
429 651 1
429 886 1
429 1248 1
429 1250 1
429 1299 1
429 1354 1
430 172 1
430 224 1
430 232 1
430 260 1
430 608 1
430 626 1
430 718 1
430 843 1
430 858 1
430 992 1
430 1543 1
430 1780 1
430 1838 1
430 2029 1
430 2031 1
431 128 1
431 533 1
431 756 1
431 1076 1
431 1365 1
431 1683 1
431 1880 1
431 1932 1
432 81 1
432 460 1
432 930 1
432 1133 1
432 1213 1
432 1541 1
432 1641 1
432 1788 1
432 1973 1
432 2013 1
433 334 1
433 343 1
433 537 1
433 553 1
433 937 1
433 1120 1
433 1540 1
433 1756 1
434 298 1
434 509 1
434 723 1
434 877 1
434 912 1
434 1145 1
434 1562 1
435 620 1
435 1442 1
436 579 1
436 1013 1
436 1418 1
436 1445 1
436 1750 1
437 204 1
437 1530 1
437 1843 1
438 268 1
438 1318 1
440 1066 1
440 1758 1
441 46 1
441 519 1
441 602 1
441 1080 1
441 1139 1
441 1259 1
442 53 1
442 119 1
442 270 1
442 664 1
442 921 1
442 1077 1
442 1621 1
442 1878 1
443 42 1
443 95 1
443 174 1
443 490 1
443 503 1
443 1047 1
443 1295 1
443 1751 1
443 1971 1
443 2027 1
444 73 1
444 98 1
444 106 1
444 117 1
444 315 1
444 323 1
444 327 1
444 449 1
444 461 1
444 799 1
444 806 1
444 813 1
444 1038 1
444 1096 1
444 1297 1
444 1315 1
444 1736 1
444 1765 1
444 1777 1
444 1806 1
444 1923 1
444 1947 1
444 2048 1
445 163 1
445 178 1
445 357 1
445 405 1
445 518 1
445 737 1
445 771 1
445 844 1
445 880 1
445 901 1
445 977 1
445 1098 1
445 1140 1
445 1141 1
445 1613 1
445 1690 1
445 2039 1
446 123 1
446 191 1
446 355 1
446 596 1
446 1017 1
446 1244 1
446 1257 1
446 1311 1
446 1386 1
446 1501 1
446 1504 1
446 1587 1
446 1885 1
446 2038 1
447 57 1
447 209 1
447 211 1
447 222 1
447 476 1
447 628 1
447 823 1
447 1648 1
447 1815 1
447 1833 1
447 1933 1
447 1965 1
447 2007 1
448 229 1
448 255 1
448 399 1
448 585 1
448 927 1
448 1605 1
448 1655 1
448 1675 1
448 1942 1
449 303 1
449 333 1
449 570 1
449 591 1
449 648 1
449 1042 1
449 1373 1
449 1385 1
449 2032 1
450 25 1
450 217 1
450 838 1
450 915 1
450 1102 1
450 1194 1
450 1203 1
450 1291 1
450 1534 1
450 1571 1
450 1600 1
450 1601 1
450 1941 1
451 150 1
451 266 1
451 332 1
451 869 1
451 1618 1
451 1913 1
452 1156 1
452 1762 1
452 2003 1
453 1019 1
453 1103 1
454 225 1
455 916 1
455 1025 1
455 1335 1
455 1729 1
456 44 1
457 1278 1
458 875 1
458 1282 1
458 1513 1
459 32 1
459 247 1
459 249 1
459 465 1
459 487 1
459 634 1
459 717 1
459 787 1
459 833 1
459 1196 1
459 1993 1
459 2001 1
460 483 1
460 990 1
460 1027 1
460 1028 1
460 1376 1
460 1403 1
460 1708 1
460 1753 1
460 1823 1
460 1882 1
460 1959 1
461 79 1
461 152 1
461 214 1
461 310 1
461 451 1
461 881 1
461 925 1
461 1108 1
461 1198 1
461 1283 1
461 1400 1
461 1432 1
461 1620 1
461 1670 1
461 1700 1
461 1819 1
461 1895 1
461 2045 1
462 153 1
462 645 1
462 655 1
462 734 1
462 752 1
462 1000 1
462 1088 1
462 1175 1
462 1221 1
462 1243 1
462 1420 1
462 1434 1
462 1446 1
462 1457 1
462 1684 1
462 1724 1
462 1741 1
462 1864 1
462 2012 1
463 243 1
463 265 1
463 328 1
463 358 1
463 414 1
463 605 1
463 940 1
463 1043 1
463 1370 1
463 1509 1
463 1523 1
463 1615 1
463 1631 1
463 1883 1
464 273 1
464 325 1
464 1124 1
464 1126 1
464 1355 1
464 1715 1
464 1935 1
465 11 1
465 233 1
465 372 1
465 1084 1
465 1911 1
466 80 1
466 118 1
466 170 1
466 427 1
466 636 1
466 1091 1
466 1359 1
466 1893 1
467 1368 1
467 1614 1
467 1622 1
467 1869 1
467 1874 1
468 597 1
468 1183 1
468 1818 1
469 535 1
469 1044 1
469 1079 1
470 1302 1
471 348 1
471 498 1
471 1083 1
472 316 1
472 387 1
472 552 1
473 145 1
473 335 1
474 252 1
474 649 1
474 1494 1
475 134 1
475 505 1
475 610 1
475 1222 1
475 1307 1
475 1431 1
475 2022 1
476 4 1
476 74 1
476 132 1
476 184 1
476 363 1
476 385 1
476 811 1
476 989 1
476 1039 1
476 1122 1
476 1149 1
476 1173 1
476 1272 1
476 1328 1
476 1339 1
476 1372 1
476 1440 1
476 1490 1
476 1574 1
476 1761 1
477 13 1
477 130 1
477 135 1
477 185 1
477 245 1
477 256 1
477 392 1
477 450 1
477 631 1
477 692 1
477 798 1
477 929 1
477 1072 1
477 1588 1
477 1673 1
477 1930 1
477 1931 1
477 2043 1
478 37 1
478 144 1
478 173 1
478 177 1
478 340 1
478 376 1
478 408 1
478 511 1
478 578 1
478 656 1
478 829 1
478 842 1
478 1014 1
478 1089 1
478 1174 1
478 1229 1
478 1239 1
478 1392 1
478 1760 1
478 1792 1
478 1870 1
478 1915 1
479 739 1
479 821 1
479 834 1
479 932 1
479 935 1
479 1281 1
479 1290 1
479 1496 1
479 1652 1
479 1849 1
480 103 1
480 193 1
480 263 1
480 346 1
480 410 1
480 494 1
480 594 1
480 714 1
480 822 1
480 898 1
480 1151 1
480 1316 1
480 1407 1
480 1478 1
480 1565 1
480 1706 1
481 110 1
481 138 1
481 264 1
481 302 1
481 864 1
481 1555 1
481 1697 1
481 1757 1
482 384 1
482 531 1
482 754 1
482 1070 1
482 1147 1
482 1929 1
482 1956 1
483 826 1
483 1138 1
483 1397 1
483 1499 1
484 857 1
484 1439 1
484 1578 1
484 1650 1
486 380 1
487 1040 1
487 1966 1
488 102 1
488 1262 1
489 101 1
489 532 1
489 542 1
489 910 1
489 1988 1
490 126 1
490 666 1
490 1617 1
490 1851 1
490 1921 1
491 100 1
491 393 1
491 686 1
491 817 1
491 1056 1
491 1236 1
491 1603 1
491 1639 1
491 1789 1
492 282 1
492 286 1
492 401 1
492 508 1
492 699 1
492 984 1
492 1136 1
492 1466 1
492 1502 1
492 1722 1
492 2006 1
493 215 1
493 308 1
493 404 1
493 425 1
493 650 1
493 943 1
493 1162 1
493 1334 1
493 1340 1
493 1461 1
493 1570 1
493 1585 1
493 1691 1
493 1709 1
493 1813 1
493 1957 1
493 1999 1
493 2016 1
493 2035 1
494 326 1
494 407 1
494 544 1
494 1046 1
494 1100 1
494 1150 1
494 1163 1
494 1184 1
494 1208 1
494 1227 1
494 1394 1
494 1448 1
494 1497 1
494 1554 1
494 1853 1
494 1865 1
494 1897 1
494 1964 1
494 1968 1
494 1980 1
495 43 1
495 54 1
495 111 1
495 143 1
495 146 1
495 388 1
495 582 1
495 633 1
495 672 1
495 816 1
495 819 1
495 832 1
495 855 1
495 1455 1
495 1593 1
495 1884 1
496 556 1
496 566 1
496 587 1
496 893 1
496 1015 1
496 1093 1
496 1604 1
496 1905 1
496 1914 1
496 1945 1
497 201 1
497 725 1
497 803 1
497 934 1
497 1048 1
497 1090 1
497 1185 1
498 92 1
498 155 1
498 565 1
498 790 1
498 906 1
498 1063 1
498 1199 1
498 1201 1
498 1253 1
498 1632 1
498 1656 1
499 157 1
499 797 1
499 1268 1
500 426 1
500 430 1
500 540 1
500 862 1
500 1711 1
501 171 1
501 1791 1
502 360 1
502 808 1
502 1975 1
503 1522 1
503 1946 1
504 507 1
504 1137 1
505 527 1
505 991 1
506 107 1
506 481 1
506 504 1
506 849 1
506 1505 1
506 1990 1
507 240 1
507 757 1
507 1106 1
507 1186 1
507 1958 1
508 239 1
508 246 1
508 417 1
508 433 1
508 667 1
508 716 1
508 1271 1
508 1341 1
508 1380 1
508 1644 1
509 296 1
509 354 1
509 584 1
509 652 1
509 696 1
509 744 1
509 955 1
509 974 1
509 1004 1
509 1065 1
509 1195 1
509 1292 1
509 1584 1
509 1625 1
509 1743 1
509 1805 1
509 1925 1
510 238 1
510 306 1
510 434 1
510 665 1
510 784 1
510 894 1
510 1117 1
510 1353 1
510 1414 1
510 1764 1
510 1868 1
510 1996 1
511 160 1
511 601 1
511 895 1
511 967 1
511 1078 1
511 1536 1
511 1573 1
511 1827 1
511 1858 1
511 2042 1
512 127 1
512 285 1
512 606 1
512 653 1
512 1016 1
512 1129 1
512 1228 1
512 1412 1
512 1718 1
512 1801 1
512 1877 1
513 545 1
513 555 1
513 831 1
513 1012 1
513 1333 1
513 1352 1
513 1701 1
513 1755 1
513 1898 1
513 1943 1
513 2020 1
513 2026 1
514 314 1
514 443 1
514 994 1
515 115 1
515 463 1
515 482 1
515 1212 1
515 1671 1
515 1907 1
516 1545 1
517 116 1
517 261 1
517 474 1
517 1159 1
517 1672 1
517 1812 1
518 471 1
519 854 1
520 1483 1
520 1553 1
521 1634 1
522 1069 1
523 409 1
523 736 1
523 985 1
523 1408 1
523 1766 1
524 274 1
524 573 1
524 794 1
524 922 1
524 958 1
524 979 1
524 1026 1
524 1312 1
524 1663 1
524 1686 1
525 59 1
525 176 1
525 524 1
525 616 1
525 679 1
525 730 1
525 1033 1
525 1035 1
525 1068 1
525 1115 1
525 1218 1
525 1261 1
525 1626 1
525 1794 1
526 90 1
526 99 1
526 349 1
526 386 1
526 560 1
526 670 1
526 690 1
526 814 1
526 1099 1
526 1171 1
526 1258 1
526 1423 1
526 1427 1
526 1568 1
526 1836 1
527 221 1
527 283 1
527 381 1
527 514 1
527 695 1
527 712 1
527 997 1
527 1030 1
527 1279 1
527 1337 1
527 1531 1
527 1637 1
527 1924 1
527 1938 1
528 293 1
528 452 1
528 520 1
528 647 1
528 708 1
528 835 1
528 1005 1
528 1060 1
528 1433 1
528 1645 1
529 208 1
529 301 1
529 382 1
529 383 1
529 389 1
529 825 1
529 876 1
529 1113 1
529 1749 1
529 1967 1
530 120 1
530 391 1
530 1388 1
530 1810 1
531 567 1
531 671 1
531 1346 1
531 1850 1
532 324 1
532 549 1
532 644 1
532 860 1
532 1402 1
532 1960 1
533 1937 1
534 1927 1
535 350 1
536 68 1
536 959 1
537 941 1
538 841 1
538 856 1
538 1548 1
539 244 1
539 278 1
539 630 1
539 888 1
539 954 1
539 1488 1
539 1646 1
540 17 1
540 26 1
540 109 1
540 158 1
540 189 1
540 294 1
540 361 1
540 395 1
540 850 1
540 948 1
540 1332 1
540 1654 1
541 547 1
541 589 1
541 625 1
541 861 1
541 883 1
541 911 1
541 1011 1
541 1095 1
541 1192 1
541 1193 1
541 1305 1
541 1317 1
541 1421 1
541 1458 1
541 1472 1
541 1492 1
541 1538 1
541 1596 1
541 1635 1
541 1667 1
541 1677 1
541 1702 1
541 1716 1
541 1730 1
541 1735 1
541 1783 1
541 1796 1
542 156 1
542 207 1
542 271 1
542 284 1
542 300 1
542 378 1
542 557 1
542 642 1
542 1176 1
542 1300 1
542 1309 1
542 1406 1
542 1485 1
542 1520 1
542 1525 1
542 1726 1
542 2010 1
543 45 1
543 206 1
543 362 1
543 415 1
543 435 1
543 468 1
543 669 1
543 706 1
543 750 1
543 969 1
543 1191 1
543 1214 1
543 1225 1
543 1237 1
543 1277 1
543 1387 1
543 1450 1
543 1524 1
543 1532 1
543 1586 1
543 1910 1
544 122 1
544 272 1
544 276 1
544 403 1
544 432 1
544 637 1
544 755 1
544 792 1
544 818 1
544 884 1
544 1256 1
544 1266 1
544 1325 1
544 1378 1
544 1746 1
544 1804 1
544 1979 1
544 2002 1
544 2019 1
545 796 1
545 999 1
545 1130 1
545 1342 1
545 1413 1
545 1425 1
545 1463 1
545 1489 1
545 1659 1
545 1665 1
545 1742 1
545 1769 1
545 2005 1
546 202 1
546 512 1
546 568 1
546 663 1
546 810 1
546 851 1
546 1059 1
546 1922 1
546 1987 1
547 20 1
547 1154 1
547 1487 1
548 805 1
548 809 1
548 1579 1
549 480 1
549 618 1
549 623 1
550 1181 1
550 1435 1
551 397 1
552 735 1
552 1389 1
552 1436 1
552 1984 1
553 638 1
553 1481 1
553 1763 1
554 873 1
554 1576 1
554 1719 1
554 1738 1
555 248 1
555 413 1
555 950 1
555 1983 1
556 30 1
556 212 1
556 598 1
556 622 1
556 907 1
556 1377 1
556 1467 1
556 1563 1
556 1610 1
556 1854 1
556 2000 1
557 48 1
557 89 1
557 159 1
557 228 1
557 299 1
557 353 1
557 445 1
557 492 1
557 562 1
557 724 1
557 863 1
557 887 1
557 1109 1
557 1189 1
557 1695 1
557 1714 1
557 1731 1
557 1740 1
557 1873 1
557 1982 1
557 2008 1
558 67 1
558 94 1
558 216 1
558 440 1
558 459 1
558 466 1
558 473 1
558 502 1
558 546 1
558 697 1
558 731 1
558 775 1
558 982 1
558 1002 1
558 1051 1
558 1086 1
558 1449 1
558 1559 1
558 1598 1
558 1800 1
559 141 1
559 164 1
559 181 1
559 188 1
559 772 1
559 828 1
559 978 1
559 1105 1
559 1135 1
559 1247 1
559 1399 1
559 2033 1
559 2046 1
560 121 1
560 133 1
560 779 1
560 853 1
560 1021 1
560 1155 1
560 1274 1
560 1344 1
560 1516 1
560 1611 1
560 1720 1
560 1781 1
560 1872 1
561 27 1
561 93 1
561 175 1
561 269 1
561 365 1
561 448 1
561 830 1
561 1240 1
561 1360 1
561 1379 1
561 1384 1
561 1529 1
561 1535 1
561 1595 1
561 1899 1
561 1901 1
561 1989 1
561 2018 1
562 86 1
562 223 1
562 254 1
562 257 1
562 761 1
562 1123 1
562 1374 1
562 1468 1
562 1551 1
562 1732 1
562 1775 1
562 1867 1
562 2040 1
563 21 1
564 83 1
564 139 1
564 676 1
564 1219 1
564 1699 1
564 1752 1
565 1087 1
565 1197 1
565 1835 1
566 738 1
566 970 1
566 983 1
567 113 1
567 1131 1
567 1848 1
567 1856 1
568 1477 1
569 641 1
570 371 1
570 1889 1
572 297 1
572 311 1
572 517 1
572 629 1
572 726 1
572 781 1
572 852 1
572 1834 1
572 1917 1
573 200 1
573 366 1
573 659 1
573 846 1
573 1331 1
573 1676 1
573 1682 1
573 1840 1
573 2011 1
574 149 1
574 320 1
574 331 1
574 390 1
574 421 1
574 479 1
574 837 1
574 865 1
574 1104 1
574 1110 1
574 1288 1
574 1289 1
574 1500 1
574 1636 1
574 1860 1
574 1920 1
574 1976 1
574 2044 1
575 281 1
575 548 1
575 572 1
575 745 1
575 885 1
575 914 1
575 966 1
575 1053 1
575 1055 1
575 1094 1
576 24 1
576 35 1
576 112 1
576 416 1
576 497 1
576 541 1
576 575 1
576 976 1
576 1071 1
576 1210 1
576 1270 1
576 1475 1
576 1558 1
576 1619 1
576 1797 1
576 1829 1
577 165 1
577 235 1
577 236 1
577 369 1
577 534 1
577 917 1
577 1157 1
577 1251 1
578 31 1
578 379 1
578 394 1
578 522 1
578 683 1
578 701 1
578 1037 1
578 1454 1
578 1802 1
578 2025 1
579 1022 1
579 1127 1
579 1362 1
579 1569 1
579 1846 1
580 525 1
580 980 1
580 1211 1
580 1286 1
580 1519 1
580 1970 1
580 1994 1
581 241 1
581 607 1
581 858 1
581 1550 1
581 1592 1
582 1356 1
582 1382 1
582 1422 1
583 424 1
584 14 1
584 682 1
584 938 1
585 488 1
585 767 1
585 2041 1
586 1073 1
587 506 1
587 678 1
588 96 1
588 259 1
588 924 1
588 949 1
588 998 1
588 1514 1
588 1539 1
589 72 1
589 230 1
589 464 1
589 590 1
589 936 1
589 1058 1
589 1128 1
589 1314 1
589 1847 1
589 2021 1
590 258 1
590 291 1
590 352 1
590 521 1
590 576 1
590 611 1
590 774 1
590 1111 1
590 1327 1
590 1366 1
590 1390 1
590 1405 1
590 1523 1
590 1936 1
591 47 1
591 136 1
591 321 1
591 436 1
591 486 1
591 592 1
591 632 1
591 677 1
591 872 1
591 1245 1
591 1252 1
591 1347 1
591 1409 1
591 1474 1
591 1597 1
591 1707 1
591 1814 1
591 1844 1
591 1904 1
591 1955 1
592 29 1
592 418 1
592 485 1
592 658 1
592 1061 1
592 1152 1
592 1179 1
592 1951 1
593 75 1
593 458 1
593 569 1
593 609 1
593 660 1
593 742 1
593 763 1
593 769 1
593 1032 1
593 1294 1
593 1577 1
593 1608 1
593 1618 1
593 1664 1
593 1821 1
593 1890 1
593 2034 1
594 161 1
594 196 1
594 226 1
594 1188 1
594 1220 1
594 1280 1
594 1350 1
594 1518 1
594 1546 1
594 1679 1
595 85 1
595 367 1
595 536 1
595 878 1
595 988 1
595 1010 1
595 1260 1
595 1301 1
595 1310 1
595 1744 1
595 1786 1
595 1816 1
595 2037 1
596 6 1
596 571 1
596 788 1
596 960 1
596 1950 1
597 467 1
597 674 1
597 1482 1
597 1590 1
597 1977 1
598 770 1
598 886 1
598 1081 1
599 82 1
599 1547 1
600 84 1
600 275 1
600 338 1
600 359 1
601 1896 1
602 129 1
602 1754 1
602 1962 1
603 740 1
604 377 1
604 462 1
604 715 1
604 1944 1
605 49 1
605 186 1
605 538 1
605 748 1
605 789 1
605 1985 1
605 2047 1
606 34 1
606 559 1
606 709 1
606 870 1
606 952 1
606 975 1
606 1143 1
606 1177 1
606 1217 1
606 1415 1
606 1424 1
606 1428 1
606 1521 1
606 1599 1
606 1609 1
606 1688 1
606 1712 1
606 2014 1
606 2036 1
607 290 1
607 624 1
607 703 1
607 845 1
607 908 1
607 971 1
607 1114 1
607 1160 1
607 1471 1
607 1486 1
607 1708 1
607 1778 1
608 194 1
608 368 1
608 472 1
608 516 1
608 760 1
608 780 1
608 801 1
608 1243 1
608 1254 1
608 1255 1
608 1269 1
608 1336 1
608 1348 1
608 1357 1
608 1495 1
608 1544 1
608 1581 1
608 1591 1
608 1606 1
608 1662 1
608 1710 1
608 2022 1
609 60 1
609 493 1
609 551 1
609 681 1
609 944 1
609 1180 1
609 1616 1
609 1683 1
609 1721 1
609 1799 1
609 1886 1
610 50 1
610 470 1
610 543 1
610 626 1
610 741 1
610 785 1
610 848 1
610 903 1
610 1170 1
610 1206 1
610 1296 1
610 1313 1
610 1498 1
610 1566 1
610 1660 1
610 1723 1
610 1948 1
610 2015 1
611 88 1
611 231 1
611 304 1
611 356 1
611 412 1
611 420 1
611 496 1
611 564 1
611 649 1
611 1034 1
611 1393 1
611 1462 1
611 1507 1
612 442 1
612 956 1
612 1187 1
612 1745 1
613 711 1
613 1267 1
613 1345 1
613 1949 1
613 1972 1
614 1020 1
614 1158 1
614 1369 1
614 1768 1
614 1861 1
615 1508 1
616 447 1
616 923 1
618 322 1
619 1464 1
620 203 1
620 295 1
620 764 1
620 1273 1
620 1381 1
621 62 1
621 423 1
621 477 1
621 518 1
621 713 1
621 753 1
621 758 1
621 783 1
621 1144 1
621 1845 1
622 78 1
622 515 1
622 563 1
622 710 1
622 909 1
622 1118 1
622 1298 1
622 1398 1
622 1666 1
623 36 1
623 137 1
623 183 1
623 364 1
623 722 1
623 874 1
623 986 1
623 1125 1
623 1234 1
623 1306 1
623 1322 1
623 1567 1
623 1661 1
623 1737 1
623 1747 1
623 1824 1
623 1839 1
623 1862 1
623 1986 1
624 56 1
624 498 1
624 554 1
624 586 1
624 1001 1
624 1007 1
624 1178 1
624 1285 1
624 1321 1
624 1429 1
624 1624 1
624 1640 1
624 1668 1
624 1680 1
624 1739 1
624 1842 1
624 1881 1
624 1919 1
625 51 1
625 69 1
625 97 1
625 104 1
625 185 1
625 227 1
625 262 1
625 289 1
625 344 1
625 526 1
625 694 1
625 766 1
625 1025 1
625 1062 1
625 1167 1
625 1172 1
625 1257 1
625 1638 1
625 1756 1
625 1831 1
626 287 1
626 313 1
626 411 1
626 561 1
626 604 1
626 619 1
626 727 1
626 812 1
626 839 1
626 1404 1
626 1832 1
626 1838 1
626 1940 1
626 2028 1
627 279 1
627 475 1
627 640 1
627 897 1
627 1074 1
627 1097 1
627 1469 1
627 1770 1
627 1793 1
627 1912 1
627 1974 1
628 614 1
628 795 1
628 1182 1
628 1190 1
628 1233 1
628 1242 1
628 1259 1
628 1443 1
628 1515 1
628 1926 1
628 2023 1
629 70 1
629 328 1
629 530 1
629 558 1
629 613 1
629 1372 1
629 1484 1
629 1510 1
629 1692 1
629 1822 1
629 1952 1
629 2039 1
630 1207 1
630 1308 1
631 1141 1
631 1811 1
632 1857 1
634 1998 1
635 996 1
635 1302 1
636 87 1
637 77 1
637 733 1
638 219 1
638 912 1
638 987 1
638 1165 1
638 1232 1
638 1324 1
638 1363 1
638 1430 1
638 1453 1
638 1658 1
638 1698 1
639 10 1
639 148 1
639 182 1
639 250 1
639 484 1
639 615 1
639 793 1
639 892 1
639 1043 1
639 1067 1
639 1215 1
639 1552 1
639 1887 1
639 1981 1
640 3 1
640 22 1
640 205 1
640 277 1
640 428 1
640 478 1
640 602 1
640 707 1
640 782 1
640 962 1
640 1082 1
640 1116 1
640 1153 1
640 1202 1
640 1209 1
640 1417 1
640 1452 1
640 1696 1
640 1826 1
640 1993 1
640 2013 1
640 2032 1
641 124 1
641 204 1
641 234 1
641 329 1
641 773 1
641 843 1
641 877 1
641 879 1
641 961 1
641 995 1
641 1103 1
641 1476 1
641 1506 1
641 1549 1
641 1582 1
642 242 1
642 270 1
642 318 1
642 374 1
642 577 1
642 820 1
642 964 1
642 1049 1
642 1101 1
642 1713 1
642 1779 1
642 2012 1
643 2 1
643 108 1
643 490 1
643 680 1
643 824 1
643 927 1
643 937 1
643 1085 1
643 1293 1
643 1451 1
643 1533 1
643 1588 1
643 1612 1
643 1771 1
643 1795 1
644 130 1
644 168 1
644 675 1
644 1150 1
644 1893 1
644 2009 1
645 765 1
645 1655 1
646 688 1
646 747 1
646 786 1
646 1029 1
646 1091 1
646 1108 1
646 1447 1
646 1494 1
646 1902 1
647 449 1
647 689 1
647 1166 1
647 1817 1
648 167 1
648 720 1
648 963 1
648 1364 1
648 1473 1
648 1915 1
649 1075 1
650 495 1
650 1501 1
651 1687 1
652 836 1
652 951 1
652 1560 1
652 1589 1
652 1852 1
653 179 1
653 402 1
653 1630 1
653 1774 1
653 1906 1
654 166 1
654 687 1
654 800 1
654 1031 1
654 1678 1
655 151 1
655 422 1
655 627 1
655 705 1
655 965 1
655 1057 1
655 1168 1
655 1265 1
655 1299 1
655 1351 1
655 1437 1
655 1456 1
655 1479 1
655 1607 1
655 1681 1
655 1765 1
655 1787 1
655 1866 1
655 1894 1
656 260 1
656 334 1
656 580 1
656 628 1
656 698 1
656 807 1
656 1213 1
656 1235 1
656 1248 1
656 1441 1
656 1627 1
656 1629 1
656 1685 1
656 1808 1
656 1828 1
656 1883 1
656 1991 1
657 237 1
657 288 1
657 342 1
657 373 1
657 396 1
657 456 1
657 1136 1
657 1249 1
657 1343 1
657 1383 1
657 1395 1
657 1459 1
657 1733 1
657 1748 1
657 1785 1
657 1918 1
658 199 1
658 339 1
658 461 1
658 718 1
658 889 1
658 1008 1
658 1169 1
658 1205 1
658 1318 1
658 1375 1
658 1407 1
658 1602 1
658 1903 1
658 2004 1
658 2038 1
659 8 1
659 28 1
659 131 1
659 152 1
659 153 1
659 197 1
659 220 1
659 401 1
659 439 1
659 446 1
659 509 1
659 729 1
659 746 1
659 921 1
659 1174 1
659 1338 1
659 1564 1
659 1700 1
659 1750 1
660 343 1
660 429 1
660 896 1
660 900 1
660 945 1
660 1023 1
660 1102 1
660 1119 1
660 1223 1
660 1717 1
661 123 1
661 341 1
661 351 1
661 407 1
661 762 1
661 798 1
661 1120 1
661 1236 1
661 1330 1
661 1418 1
661 1790 1
661 2017 1
662 668 1
662 1275 1
662 1319 1
662 1517 1
662 1941 1
663 595 1
663 1767 1
664 913 1
664 1036 1
664 1230 1
664 1276 1
664 1438 1
664 1772 1
664 1851 1
664 1909 1
664 1928 1
665 918 1
665 1556 1
666 651 1
666 721 1
666 1647 1
667 454 1
667 634 1
667 702 1
667 904 1
667 1358 1
668 1064 1
668 1323 1
668 1628 1
670 1226 1
671 125 1
671 253 1
671 657 1
671 777 1
671 946 1
671 1161 1
671 1444 1
671 1542 1
671 1561 1
672 529 1
672 603 1
672 643 1
672 928 1
672 1024 1
672 1694 1
673 337 1
673 370 1
673 431 1
673 599 1
673 1045 1
673 1132 1
673 1807 1
673 1864 1
674 218 1
674 550 1
674 600 1
674 973 1
674 1107 1
674 1117 1
674 1349 1
674 1527 1
674 1648 1
674 1788 1
674 1863 1
674 2027 1
675 169 1
675 292 1
675 519 1
675 664 1
675 791 1
675 967 1
675 1006 1
675 1050 1
675 1480 1
675 1891 1
675 1934 1
675 2030 1
675 2043 1
676 142 1
676 280 1
676 309 1
676 857 1
676 871 1
676 1070 1
676 1329 1
676 1370 1
676 1493 1
676 1543 1
676 2048 1
677 348 1
677 1019 1
677 1583 1
677 1734 1
678 180 1
678 195 1
678 591 1
678 1729 1
678 1939 1
679 91 1
679 901 1
679 933 1
679 1433 1
679 1587 1
679 1776 1
679 1792 1
680 79 1
680 700 1
680 1092 1
681 899 1
681 1292 1
681 1953 1
682 1014 1
682 1571 1
683 813 1
683 989 1
683 1445 1
683 1491 1
683 1833 1
684 925 1
684 1048 1
684 1703 1
685 902 1
686 1908 1
686 1992 1
687 636 1
687 776 1
687 840 1
687 1416 1
688 266 1
688 510 1
688 1963 1
689 16 1
689 105 1
689 140 1
689 252 1
689 347 1
689 552 1
689 814 1
689 882 1
689 1142 1
689 1426 1
689 1639 1
690 240 1
690 457 1
690 583 1
690 667 1
690 804 1
690 1080 1
690 1089 1
690 1758 1
690 1876 1
691 46 1
691 76 1
691 146 1
691 453 1
691 523 1
691 743 1
691 947 1
691 1040 1
691 1133 1
691 1268 1
691 1303 1
691 1725 1
691 1897 1
691 1913 1
692 61 1
692 63 1
692 106 1
692 119 1
692 232 1
692 326 1
692 778 1
692 1173 1
692 1194 1
692 1888 1
692 2045 1
693 249 1
693 597 1
693 859 1
693 1241 1
693 1541 1
693 1614 1
693 1933 1
694 312 1
694 387 1
694 388 1
694 513 1
694 1134 1
694 1263 1
694 1434 1
694 1490 1
694 1503 1
694 1575 1
694 1716 1
695 52 1
695 499 1
695 557 1
695 1815 1
695 1931 1
695 1954 1
696 12 1
696 305 1
696 693 1
696 1000 1
696 1376 1
696 1419 1
696 1722 1
697 528 1
698 582 1
698 1641 1
698 1947 1
698 1969 1
699 118 1
699 225 1
701 1555 1
702 363 1
703 1997 1
704 405 1
704 503 1
704 1039 1
704 1460 1
704 1879 1
704 1971 1
705 469 1
705 673 1
705 868 1
705 1009 1
705 1041 1
705 1129 1
705 1221 1
705 1613 1
705 1753 1
706 32 1
706 53 1
706 95 1
706 170 1
706 191 1
706 243 1
706 330 1
706 881 1
706 939 1
706 940 1
706 942 1
706 1076 1
706 1145 1
706 1148 1
706 1291 1
706 1311 1
706 1455 1
706 1465 1
706 1633 1
706 1653 1
707 55 1
707 150 1
707 210 1
707 268 1
707 354 1
707 487 1
707 533 1
707 574 1
707 621 1
707 650 1
707 728 1
707 993 1
707 1003 1
707 1239 1
707 1497 1
707 1512 1
707 1565 1
707 1709 1
707 1780 1
707 1875 1
707 1923 1
707 1966 1
707 1995 1
708 198 1
708 654 1
708 822 1
708 866 1
708 1047 1
708 1084 1
708 1186 1
708 1224 1
708 1284 1
708 1466 1
708 1656 1
708 1895 1
709 23 1
709 184 1
709 314 1
709 491 1
709 501 1
709 508 1
709 537 1
709 666 1
709 751 1
709 821 1
709 1018 1
709 1090 1
709 1138 1
709 1139 1
709 1238 1
709 1326 1
709 1367 1
709 1637 1
709 1690 1
709 1706 1
709 1759 1
710 5 1
710 27 1
710 42 1
710 135 1
710 492 1
710 535 1
710 697 1
710 847 1
710 1063 1
710 1196 1
710 1219 1
710 1477 1
710 1534 1
710 1741 1
710 1880 1
711 92 1
711 358 1
711 441 1
711 645 1
711 1026 1
711 1038 1
711 1098 1
711 1499 1
711 1859 1
712 57 1
712 916 1
712 982 1
712 1731 1
713 325 1
713 1401 1
713 1410 1
713 1965 1
714 332 1
714 704 1
714 893 1
714 905 1
714 1315 1
714 1420 1
714 1736 1
715 622 1
716 1513 1
717 1066 1
718 145 1
718 398 1
719 1359 1
720 685 1
720 749 1
720 1675 1
721 7 1
721 317 1
721 444 1
721 906 1
721 1054 1
721 1400 1
721 1642 1
721 1956 1
722 190 1
722 255 1
722 380 1
722 596 1
722 620 1
722 655 1
722 919 1
722 1096 1
722 1121 1
722 1175 1
722 1250 1
722 1626 1
722 1705 1
722 1749 1
722 1803 1
722 1907 1
723 73 1
723 110 1
723 163 1
723 177 1
723 319 1
723 355 1
723 375 1
723 384 1
723 399 1
723 605 1
723 633 1
723 661 1
723 692 1
723 732 1
723 815 1
723 920 1
723 922 1
723 1035 1
723 1100 1
723 1200 1
723 1283 1
723 1432 1
723 1649 1
723 1652 1
723 1672 1
723 1820 1
723 1959 1
723 2006 1
724 117 1
724 245 1
724 247 1
724 261 1
724 392 1
724 417 1
724 463 1
724 540 1
724 610 1
724 719 1
724 723 1
724 754 1
724 757 1
724 806 1
724 875 1
724 990 1
724 1027 1
724 1222 1
724 1258 1
724 1290 1
724 1391 1
724 1392 1
724 1397 1
724 1446 1
724 1511 1
724 1526 1
724 1540 1
724 1574 1
724 1617 1
724 1689 1
724 1704 1
724 1806 1
725 74 1
725 144 1
725 211 1
725 565 1
725 594 1
725 717 1
725 752 1
725 831 1
725 943 1
725 1032 1
725 1287 1
725 1396 1
725 1502 1
725 2024 1
725 2026 1
726 327 1
726 427 1
726 638 1
726 833 1
726 953 1
726 1112 1
726 1199 1
726 1439 1
726 1504 1
726 1932 1
727 114 1
727 714 1
727 756 1
727 1105 1
727 1204 1
727 1237 1
727 1334 1
727 1423 1
727 1659 1
727 1743 1
727 1877 1
728 265 1
728 957 1
728 1044 1
728 1159 1
728 1361 1
728 1935 1
729 83 1
729 426 1
729 1339 1
729 1651 1
730 671 1
730 699 1
730 1183 1
730 1297 1
730 1914 1
731 257 1
731 873 1
731 1201 1
731 1657 1
731 1691 1
732 808 1
733 450 1
733 1371 1
734 474 1
734 1623 1
735 2007 1
736 187 1
736 631 1
737 217 1
737 739 1
737 1135 1
737 1163 1
737 1440 1
738 323 1
738 336 1
738 406 1
738 968 1
738 1013 1
738 1016 1
738 1126 1
738 1272 1
738 1332 1
738 1537 1
738 1674 1
739 33 1
739 308 1
739 349 1
739 391 1
739 696 1
739 771 1
739 797 1
739 816 1
739 838 1
739 862 1
739 911 1
739 1106 1
739 1124 1
739 1212 1
739 1328 1
739 1801 1
739 1825 1
739 1841 1
739 1870 1
739 1916 1
739 2046 1
740 93 1
740 101 1
740 284 1
740 410 1
740 438 1
740 481 1
740 562 1
740 588 1
740 670 1
740 811 1
740 829 1
740 915 1
740 972 1
740 1053 1
740 1056 1
740 1229 1
740 1586 1
740 1670 1
740 1702 1
740 1724 1
740 1837 1
740 1855 1
740 1878 1
740 1911 1
740 1968 1
741 393 1
741 430 1
741 460 1
741 465 1
741 531 1
741 1017 1
741 1264 1
741 1442 1
741 1522 1
741 1669 1
741 1761 1
741 1818 1
741 1827 1
741 1868 1
741 1957 1
742 128 1
742 316 1
742 378 1
742 408 1
742 451 1
742 524 1
742 542 1
742 612 1
742 768 1
742 955 1
742 1354 1
742 1368 1
742 1386 1
742 1536 1
742 1572 1
742 1603 1
742 1604 1
742 1800 1
742 1874 1
743 102 1
743 157 1
743 294 1
743 306 1
743 548 1
743 653 1
743 663 1
743 1457 1
743 1554 1
743 1620 1
743 1621 1
743 1764 1
743 1853 1
744 256 1
744 504 1
744 520 1
744 891 1
744 1578 1
745 977 1
745 1365 1
745 1728 1
746 532 1
746 1307 1
746 1435 1
746 1530 1
746 1854 1
747 500 1
747 1809 1
747 1882 1
748 156 1
748 175 1
748 1146 1
748 1458 1
749 455 1
750 593 1
750 644 1
750 2048 0
