1 46 1
1 53 1
1 342 1
1 588 1
1 804 1
1 1227 1
1 1269 1
1 1447 1
1 1527 1
1 1982 1
1 2045 1
2 18 1
2 184 1
2 432 1
2 466 1
2 483 1
2 500 1
2 802 1
2 871 1
2 1125 1
3 11 1
3 335 1
3 787 1
3 1108 1
3 1229 1
3 1243 1
3 1344 1
3 1419 1
3 1631 1
4 1 1
4 25 1
4 31 1
4 41 1
4 223 1
4 1414 1
5 17 1
5 1305 1
6 130 1
6 332 1
7 546 1
7 750 1
7 1518 1
7 1830 1
8 22 1
8 33 1
8 488 1
8 1289 1
8 1725 1
9 11 1
9 20 1
9 26 1
9 95 1
9 242 1
9 515 1
9 921 1
9 1463 1
9 2021 1
10 20 1
10 708 1
10 990 1
10 1225 1
11 19 1
11 74 1
11 194 1
11 267 1
11 349 1
11 631 1
11 675 1
11 908 1
11 979 1
11 1400 1
11 2034 1
12 2 1
12 37 1
12 86 1
12 124 1
12 153 1
12 212 1
12 791 1
12 1050 1
12 1186 1
12 1192 1
12 1816 1
12 1869 1
12 1950 1
12 1962 1
13 6 1
13 10 1
13 264 1
13 388 1
13 429 1
13 446 1
13 458 1
13 477 1
13 485 1
13 511 1
13 626 1
13 737 1
13 1025 1
13 1262 1
13 1276 1
13 1392 1
13 1560 1
13 1689 1
13 1846 1
13 1960 1
13 2023 1
13 2029 1
13 2035 1
14 4 1
14 26 1
14 71 1
14 364 1
14 424 1
14 682 1
14 796 1
14 1137 1
14 1170 1
14 1285 1
14 1449 1
14 1511 1
14 1544 1
14 1569 1
14 1804 1
14 1919 1
14 1934 1
15 21 1
15 28 1
15 174 1
15 186 1
15 195 1
15 559 1
15 884 1
15 909 1
15 993 1
15 1032 1
15 1035 1
15 1062 1
15 1246 1
15 1370 1
15 1626 1
15 1728 1
15 1844 1
15 1860 1
15 2026 1
16 13 1
16 19 1
16 244 1
16 380 1
16 831 1
16 893 1
16 1060 1
16 1245 1
16 1259 1
16 1260 1
16 1356 1
16 1566 1
16 1576 1
16 1644 1
16 1674 1
16 1712 1
16 1733 1
16 2006 1
17 608 1
17 728 1
17 818 1
17 981 1
17 1802 1
17 1937 1
17 1942 1
17 1978 1
18 9 1
18 34 1
18 49 1
18 1055 1
18 1350 1
18 1470 1
18 1479 1
18 1603 1
18 2015 1
19 33 1
19 472 1
19 730 1
19 879 1
19 1930 1
20 14 1
20 23 1
20 1149 1
20 1408 1
20 1597 1
21 25 1
21 1753 1
21 2028 1
22 7 1
22 12 1
22 1390 1
23 15 1
23 200 1
23 966 1
23 1047 1
23 1451 1
24 885 1
24 1891 1
24 2011 1
24 2020 1
25 17 1
25 45 1
25 157 1
25 1529 1
26 8 1
26 39 1
26 475 1
26 1572 1
27 9 1
27 538 1
27 1130 1
27 1221 1
27 1952 1
28 161 1
28 207 1
28 238 1
28 661 1
28 841 1
28 867 1
28 916 1
28 1215 1
28 1345 1
28 1607 1
28 1668 1
28 1940 1
29 219 1
29 224 1
29 292 1
29 476 1
29 639 1
29 840 1
29 967 1
29 1008 1
29 1088 1
29 1100 1
29 1101 1
29 1189 1
29 1212 1
29 1242 1
29 1372 1
29 1598 1
29 1619 1
29 1850 1
29 1908 1
29 1986 1
30 3 1
30 41 1
30 54 1
30 66 1
30 106 1
30 227 1
30 230 1
30 346 1
30 415 1
30 551 1
30 689 1
30 695 1
30 765 1
30 946 1
30 1013 1
30 1111 1
30 1238 1
30 1307 1
30 1405 1
30 1436 1
30 1452 1
30 1579 1
30 1584 1
30 1646 1
30 1705 1
30 1878 1
30 1951 1
30 1957 1
30 2040 1
31 17 1
31 19 1
31 28 1
31 163 1
31 231 1
31 344 1
31 356 1
31 426 1
31 548 1
31 696 1
31 767 1
31 773 1
31 920 1
31 977 1
31 998 1
31 1016 1
31 1043 1
31 1302 1
31 1424 1
31 1453 1
31 1496 1
31 1500 1
31 1504 1
31 1592 1
31 1815 1
31 1941 1
31 1976 1
32 6 1
32 9 1
32 20 1
32 100 1
32 303 1
32 416 1
32 534 1
32 652 1
32 742 1
32 770 1
32 870 1
32 1076 1
32 1292 1
32 1363 1
32 1387 1
32 1556 1
32 1736 1
32 1786 1
32 1800 1
32 1811 1
32 1831 1
32 1892 1
32 1932 1
32 1944 1
33 23 1
33 24 1
33 29 1
33 30 1
33 40 1
33 544 1
33 941 1
33 1432 1
33 1464 1
33 1481 1
33 1577 1
33 1715 1
33 1741 1
33 1777 1
33 1817 1
33 1820 1
33 1866 1
33 1871 1
33 2031 1
34 245 1
34 759 1
34 772 1
34 956 1
34 1048 1
34 1763 1
34 1965 1
35 152 1
35 413 1
35 434 1
35 1586 1
35 1665 1
35 1938 1
36 275 1
36 359 1
36 456 1
36 968 1
36 1195 1
36 1376 1
36 1442 1
37 4 1
37 6 1
37 306 1
37 374 1
37 754 1
37 1600 1
37 1625 1
37 1679 1
37 1895 1
38 777 1
38 1332 1
39 15 1
40 493 1
40 1730 1
41 27 1
42 1057 1
42 1403 1
42 1450 1
42 1833 1
43 5 1
43 16 1
43 23 1
43 26 1
43 41 1
43 108 1
43 1167 1
43 1735 1
44 9 1
44 392 1
44 506 1
44 516 1
44 535 1
44 899 1
44 1297 1
45 118 1
45 208 1
45 573 1
45 670 1
45 988 1
45 1018 1
45 1381 1
45 1889 1
46 13 1
46 17 1
46 121 1
46 229 1
46 282 1
46 299 1
46 705 1
46 741 1
46 745 1
46 814 1
46 1058 1
46 1176 1
46 1178 1
46 1253 1
46 1374 1
46 1402 1
46 1473 1
46 1512 1
46 1514 1
46 1589 1
46 1599 1
46 1608 1
46 1618 1
46 1660 1
46 1792 1
46 1828 1
46 1852 1
47 126 1
47 198 1
47 309 1
47 389 1
47 448 1
47 454 1
47 509 1
47 533 1
47 678 1
47 835 1
47 837 1
47 842 1
47 892 1
47 923 1
47 989 1
47 1164 1
47 1313 1
47 1316 1
47 1397 1
47 1441 1
47 1765 1
47 1900 1
47 2027 1
48 38 1
48 42 1
48 188 1
48 286 1
48 407 1
48 410 1
48 427 1
48 437 1
48 478 1
48 481 1
48 558 1
48 579 1
48 662 1
48 881 1
48 925 1
48 926 1
48 1051 1
48 1168 1
48 1338 1
48 1401 1
48 1431 1
48 1517 1
48 1578 1
48 1675 1
48 1745 1
48 1752 1
48 1770 1
48 1885 1
48 1890 1
49 26 1
49 291 1
49 345 1
49 405 1
49 491 1
49 561 1
49 586 1
49 628 1
49 641 1
49 768 1
49 889 1
49 1090 1
49 1171 1
49 1455 1
49 1530 1
49 1698 1
49 1795 1
49 1994 1
50 24 1
50 301 1
50 414 1
50 688 1
50 886 1
50 937 1
50 1290 1
50 1542 1
50 1571 1
50 1693 1
50 1806 1
50 1851 1
51 15 1
51 141 1
51 518 1
51 607 1
51 650 1
51 891 1
51 1028 1
51 1710 1
51 1840 1
51 1925 1
52 94 1
52 621 1
52 640 1
52 1241 1
52 1688 1
52 1834 1
52 1929 1
53 27 1
53 39 1
53 82 1
53 90 1
53 1694 1
54 15 1
54 51 1
54 256 1
54 669 1
54 1308 1
54 1582 1
55 22 1
55 775 1
55 801 1
55 857 1
56 12 1
56 1123 1
56 1266 1
57 5 1
57 25 1
58 2 1
58 39 1
58 902 1
58 1564 1
58 2001 1
59 12 1
59 25 1
59 29 1
59 34 1
59 41 1
59 228 1
59 1948 1
60 26 1
60 116 1
60 918 1
60 972 1
60 1056 1
60 1087 1
60 1152 1
60 1358 1
60 1439 1
60 1946 1
60 2033 1
61 4 1
61 24 1
61 31 1
61 91 1
61 222 1
61 584 1
61 597 1
61 633 1
61 839 1
61 1037 1
61 1218 1
61 1361 1
61 1588 1
61 1676 1
61 1958 1
62 20 1
62 73 1
62 197 1
62 935 1
62 1021 1
62 1228 1
62 1326 1
62 1611 1
62 1654 1
62 1897 1
62 1907 1
62 1977 1
63 183 1
63 216 1
63 327 1
63 363 1
63 386 1
63 519 1
63 618 1
63 687 1
63 761 1
63 776 1
63 855 1
63 1129 1
63 1476 1
63 1484 1
63 1601 1
63 1647 1
63 1729 1
63 1887 1
63 1956 1
63 1990 1
64 12 1
64 57 1
64 84 1
64 318 1
64 357 1
64 444 1
64 590 1
64 717 1
64 785 1
64 849 1
64 910 1
64 1001 1
64 1199 1
64 1501 1
64 1605 1
64 1718 1
64 1872 1
64 1915 1
64 1935 1
64 2013 1
64 2046 1
65 22 1
65 80 1
65 159 1
65 175 1
65 211 1
65 293 1
65 297 1
65 310 1
65 347 1
65 480 1
65 648 1
65 829 1
65 1744 1
65 1774 1
65 1979 1
65 1996 1
65 2012 1
66 232 1
66 314 1
66 653 1
66 1083 1
66 1493 1
66 1610 1
66 1864 1
66 1894 1
66 1924 1
67 17 1
67 471 1
67 507 1
67 578 1
67 1264 1
67 1645 1
67 1653 1
68 2 1
68 296 1
68 752 1
68 1244 1
68 1274 1
68 1975 1
69 1163 1
69 1334 1
69 1836 1
70 115 1
70 1964 1
71 79 1
71 435 1
71 1388 1
72 31 1
72 33 1
72 882 1
72 1258 1
72 1379 1
72 1602 1
73 1117 1
73 1322 1
74 110 1
74 125 1
74 276 1
74 1923 1
75 16 1
75 1107 1
76 235 1
76 1081 1
76 1151 1
76 1336 1
77 17 1
77 19 1
77 27 1
77 93 1
77 330 1
77 409 1
77 473 1
77 782 1
77 929 1
77 1005 1
77 1291 1
77 1593 1
77 1620 1
77 1634 1
78 39 1
78 304 1
78 406 1
78 482 1
78 821 1
78 961 1
78 1089 1
78 1095 1
78 1109 1
78 1251 1
78 1627 1
78 1760 1
78 1841 1
78 2005 1
78 2025 1
78 2043 1
79 76 1
79 123 1
79 169 1
79 329 1
79 369 1
79 419 1
79 709 1
79 811 1
79 862 1
79 866 1
79 1232 1
79 1468 1
79 1506 1
79 1617 1
79 1785 1
80 7 1
80 48 1
80 177 1
80 354 1
80 606 1
80 883 1
80 1027 1
80 1328 1
80 1615 1
80 1701 1
80 2004 1
80 2044 1
81 128 1
81 193 1
81 281 1
81 343 1
81 366 1
81 563 1
81 1666 1
81 1678 1
81 1690 1
81 1998 1
82 375 1
82 440 1
82 1421 1
82 1673 1
82 1779 1
83 12 1
83 61 1
83 915 1
83 1074 1
83 1856 1
84 1 1
84 9 1
84 18 1
84 328 1
84 524 1
84 808 1
84 1091 1
84 1165 1
84 1406 1
84 1510 1
85 12 1
85 617 1
85 1398 1
85 1691 1
86 5 1
86 7 1
86 206 1
86 382 1
88 1223 1
88 1554 1
89 31 1
89 36 1
89 1465 1
90 38 1
90 724 1
90 1012 1
90 1172 1
90 1240 1
91 6 1
91 21 1
91 35 1
91 38 1
91 1150 1
91 1217 1
91 1296 1
91 1664 1
92 2 1
92 279 1
92 729 1
93 246 1
93 582 1
93 865 1
93 1142 1
93 1193 1
93 1311 1
93 1348 1
93 1521 1
93 1655 1
93 1789 1
94 13 1
94 217 1
94 371 1
94 581 1
94 794 1
94 1743 1
95 40 1
95 180 1
95 457 1
95 568 1
95 630 1
95 632 1
95 676 1
95 697 1
95 978 1
96 12 1
96 24 1
96 78 1
96 148 1
96 268 1
96 308 1
96 315 1
96 769 1
96 793 1
96 1158 1
96 1252 1
96 1538 1
96 1723 1
96 1898 1
96 1916 1
97 134 1
97 360 1
97 383 1
97 390 1
97 411 1
97 522 1
97 659 1
97 936 1
97 1134 1
97 1776 1
98 1 1
98 285 1
98 514 1
98 613 1
98 797 1
98 1188 1
98 1482 1
98 1773 1
98 1999 1
99 5 1
99 8 1
99 28 1
99 101 1
99 260 1
99 465 1
99 873 1
99 874 1
99 1884 1
99 2008 1
100 31 1
100 459 1
100 922 1
100 1061 1
100 1628 1
100 1667 1
101 7 1
101 550 1
101 672 1
101 1124 1
102 949 1
102 1545 1
103 35 1
103 87 1
103 263 1
103 351 1
103 571 1
103 1216 1
103 1848 1
104 14 1
104 29 1
104 109 1
104 365 1
104 1984 1
105 940 1
106 2 1
106 37 1
106 251 1
106 674 1
106 1531 1
106 1704 1
106 1983 1
107 1969 1
108 503 1
109 1 1
109 577 1
109 1407 1
109 1880 1
110 6 1
110 26 1
110 647 1
110 690 1
110 834 1
110 853 1
110 1042 1
110 1747 1
110 1769 1
110 1791 1
110 1853 1
111 30 1
111 266 1
111 348 1
111 373 1
111 385 1
111 1185 1
111 1254 1
111 1329 1
111 1433 1
111 1546 1
111 1813 1
112 120 1
112 823 1
112 991 1
112 1140 1
113 5 1
113 13 1
113 105 1
113 362 1
113 668 1
113 828 1
113 963 1
113 1224 1
113 1248 1
113 1271 1
113 1637 1
113 1659 1
113 1756 1
113 1903 1
113 1959 1
113 2017 1
114 1 1
114 12 1
114 423 1
114 716 1
114 734 1
114 1341 1
114 1573 1
114 1832 1
114 1837 1
114 2032 1
115 11 1
115 20 1
115 28 1
115 274 1
115 336 1
115 339 1
115 615 1
115 707 1
115 945 1
115 1086 1
115 1210 1
115 1362 1
115 1910 1
116 146 1
116 528 1
116 1029 1
116 1295 1
116 1347 1
116 1567 1
117 247 1
117 1022 1
117 1911 1
118 34 1
118 494 1
118 517 1
118 530 1
118 1502 1
119 340 1
119 513 1
119 781 1
119 1418 1
120 165 1
120 619 1
121 19 1
121 903 1
123 397 1
123 880 1
124 35 1
124 182 1
124 556 1
124 760 1
124 1033 1
124 1205 1
124 1458 1
125 3 1
125 32 1
125 602 1
125 646 1
125 1456 1
125 1797 1
126 12 1
126 1191 1
126 1423 1
126 1491 1
126 1906 1
127 259 1
127 541 1
127 933 1
127 1480 1
128 257 1
128 300 1
128 442 1
128 545 1
128 611 1
128 658 1
128 711 1
128 755 1
128 954 1
128 1377 1
128 1503 1
128 1520 1
128 1772 1
129 142 1
129 243 1
129 1148 1
129 1428 1
129 1706 1
130 28 1
130 47 1
130 185 1
130 270 1
130 495 1
130 508 1
130 723 1
130 1017 1
130 1067 1
130 1093 1
130 1194 1
130 1366 1
130 1434 1
130 1709 1
130 1750 1
130 1934 1
131 4 1
131 39 1
131 62 1
131 370 1
131 401 1
131 499 1
131 684 1
131 764 1
131 900 1
131 974 1
131 1045 1
131 1079 1
131 1082 1
131 1203 1
131 1343 1
131 1454 1
131 1467 1
131 1475 1
131 1532 1
131 1766 1
131 1819 1
131 1914 1
132 225 1
132 321 1
132 585 1
132 1084 1
132 1156 1
132 1249 1
132 1494 1
133 111 1
133 262 1
133 700 1
133 1474 1
133 1528 1
133 1753 1
134 31 1
134 333 1
134 932 1
134 1174 1
134 1183 1
134 1551 1
134 1771 1
135 17 1
135 204 1
135 379 1
135 425 1
135 912 1
135 970 1
135 980 1
135 1024 1
135 1385 1
135 1719 1
136 20 1
136 23 1
136 1155 1
136 1230 1
136 1485 1
137 4 1
137 942 1
137 1509 1
137 1865 1
138 27 1
138 31 1
138 210 1
138 722 1
139 12 1
139 331 1
139 1146 1
140 59 1
140 1184 1
141 2 1
141 13 1
141 854 1
141 1002 1
141 1921 1
142 6 1
142 7 1
142 355 1
142 1759 1
142 2037 1
143 2 1
143 10 1
143 14 1
143 381 1
143 1749 1
143 1945 1
144 622 1
144 1069 1
144 1321 1
144 1558 1
144 1927 1
144 2048 1
145 12 1
145 29 1
145 32 1
145 36 1
145 295 1
145 1096 1
145 1268 1
145 1286 1
145 1696 1
145 1843 1
145 1954 1
145 1963 1
146 21 1
146 904 1
146 1159 1
146 1992 1
147 50 1
147 138 1
147 350 1
147 763 1
147 851 1
147 1039 1
147 1697 1
147 1780 1
148 12 1
148 112 1
148 358 1
148 525 1
148 994 1
148 1038 1
148 1471 1
148 1857 1
148 1971 1
149 964 1
149 1320 1
149 1391 1
149 1695 1
150 32 1
150 1173 1
150 1787 1
150 2002 1
151 88 1
151 287 1
151 400 1
151 605 1
151 636 1
151 1116 1
151 1761 1
152 452 1
152 1054 1
152 1153 1
152 1213 1
153 1196 1
153 1740 1
154 149 1
154 848 1
155 1255 1
155 1417 1
156 65 1
156 135 1
156 313 1
156 807 1
156 1139 1
156 1844 1
157 1119 1
157 1446 1
158 1393 1
158 1460 1
158 1961 1
158 1974 1
159 239 1
159 536 1
159 732 1
159 739 1
159 1003 1
159 1162 1
159 1272 1
159 1412 1
160 412 1
160 762 1
160 919 1
160 1275 1
160 1330 1
160 1478 1
160 1525 1
160 1681 1
160 1858 1
161 52 1
161 127 1
161 140 1
161 398 1
161 1007 1
161 1131 1
162 44 1
162 620 1
162 905 1
162 995 1
162 1293 1
162 1351 1
162 1435 1
162 1623 1
162 1624 1
162 1899 1
162 2019 1
163 156 1
163 171 1
163 334 1
163 1166 1
164 681 1
164 703 1
164 726 1
164 843 1
164 986 1
164 996 1
164 1306 1
164 1371 1
164 1419 1
164 1489 1
164 1825 1
165 337 1
165 364 1
165 393 1
165 1181 1
165 1279 1
165 1310 1
165 1438 1
165 1849 1
166 92 1
166 166 1
166 520 1
166 971 1
166 1110 1
166 1432 1
166 1539 1
166 1641 1
167 99 1
167 486 1
167 820 1
167 1323 1
167 1462 1
167 1557 1
167 1859 1
167 1888 1
167 2010 1
168 539 1
168 1154 1
168 1237 1
168 1536 1
168 2024 1
169 766 1
169 872 1
169 1707 1
170 298 1
170 404 1
171 150 1
171 248 1
171 526 1
171 682 1
171 1822 1
171 1876 1
172 70 1
172 844 1
172 914 1
172 924 1
172 1492 1
172 2047 1
173 417 1
173 713 1
173 1346 1
174 64 1
174 170 1
174 253 1
174 939 1
174 1642 1
174 1683 1
175 1126 1
175 1378 1
175 1802 1
176 237 1
176 502 1
176 927 1
176 1015 1
176 1298 1
176 1533 1
176 1550 1
176 1568 1
176 1684 1
176 2009 1
176 2030 1
177 147 1
177 201 1
177 403 1
177 813 1
177 888 1
177 969 1
177 1104 1
177 1409 1
177 1636 1
177 2000 1
178 341 1
178 421 1
178 501 1
178 592 1
178 795 1
178 1198 1
178 1429 1
178 1516 1
178 1638 1
178 1713 1
178 1738 1
178 1768 1
178 1861 1
179 103 1
179 104 1
179 129 1
179 283 1
179 305 1
179 320 1
179 323 1
179 388 1
179 461 1
179 574 1
179 600 1
179 610 1
179 789 1
179 869 1
179 965 1
179 1121 1
179 1202 1
179 1256 1
179 1373 1
179 1443 1
179 1444 1
179 1515 1
179 1824 1
179 1901 1
179 1991 1
179 2003 1
180 202 1
180 220 1
180 510 1
180 822 1
180 1208 1
180 1416 1
180 1805 1
180 1818 1
180 1877 1
180 2038 1
181 484 1
181 609 1
181 616 1
181 712 1
181 758 1
181 983 1
181 1277 1
181 1847 1
181 1943 1
182 167 1
182 325 1
182 378 1
182 564 1
182 800 1
182 868 1
182 1128 1
182 1161 1
182 1220 1
182 1426 1
182 1594 1
182 1731 1
182 1748 1
183 178 1
183 342 1
183 474 1
183 779 1
183 818 1
183 1234 1
183 1591 1
183 1651 1
183 2035 1
184 721 1
184 930 1
184 953 1
184 1014 1
184 1031 1
184 1094 1
184 1226 1
184 1236 1
184 1580 1
184 1986 1
184 2027 1
185 1209 1
185 1319 1
185 1798 1
185 1967 1
186 847 1
186 962 1
186 1133 1
186 1939 1
187 394 1
187 1145 1
188 143 1
188 1000 1
188 1314 1
188 1702 1
188 1809 1
189 1972 1
190 319 1
190 694 1
190 698 1
190 1415 1
191 532 1
191 683 1
191 1278 1
191 1657 1
191 1721 1
192 490 1
192 642 1
192 908 1
192 987 1
192 1046 1
192 1247 1
192 1734 1
192 1796 1
192 1874 1
193 288 1
193 455 1
193 552 1
193 788 1
193 803 1
193 957 1
193 1335 1
193 1354 1
193 1726 1
193 1842 1
193 1886 1
194 54 1
194 132 1
194 155 1
194 196 1
194 460 1
194 462 1
194 798 1
194 911 1
194 1160 1
194 1250 1
194 1716 1
195 60 1
195 113 1
195 215 1
195 317 1
195 352 1
195 384 1
195 1080 1
195 1190 1
195 1440 1
195 1448 1
195 1632 1
195 1804 1
195 2016 1
196 89 1
196 176 1
196 187 1
196 205 1
196 255 1
196 261 1
196 446 1
196 601 1
196 663 1
196 708 1
196 746 1
196 792 1
196 896 1
196 1035 1
196 1324 1
196 1383 1
196 1758 1
196 1767 1
197 267 1
197 272 1
197 549 1
197 784 1
197 806 1
197 878 1
197 1386 1
197 1556 1
197 1640 1
197 1685 1
197 1883 1
197 1893 1
197 1896 1
198 254 1
198 322 1
198 361 1
198 392 1
198 422 1
198 738 1
198 826 1
198 1288 1
198 1304 1
198 1466 1
198 1629 1
198 1687 1
198 1784 1
198 1786 1
198 1909 1
198 1970 1
198 1987 1
199 428 1
199 673 1
199 774 1
199 1239 1
199 1352 1
199 1487 1
199 1488 1
199 1639 1
199 1826 1
200 753 1
200 1555 1
200 1570 1
200 1581 1
200 1936 1
200 1994 1
201 244 1
201 907 1
201 960 1
201 1085 1
201 1219 1
201 1733 1
202 98 1
202 747 1
202 846 1
202 1122 1
202 1292 1
203 68 1
203 312 1
203 595 1
203 756 1
203 812 1
203 1169 1
203 1261 1
203 1479 1
204 1102 1
205 1613 1
205 1672 1
206 973 1
206 1711 1
207 591 1
207 1147 1
208 832 1
208 1075 1
208 1267 1
208 1596 1
208 1839 1
209 133 1
209 430 1
209 439 1
209 625 1
209 702 1
209 1616 1
209 1764 1
209 1917 1
209 2036 1
210 58 1
210 174 1
210 236 1
210 418 1
210 817 1
210 948 1
210 959 1
210 1092 1
210 1135 1
210 1746 1
210 2014 1
211 83 1
211 284 1
211 399 1
211 518 1
211 1044 1
211 1098 1
211 1375 1
211 1631 1
211 1793 1
211 1823 1
211 1873 1
212 46 1
212 117 1
212 191 1
212 372 1
212 453 1
212 479 1
212 554 1
212 557 1
212 575 1
212 686 1
212 816 1
212 946 1
212 975 1
212 1051 1
212 1389 1
212 1562 1
212 1658 1
212 1902 1
213 131 1
213 431 1
213 667 1
213 837 1
213 864 1
213 1036 1
213 1063 1
213 1137 1
213 1303 1
213 1339 1
213 1686 1
213 1788 1
213 1829 1
213 1905 1
213 1913 1
214 67 1
214 102 1
214 168 1
214 184 1
214 195 1
214 233 1
214 240 1
214 252 1
214 289 1
214 302 1
214 377 1
214 787 1
214 897 1
214 938 1
214 950 1
214 985 1
214 1280 1
214 1299 1
214 1333 1
214 1359 1
214 1548 1
214 1600 1
214 1882 1
215 119 1
215 122 1
215 189 1
215 635 1
215 772 1
215 838 1
215 1144 1
215 1661 1
215 1794 1
216 45 1
216 160 1
216 420 1
216 547 1
216 1197 1
216 1283 1
216 1331 1
216 1427 1
216 1630 1
216 1742 1
216 2007 1
216 2040 1
217 181 1
217 280 1
217 303 1
217 576 1
217 629 1
217 634 1
217 1120 1
217 1187 1
217 1585 1
217 1828 1
218 71 1
218 221 1
218 749 1
218 836 1
218 1307 1
219 497 1
219 540 1
219 934 1
220 433 1
220 1152 1
220 1246 1
221 955 1
221 1315 1
221 1413 1
222 125 1
222 1724 1
222 1988 1
223 1180 1
223 1563 1
224 594 1
224 799 1
224 1009 1
224 1535 1
225 249 1
225 654 1
225 1369 1
225 1922 1
226 833 1
226 1380 1
226 1469 1
226 1486 1
226 1714 1
226 1955 1
227 144 1
227 269 1
227 376 1
227 387 1
227 515 1
227 596 1
227 952 1
227 958 1
227 1357 1
227 1490 1
227 1908 1
227 1947 1
227 1981 1
228 96 1
228 157 1
228 353 1
228 680 1
228 719 1
228 771 1
228 778 1
228 1207 1
228 1270 1
228 1332 1
228 1459 1
228 1612 1
228 2011 1
229 130 1
229 175 1
229 214 1
229 265 1
229 290 1
229 294 1
229 332 1
229 360 1
229 395 1
229 449 1
229 489 1
229 627 1
229 1010 1
229 1059 1
229 1243 1
229 1574 1
229 1670 1
229 1727 1
229 1728 1
229 1799 1
229 1827 1
229 1851 1
229 1929 1
229 2015 1
230 212 1
230 230 1
230 553 1
230 593 1
230 1019 1
230 1105 1
230 1284 1
230 1682 1
230 1710 1
230 1755 1
230 1821 1
230 1867 1
231 49 1
231 145 1
231 292 1
231 505 1
231 543 1
231 639 1
231 695 1
231 992 1
231 1363 1
231 1376 1
231 1461 1
231 1560 1
231 1708 1
231 1732 1
231 1790 1
231 1915 1
232 72 1
232 242 1
232 469 1
232 623 1
232 916 1
232 961 1
232 1066 1
232 1101 1
232 1192 1
232 1215 1
232 1472 1
232 1541 1
232 1561 1
232 1648 1
232 1937 1
232 1966 1
233 264 1
233 297 1
233 299 1
233 434 1
233 487 1
233 542 1
233 551 1
233 655 1
233 740 1
233 815 1
233 867 1
233 1118 1
233 1294 1
233 1549 1
233 1589 1
233 1739 1
234 538 1
234 651 1
234 714 1
234 884 1
234 1078 1
234 1262 1
234 1671 1
234 1762 1
234 1942 1
235 74 1
235 97 1
235 440 1
235 560 1
235 1606 1
236 367 1
237 436 1
237 809 1
237 845 1
237 1281 1
238 1141 1
238 1656 1
239 188 1
239 523 1
239 876 1
239 2041 1
241 598 1
241 612 1
241 1055 1
241 1715 1
242 951 1
242 1879 1
243 199 1
243 1622 1
244 139 1
244 250 1
244 346 1
244 359 1
244 432 1
244 441 1
244 704 1
244 1273 1
244 1297 1
244 1365 1
244 1422 1
244 1437 1
244 1583 1
244 1835 1
244 1845 1
244 1854 1
244 1881 1
244 1912 1
245 63 1
245 81 1
245 126 1
245 338 1
245 531 1
245 555 1
245 693 1
245 830 1
245 887 1
245 1206 1
245 1313 1
245 1395 1
245 1559 1
245 1579 1
245 1677 1
245 1700 1
245 1928 1
246 107 1
246 136 1
246 345 1
246 407 1
246 548 1
246 715 1
246 852 1
246 861 1
246 875 1
246 1011 1
246 1053 1
246 1064 1
246 1115 1
246 1193 1
246 1301 1
246 1327 1
246 1703 1
246 1725 1
246 1757 1
246 1763 1
246 1830 1
246 1953 1
246 2026 1
246 2028 1
247 53 1
247 203 1
247 231 1
247 344 1
247 533 1
247 626 1
247 638 1
247 824 1
247 850 1
247 877 1
247 898 1
247 1016 1
247 1076 1
247 1138 1
247 1204 1
247 1214 1
247 1285 1
247 1308 1
247 1317 1
247 1349 1
247 1397 1
247 1430 1
247 1463 1
247 1483 1
247 1552 1
247 1587 1
247 1633 1
247 1650 1
247 1660 1
247 1737 1
247 1814 1
247 1846 1
248 57 1
248 163 1
248 224 1
248 228 1
248 258 1
248 375 1
248 544 1
248 685 1
248 699 1
248 706 1
248 730 1
248 735 1
248 1018 1
248 1058 1
248 1065 1
248 1112 1
248 1350 1
248 1470 1
248 1498 1
248 1643 1
248 1668 1
248 1777 1
248 1962 1
248 1968 1
249 414 1
249 475 1
249 579 1
249 599 1
249 741 1
249 775 1
249 895 1
249 998 1
249 1083 1
249 1113 1
249 1201 1
249 1523 1
249 1577 1
249 1949 1
249 2039 1
250 447 1
250 488 1
250 624 1
250 1269 1
250 1302 1
250 1364 1
250 1403 1
250 1754 1
250 1932 1
251 583 1
251 742 1
251 1136 1
251 1300 1
252 468 1
252 662 1
252 1176 1
252 1553 1
252 1564 1
253 1052 1
253 1808 1
253 1898 1
254 273 1
254 491 1
254 786 1
254 1263 1
255 990 1
255 1900 1
256 207 1
256 492 1
256 614 1
256 1342 1
256 1946 1
257 589 1
257 1041 1
257 1182 1
258 1143 1
258 1507 1
258 1644 1
259 661 1
259 804 1
259 810 1
259 1897 1
259 2042 1
260 277 1
260 278 1
260 307 1
260 450 1
260 580 1
260 645 1
260 666 1
260 759 1
260 859 1
260 893 1
260 1077 1
260 1103 1
260 1200 1
260 2045 1
261 77 1
261 389 1
261 405 1
261 572 1
261 863 1
261 1047 1
261 1050 1
261 1211 1
261 1325 1
261 1497 1
261 1506 1
261 1517 1
261 1605 1
261 1609 1
261 1694 1
261 1812 1
262 164 1
262 324 1
262 466 1
262 521 1
262 527 1
262 633 1
262 665 1
262 669 1
262 679 1
262 727 1
262 744 1
262 754 1
262 757 1
262 892 1
262 899 1
262 943 1
262 966 1
262 979 1
262 982 1
262 1020 1
262 1030 1
262 1049 1
262 1186 1
262 1241 1
262 1372 1
262 1392 1
262 1424 1
262 1522 1
262 1534 1
262 1565 1
262 1614 1
262 1626 1
262 1662 1
262 1752 1
262 1852 1
262 1982 1
263 106 1
263 190 1
263 366 1
263 369 1
263 566 1
263 587 1
263 675 1
263 761 1
263 780 1
263 1023 1
263 1056 1
263 1068 1
263 1344 1
263 1399 1
263 1540 1
263 1601 1
263 1610 1
263 1680 1
263 1878 1
263 1885 1
263 1895 1
263 2029 1
263 2033 1
264 183 1
264 227 1
264 238 1
264 309 1
264 326 1
264 573 1
264 578 1
264 701 1
264 791 1
264 871 1
264 1099 1
264 1158 1
264 1188 1
264 1199 1
264 1253 1
264 1402 1
264 1408 1
264 1505 1
264 1526 1
264 1607 1
264 1649 1
264 1785 1
264 1800 1
264 1810 1
264 1985 1
265 69 1
265 470 1
265 717 1
265 736 1
265 783 1
265 839 1
265 1004 1
265 1305 1
265 1312 1
265 1368 1
265 1390 1
265 1449 1
265 1500 1
265 1604 1
265 1782 1
266 396 1
266 577 1
266 1130 1
266 1132 1
266 1701 1
266 1862 1
267 82 1
267 85 1
267 926 1
267 1006 1
267 1179 1
267 1361 1
267 1379 1
267 1667 1
267 1692 1
267 1892 1
268 218 1
268 275 1
268 371 1
268 603 1
268 745 1
268 1221 1
268 1287 1
268 1445 1
268 1584 1
268 2012 1
269 73 1
269 473 1
269 819 1
269 909 1
269 1850 1
270 306 1
270 923 1
270 1374 1
270 1652 1
271 200 1
271 443 1
271 496 1
271 1993 1
272 241 1
273 137 1
273 770 1
273 1257 1
273 1815 1
274 1042 1
274 1062 1
274 1097 1
275 172 1
275 408 1
275 664 1
275 1008 1
275 1296 1
275 1508 1
276 458 1
276 546 1
276 835 1
276 1026 1
276 1518 1
276 1537 1
276 1571 1
276 1611 1
276 1807 1
276 1925 1
276 1957 1
277 356 1
277 445 1
277 737 1
277 858 1
277 1032 1
277 1111 1
277 1370 1
277 1717 1
277 1855 1
277 2021 1
278 186 1
278 271 1
278 282 1
278 402 1
278 773 1
278 956 1
278 999 1
278 1037 1
278 1282 1
278 1337 1
278 1544 1
278 1566 1
278 1590 1
278 1973 1
278 1989 1
278 2023 1
279 43 1
279 162 1
279 477 1
279 565 1
279 570 1
279 597 1
279 944 1
279 968 1
279 976 1
279 981 1
279 1070 1
279 1142 1
279 1210 1
279 1225 1
279 1318 1
279 1353 1
279 1400 1
279 1457 1
279 1499 1
279 1519 1
279 1769 1
279 1774 1
279 1783 1
279 1816 1
279 1817 1
279 1833 1
279 1920 1
279 1950 1
279 1998 1
280 153 1
280 229 1
280 234 1
280 314 1
280 604 1
280 1060 1
280 1212 1
281 173 1
281 427 1
281 451 1
281 464 1
281 631 1
281 873 1
281 874 1
281 989 1
281 1043 1
281 1264 1
281 1511 1
281 1530 1
281 1866 1
281 2025 1
282 51 1
282 226 1
282 493 1
282 894 1
282 1157 1
282 1171 1
282 1411 1
282 1621 1
283 66 1
283 1451 1
283 1493 1
283 1730 1
283 1806 1
283 2020 1
284 75 1
284 562 1
284 710 1
284 751 1
284 1167 1
284 1510 1
284 1720 1
285 110 1
285 535 1
285 1245 1
285 1436 1
285 1741 1
286 1619 1
287 841 1
287 1598 1
287 1863 1
287 1935 1
288 293 1
288 330 1
288 416 1
288 657 1
288 1367 1
289 559 1
289 825 1
289 1222 1
290 1087 1
290 1227 1
290 1618 1
290 1673 1
291 90 1
291 349 1
291 678 1
291 731 1
291 1348 1
291 1868 1
291 1958 1
292 411 1
292 1028 1
292 1384 1
292 1529 1
292 1663 1
293 86 1
293 192 1
293 426 1
293 504 1
293 622 1
293 1465 1
293 1699 1
293 1722 1
293 1723 1
293 1778 1
293 1781 1
293 1870 1
293 1890 1
293 1977 1
294 154 1
294 194 1
294 500 1
294 567 1
294 691 1
294 1151 1
294 1231 1
294 1442 1
294 1665 1
294 1736 1
294 1933 1
294 1938 1
295 123 1
295 141 1
295 180 1
295 223 1
295 245 1
295 328 1
295 362 1
295 419 1
295 435 1
295 467 1
295 777 1
295 1355 1
295 1569 1
295 1765 1
295 1875 1
295 1944 1
296 94 1
296 179 1
296 222 1
296 514 1
296 728 1
296 785 1
296 902 1
296 936 1
296 1394 1
296 1504 1
296 1520 1
296 1593 1
296 1951 1
296 1976 1
296 2031 1
297 118 1
297 354 1
297 368 1
297 677 1
297 705 1
297 790 1
297 886 1
297 928 1
297 1387 1
297 1420 1
297 1679 1
297 1743 1
297 1792 1
297 1831 1
297 1980 1
298 116 1
298 656 1
298 827 1
298 890 1
298 1150 1
298 1265 1
298 1586 1
298 1654 1
298 1926 1
299 357 1
299 630 1
299 649 1
299 1108 1
299 1125 1
299 1396 1
299 1513 1
299 1978 1
300 219 1
300 444 1
300 471 1
300 1025 1
300 1165 1
300 1924 1
301 56 1
301 286 1
301 760 1
301 829 1
301 1735 1
301 1918 1
302 55 1
302 246 1
302 485 1
302 870 1
303 279 1
303 296 1
303 862 1
303 1316 1
304 335 1
304 644 1
304 857 1
304 1071 1
304 1309 1
304 1382 1
304 1477 1
305 1820 1
305 1960 1
306 316 1
306 512 1
306 1838 1
307 95 1
307 856 1
307 1948 1
308 1001 1
308 1433 1
308 1524 1
308 1923 1
309 114 1
309 193 1
309 208 1
309 274 1
309 483 1
309 720 1
309 767 1
309 880 1
309 929 1
309 1175 1
309 1595 1
309 1956 1
310 213 1
310 511 1
310 650 1
310 901 1
310 1013 1
310 1095 1
310 1107 1
310 1542 1
310 1578 1
310 1625 1
310 1779 1
310 2001 1
310 2032 1
311 151 1
311 209 1
311 561 1
311 724 1
311 768 1
311 1340 1
311 1414 1
311 1439 1
311 1464 1
311 1688 1
311 1693 1
311 1698 1
311 2046 1
312 152 1
312 158 1
312 327 1
312 340 1
312 524 1
312 808 1
312 915 1
312 1040 1
312 1162 1
312 1178 1
312 1274 1
312 1536 1
312 1840 1
312 1841 1
313 91 1
313 177 1
313 247 1
313 311 1
313 529 1
313 588 1
313 1073 1
313 1091 1
313 1362 1
313 1740 1
313 2008 1
313 2044 1
314 660 1
314 997 1
314 1067 1
314 1401 1
314 1547 1
314 1653 1
314 1664 1
314 1871 1
314 2013 1
315 42 1
315 347 1
315 429 1
315 821 1
315 954 1
315 1114 1
315 1155 1
315 1856 1
316 608 1
316 692 1
316 733 1
316 881 1
316 947 1
316 1189 1
316 1423 1
316 1803 1
317 159 1
317 459 1
317 1238 1
317 1691 1
317 1945 1
317 1969 1
318 482 1
318 581 1
318 1217 1
319 391 1
319 1554 1
320 217 1
320 1811 1
321 718 1
321 781 1
321 1940 1
322 632 1
322 1597 1
323 415 1
323 1127 1
323 1996 1
323 2005 1
324 80 1
324 425 1
324 571 1
324 748 1
324 1872 1
324 1964 1
325 321 1
325 828 1
325 984 1
325 1021 1
325 1129 1
325 1259 1
325 1326 1
325 1334 1
325 1603 1
325 1801 1
326 530 1
326 558 1
326 831 1
326 1012 1
326 1381 1
326 1404 1
326 1795 1
326 1865 1
326 1965 1
327 88 1
327 117 1
327 140 1
327 696 1
327 725 1
327 797 1
327 802 1
327 889 1
327 1034 1
327 1228 1
327 1251 1
327 1260 1
327 1345 1
327 1388 1
327 1635 1
327 1889 1
328 61 1
328 148 1
328 169 1
328 211 1
328 259 1
328 342 1
328 860 1
328 891 1
328 1089 1
328 1153 1
328 1216 1
328 1322 1
328 1425 1
328 1491 1
328 1538 1
328 1628 1
328 1738 1
328 1887 1
328 1910 1
329 262 1
329 281 1
329 374 1
329 481 1
329 563 1
329 963 1
329 1183 1
329 1223 1
329 1311 1
329 1431 1
329 1476 1
329 1797 1
329 1974 1
329 2043 1
330 10 1
330 266 1
330 690 1
330 766 1
330 782 1
330 1090 1
330 1093 1
330 1229 1
330 1456 1
330 1659 1
330 1770 1
330 1952 1
331 93 1
331 161 1
331 454 1
331 472 1
331 722 1
331 849 1
331 1134 1
332 135 1
332 182 1
332 480 1
332 1106 1
333 108 1
333 1027 1
333 1084 1
333 1576 1
334 619 1
334 913 1
334 1572 1
334 1911 1
335 618 1
335 641 1
335 1235 1
335 1468 1
336 865 1
336 1195 1
336 1405 1
336 1485 1
336 1501 1
336 1934 1
337 448 1
337 1480 1
338 373 1
338 734 1
338 1069 1
338 1462 1
339 920 1
340 456 1
340 569 1
340 640 1
340 1123 1
340 1290 1
341 50 1
341 100 1
341 385 1
341 584 1
341 637 1
341 1124 1
341 1172 1
341 1458 1
341 1473 1
341 1627 1
341 1634 1
341 1647 1
341 1751 1
341 1773 1
341 1894 1
342 79 1
342 225 1
342 257 1
342 318 1
342 476 1
342 586 1
342 671 1
342 689 1
342 912 1
342 922 1
342 993 1
342 1191 1
342 1233 1
342 1276 1
342 1592 1
342 1712 1
342 1921 1
343 104 1
343 138 1
343 313 1
343 351 1
343 410 1
343 413 1
343 628 1
343 676 1
343 697 1
343 716 1
343 729 1
343 941 1
343 1039 1
343 1266 1
343 1481 1
343 1527 1
343 1573 1
343 1645 1
343 1771 1
343 1813 1
343 1834 1
343 1904 1
343 1906 1
344 68 1
344 265 1
344 465 1
344 498 1
344 528 1
344 537 1
344 840 1
344 937 1
344 1007 1
344 1033 1
344 1072 1
344 1159 1
344 1163 1
344 1291 1
344 1772 1
344 1916 1
344 1931 1
344 1990 1
345 39 1
345 62 1
345 308 1
345 339 1
345 363 1
345 457 1
345 495 1
345 616 1
345 709 1
345 969 1
345 1079 1
345 1275 1
345 1398 1
345 1582 1
345 1744 1
345 1983 1
346 124 1
346 1140 1
346 1230 1
346 1242 1
346 1254 1
346 1258 1
346 1378 1
346 1407 1
346 1521 1
346 1674 1
346 1775 1
346 2003 1
347 240 1
347 379 1
347 636 1
347 1057 1
347 1356 1
348 291 1
349 28 1
349 1391 1
349 1441 1
350 216 1
350 707 1
350 765 1
350 1358 1
351 301 1
351 789 1
351 1109 1
351 1678 1
352 198 1
352 1907 1
353 1045 1
354 206 1
354 684 1
354 1117 1
355 41 1
355 509 1
355 607 1
355 794 1
355 953 1
355 970 1
355 1149 1
355 1360 1
355 1995 1
356 350 1
356 582 1
356 919 1
356 1048 1
356 1139 1
356 1690 1
357 48 1
357 115 1
357 232 1
357 304 1
357 643 1
357 853 1
357 854 1
357 904 1
357 965 1
357 1005 1
357 1100 1
357 1177 1
357 1289 1
357 1303 1
357 1467 1
357 1675 1
357 1734 1
357 1747 1
357 1843 1
357 1891 1
357 1927 1
358 59 1
358 109 1
358 184 1
358 197 1
358 310 1
358 400 1
358 556 1
358 568 1
358 672 1
358 712 1
358 807 1
358 931 1
358 1181 1
358 1494 1
358 1602 1
358 1623 1
358 1899 1
358 1999 1
358 2018 1
358 2022 1
358 2034 1
359 263 1
359 380 1
359 390 1
359 409 1
359 474 1
359 484 1
359 659 1
359 670 1
359 822 1
359 977 1
359 1024 1
359 1029 1
359 1146 1
359 1239 1
359 1410 1
359 1447 1
359 1448 1
359 1450 1
359 1551 1
359 1857 1
359 1864 1
360 13 1
360 76 1
360 393 1
360 438 1
360 478 1
360 499 1
360 517 1
360 900 1
360 935 1
360 949 1
360 1086 1
360 1232 1
360 1255 1
360 1347 1
360 1417 1
360 1426 1
360 1558 1
360 1588 1
360 1638 1
360 1748 1
360 2004 1
360 2048 1
361 134 1
361 287 1
361 348 1
361 550 1
361 882 1
361 1192 1
361 1218 1
361 1244 1
361 1435 1
361 1495 1
361 1512 1
361 1986 1
362 46 1
362 142 1
362 381 1
362 462 1
362 932 1
362 945 1
362 1174 1
362 1575 1
362 1685 1
362 1753 1
362 1979 1
363 7 1
363 1249 1
363 1880 1
364 842 1
364 986 1
364 1061 1
365 510 1
365 758 1
365 805 1
365 1213 1
366 647 1
366 1860 1
367 818 1
367 1484 1
368 31 1
369 834 1
369 1271 1
369 1826 1
371 121 1
371 463 1
371 503 1
371 866 1
371 964 1
371 1496 1
371 1984 1
372 9 1
372 103 1
372 235 1
372 343 1
372 972 1
372 1164 1
372 1286 1
372 1482 1
372 1617 1
372 1696 1
372 1836 1
373 270 1
373 334 1
373 585 1
373 615 1
373 779 1
373 851 1
373 1173 1
373 1248 1
373 1338 1
373 1343 1
373 1412 1
373 1640 1
373 1884 1
373 1919 1
373 1932 1
374 129 1
374 149 1
374 156 1
374 243 1
374 268 1
374 283 1
374 516 1
374 574 1
374 648 1
374 743 1
374 763 1
374 792 1
374 796 1
374 823 1
374 940 1
374 1203 1
374 1351 1
374 1615 1
374 1713 1
374 1760 1
374 1761 1
374 1818 1
374 1844 1
374 1869 1
374 1903 1
375 155 1
375 189 1
375 210 1
375 541 1
375 545 1
375 1082 1
375 1591 1
375 1639 1
375 1651 1
375 1705 1
375 1745 1
375 1791 1
375 1832 1
376 18 1
376 44 1
376 406 1
376 617 1
376 723 1
376 903 1
376 1015 1
376 1076 1
376 1406 1
376 1438 1
376 1474 1
376 1888 1
376 1971 1
377 101 1
377 652 1
377 750 1
377 1487 1
377 1695 1
378 85 1
378 112 1
378 256 1
378 621 1
378 1539 1
378 1786 1
378 2016 1
379 52 1
379 788 1
379 793 1
379 820 1
379 1094 1
380 128 1
380 539 1
380 1759 1
380 1847 1
381 105 1
381 817 1
381 1676 1
381 1689 1
382 1655 1
382 1672 1
383 215 1
383 386 1
383 814 1
383 1719 1
384 967 1
384 1341 1
384 1475 1
384 1961 1
385 950 1
385 1168 1
385 1170 1
386 365 1
386 1283 1
386 1418 1
387 397 1
387 422 1
387 752 1
387 806 1
387 811 1
387 1268 1
387 1335 1
387 1421 1
387 1452 1
387 1941 1
388 33 1
388 165 1
388 196 1
388 237 1
388 355 1
388 401 1
388 560 1
388 609 1
388 713 1
388 888 1
388 991 1
388 1185 1
388 1419 1
388 1750 1
388 1802 1
388 1805 1
388 1972 1
388 2010 1
389 5 1
389 27 1
389 99 1
389 315 1
389 437 1
389 942 1
389 971 1
389 1366 1
389 1514 1
389 1883 1
390 11 1
390 64 1
390 231 1
390 412 1
390 988 1
390 1148 1
390 1169 1
390 1205 1
390 1295 1
390 1320 1
390 1454 1
390 1516 1
390 1608 1
390 1666 1
390 1804 1
390 1853 1
390 2035 1
391 292 1
391 317 1
391 417 1
391 613 1
391 674 1
391 687 1
391 879 1
391 983 1
391 1121 1
391 1194 1
391 1397 1
391 1460 1
391 1478 1
391 1669 1
391 1882 1
391 1991 1
391 1994 1
391 2019 1
392 382 1
392 848 1
392 1198 1
392 1492 1
392 1731 1
392 1886 1
392 2007 1
393 119 1
393 452 1
393 1328 1
394 507 1
394 554 1
394 606 1
394 646 1
394 885 1
394 1453 1
394 1546 1
394 1975 1
395 171 1
395 532 1
395 978 1
395 1088 1
396 185 1
396 370 1
396 979 1
396 1133 1
396 1293 1
396 2006 1
397 992 1
397 1352 1
398 1570 1
398 1742 1
399 191 1
399 1545 1
399 1641 1
399 1716 1
400 1532 1
401 170 1
401 1161 1
401 1997 1
402 260 1
402 329 1
402 460 1
402 739 1
402 918 1
402 1409 1
402 1706 1
402 2047 1
403 242 1
403 248 1
403 994 1
403 1209 1
403 1528 1
403 1543 1
404 34 1
404 54 1
404 424 1
404 442 1
404 506 1
404 800 1
404 914 1
404 957 1
404 980 1
404 1262 1
404 1455 1
404 1596 1
404 1766 1
404 1879 1
405 22 1
405 337 1
405 352 1
405 403 1
405 602 1
405 653 1
405 681 1
405 700 1
405 938 1
405 1180 1
405 1329 1
405 1385 1
405 1440 1
405 1707 1
405 1787 1
405 1839 1
405 1896 1
405 1943 1
405 1970 1
405 2017 1
406 26 1
406 181 1
406 251 1
406 295 1
406 600 1
406 634 1
406 855 1
406 907 1
406 924 1
406 925 1
406 1054 1
406 1096 1
406 1321 1
406 1555 1
406 1814 1
406 1842 1
406 1849 1
407 35 1
407 249 1
407 395 1
407 908 1
407 981 1
407 1085 1
407 1393 1
407 1471 1
407 1776 1
407 1992 1
407 2027 1
408 120 1
408 276 1
408 388 1
408 549 1
408 557 1
408 843 1
408 952 1
408 1062 1
408 1104 1
408 1135 1
408 1307 1
408 1332 1
408 1486 1
408 1587 1
408 1704 1
408 1793 1
408 1821 1
408 1858 1
408 2015 1
409 87 1
409 377 1
409 1196 1
409 1247 1
409 1354 1
409 1637 1
409 1646 1
409 1954 1
409 1987 1
410 590 1
410 1081 1
410 1636 1
410 1908 1
410 1985 1
410 2000 1
411 174 1
411 378 1
411 534 1
411 661 1
411 685 1
411 732 1
411 917 1
411 946 1
412 1166 1
412 1240 1
413 1003 1
413 1219 1
413 1658 1
414 774 1
414 776 1
414 1939 1
415 84 1
415 272 1
415 1488 1
415 1746 1
415 1901 1
416 995 1
416 1837 1
417 513 1
417 1009 1
417 1284 1
418 17 1
418 298 1
418 494 1
418 525 1
418 960 1
418 1279 1
419 30 1
419 70 1
419 319 1
419 383 1
419 520 1
419 1184 1
419 1876 1
420 23 1
420 146 1
420 233 1
420 236 1
420 358 1
420 466 1
420 522 1
420 762 1
420 921 1
420 930 1
420 1315 1
420 1346 1
420 1373 1
420 1599 1
420 1848 1
421 132 1
421 202 1
421 336 1
421 518 1
421 536 1
421 688 1
421 844 1
421 1000 1
421 1226 1
421 1371 1
421 1389 1
421 1429 1
421 1531 1
421 1739 1
421 1861 1
421 1930 1
422 253 1
422 288 1
422 305 1
422 433 1
422 470 1
422 531 1
422 711 1
422 746 1
422 883 1
422 1101 1
422 1119 1
422 1208 1
422 1550 1
422 1914 1
422 1922 1
422 2024 1
423 25 1
423 89 1
423 92 1
423 187 1
423 255 1
423 423 1
423 639 1
423 872 1
423 973 1
423 987 1
423 996 1
423 1122 1
423 1138 1
423 1250 1
423 1285 1
423 1479 1
423 1568 1
423 1580 1
423 1585 1
423 1600 1
423 1789 1
423 1959 1
424 290 1
424 367 1
424 521 1
424 663 1
424 830 1
424 905 1
424 1017 1
424 1681 1
425 49 1
425 277 1
425 580 1
425 583 1
425 1046 1
425 1270 1
425 1444 1
425 1515 1
425 1633 1
425 1762 1
425 1822 1
426 3 1
426 71 1
426 96 1
426 131 1
426 497 1
426 519 1
426 546 1
426 635 1
426 693 1
426 736 1
426 906 1
426 1733 1
426 1963 1
427 338 1
427 455 1
427 951 1
427 1074 1
427 1395 1
427 1684 1
428 683 1
428 753 1
428 812 1
428 1070 1
428 1567 1
428 1809 1
428 1825 1
429 195 1
429 1784 1
429 2040 1
430 795 1
430 1383 1
430 1483 1
431 623 1
431 1503 1
431 1614 1
432 376 1
432 392 1
432 1459 1
432 1577 1
433 1557 1
434 1629 1
434 1683 1
435 933 1
435 1126 1
435 1428 1
435 1819 1
435 1874 1
436 125 1
436 542 1
436 897 1
436 910 1
436 1128 1
436 1147 1
436 1339 1
436 1718 1
436 2009 1
437 15 1
437 428 1
437 430 1
437 496 1
437 708 1
437 998 1
437 1031 1
437 1237 1
437 1246 1
437 1299 1
437 1434 1
437 1443 1
437 1622 1
437 1798 1
437 1824 1
437 2037 1
438 19 1
438 36 1
438 275 1
438 638 1
438 801 1
438 1002 1
438 1044 1
438 1065 1
438 1116 1
438 1214 1
438 1267 1
438 1280 1
438 1292 1
438 1489 1
438 1682 1
438 1714 1
438 1796 1
438 2028 1
439 113 1
439 309 1
439 353 1
439 694 1
439 727 1
439 810 1
439 837 1
439 864 1
439 1020 1
439 1325 1
439 1893 1
439 1913 1
440 78 1
440 98 1
440 160 1
440 166 1
440 399 1
440 431 1
440 508 1
440 798 1
440 868 1
440 961 1
440 974 1
440 1137 1
440 1227 1
440 1327 1
440 1560 1
440 1624 1
440 1697 1
440 1780 1
440 1835 1
441 97 1
441 133 1
441 302 1
441 325 1
441 603 1
441 784 1
441 816 1
441 916 1
441 927 1
441 1287 1
441 1375 1
441 1548 1
441 1929 1
441 1947 1
441 2026 1
442 1 1
442 651 1
442 667 1
442 714 1
442 756 1
442 1359 1
442 1518 1
442 1610 1
442 1620 1
442 1756 1
443 1041 1
443 1215 1
443 1253 1
443 1297 1
443 1709 1
443 1769 1
444 144 1
444 719 1
444 778 1
444 1049 1
444 1207 1
444 1220 1
444 1310 1
445 60 1
445 147 1
445 205 1
445 320 1
445 772 1
445 867 1
446 1098 1
446 1466 1
446 1749 1
447 461 1
448 669 1
448 1136 1
448 1533 1
448 2030 1
449 204 1
449 446 1
449 1269 1
451 1920 1
452 769 1
452 787 1
452 1022 1
452 1305 1
452 1424 1
453 67 1
453 360 1
453 419 1
453 832 1
453 1764 1
453 1846 1
453 1867 1
454 323 1
454 699 1
454 738 1
454 803 1
454 943 1
454 1043 1
454 1131 1
454 1298 1
454 1376 1
454 1413 1
454 1574 1
454 1680 1
454 1686 1
454 1915 1
455 69 1
455 167 1
455 596 1
455 721 1
455 755 1
455 764 1
455 1014 1
455 1152 1
455 1176 1
455 1190 1
455 1261 1
455 1337 1
455 1377 1
455 1432 1
455 1497 1
455 1565 1
455 1613 1
455 1942 1
456 130 1
456 157 1
456 264 1
456 331 1
456 487 1
456 662 1
456 733 1
456 747 1
456 895 1
456 962 1
456 1036 1
456 1252 1
456 1386 1
456 1703 1
456 1729 1
456 1774 1
456 1794 1
457 63 1
457 74 1
457 145 1
457 306 1
457 611 1
457 819 1
457 836 1
457 939 1
457 1032 1
457 1357 1
457 1430 1
457 1499 1
457 1725 1
457 1823 1
457 1859 1
458 207 1
458 239 1
458 566 1
458 1083 1
458 1277 1
458 1302 1
458 1469 1
458 1525 1
458 1612 1
458 1653 1
458 1782 1
458 1881 1
459 86 1
459 285 1
459 404 1
459 838 1
459 845 1
459 1080 1
459 1726 1
459 1754 1
459 1851 1
459 1955 1
459 2036 1
460 45 1
460 326 1
460 333 1
460 411 1
460 665 1
460 1355 1
460 1688 1
460 1912 1
461 110 1
461 1323 1
461 1993 1
462 82 1
462 136 1
462 372 1
462 896 1
462 1019 1
463 21 1
463 825 1
463 1437 1
463 1472 1
464 757 1
464 1589 1
465 440 1
465 612 1
466 1852 1
467 252 1
467 1737 1
468 163 1
468 658 1
468 1105 1
468 1150 1
468 1968 1
469 479 1
469 552 1
469 625 1
469 703 1
469 1559 1
469 1768 1
469 2042 1
470 24 1
470 176 1
470 201 1
470 459 1
470 548 1
470 575 1
470 740 1
470 1125 1
470 1141 1
470 1372 1
470 1506 1
470 1902 1
470 2012 1
471 102 1
471 106 1
471 107 1
471 111 1
471 267 1
471 375 1
471 486 1
471 564 1
471 673 1
471 1011 1
471 1296 1
471 1331 1
471 1400 1
471 1563 1
471 1642 1
471 1700 1
471 1724 1
471 1817 1
471 1928 1
471 1957 1
471 1982 1
472 284 1
472 335 1
472 418 1
472 432 1
472 593 1
472 1042 1
472 1118 1
472 1130 1
472 1156 1
472 1193 1
472 1304 1
472 1363 1
472 1461 1
472 1566 1
472 1783 1
472 1950 1
472 2011 1
473 47 1
473 273 1
473 364 1
473 490 1
473 533 1
473 624 1
473 629 1
473 770 1
473 1066 1
473 1200 1
473 1201 1
473 1502 1
473 1556 1
473 1758 1
473 1785 1
473 1788 1
473 1981 1
473 2029 1
474 118 1
474 449 1
474 450 1
474 706 1
474 813 1
474 948 1
474 985 1
474 1051 1
474 1154 1
474 1278 1
474 1517 1
474 1594 1
474 1799 1
474 1958 1
474 2045 1
475 344 1
475 357 1
475 527 1
475 540 1
475 605 1
475 726 1
475 773 1
475 799 1
475 869 1
475 873 1
475 898 1
475 956 1
475 1112 1
475 1630 1
476 297 1
476 366 1
476 809 1
476 1058 1
476 1687 1
476 1936 1
477 72 1
477 244 1
477 565 1
477 682 1
477 785 1
477 1145 1
477 1960 1
478 294 1
478 679 1
478 893 1
478 1091 1
478 1158 1
478 1500 1
479 186 1
479 356 1
479 578 1
479 592 1
479 641 1
479 1534 1
479 1810 1
480 594 1
480 597 1
480 1050 1
481 178 1
481 886 1
481 1711 1
482 551 1
482 1313 1
482 1523 1
482 1657 1
483 183 1
483 488 1
483 1505 1
483 1763 1
484 741 1
484 846 1
484 1616 1
484 1967 1
485 469 1
485 1110 1
485 1243 1
485 1374 1
486 203 1
486 229 1
486 936 1
486 1102 1
486 1224 1
486 1403 1
486 1708 1
487 139 1
487 188 1
487 227 1
487 230 1
487 254 1
487 300 1
487 705 1
487 833 1
487 1288 1
487 1767 1
487 1816 1
488 143 1
488 214 1
488 491 1
488 501 1
488 579 1
488 620 1
488 902 1
488 1120 1
488 1272 1
488 1314 1
488 1317 1
488 1694 1
489 220 1
489 289 1
489 312 1
489 473 1
489 543 1
489 587 1
489 589 1
489 745 1
489 766 1
489 815 1
489 923 1
489 1016 1
489 1245 1
489 1415 1
489 1659 1
489 1661 1
489 1715 1
489 1734 1
490 20 1
490 434 1
490 1068 1
490 1225 1
490 1381 1
490 1648 1
490 1830 1
490 1877 1
490 1918 1
491 384 1
491 394 1
491 436 1
491 581 1
491 645 1
491 668 1
491 749 1
491 839 1
491 1186 1
491 1333 1
491 1369 1
492 122 1
492 141 1
492 216 1
492 261 1
492 322 1
492 562 1
492 698 1
492 1075 1
492 1188 1
492 1212 1
492 1236 1
492 1257 1
492 1361 1
492 1519 1
492 1606 1
492 1626 1
492 2046 1
493 523 1
493 1115 1
493 1579 1
493 1976 1
493 2039 1
494 14 1
494 269 1
494 468 1
494 598 1
494 728 1
494 1336 1
494 1569 1
494 1643 1
495 1416 1
495 1702 1
495 1917 1
496 1179 1
496 1508 1
497 151 1
497 1306 1
498 715 1
498 1473 1
499 332 1
499 359 1
499 1463 1
499 1898 1
500 6 1
500 1187 1
500 1436 1
500 1801 1
501 1723 1
501 1905 1
502 421 1
502 441 1
502 591 1
502 934 1
502 1040 1
502 1673 1
502 1777 1
502 1854 1
503 83 1
503 299 1
503 526 1
503 676 1
503 695 1
503 874 1
503 1037 1
503 1097 1
503 1470 1
503 1654 1
503 1833 1
504 224 1
504 330 1
504 439 1
504 547 1
504 604 1
504 664 1
504 804 1
504 989 1
504 1038 1
504 1059 1
504 1114 1
504 1273 1
504 1350 1
504 1390 1
504 1490 1
504 1590 1
504 1601 1
504 1632 1
504 1845 1
504 2014 1
505 8 1
505 90 1
505 314 1
505 477 1
505 573 1
505 614 1
505 642 1
505 675 1
505 835 1
505 850 1
505 911 1
505 1053 1
505 1055 1
505 1092 1
505 1106 1
505 1312 1
505 1392 1
505 1427 1
505 1631 1
505 1741 1
505 1890 1
505 1953 1
505 2002 1
505 2032 1
506 173 1
506 250 1
506 258 1
506 475 1
506 489 1
506 514 1
506 928 1
506 976 1
506 1018 1
506 1113 1
506 1160 1
506 1330 1
506 1660 1
506 1670 1
506 1674 1
506 1808 1
507 396 1
507 448 1
507 567 1
507 655 1
507 704 1
507 759 1
507 968 1
507 1103 1
507 1210 1
507 1665 1
507 1752 1
507 1827 1
507 1935 1
508 492 1
508 680 1
508 1006 1
508 1949 1
509 398 1
509 559 1
509 997 1
509 1380 1
509 1790 1
510 307 1
510 435 1
510 471 1
510 1073 1
510 1199 1
510 1509 1
510 1549 1
510 1699 1
510 1866 1
511 168 1
511 247 1
511 374 1
511 1451 1
511 1946 1
512 1679 1
513 1645 1
514 1342 1
514 1951 1
515 221 1
515 1035 1
515 1319 1
517 200 1
517 328 1
517 887 1
517 1123 1
517 1717 1
518 1668 1
518 2023 1
519 153 1
519 226 1
519 387 1
519 515 1
519 601 1
519 852 1
519 958 1
519 966 1
519 1379 1
519 1535 1
519 1576 1
519 1871 1
520 246 1
520 349 1
520 453 1
520 613 1
520 632 1
520 863 1
520 1010 1
520 1052 1
520 1095 1
520 1132 1
520 1144 1
520 1211 1
520 1309 1
520 1456 1
520 1493 1
520 1537 1
520 1552 1
520 1581 1
520 1757 1
520 1828 1
520 1988 1
520 2031 1
521 55 1
521 94 1
521 123 1
521 296 1
521 402 1
521 414 1
521 630 1
521 735 1
521 824 1
521 826 1
521 847 1
521 894 1
521 1023 1
521 1256 1
521 1324 1
521 1561 1
521 1609 1
521 1611 1
521 1692 1
521 1933 1
522 40 1
522 278 1
522 420 1
522 535 1
522 577 1
522 730 1
522 780 1
522 876 1
522 892 1
522 1089 1
522 1189 1
522 1206 1
522 1498 1
522 1501 1
522 1544 1
522 1586 1
522 1832 1
522 1850 1
523 342 1
523 666 1
523 775 1
523 1155 1
523 1529 1
523 1781 1
523 1885 1
524 407 1
524 447 1
524 884 1
524 941 1
524 1109 1
524 1229 1
524 1301 1
524 1340 1
524 1458 1
524 1593 1
524 1598 1
524 1728 1
524 1840 1
525 37 1
525 890 1
525 899 1
525 1171 1
526 241 1
526 955 1
526 1008 1
526 1099 1
526 1264 1
526 1446 1
526 1934 1
526 1998 1
528 16 1
528 114 1
528 1047 1
528 1344 1
528 1892 1
529 483 1
530 127 1
530 701 1
530 1030 1
530 1740 1
530 2021 1
531 57 1
531 502 1
531 1222 1
531 1420 1
532 1829 1
533 77 1
533 303 1
533 781 1
533 1857 1
533 1944 1
534 137 1
534 150 1
534 361 1
534 626 1
534 657 1
534 771 1
534 783 1
534 1077 1
534 1370 1
534 1465 1
534 1553 1
534 1571 1
534 1743 1
534 1815 1
535 158 1
535 286 1
535 416 1
535 754 1
535 806 1
535 922 1
535 947 1
535 1107 1
535 1294 1
535 1449 1
535 1511 1
535 1541 1
535 1677 1
535 1693 1
535 1948 1
535 2020 1
536 208 1
536 228 1
536 310 1
536 499 1
536 504 1
536 553 1
536 599 1
536 849 1
536 878 1
536 1056 1
536 1142 1
536 1274 1
536 1281 1
536 1300 1
536 1349 1
536 1396 1
536 1405 1
536 1464 1
536 1504 1
536 1564 1
536 1618 1
536 1862 1
537 4 1
537 53 1
537 91 1
537 369 1
537 760 1
537 761 1
537 889 1
537 915 1
537 1204 1
537 1260 1
537 1387 1
537 1468 1
537 1510 1
537 1652 1
537 1812 1
537 1980 1
538 193 1
538 199 1
538 426 1
538 885 1
538 1157 1
538 1216 1
538 1868 1
538 1878 1
538 1909 1
539 108 1
539 280 1
539 371 1
539 389 1
539 539 1
539 571 1
539 875 1
539 1021 1
539 1182 1
539 1202 1
539 1530 1
539 1873 1
539 1962 1
539 1973 1
540 274 1
540 731 1
540 1015 1
540 1093 1
540 1422 1
540 1605 1
540 1738 1
540 1765 1
540 1811 1
541 109 1
541 238 1
541 259 1
541 266 1
541 345 1
541 505 1
541 617 1
541 1863 1
541 1906 1
541 1969 1
542 179 1
542 212 1
542 691 1
542 853 1
542 920 1
542 950 1
542 1303 1
542 1831 1
542 1897 1
543 427 1
543 622 1
543 1671 1
543 1869 1
544 18 1
544 633 1
544 859 1
545 1013 1
545 1855 1
546 218 1
546 512 1
546 1234 1
546 1254 1
547 467 1
547 610 1
547 725 1
547 909 1
547 1012 1
547 2025 1
548 48 1
548 1004 1
548 1356 1
549 116 1
549 451 1
549 1938 1
550 194 1
550 720 1
550 808 1
550 1231 1
550 1964 1
551 222 1
551 282 1
551 457 1
551 1140 1
551 1401 1
551 1542 1
551 1721 1
551 1761 1
551 1989 1
552 2 1
552 234 1
552 724 1
552 861 1
552 1772 1
552 1954 1
553 43 1
553 66 1
553 213 1
553 232 1
553 458 1
553 710 1
553 748 1
553 858 1
553 1087 1
553 1127 1
553 1197 1
553 1423 1
553 1457 1
553 1526 1
553 1797 1
553 1952 1
553 1977 1
554 262 1
554 385 1
554 586 1
554 654 1
554 718 1
554 793 1
554 831 1
554 891 1
554 1108 1
554 1411 1
554 1513 1
554 1735 1
554 1886 1
554 1899 1
555 159 1
555 390 1
555 524 1
555 528 1
555 608 1
555 742 1
555 975 1
555 1129 1
555 1462 1
555 1644 1
555 1663 1
555 1701 1
555 1732 1
555 1792 1
555 1813 1
555 1841 1
555 1887 1
556 154 1
556 240 1
556 482 1
556 1282 1
556 1520 1
556 1664 1
557 180 1
557 729 1
557 1345 1
557 1426 1
557 1847 1
557 1875 1
557 1924 1
557 1972 1
558 215 1
558 570 1
558 856 1
558 1191 1
558 1382 1
559 38 1
559 493 1
559 544 1
559 555 1
559 686 1
559 942 1
559 1263 1
559 1275 1
559 1507 1
560 129 1
560 175 1
560 561 1
560 717 1
560 1891 1
561 572 1
561 739 1
561 982 1
561 1162 1
561 1634 1
562 354 1
562 1238 1
562 1884 1
563 28 1
563 1650 1
564 463 1
565 576 1
566 169 1
566 327 1
566 341 1
566 1266 1
566 1439 1
566 1476 1
566 1730 1
567 68 1
567 678 1
567 1597 1
567 1926 1
568 164 1
568 209 1
568 281 1
568 413 1
568 656 1
568 712 1
568 829 1
568 999 1
568 1111 1
568 1258 1
568 1536 1
569 177 1
569 485 1
569 702 1
569 1442 1
569 1445 1
569 1450 1
569 1625 1
569 1995 1
570 80 1
570 210 1
570 324 1
570 584 1
570 670 1
570 791 1
570 797 1
570 841 1
570 929 1
570 954 1
570 1078 1
570 1163 1
570 1649 1
570 1662 1
571 41 1
571 56 1
571 75 1
571 134 1
571 219 1
571 235 1
571 538 1
571 545 1
571 751 1
571 1151 1
571 1412 1
571 1433 1
571 1524 1
571 1689 1
572 339 1
572 541 1
572 585 1
572 750 1
572 1027 1
572 1100 1
572 1181 1
572 1242 1
572 1402 1
572 1421 1
572 1539 1
572 1750 1
572 1940 1
572 1965 1
572 1983 1
573 65 1
573 96 1
573 308 1
573 786 1
573 871 1
573 1039 1
573 1085 1
573 1522 1
573 1736 1
573 1860 1
574 93 1
574 279 1
574 1146 1
574 1221 1
574 1547 1
574 1795 1
575 881 1
575 963 1
575 1034 1
575 1235 1
575 1341 1
575 1578 1
575 1685 1
575 1764 1
575 1802 1
575 2043 1
576 126 1
576 511 1
576 1205 1
576 1384 1
577 198 1
577 558 1
577 900 1
577 1195 1
577 1888 1
577 1894 1
578 940 1
578 949 1
578 959 1
578 990 1
580 140 1
580 346 1
580 743 1
581 870 1
581 1321 1
581 1925 1
582 1603 1
583 1159 1
583 1945 1
584 223 1
584 283 1
584 370 1
584 744 1
584 822 1
584 1063 1
584 1251 1
584 1367 1
584 1487 1
584 1540 1
584 1582 1
584 1667 1
584 1923 1
584 2035 1
584 2041 1
585 415 1
585 560 1
585 696 1
585 779 1
585 1408 1
585 1573 1
585 1710 1
585 1748 1
586 400 1
586 495 1
586 496 1
586 500 1
586 650 1
586 722 1
586 828 1
586 945 1
586 977 1
586 1028 1
586 1054 1
586 1143 1
586 1228 1
586 1407 1
586 1425 1
586 1431 1
586 1554 1
586 1604 1
586 1907 1
586 1937 1
586 1999 1
587 33 1
587 152 1
587 162 1
587 301 1
587 454 1
587 516 1
587 595 1
587 621 1
587 627 1
587 914 1
587 1174 1
587 1233 1
587 1289 1
587 1628 1
587 1647 1
587 1747 1
587 1753 1
587 1779 1
587 1927 1
588 225 1
588 393 1
588 437 1
588 607 1
588 616 1
588 631 1
588 697 1
588 872 1
588 971 1
588 1178 1
588 1291 1
588 1322 1
588 1326 1
588 1368 1
588 1410 1
589 61 1
589 379 1
589 405 1
589 484 1
589 790 1
589 792 1
589 802 1
589 866 1
589 918 1
589 1071 1
589 1173 1
589 1311 1
589 1389 1
589 1399 1
589 1584 1
589 1820 1
589 1904 1
590 62 1
590 172 1
590 412 1
590 456 1
590 991 1
590 1334 1
590 1635 1
590 1744 1
590 1770 1
591 95 1
591 138 1
591 408 1
591 530 1
591 636 1
591 765 1
591 1223 1
591 1276 1
591 1494 1
591 1528 1
592 1060 1
592 1388 1
592 1864 1
592 1941 1
593 316 1
593 1061 1
593 1417 1
593 1807 1
594 397 1
594 688 1
594 964 1
594 1172 1
594 1419 1
595 569 1
596 998 1
596 1026 1
596 1069 1
597 851 1
597 1438 1
598 618 1
598 709 1
598 1283 1
598 1602 1
598 1867 1
598 1880 1
599 481 1
599 1480 1
600 100 1
600 271 1
600 368 1
600 1318 1
600 1394 1
601 190 1
601 343 1
601 445 1
601 692 1
601 818 1
601 877 1
601 1164 1
601 1168 1
601 1239 1
601 1328 1
601 1595 1
601 1596 1
601 1621 1
601 1778 1
601 1921 1
601 1974 1
602 12 1
602 88 1
602 272 1
602 442 1
602 443 1
602 476 1
602 767 1
602 854 1
602 1048 1
602 1194 1
602 1265 1
602 1348 1
602 1481 1
602 1485 1
602 1720 1
602 1870 1
602 1931 1
602 1975 1
602 1978 1
603 480 1
603 509 1
603 619 1
603 644 1
603 689 1
603 1292 1
603 1364 1
603 1391 1
603 1414 1
603 1572 1
603 1583 1
603 1623 1
603 1838 1
603 1900 1
603 2001 1
603 2003 1
603 2006 1
603 2024 1
604 13 1
604 58 1
604 79 1
604 99 1
604 161 1
604 472 1
604 498 1
604 529 1
604 588 1
604 737 1
604 763 1
604 986 1
604 1022 1
604 1064 1
604 1134 1
604 1316 1
604 1365 1
604 1404 1
604 1429 1
604 1521 1
604 1617 1
604 1619 1
604 2022 1
605 52 1
605 410 1
605 814 1
605 919 1
605 1025 1
605 1167 1
605 1198 1
605 1562 1
605 1712 1
605 1742 1
605 1844 1
605 1865 1
605 1932 1
605 1961 1
605 2000 1
606 115 1
606 192 1
606 470 1
606 537 1
606 926 1
606 965 1
606 969 1
606 996 1
606 1435 1
606 1482 1
606 1656 1
606 1698 1
606 1872 1
606 1986 1
607 243 1
607 568 1
607 628 1
607 827 1
607 840 1
607 984 1
607 1262 1
607 1397 1
607 1696 1
607 1919 1
608 142 1
608 1082 1
608 1308 1
608 1385 1
608 1551 1
608 1709 1
608 2004 1
608 2044 1
609 517 1
609 768 1
609 1489 1
609 1826 1
610 1062 1
610 1166 1
611 776 1
611 1760 1
612 351 1
614 901 1
614 1149 1
614 1697 1
615 81 1
615 1800 1
616 321 1
616 1290 1
616 1591 1
616 1997 1
617 171 1
617 350 1
617 377 1
617 684 1
617 782 1
617 834 1
617 857 1
617 993 1
617 1007 1
617 1353 1
617 1739 1
617 1994 1
617 2013 1
618 29 1
618 103 1
618 104 1
618 130 1
618 184 1
618 197 1
618 444 1
618 536 1
618 549 1
618 646 1
618 912 1
618 953 1
618 1672 1
618 1676 1
618 1684 1
618 1706 1
618 1722 1
618 1727 1
618 2010 1
619 42 1
619 46 1
619 76 1
619 98 1
619 124 1
619 821 1
619 855 1
619 1024 1
619 1175 1
619 1217 1
619 1244 1
619 1354 1
619 1495 1
619 1755 1
619 1775 1
619 1836 1
619 1842 1
619 1849 1
619 2048 1
620 34 1
620 135 1
620 211 1
620 236 1
620 291 1
620 318 1
620 348 1
620 403 1
620 649 1
620 707 1
620 823 1
620 836 1
620 931 1
620 1079 1
620 1137 1
620 1209 1
620 1214 1
620 1240 1
620 1246 1
620 1477 1
620 1527 1
620 1713 1
620 1990 1
620 1996 1
621 3 1
621 11 1
621 86 1
621 149 1
621 355 1
621 503 1
621 672 1
621 882 1
621 904 1
621 1286 1
621 1343 1
621 1818 1
621 1956 1
621 2008 1
622 340 1
622 363 1
622 409 1
622 862 1
622 967 1
622 978 1
622 1072 1
622 1122 1
622 1226 1
622 1255 1
622 1351 1
622 1360 1
622 1393 1
622 1441 1
622 1588 1
622 1856 1
622 2037 1
623 146 1
623 510 1
623 671 1
623 693 1
623 700 1
623 1215 1
623 1241 1
623 1268 1
623 1592 1
623 1751 1
623 1787 1
623 1804 1
624 464 1
624 883 1
624 1491 1
624 1567 1
625 231 1
625 352 1
625 360 1
625 365 1
625 813 1
625 1117 1
625 1147 1
625 1984 1
626 1070 1
626 1346 1
626 1963 1
626 1966 1
627 334 1
627 865 1
627 1675 1
628 148 1
628 1853 1
629 1459 1
629 1782 1
630 1471 1
630 1515 1
631 121 1
631 1640 1
633 237 1
633 287 1
633 313 1
633 1607 1
633 1627 1
634 92 1
634 185 1
634 268 1
634 311 1
634 337 1
634 425 1
634 478 1
634 497 1
634 683 1
634 690 1
634 723 1
634 817 1
634 1009 1
634 1076 1
634 1192 1
634 1378 1
634 1570 1
634 1688 1
634 1771 1
634 1821 1
635 113 1
635 155 1
635 182 1
635 554 1
635 732 1
635 994 1
635 995 1
635 1148 1
635 1248 1
635 1259 1
635 1338 1
635 1691 1
635 1834 1
635 1911 1
635 1957 1
635 2016 1
636 15 1
636 191 1
636 196 1
636 392 1
636 417 1
636 465 1
636 474 1
636 532 1
636 550 1
636 563 1
636 660 1
636 794 1
636 983 1
636 1084 1
636 1177 1
636 1271 1
636 1448 1
636 1492 1
636 1839 1
636 1895 1
637 89 1
637 217 1
637 285 1
637 383 1
637 438 1
637 479 1
637 615 1
637 667 1
637 716 1
637 727 1
637 734 1
637 752 1
637 789 1
637 796 1
637 1153 1
637 1165 1
637 1398 1
637 1447 1
637 1466 1
637 1474 1
637 1615 1
637 1690 1
637 1716 1
637 1785 1
637 1843 1
637 1967 1
637 1991 1
637 2015 1
638 45 1
638 85 1
638 165 1
638 362 1
638 406 1
638 518 1
638 652 1
638 807 1
638 951 1
638 1518 1
638 1678 1
638 1756 1
638 1916 1
638 1970 1
638 2038 1
639 32 1
639 260 1
639 556 1
639 787 1
639 903 1
639 1119 1
639 1227 1
639 1725 1
639 1896 1
639 1914 1
639 2019 1
640 166 1
640 188 1
640 353 1
640 803 1
640 820 1
640 1005 1
640 1232 1
640 1620 1
640 1936 1
640 2028 1
641 17 1
641 144 1
641 174 1
641 842 1
641 1610 1
642 944 1
642 1001 1
642 1213 1
642 1307 1
643 112 1
643 264 1
643 788 1
643 1094 1
643 1366 1
643 1531 1
643 1641 1
643 1824 1
644 248 1
644 1249 1
645 244 1
646 1789 1
647 26 1
648 590 1
648 637 1
649 119 1
649 582 1
649 1496 1
649 1908 1
650 105 1
650 257 1
650 677 1
650 979 1
650 1768 1
651 31 1
651 44 1
651 249 1
651 329 1
651 338 1
651 347 1
651 932 1
651 1058 1
651 1335 1
651 1362 1
651 1467 1
651 1499 1
651 1525 1
651 1558 1
651 1646 1
651 1695 1
651 1705 1
651 1803 1
651 1809 1
651 1851 1
651 1913 1
652 275 1
652 317 1
652 373 1
652 623 1
652 685 1
652 777 1
652 916 1
652 1156 1
652 1320 1
652 1409 1
652 1599 1
652 1630 1
652 1682 1
652 2017 1
652 2034 1
653 59 1
653 245 1
653 309 1
653 762 1
653 935 1
653 962 1
653 1042 1
653 1203 1
653 1460 1
653 1861 1
653 1881 1
653 1882 1
653 1893 1
653 2027 1
654 71 1
654 202 1
654 242 1
654 305 1
654 336 1
654 382 1
654 643 1
654 659 1
654 811 1
654 832 1
654 913 1
654 927 1
654 1128 1
654 1279 1
654 1538 1
654 1568 1
654 1580 1
654 1655 1
654 1745 1
654 1791 1
654 1852 1
654 1915 1
654 1922 1
655 5 1
655 653 1
655 1051 1
655 1371 1
655 1406 1
655 1680 1
655 1806 1
655 1858 1
655 1918 1
656 74 1
656 133 1
656 276 1
656 422 1
656 491 1
656 880 1
656 1081 1
656 1358 1
656 1373 1
656 1374 1
656 1454 1
656 1479 1
656 1950 1
657 206 1
657 647 1
657 681 1
657 1190 1
657 1453 1
657 1953 1
658 50 1
658 419 1
658 506 1
658 1287 1
658 2007 1
659 487 1
659 679 1
659 1106 1
659 1145 1
660 1430 1
660 1659 1
660 1879 1
661 513 1
661 879 1
661 1295 1
663 378 1
663 756 1
663 1310 1
663 1375 1
663 1424 1
663 1762 1
663 1943 1
664 401 1
664 1979 1
665 302 1
665 525 1
665 574 1
665 1376 1
666 87 1
666 170 1
666 1666 1
666 1724 1
666 1766 1
666 1874 1
667 51 1
667 195 1
667 253 1
667 292 1
667 429 1
667 507 1
667 669 1
667 774 1
667 893 1
667 1086 1
667 1230 1
667 1298 1
667 1546 1
667 1759 1
667 1823 1
667 1930 1
668 132 1
668 431 1
668 494 1
668 542 1
668 641 1
668 645 1
668 674 1
668 687 1
668 785 1
668 839 1
668 843 1
668 921 1
668 938 1
668 981 1
668 1219 1
668 1452 1
668 1486 1
668 1506 1
668 1631 1
669 64 1
669 117 1
669 335 1
669 356 1
669 557 1
669 566 1
669 634 1
669 711 1
669 795 1
669 810 1
669 961 1
669 1121 1
669 1169 1
669 1183 1
669 1207 1
669 1270 1
669 1299 1
669 1440 1
669 1587 1
669 1939 1
669 1985 1
670 298 1
670 388 1
670 772 1
670 812 1
670 980 1
670 1090 1
670 1099 1
670 1293 1
670 1483 1
670 1563 1
670 1638 1
670 1987 1
670 2005 1
671 102 1
671 181 1
671 255 1
671 372 1
671 888 1
671 924 1
671 925 1
671 1066 1
671 1131 1
671 1196 1
671 1347 1
671 1352 1
671 1651 1
671 1746 1
671 1819 1
672 395 1
672 398 1
672 455 1
672 564 1
672 939 1
672 992 1
672 1208 1
672 1516 1
673 277 1
673 300 1
673 600 1
673 603 1
673 640 1
673 1306 1
673 1608 1
673 1700 1
673 1711 1
674 449 1
674 452 1
674 665 1
674 898 1
674 911 1
674 1003 1
674 1044 1
674 1395 1
674 1658 1
675 179 1
675 380 1
675 639 1
675 1135 1
675 1512 1
675 1674 1
676 72 1
676 473 1
676 648 1
676 1041 1
677 23 1
677 30 1
677 937 1
677 1339 1
678 270 1
678 602 1
678 713 1
678 1297 1
679 552 1
680 917 1
680 1139 1
680 1903 1
681 7 1
681 10 1
681 251 1
681 1517 1
681 1901 1
681 1971 1
682 1577 1
682 1639 1
682 2018 1
683 460 1
683 596 1
683 816 1
683 1184 1
683 1532 1
683 1600 1
683 1614 1
683 2026 1
684 9 1
684 293 1
684 548 1
684 860 1
684 867 1
684 1267 1
684 1574 1
684 1629 1
684 1731 1
684 1992 1
684 2040 1
685 78 1
685 128 1
685 263 1
685 325 1
685 367 1
685 531 1
685 604 1
685 609 1
685 733 1
685 905 1
685 1096 1
685 1185 1
685 1253 1
685 1543 1
685 1560 1
685 1729 1
685 2033 1
686 83 1
686 156 1
686 284 1
686 673 1
686 946 1
686 952 1
686 957 1
686 972 1
686 1284 1
686 1548 1
686 1557 1
686 1612 1
686 1653 1
686 1968 1
687 39 1
687 375 1
687 391 1
687 1014 1
687 1589 1
687 1758 1
688 154 1
688 265 1
688 295 1
688 381 1
688 386 1
688 848 1
688 868 1
688 987 1
688 1017 1
688 1357 1
688 1473 1
688 1687 1
688 1703 1
688 1754 1
688 1767 1
689 49 1
689 54 1
689 183 1
689 254 1
689 320 1
689 638 1
689 819 1
689 1083 1
689 1633 1
689 1707 1
689 1848 1
690 136 1
690 358 1
690 583 1
690 708 1
690 1043 1
690 1170 1
690 1503 1
691 714 1
691 769 1
691 1437 1
692 1475 1
693 57 1
693 534 1
693 699 1
693 1158 1
693 1484 1
693 2030 1
693 2042 1
694 315 1
694 635 1
695 1002 1
696 1718 1
697 629 1
697 1256 1
699 120 1
699 288 1
699 428 1
699 533 1
699 546 1
699 764 1
699 773 1
699 800 1
699 1613 1
700 125 1
700 519 1
700 1288 1
700 1355 1
700 1434 1
700 1555 1
700 1726 1
700 1780 1
700 1910 1
701 110 1
701 256 1
701 273 1
701 424 1
701 462 1
701 508 1
701 838 1
701 1105 1
701 1201 1
701 1302 1
701 1550 1
701 1749 1
702 163 1
702 420 1
702 458 1
702 466 1
702 521 1
702 658 1
702 738 1
702 1202 1
702 1280 1
702 1497 1
702 1876 1
702 1988 1
703 25 1
703 187 1
703 228 1
703 323 1
703 331 1
703 486 1
703 492 1
703 520 1
703 625 1
703 943 1
703 1327 1
703 1415 1
703 1533 1
703 1846 1
703 1920 1
703 1960 1
704 122 1
704 319 1
704 326 1
704 578 1
704 844 1
704 1000 1
704 1247 1
704 1386 1
704 1455 1
704 1683 1
704 1774 1
704 2011 1
705 704 1
705 745 1
705 974 1
705 1033 1
705 1112 1
705 1124 1
705 1161 1
705 1237 1
705 1285 1
705 1296 1
705 1359 1
705 1773 1
705 1805 1
705 1830 1
705 1889 1
705 2012 1
706 14 1
706 322 1
706 691 1
706 1472 1
706 1500 1
706 1681 1
707 24 1
707 160 1
707 314 1
707 735 1
707 757 1
707 988 1
707 1372 1
707 1478 1
707 2047 1
708 781 1
708 948 1
708 1046 1
709 605 1
709 1154 1
709 1400 1
709 1669 1
710 306 1
710 753 1
710 1056 1
710 1575 1
710 1665 1
711 189 1
711 357 1
711 805 1
711 1444 1
711 1598 1
712 1642 1
712 1701 1
712 1993 1
713 2014 1
714 73 1
714 333 1
714 1116 1
714 1332 1
714 1344 1
714 1763 1
715 837 1
715 1118 1
715 1138 1
715 1565 1
716 84 1
716 598 1
716 749 1
716 906 1
716 1057 1
716 1065 1
716 1377 1
716 1443 1
716 1737 1
717 47 1
717 344 1
717 705 1
717 873 1
717 1708 1
718 168 1
718 267 1
718 1098 1
718 1133 1
718 1461 1
718 1622 1
718 1810 1
718 1827 1
718 1976 1
719 203 1
719 214 1
719 411 1
719 430 1
719 657 1
719 884 1
719 1225 1
719 1677 1
719 1777 1
719 1786 1
719 1794 1
719 1859 1
719 1873 1
719 2032 1
720 69 1
720 559 1
720 562 1
720 610 1
720 741 1
720 798 1
720 1045 1
720 1050 1
720 1088 1
720 1180 1
720 1469 1
720 1488 1
720 1621 1
720 1636 1
720 1813 1
720 1816 1
720 1883 1
720 1947 1
720 2020 1
721 20 1
721 201 1
721 266 1
721 565 1
721 612 1
721 721 1
721 770 1
721 1035 1
721 1144 1
721 1273 1
721 1502 1
721 1616 1
721 1661 1
721 1702 1
721 1854 1
721 1868 1
722 36 1
722 70 1
722 145 1
722 278 1
722 404 1
722 540 1
722 730 1
722 936 1
722 973 1
722 1126 1
722 1176 1
722 1594 1
723 101 1
723 152 1
723 611 1
723 845 1
723 863 1
723 1020 1
723 1814 1
724 593 1
724 1080 1
724 1719 1
725 1023 1
725 1040 1
725 1157 1
725 1329 1
725 1383 1
725 1439 1
725 1728 1
725 1942 1
726 1510 1
726 1545 1
727 200 1
727 450 1
727 587 1
727 1141 1
727 1566 1
728 269 1
728 370 1
728 1403 1
728 1869 1
729 606 1
729 915 1
730 141 1
730 755 1
730 2046 1
731 719 1
731 1101 1
732 111 1
732 366 1
732 960 1
732 1067 1
733 290 1
733 421 1
733 446 1
733 956 1
733 1125 1
733 1556 1
733 1586 1
733 1704 1
733 1733 1
733 1866 1
734 67 1
734 490 1
734 570 1
734 577 1
734 581 1
734 706 1
734 759 1
734 970 1
734 1029 1
734 1252 1
734 1312 1
734 1331 1
734 1679 1
734 2009 1
734 2036 1
735 131 1
735 205 1
735 208 1
735 218 1
735 304 1
735 501 1
735 654 1
735 771 1
735 922 1
735 930 1
735 1193 1
735 1206 1
735 1212 1
735 1413 1
735 1416 1
735 1576 1
735 1673 1
735 1793 1
735 1973 1
736 1 1
736 90 1
736 139 1
736 227 1
736 374 1
736 514 1
736 661 1
736 801 1
736 885 1
736 1047 1
736 1097 1
736 1200 1
736 1216 1
736 1236 1
736 1250 1
736 1272 1
736 1315 1
736 1418 1
736 1519 1
736 1561 1
736 1590 1
736 1741 1
736 1769 1
736 1946 1
737 118 1
737 176 1
737 258 1
737 432 1
737 459 1
737 461 1
737 469 1
737 489 1
737 725 1
737 736 1
737 799 1
737 920 1
737 933 1
737 999 1
737 1075 1
737 1115 1
737 1210 1
737 1269 1
737 1493 1
738 97 1
738 294 1
738 488 1
738 746 1
738 806 1
738 835 1
738 841 1
738 874 1
738 971 1
738 1199 1
738 1300 1
738 1423 1
738 1945 1
739 43 1
739 414 1
739 522 1
739 575 1
739 589 1
739 1055 1
739 1643 1
739 1648 1
739 1723 1
739 1776 1
739 1796 1
739 1857 1
739 1912 1
739 2045 1
740 547 1
740 579 1
740 624 1
740 663 1
740 682 1
740 747 1
740 1686 1
741 106 1
741 143 1
741 758 1
742 233 1
742 328 1
742 376 1
742 1104 1
742 1654 1
742 1902 1
743 968 1
743 1261 1
744 1102 1
744 1136 1
744 1788 1
745 1130 1
745 1340 1
745 1637 1
745 1757 1
746 551 1
747 989 1
748 694 1
748 910 1
749 453 1
749 676 1
749 778 1
749 902 1
749 1152 1
749 1464 1
749 1498 1
749 1714 1
749 1801 1
750 19 1
750 215 1
750 592 1
750 675 1
750 760 1
750 830 1
750 897 1
750 1019 1
750 1218 1
750 1624 1
750 1833 1
750 2029 1
750 2048 0
