1 11 1
2 25 1
2 26 1
4 12 1
4 21 1
4 32 1
5 37 1
6 12 1
7 14 1
10 14 1
10 26 1
12 24 1
14 40 1
14 681 1
14 1005 1
14 1151 1
14 1284 1
14 1728 1
15 2 1
15 313 1
15 456 1
15 845 1
15 1025 1
15 1107 1
15 1292 1
15 1453 1
15 1531 1
15 1546 1
15 1602 1
15 1653 1
15 1944 1
15 1998 1
15 2037 1
16 33 1
16 87 1
16 206 1
16 226 1
16 336 1
16 338 1
16 689 1
16 829 1
16 905 1
16 993 1
16 1015 1
16 1101 1
16 1138 1
16 1178 1
16 1330 1
16 1412 1
16 1432 1
16 1492 1
16 1505 1
16 1638 1
16 1674 1
16 1780 1
16 1809 1
16 1878 1
16 1961 1
16 1962 1
17 5 1
17 8 1
17 98 1
17 364 1
17 384 1
17 590 1
17 691 1
17 732 1
17 741 1
17 750 1
17 761 1
17 773 1
17 796 1
17 919 1
17 1027 1
17 1148 1
17 1392 1
17 1449 1
17 1460 1
17 1482 1
17 1570 1
18 22 1
18 170 1
18 332 1
18 417 1
18 775 1
18 1045 1
18 1573 1
18 1844 1
19 40 1
19 178 1
19 412 1
19 611 1
19 733 1
19 807 1
19 1010 1
19 1020 1
19 1164 1
19 1306 1
19 1618 1
19 1891 1
19 1959 1
20 152 1
20 438 1
20 473 1
20 582 1
20 947 1
20 1033 1
20 1155 1
20 1420 1
20 1504 1
20 1591 1
20 1628 1
20 1679 1
20 1723 1
20 1876 1
20 2005 1
21 8 1
21 304 1
21 450 1
21 475 1
21 509 1
21 972 1
22 39 1
22 468 1
22 493 1
22 1062 1
22 1848 1
23 35 1
23 519 1
23 909 1
23 1058 1
23 1712 1
24 106 1
24 1775 1
25 1976 1
26 15 1
26 1751 1
27 2 1
27 4 1
28 1302 1
28 1999 1
29 25 1
30 21 1
31 26 1
32 40 1
32 700 1
34 2 1
34 11 1
34 27 1
35 3 1
35 12 1
35 40 1
35 1334 1
36 24 1
36 660 1
37 3 1
37 5 1
37 39 1
37 147 1
38 17 1
39 2 1
40 13 1
40 17 1
40 31 1
40 32 1
42 7 1
44 1 1
44 38 1
44 855 1
45 18 1
45 20 1
46 1061 1
46 1645 1
46 1662 1
46 1666 1
46 1694 1
47 34 1
47 302 1
47 640 1
47 752 1
47 781 1
47 1341 1
47 1521 1
48 25 1
48 36 1
48 239 1
48 365 1
48 548 1
48 951 1
48 1147 1
48 1455 1
48 1804 1
48 1883 1
48 1954 1
49 421 1
49 623 1
49 1250 1
49 1272 1
49 1289 1
49 1296 1
49 1310 1
49 1366 1
49 1640 1
49 1672 1
49 2046 1
50 9 1
50 114 1
50 129 1
50 168 1
50 249 1
50 1194 1
50 1588 1
50 1766 1
50 1903 1
50 1936 1
51 30 1
51 436 1
51 538 1
51 928 1
51 1525 1
51 1559 1
51 1866 1
52 7 1
52 39 1
52 276 1
52 578 1
52 644 1
52 847 1
52 981 1
52 1176 1
52 1597 1
52 1858 1
53 2 1
53 190 1
53 370 1
53 404 1
53 525 1
53 645 1
53 673 1
53 747 1
53 985 1
53 1363 1
53 1371 1
53 1770 1
53 1908 1
54 6 1
54 380 1
54 448 1
54 1116 1
54 1589 1
56 613 1
56 875 1
56 1978 1
57 1501 1
58 2 1
58 3 1
58 1068 1
58 1651 1
59 39 1
59 889 1
60 309 1
61 9 1
61 37 1
61 1064 1
62 4 1
62 22 1
63 373 1
64 40 1
65 563 1
68 1500 1
68 2012 1
69 150 1
69 663 1
69 1997 1
70 25 1
70 1698 1
71 29 1
71 1364 1
71 1388 1
72 766 1
74 3 1
74 22 1
74 27 1
74 1704 1
74 2039 1
75 15 1
75 161 1
75 806 1
75 917 1
75 1018 1
75 2018 1
76 480 1
76 953 1
76 1329 1
77 19 1
77 1223 1
77 1235 1
78 4 1
78 14 1
78 209 1
78 481 1
79 29 1
79 36 1
79 1680 1
80 38 1
81 30 1
81 1475 1
83 927 1
84 159 1
85 30 1
86 41 1
86 1014 1
87 28 1
87 40 1
87 1353 1
88 1 1
88 15 1
88 391 1
88 698 1
88 831 1
89 2 1
89 328 1
89 594 1
89 1022 1
89 1413 1
89 1474 1
89 1675 1
90 245 1
90 419 1
90 551 1
90 632 1
90 717 1
90 1055 1
90 1344 1
90 1410 1
90 1476 1
90 1630 1
90 1699 1
90 1906 1
91 236 1
91 453 1
91 587 1
91 1118 1
91 1981 1
91 2048 1
92 10 1
92 11 1
92 21 1
92 27 1
92 29 1
92 184 1
92 355 1
92 508 1
92 787 1
92 867 1
92 914 1
92 1063 1
92 1074 1
92 1111 1
92 1233 1
92 1358 1
92 2029 1
93 2 1
93 25 1
93 316 1
93 932 1
93 980 1
93 1670 1
94 652 1
94 677 1
94 683 1
94 702 1
94 1059 1
94 1496 1
94 1566 1
94 2002 1
95 35 1
95 141 1
95 197 1
95 420 1
95 659 1
95 1556 1
95 1952 1
96 16 1
96 31 1
96 994 1
96 1852 1
96 1985 1
97 4 1
97 196 1
97 1928 1
98 423 1
98 1154 1
101 16 1
101 28 1
102 33 1
103 1813 1
104 1262 1
105 1245 1
106 459 1
106 794 1
107 242 1
107 1970 1
108 17 1
109 21 1
109 1204 1
110 31 1
110 146 1
110 892 1
110 1587 1
110 1831 1
111 35 1
111 904 1
112 33 1
112 301 1
112 990 1
112 1615 1
112 1966 1
113 36 1
113 528 1
113 1097 1
114 621 1
114 1050 1
115 33 1
116 17 1
116 639 1
117 28 1
117 30 1
117 41 1
117 853 1
119 16 1
119 23 1
119 822 1
120 30 1
122 6 1
122 25 1
122 128 1
124 27 1
124 30 1
124 1156 1
125 33 1
125 441 1
126 930 1
127 7 1
127 322 1
127 349 1
127 1259 1
127 1646 1
127 1731 1
128 10 1
128 41 1
128 88 1
128 305 1
128 719 1
128 1108 1
128 1237 1
128 1402 1
129 19 1
129 368 1
129 629 1
129 725 1
129 1549 1
130 6 1
130 39 1
131 362 1
131 628 1
131 941 1
131 1083 1
131 1175 1
131 1349 1
132 14 1
132 20 1
132 36 1
132 195 1
132 770 1
132 1271 1
132 1411 1
132 1642 1
133 18 1
133 20 1
133 27 1
133 285 1
133 910 1
133 1514 1
134 91 1
135 11 1
135 20 1
135 39 1
135 412 1
135 1885 1
136 8 1
136 33 1
136 284 1
136 564 1
137 39 1
137 149 1
137 600 1
137 1330 1
137 1331 1
137 1832 1
138 24 1
138 32 1
138 38 1
138 213 1
138 1428 1
139 6 1
139 37 1
140 15 1
140 23 1
140 24 1
141 29 1
141 32 1
142 25 1
142 26 1
142 27 1
142 1095 1
144 2 1
144 26 1
144 488 1
144 992 1
145 1167 1
146 561 1
146 1619 1
146 1749 1
146 1932 1
146 1979 1
146 2045 1
147 30 1
147 35 1
147 438 1
147 1132 1
147 1445 1
147 1571 1
148 234 1
148 405 1
148 591 1
148 1543 1
148 1844 1
149 116 1
149 354 1
149 413 1
149 1076 1
149 1110 1
149 1127 1
149 1606 1
150 38 1
150 112 1
150 345 1
150 1143 1
150 1178 1
150 1261 1
150 1849 1
150 1884 1
150 2015 1
151 351 1
151 882 1
151 986 1
152 1820 1
152 1830 1
153 424 1
153 1857 1
153 1944 1
154 963 1
156 1098 1
157 318 1
157 1435 1
158 1586 1
159 192 1
159 338 1
159 468 1
161 334 1
161 1871 1
162 1736 1
163 1811 1
164 1172 1
166 879 1
174 1516 1
179 1558 1
190 167 1
190 506 1
190 939 1
191 332 1
191 670 1
191 675 1
191 709 1
191 1555 1
191 1690 1
191 1848 1
191 1976 1
192 436 1
192 580 1
192 611 1
192 659 1
192 815 1
192 1625 1
192 1961 1
192 2029 1
193 473 1
193 644 1
193 655 1
193 1284 1
193 1288 1
193 1432 1
193 1472 1
193 1482 1
193 1494 1
193 1746 1
193 1812 1
194 550 1
194 740 1
194 996 1
194 1010 1
194 1352 1
194 1450 1
194 1947 1
195 551 1
195 1403 1
196 228 1
196 230 1
196 1936 1
197 609 1
200 1275 1
201 1569 1
208 907 1
209 1313 1
222 2010 1
224 558 1
235 1212 1
235 1836 1
238 1387 1
242 1468 1
251 343 1
252 1409 1
254 388 1
254 398 1
254 536 1
254 642 1
254 1918 1
256 2044 1
257 908 1
258 531 1
275 416 1
287 248 1
287 739 1
287 838 1
288 737 1
288 864 1
288 1608 1
289 842 1
289 921 1
289 997 1
289 1510 1
289 1784 1
290 1880 1
292 862 1
750 2048 0
