1 3 1
1 13 1
1 35 1
2 5 1
3 10 1
3 41 1
4 11 1
5 4 1
5 39 1
11 5 1
11 27 1
11 38 1
12 6 1
12 14 1
12 677 1
13 20 1
13 28 1
13 285 1
13 362 1
13 548 1
13 781 1
13 847 1
13 1475 1
13 1528 1
13 1600 1
13 1672 1
14 25 1
14 38 1
14 236 1
14 242 1
14 370 1
14 613 1
14 731 1
14 752 1
14 773 1
14 845 1
14 892 1
14 938 1
14 1118 1
14 1222 1
14 1341 1
14 1392 1
14 1435 1
14 1501 1
14 1737 1
14 1914 1
14 2027 1
14 2046 1
15 8 1
15 18 1
15 26 1
15 189 1
15 245 1
15 302 1
15 368 1
15 750 1
15 990 1
15 1058 1
15 1138 1
15 1259 1
15 1366 1
15 1458 1
15 1576 1
15 1613 1
15 1640 1
15 1751 1
15 1766 1
15 1813 1
15 1853 1
15 1858 1
15 1932 1
15 1952 1
16 15 1
16 39 1
16 154 1
16 459 1
16 481 1
16 495 1
16 505 1
16 590 1
16 681 1
16 841 1
16 981 1
16 1045 1
16 1288 1
17 22 1
17 33 1
17 209 1
17 224 1
17 234 1
17 249 1
17 276 1
17 334 1
17 419 1
17 461 1
17 563 1
17 640 1
17 985 1
17 1302 1
17 1857 1
17 1998 1
18 16 1
18 22 1
18 468 1
18 473 1
18 717 1
18 941 1
18 986 1
18 1204 1
18 1462 1
18 1476 1
18 1492 1
18 1586 1
18 1903 1
19 13 1
19 14 1
19 106 1
19 391 1
19 1018 1
19 1164 1
19 1178 1
19 1566 1
19 1724 1
19 1981 1
19 2015 1
20 197 1
20 453 1
20 1313 1
20 1749 1
20 1811 1
21 9 1
21 22 1
21 118 1
21 168 1
21 580 1
21 1095 1
21 1107 1
21 1152 1
21 1558 1
21 1728 1
22 147 1
22 903 1
22 1090 1
22 1950 1
22 1978 1
23 15 1
23 564 1
23 691 1
24 32 1
24 33 1
24 318 1
24 849 1
24 1455 1
24 2002 1
25 24 1
26 19 1
26 23 1
26 28 1
26 2008 1
27 6 1
27 36 1
28 12 1
28 13 1
28 35 1
28 114 1
28 301 1
29 1 1
29 37 1
29 38 1
29 354 1
30 7 1
31 2018 1
32 38 1
32 41 1
33 29 1
35 2 1
35 38 1
35 1223 1
36 1364 1
37 29 1
38 34 1
38 40 1
39 12 1
39 38 1
40 18 1
40 37 1
40 1943 1
40 1951 1
41 9 1
41 37 1
41 196 1
41 1358 1
42 14 1
42 26 1
42 33 1
42 551 1
42 608 1
42 659 1
42 914 1
42 1097 1
43 14 1
43 420 1
43 632 1
43 660 1
43 815 1
44 23 1
44 35 1
44 116 1
44 404 1
44 703 1
44 925 1
44 1068 1
44 1704 1
45 5 1
45 29 1
45 141 1
45 351 1
45 413 1
45 787 1
45 1055 1
45 1063 1
46 417 1
46 456 1
46 704 1
46 1482 1
47 21 1
47 493 1
47 951 1
47 1014 1
47 1176 1
47 1597 1
47 1866 1
48 29 1
48 1251 1
48 1630 1
49 1151 1
49 1474 1
49 1645 1
49 1908 1
50 2 1
50 5 1
50 1546 1
50 1782 1
51 652 1
52 167 1
52 355 1
52 670 1
52 690 1
52 1116 1
52 1329 1
52 1670 1
52 1961 1
53 28 1
53 829 1
53 1928 1
54 29 1
54 40 1
54 1203 1
55 192 1
55 689 1
55 831 1
55 953 1
55 1027 1
55 1453 1
56 796 1
56 1884 1
57 6 1
57 10 1
57 31 1
57 36 1
57 322 1
57 384 1
57 930 1
57 1334 1
57 1504 1
57 1675 1
57 2029 1
58 6 1
58 11 1
58 600 1
58 1209 1
58 1646 1
58 1780 1
58 1828 1
59 15 1
59 16 1
59 18 1
59 23 1
59 40 1
59 918 1
60 1587 1
61 675 1
61 807 1
61 919 1
61 1712 1
62 1111 1
62 1496 1
63 7 1
63 530 1
65 23 1
65 345 1
65 867 1
65 1156 1
65 1262 1
66 128 1
66 755 1
67 21 1
67 1410 1
68 18 1
68 1420 1
69 4 1
69 365 1
70 28 1
70 41 1
70 364 1
71 18 1
71 190 1
71 475 1
71 980 1
72 476 1
72 725 1
72 1061 1
72 1571 1
72 1674 1
72 1680 1
72 1936 1
73 213 1
73 621 1
73 1079 1
73 2045 1
74 328 1
74 1832 1
75 36 1
75 1349 1
75 1710 1
76 20 1
76 26 1
76 1125 1
77 30 1
77 405 1
78 332 1
78 1885 1
79 1 1
79 3 1
80 2012 1
81 18 1
81 35 1
81 806 1
82 17 1
83 1 1
83 37 1
84 12 1
84 29 1
84 1099 1
84 1527 1
85 14 1
85 17 1
85 26 1
85 32 1
85 2048 1
86 19 1
86 544 1
87 37 1
87 1460 1
87 1731 1
88 32 1
88 709 1
89 594 1
90 909 1
91 1074 1
91 1962 1
91 1985 1
92 28 1
92 195 1
92 823 1
92 947 1
92 1753 1
93 27 1
93 38 1
93 178 1
93 1272 1
93 1445 1
94 8 1
94 20 1
94 25 1
94 41 1
94 304 1
94 373 1
94 380 1
94 1605 1
95 2 1
95 412 1
95 905 1
95 1194 1
95 1363 1
95 1531 1
96 29 1
96 98 1
96 313 1
96 629 1
96 1573 1
96 1589 1
97 31 1
97 338 1
97 424 1
97 754 1
97 1062 1
97 1296 1
97 1838 1
98 20 1
98 423 1
98 582 1
98 1844 1
99 2 1
99 15 1
99 35 1
99 996 1
99 1020 1
99 1306 1
99 1412 1
100 91 1
100 683 1
100 1449 1
100 1619 1
100 2039 1
101 100 1
101 438 1
101 910 1
102 11 1
102 889 1
102 2005 1
103 31 1
103 1162 1
103 1809 1
104 17 1
104 23 1
104 36 1
105 13 1
105 39 1
106 733 1
107 8 1
107 40 1
107 1310 1
107 1954 1
108 525 1
108 879 1
108 1127 1
108 1525 1
109 16 1
109 18 1
109 21 1
110 20 1
110 1411 1
111 1250 1
111 1559 1
112 488 1
112 1076 1
112 1741 1
113 7 1
113 8 1
114 8 1
114 34 1
114 37 1
115 28 1
116 12 1
116 16 1
116 25 1
116 30 1
116 173 1
116 239 1
117 18 1
117 39 1
117 528 1
117 1641 1
118 36 1
118 421 1
119 1863 1
120 27 1
120 983 1
121 30 1
122 822 1
123 17 1
123 1503 1
124 30 1
124 578 1
124 993 1
124 994 1
124 1235 1
126 12 1
126 1110 1
126 1228 1
127 19 1
127 20 1
127 26 1
127 336 1
127 1271 1
127 1816 1
127 2037 1
128 14 1
128 16 1
128 162 1
128 316 1
128 1050 1
128 1330 1
128 1500 1
128 1618 1
128 1820 1
129 5 1
129 23 1
129 611 1
129 719 1
129 741 1
129 1428 1
130 16 1
130 161 1
130 853 1
130 1723 1
131 27 1
131 184 1
131 564 1
131 673 1
131 770 1
131 1101 1
131 1615 1
131 1966 1
132 29 1
132 30 1
132 34 1
132 644 1
132 1602 1
133 776 1
133 1064 1
133 1331 1
133 1405 1
134 14 1
134 855 1
135 2 1
135 226 1
135 534 1
135 1831 1
136 982 1
138 508 1
138 963 1
138 1402 1
138 1766 1
139 40 1
140 12 1
140 33 1
141 1289 1
142 37 1
142 587 1
143 21 1
143 875 1
144 13 1
144 34 1
144 88 1
144 1022 1
145 972 1
146 2 1
146 23 1
146 717 1
146 1770 1
147 17 1
147 205 1
147 1883 1
148 40 1
148 1175 1
149 8 1
149 27 1
150 22 1
150 35 1
150 87 1
150 623 1
152 1591 1
154 349 1
156 509 1
158 152 1
158 1147 1
159 309 1
159 404 1
159 436 1
160 951 1
160 1662 1
160 1709 1
160 1849 1
161 441 1
161 1970 1
161 1998 1
162 1053 1
162 1645 1
162 1852 1
162 1979 1
162 2041 1
163 149 1
163 197 1
163 276 1
163 480 1
163 1154 1
163 1501 1
164 114 1
164 640 1
164 1172 1
164 1900 1
165 1165 1
165 1521 1
165 1666 1
165 2008 1
166 1413 1
167 1025 1
167 1366 1
168 146 1
172 917 1
173 147 1
173 1620 1
176 863 1
176 1483 1
177 1628 1
178 402 1
180 558 1
181 1801 1
182 258 1
182 769 1
182 775 1
182 1864 1
183 1395 1
187 249 1
205 1848 1
207 1886 1
217 569 1
217 1665 1
217 1714 1
218 96 1
218 1275 1
218 1750 1
218 1988 1
219 314 1
219 458 1
219 830 1
219 1862 1
220 535 1
220 572 1
220 1247 1
220 1471 1
221 298 1
221 839 1
224 916 1
231 163 1
233 359 1
247 137 1
259 360 1
259 1472 1
261 250 1
263 609 1
271 1423 1
274 1517 1
275 728 1
276 1399 1
278 1783 1
287 254 1
292 489 1
293 1383 1
294 1598 1
295 1067 1
296 1087 1
299 1243 1
305 1840 1
308 1934 1
309 1835 1
310 1336 1
310 1569 1
310 1814 1
311 31 1
311 277 1
311 1660 1
312 1935 1
324 624 1
325 297 1
325 421 1
326 4 1
326 167 1
326 621 1
326 1123 1
326 1903 1
327 903 1
327 1966 1
332 1154 1
337 508 1
337 580 1
338 355 1
338 551 1
338 752 1
338 820 1
338 847 1
338 1223 1
338 1505 1
338 1736 1
338 1997 1
338 2002 1
339 35 1
339 863 1
339 990 1
339 994 1
339 1140 1
339 1462 1
339 1544 1
339 1591 1
339 1622 1
339 1680 1
339 1981 1
340 209 1
340 236 1
340 544 1
340 560 1
340 564 1
340 778 1
340 1262 1
340 1780 1
341 819 1
342 93 1
342 102 1
342 234 1
342 1150 1
342 1164 1
342 1278 1
342 1358 1
343 1707 1
344 117 1
345 480 1
345 953 1
345 955 1
349 1650 1
356 1018 1
359 495 1
370 1295 1
371 1772 1
373 1153 1
373 1871 1
383 1210 1
384 504 1
384 2033 1
386 1263 1
386 1805 1
386 2020 1
387 1268 1
389 1671 1
390 1610 1
404 212 1
406 1553 1
417 199 1
417 244 1
417 1075 1
417 1227 1
418 125 1
418 948 1
418 1145 1
418 1161 1
418 1437 1
418 1679 1
418 1909 1
419 960 1
419 1357 1
420 696 1
422 207 1
433 260 1
750 2048 0
