1 13 1
1 81 1
1 133 1
1 155 1
1 253 1
1 254 1
1 442 1
1 443 1
1 446 1
1 487 1
1 492 1
1 505 1
1 540 1
1 560 1
1 681 1
1 693 1
1 807 1
1 870 1
1 887 1
1 921 1
1 1030 1
1 1064 1
1 1107 1
1 1109 1
1 1152 1
1 1185 1
1 1360 1
1 1434 1
1 1515 1
1 1558 1
1 1584 1
1 1600 1
1 1610 1
1 1900 1
1 1984 1
1 2012 1
1 2027 1
1 2042 1
2 11 1
2 33 1
2 145 1
2 178 1
2 336 1
2 380 1
2 410 1
2 412 1
2 630 1
2 749 1
2 791 1
2 1024 1
2 1139 1
2 1196 1
2 1225 1
2 1304 1
2 1305 1
2 1471 1
2 1542 1
2 1575 1
2 1592 1
2 1615 1
2 1693 1
2 1881 1
2 2024 1
3 2 1
3 449 1
3 689 1
3 753 1
3 827 1
3 1066 1
3 1093 1
3 1119 1
3 1138 1
3 1186 1
3 1217 1
3 1770 1
3 1897 1
3 1943 1
3 1961 1
4 21 1
4 35 1
4 45 1
4 82 1
4 370 1
4 388 1
4 406 1
4 457 1
4 594 1
4 1133 1
4 1274 1
4 1298 1
4 1374 1
4 1512 1
4 1523 1
5 24 1
5 39 1
5 47 1
5 242 1
5 300 1
5 534 1
5 556 1
5 665 1
5 677 1
5 1153 1
5 1448 1
5 1866 1
5 1975 1
5 2036 1
5 2039 1
6 34 1
6 146 1
6 238 1
6 371 1
6 428 1
6 737 1
6 805 1
6 906 1
6 1180 1
6 1337 1
6 1339 1
6 1555 1
6 1579 1
6 1738 1
7 12 1
7 126 1
7 703 1
7 751 1
7 822 1
7 949 1
7 1143 1
7 1798 1
8 14 1
8 170 1
8 185 1
8 367 1
8 900 1
8 1251 1
8 1711 1
8 1942 1
9 25 1
9 30 1
9 521 1
9 756 1
9 954 1
9 1252 1
9 1574 1
9 1681 1
9 1763 1
10 25 1
10 260 1
10 339 1
10 490 1
10 730 1
10 773 1
10 1171 1
10 1864 1
11 20 1
11 27 1
11 39 1
11 279 1
11 1661 1
11 1892 1
12 22 1
12 35 1
12 60 1
12 120 1
12 710 1
12 1382 1
12 1818 1
12 1914 1
13 309 1
13 1593 1
14 3 1
14 29 1
14 39 1
14 252 1
14 297 1
14 603 1
14 1441 1
14 1737 1
14 2011 1
15 3 1
15 33 1
15 435 1
15 553 1
15 580 1
15 935 1
15 1001 1
15 1197 1
15 1198 1
15 1213 1
15 1443 1
15 1664 1
15 1852 1
15 1909 1
15 1922 1
15 1982 1
16 15 1
16 16 1
16 83 1
16 164 1
16 175 1
16 179 1
16 214 1
16 364 1
16 523 1
16 615 1
16 687 1
16 826 1
16 927 1
16 1013 1
16 1058 1
16 1167 1
16 1289 1
16 1315 1
16 1856 1
17 50 1
17 75 1
17 94 1
17 265 1
17 287 1
17 310 1
17 1221 1
17 1367 1
17 1410 1
17 1554 1
17 1568 1
17 1619 1
17 1692 1
17 1726 1
17 1809 1
18 54 1
18 59 1
18 80 1
18 135 1
18 625 1
18 666 1
18 782 1
18 811 1
18 925 1
18 1014 1
18 1032 1
18 1077 1
18 1188 1
18 1220 1
18 1366 1
18 1424 1
18 1567 1
18 1718 1
18 1759 1
18 1908 1
18 1915 1
18 1923 1
18 1951 1
19 37 1
19 40 1
19 78 1
19 91 1
19 247 1
19 470 1
19 735 1
19 1350 1
19 1526 1
19 1573 1
20 9 1
20 140 1
20 815 1
20 955 1
20 984 1
20 1057 1
20 1192 1
20 1211 1
20 1808 1
20 1958 1
21 4 1
21 288 1
21 719 1
21 785 1
21 1636 1
21 1822 1
21 1848 1
21 1969 1
21 2015 1
22 685 1
22 750 1
22 759 1
22 959 1
22 1061 1
22 1219 1
22 1266 1
22 1401 1
22 1452 1
23 365 1
23 613 1
23 1228 1
23 1341 1
23 1639 1
23 1882 1
23 1930 1
23 1956 1
24 21 1
24 743 1
24 923 1
24 1053 1
24 1834 1
25 8 1
25 17 1
25 322 1
25 383 1
25 1016 1
25 1233 1
26 2 1
26 30 1
26 129 1
26 1045 1
26 1110 1
26 1218 1
26 1687 1
27 1 1
27 12 1
27 648 1
27 1865 1
28 1 1
28 10 1
28 375 1
28 404 1
28 958 1
28 1539 1
28 1817 1
28 1931 1
29 851 1
29 1887 1
29 1895 1
30 493 1
30 994 1
30 1120 1
30 1164 1
30 1295 1
30 1537 1
30 1591 1
30 1659 1
30 1849 1
31 14 1
31 20 1
31 34 1
31 159 1
31 318 1
31 1108 1
31 1178 1
31 1311 1
31 1531 1
31 1748 1
32 14 1
32 168 1
32 974 1
32 1080 1
32 1534 1
33 38 1
33 177 1
33 481 1
33 597 1
33 839 1
33 1229 1
33 1503 1
33 1561 1
33 1753 1
33 1772 1
34 1 1
34 9 1
34 27 1
34 34 1
34 46 1
34 65 1
34 116 1
34 478 1
34 702 1
34 717 1
34 764 1
34 857 1
34 893 1
34 951 1
34 1245 1
34 1328 1
34 1546 1
34 1556 1
34 2017 1
34 2046 1
35 72 1
35 623 1
35 738 1
35 1010 1
35 1510 1
36 17 1
36 37 1
36 56 1
36 218 1
36 240 1
36 1397 1
36 1911 1
36 1948 1
37 22 1
37 32 1
37 136 1
37 161 1
37 456 1
37 659 1
37 1067 1
37 1071 1
37 1085 1
38 920 1
38 986 1
38 1380 1
38 1507 1
38 1880 1
39 14 1
39 306 1
39 1723 1
39 1820 1
40 21 1
40 280 1
41 15 1
41 423 1
41 566 1
41 640 1
41 1090 1
42 24 1
42 506 1
42 657 1
42 1422 1
42 1782 1
43 5 1
43 10 1
43 29 1
43 190 1
43 672 1
43 787 1
43 908 1
43 1155 1
43 1473 1
44 784 1
44 823 1
44 1926 1
45 108 1
45 671 1
46 27 1
46 35 1
46 605 1
46 922 1
46 1258 1
46 1609 1
47 156 1
48 22 1
48 39 1
48 172 1
48 509 1
48 912 1
48 1807 1
48 1824 1
49 19 1
49 558 1
49 559 1
49 1721 1
49 2001 1
50 752 1
50 830 1
50 916 1
50 1290 1
50 1454 1
51 26 1
51 222 1
51 1655 1
52 4 1
52 761 1
52 1052 1
52 1285 1
52 1704 1
52 1966 1
53 39 1
53 329 1
54 12 1
54 31 1
54 990 1
54 1156 1
54 1493 1
55 28 1
55 292 1
55 1640 1
55 1957 1
56 14 1
56 41 1
56 1612 1
56 1940 1
56 1954 1
57 12 1
57 13 1
57 27 1
57 670 1
57 770 1
57 1154 1
57 1945 1
58 12 1
58 40 1
58 931 1
58 1656 1
59 103 1
59 511 1
59 1326 1
59 1496 1
60 4 1
60 850 1
60 993 1
60 1414 1
61 1618 1
61 1862 1
62 30 1
62 663 1
62 808 1
62 810 1
62 1135 1
62 1476 1
63 211 1
63 234 1
64 1 1
64 11 1
64 13 1
64 41 1
64 587 1
65 33 1
65 100 1
65 117 1
65 1148 1
65 1385 1
65 2044 1
66 27 1
66 29 1
66 978 1
67 33 1
67 996 1
67 1076 1
67 1813 1
67 1827 1
68 17 1
68 18 1
68 932 1
68 1625 1
68 1996 1
69 10 1
69 40 1
69 419 1
69 1617 1
70 13 1
70 17 1
70 85 1
70 1997 1
71 73 1
71 639 1
71 881 1
71 1412 1
71 1714 1
72 15 1
72 304 1
72 775 1
72 1751 1
73 22 1
73 763 1
73 889 1
73 1237 1
73 1583 1
73 1829 1
73 1941 1
73 2016 1
73 2037 1
74 14 1
74 98 1
74 795 1
74 796 1
75 7 1
75 239 1
75 298 1
75 530 1
75 1038 1
75 1302 1
75 1338 1
75 1666 1
75 1858 1
76 38 1
76 93 1
76 1223 1
76 1458 1
76 1810 1
77 17 1
77 1952 1
78 285 1
78 1028 1
78 1069 1
78 1162 1
79 9 1
79 414 1
79 1173 1
79 1460 1
80 10 1
80 20 1
80 476 1
80 533 1
80 1018 1
81 58 1
81 408 1
81 1207 1
81 1335 1
81 1775 1
82 112 1
82 284 1
82 332 1
82 1149 1
82 1205 1
82 1955 1
83 789 1
83 1901 1
83 1994 1
83 2033 1
84 734 1
84 979 1
84 1055 1
84 1536 1
85 20 1
85 40 1
85 574 1
85 1060 1
85 1630 1
85 1786 1
85 1925 1
85 1990 1
86 847 1
86 930 1
86 1491 1
86 1641 1
86 1727 1
86 2034 1
87 13 1
87 945 1
87 1648 1
88 8 1
88 128 1
88 276 1
88 1527 1
88 1607 1
88 1768 1
88 1932 1
89 1 1
89 51 1
89 101 1
89 781 1
89 1466 1
89 1898 1
89 1989 1
90 325 1
90 436 1
90 1764 1
90 1905 1
91 6 1
91 246 1
91 397 1
91 668 1
91 907 1
91 1336 1
91 1978 1
92 26 1
92 389 1
92 755 1
92 1690 1
92 1886 1
93 25 1
93 588 1
93 812 1
93 832 1
93 868 1
93 899 1
93 1323 1
93 1551 1
94 9 1
94 52 1
94 504 1
94 1023 1
94 1525 1
94 1532 1
95 3 1
95 15 1
95 36 1
95 740 1
95 1436 1
96 5 1
96 11 1
96 36 1
96 323 1
96 425 1
96 688 1
96 1899 1
96 2003 1
97 14 1
97 510 1
97 1313 1
97 1511 1
97 1588 1
97 1890 1
98 49 1
98 230 1
98 1250 1
98 1408 1
98 1598 1
99 21 1
99 379 1
99 401 1
99 427 1
99 684 1
99 1083 1
99 1518 1
99 1570 1
99 1838 1
99 1873 1
100 2 1
100 9 1
100 44 1
100 621 1
100 1396 1
100 1902 1
101 15 1
101 498 1
101 652 1
101 1158 1
101 1294 1
101 1967 1
101 2002 1
102 11 1
102 37 1
102 38 1
102 381 1
102 718 1
102 1159 1
103 1079 1
103 1487 1
103 1547 1
103 1628 1
103 1682 1
103 1787 1
104 25 1
104 992 1
104 1206 1
104 1235 1
104 1917 1
105 39 1
105 571 1
105 732 1
105 1308 1
105 1544 1
105 1703 1
105 1830 1
105 1981 1
106 35 1
106 477 1
106 601 1
107 32 1
107 167 1
107 209 1
107 2019 1
108 33 1
108 629 1
108 729 1
108 1435 1
108 1694 1
108 1771 1
108 1876 1
109 21 1
109 22 1
109 293 1
109 1293 1
109 1373 1
110 10 1
110 236 1
110 316 1
110 774 1
110 829 1
110 965 1
110 1928 1
111 16 1
111 526 1
111 551 1
111 632 1
111 690 1
111 884 1
111 1606 1
111 1785 1
112 171 1
112 229 1
112 281 1
112 386 1
112 473 1
112 700 1
112 714 1
112 783 1
112 877 1
112 894 1
112 1189 1
112 1267 1
112 1292 1
112 1300 1
112 1508 1
112 1724 1
112 1872 1
113 35 1
113 111 1
113 264 1
113 468 1
113 480 1
113 611 1
113 691 1
113 938 1
113 1126 1
113 1647 1
113 1870 1
114 326 1
114 348 1
114 541 1
114 584 1
114 696 1
114 862 1
114 888 1
114 926 1
114 934 1
114 985 1
114 1170 1
114 1635 1
114 1998 1
115 678 1
115 1270 1
115 1299 1
115 1453 1
115 1646 1
115 1779 1
115 2012 1
116 1 1
116 13 1
116 24 1
116 30 1
116 104 1
116 350 1
116 723 1
116 864 1
116 1181 1
116 1194 1
116 1878 1
117 21 1
117 231 1
117 547 1
117 1242 1
117 1540 1
117 1650 1
117 1728 1
117 1916 1
118 17 1
118 66 1
118 204 1
118 513 1
118 620 1
118 1505 1
118 1736 1
118 1888 1
118 1993 1
119 538 1
119 1825 1
119 1924 1
120 131 1
120 947 1
120 1766 1
121 22 1
121 354 1
121 649 1
121 1122 1
122 76 1
122 368 1
122 384 1
122 845 1
122 1068 1
123 1498 1
123 1674 1
123 1831 1
124 27 1
124 34 1
124 71 1
124 424 1
124 607 1
124 1172 1
124 1241 1
124 1431 1
124 1595 1
125 34 1
125 548 1
125 644 1
125 721 1
125 1919 1
126 12 1
126 29 1
126 31 1
126 41 1
126 475 1
126 1632 1
126 1962 1
127 64 1
127 147 1
127 631 1
127 1116 1
127 1222 1
127 1533 1
127 1559 1
127 1959 1
128 35 1
128 36 1
128 228 1
128 390 1
128 963 1
128 1132 1
128 1240 1
128 1342 1
128 1463 1
128 1490 1
128 1495 1
128 1497 1
128 1713 1
128 2009 1
129 8 1
129 17 1
129 31 1
129 225 1
129 360 1
129 385 1
129 552 1
129 604 1
129 661 1
129 973 1
129 1020 1
129 1160 1
129 1343 1
129 1405 1
129 1642 1
129 1968 1
130 34 1
130 36 1
130 90 1
130 266 1
130 451 1
130 557 1
130 765 1
130 818 1
130 858 1
130 1005 1
130 1049 1
130 1092 1
130 1095 1
130 1394 1
130 1481 1
130 1672 1
131 245 1
131 495 1
131 1074 1
131 1075 1
131 1735 1
131 1740 1
131 1773 1
131 1819 1
132 6 1
132 278 1
132 598 1
132 825 1
132 1103 1
132 1176 1
132 1589 1
132 1605 1
132 1643 1
133 418 1
133 758 1
133 1047 1
133 1277 1
133 1823 1
134 2 1
134 369 1
134 378 1
134 767 1
134 1522 1
135 139 1
135 573 1
135 867 1
135 886 1
135 1362 1
135 1403 1
136 1365 1
136 1549 1
136 1789 1
136 1863 1
136 1987 1
137 882 1
137 1150 1
138 18 1
138 99 1
138 317 1
138 898 1
138 1478 1
139 904 1
139 914 1
139 1538 1
140 14 1
140 16 1
140 20 1
140 724 1
140 766 1
140 1031 1
140 1939 1
141 237 1
141 814 1
141 1297 1
141 1428 1
141 1750 1
142 1 1
142 160 1
142 327 1
142 400 1
142 705 1
142 952 1
142 1384 1
142 1451 1
142 1477 1
142 1657 1
142 1695 1
143 30 1
143 39 1
143 263 1
143 448 1
143 776 1
143 1102 1
143 1193 1
143 1383 1
143 1427 1
143 1979 1
144 5 1
144 27 1
144 61 1
144 69 1
144 149 1
144 244 1
144 656 1
144 820 1
144 928 1
144 942 1
144 1044 1
144 1100 1
144 1287 1
144 1309 1
144 1446 1
144 1697 1
144 1702 1
144 1973 1
145 1 1
145 84 1
145 158 1
145 199 1
145 303 1
145 308 1
145 458 1
145 463 1
145 701 1
145 1101 1
145 1514 1
145 1745 1
145 1799 1
145 1821 1
145 1839 1
145 1947 1
146 11 1
146 37 1
146 105 1
146 207 1
146 421 1
146 450 1
146 469 1
146 528 1
146 695 1
146 842 1
146 913 1
146 960 1
146 962 1
146 1168 1
146 1279 1
146 1312 1
146 1379 1
146 1399 1
146 1667 1
146 1673 1
146 2029 1
147 314 1
147 345 1
147 415 1
147 675 1
147 1146 1
147 1254 1
147 1419 1
147 1623 1
147 1669 1
147 2038 1
147 2045 1
148 10 1
148 23 1
148 37 1
148 452 1
148 471 1
148 489 1
148 777 1
148 1252 1
148 1329 1
148 1390 1
148 1596 1
148 1662 1
149 43 1
149 270 1
149 968 1
149 1025 1
149 1208 1
149 1377 1
149 1970 1
150 26 1
150 163 1
150 347 1
150 405 1
151 109 1
151 315 1
151 331 1
151 437 1
151 454 1
151 518 1
151 757 1
152 444 1
152 564 1
152 967 1
152 1073 1
153 55 1
153 859 1
153 1099 1
154 413 1
154 439 1
154 592 1
155 554 1
155 697 1
155 725 1
155 1216 1
156 633 1
156 846 1
156 1857 1
157 1142 1
157 1836 1
157 1884 1
158 537 1
158 591 1
158 741 1
158 1256 1
158 1260 1
158 1269 1
158 1430 1
158 1577 1
158 1805 1
158 1921 1
159 486 1
159 593 1
159 852 1
159 937 1
159 940 1
159 1015 1
159 1034 1
159 1078 1
159 1445 1
159 1486 1
159 1499 1
159 1653 1
159 1985 1
160 119 1
160 203 1
160 324 1
160 567 1
160 570 1
160 744 1
160 1094 1
160 1199 1
160 1580 1
160 1660 1
160 1668 1
160 1742 1
161 114 1
161 162 1
161 193 1
161 194 1
161 217 1
161 341 1
161 459 1
161 465 1
161 491 1
161 674 1
161 680 1
161 798 1
161 835 1
161 841 1
161 854 1
161 861 1
161 870 1
161 943 1
161 1021 1
161 1084 1
161 1118 1
161 1253 1
161 1284 1
161 1376 1
161 1400 1
161 1418 1
161 1484 1
161 1571 1
161 1683 1
161 1755 1
161 1812 1
161 1844 1
161 1889 1
161 1946 1
161 1986 1
161 2008 1
162 48 1
162 154 1
162 224 1
162 305 1
162 349 1
162 392 1
162 460 1
162 919 1
162 1062 1
162 1141 1
162 1265 1
162 1276 1
162 1416 1
162 1557 1
162 1608 1
162 1675 1
162 1783 1
162 1814 1
162 1841 1
162 1912 1
162 1976 1
162 1992 1
163 313 1
163 357 1
163 563 1
163 617 1
163 643 1
163 667 1
163 896 1
163 929 1
163 981 1
163 1125 1
163 1134 1
163 1395 1
163 1449 1
163 1506 1
163 1710 1
163 1765 1
163 1913 1
164 124 1
164 130 1
164 277 1
164 382 1
164 438 1
164 606 1
164 793 1
164 863 1
164 1128 1
164 1320 1
164 1345 1
164 1462 1
164 1519 1
164 1530 1
164 1850 1
164 1893 1
165 196 1
165 391 1
165 576 1
165 646 1
165 902 1
165 918 1
165 1354 1
165 1474 1
165 2041 1
166 198 1
166 299 1
166 338 1
166 409 1
166 572 1
166 895 1
166 1147 1
166 1353 1
166 1393 1
166 1545 1
167 260 1
167 681 1
167 935 1
167 1041 1
167 1166 1
167 1590 1
167 1613 1
167 1637 1
167 1652 1
167 1744 1
167 1784 1
168 107 1
168 720 1
168 915 1
168 1081 1
168 1182 1
168 1891 1
169 106 1
169 210 1
169 1324 1
169 1502 1
169 1732 1
170 474 1
170 1808 1
171 1013 1
171 1965 1
172 1327 1
172 1356 1
172 2032 1
173 876 1
173 1204 1
173 1259 1
173 1340 1
174 123 1
174 148 1
174 651 1
174 982 1
174 1054 1
174 1131 1
174 1248 1
174 1488 1
174 1859 1
175 110 1
175 432 1
175 618 1
175 664 1
175 1282 1
175 1310 1
175 1587 1
175 1603 1
175 1677 1
175 1815 1
175 1853 1
175 1991 1
176 233 1
176 351 1
176 624 1
176 679 1
176 726 1
176 736 1
176 885 1
176 1121 1
176 1298 1
176 1386 1
176 1429 1
176 1440 1
176 1541 1
176 1644 1
176 1731 1
176 1871 1
176 1963 1
176 2005 1
177 187 1
177 241 1
177 441 1
177 501 1
177 514 1
177 519 1
177 731 1
177 742 1
177 803 1
177 853 1
177 948 1
177 1091 1
177 1096 1
177 1124 1
177 1244 1
177 1411 1
177 1455 1
177 1594 1
177 1622 1
177 1633 1
177 1698 1
177 1705 1
177 1739 1
177 1762 1
177 1809 1
177 2030 1
178 77 1
178 121 1
178 125 1
178 215 1
178 227 1
178 235 1
178 272 1
178 282 1
178 283 1
178 361 1
178 550 1
178 608 1
178 728 1
178 788 1
178 800 1
178 801 1
178 848 1
178 910 1
178 969 1
178 1011 1
178 1184 1
178 1211 1
178 1283 1
178 1291 1
178 1307 1
178 1322 1
178 1370 1
178 1437 1
178 1516 1
178 1552 1
178 1651 1
178 1678 1
178 1688 1
178 1707 1
178 1754 1
178 1867 1
178 2024 1
178 2040 1
179 88 1
179 122 1
179 221 1
179 253 1
179 295 1
179 422 1
179 539 1
179 860 1
179 875 1
179 950 1
179 970 1
179 989 1
179 1195 1
179 1238 1
179 1425 1
179 1483 1
179 1715 1
179 1725 1
179 1749 1
179 1803 1
179 1835 1
179 1883 1
179 1915 1
180 132 1
180 205 1
180 206 1
180 352 1
180 561 1
180 797 1
180 866 1
180 939 1
180 1072 1
180 1155 1
180 1196 1
180 1263 1
180 1392 1
180 1471 1
180 1558 1
180 1581 1
180 1584 1
180 1592 1
180 1840 1
180 1851 1
181 134 1
181 153 1
181 180 1
181 335 1
181 494 1
181 654 1
181 754 1
181 821 1
181 837 1
181 946 1
181 1008 1
181 1033 1
181 1056 1
181 1107 1
181 1314 1
181 1363 1
181 1452 1
181 1535 1
181 1548 1
181 1615 1
181 1634 1
182 274 1
182 802 1
182 843 1
182 1012 1
182 1391 1
182 1680 1
182 1730 1
182 1737 1
182 1953 1
182 1960 1
183 251 1
183 356 1
183 366 1
183 525 1
183 828 1
183 1249 1
183 1273 1
183 1520 1
183 1691 1
183 2031 1
184 545 1
184 794 1
184 906 1
184 1003 1
184 1039 1
184 1088 1
184 1303 1
184 1482 1
184 1964 1
185 1115 1
185 1301 1
186 1378 1
187 97 1
187 127 1
187 223 1
187 333 1
187 1001 1
187 1271 1
187 1347 1
188 1224 1
188 1489 1
189 1645 1
189 1756 1
190 184 1
190 500 1
190 662 1
190 1528 1
190 1663 1
190 1826 1
191 226 1
191 977 1
191 1087 1
191 1106 1
191 1801 1
191 1885 1
192 286 1
192 479 1
192 549 1
192 780 1
192 966 1
192 999 1
192 1275 1
192 1565 1
192 1757 1
192 1933 1
192 2022 1
193 67 1
193 80 1
193 200 1
193 342 1
193 532 1
193 619 1
193 892 1
193 936 1
193 972 1
193 983 1
193 1043 1
193 1175 1
193 1319 1
193 1361 1
193 1485 1
193 1578 1
193 1601 1
193 1627 1
193 1806 1
193 1920 1
194 144 1
194 202 1
194 250 1
194 307 1
194 355 1
194 481 1
194 542 1
194 581 1
194 626 1
194 655 1
194 673 1
194 686 1
194 687 1
194 753 1
194 836 1
194 873 1
194 924 1
194 1026 1
194 1035 1
194 1137 1
194 1174 1
194 1200 1
194 1230 1
194 1272 1
194 1278 1
194 1318 1
194 1426 1
194 1432 1
194 1470 1
194 1712 1
194 1716 1
194 1720 1
194 1792 1
194 1868 1
194 1910 1
194 1949 1
194 2018 1
195 53 1
195 146 1
195 363 1
195 546 1
195 583 1
195 616 1
195 637 1
195 641 1
195 665 1
195 745 1
195 748 1
195 871 1
195 874 1
195 901 1
195 909 1
195 1002 1
195 1113 1
195 1136 1
195 1212 1
195 1214 1
195 1358 1
195 1388 1
195 1681 1
195 1746 1
195 1802 1
195 1828 1
195 1900 1
195 1937 1
195 1988 1
195 2021 1
195 2043 1
196 62 1
196 174 1
196 259 1
196 294 1
196 462 1
196 467 1
196 478 1
196 647 1
196 669 1
196 772 1
196 927 1
196 1145 1
196 1382 1
196 1398 1
196 1421 1
196 1517 1
196 1562 1
196 1602 1
196 1842 1
196 1958 1
197 191 1
197 319 1
197 411 1
197 488 1
197 496 1
197 556 1
197 944 1
197 1036 1
197 1119 1
197 1138 1
197 1404 1
197 1409 1
197 1444 1
197 1618 1
197 1629 1
197 1699 1
197 1741 1
197 1752 1
197 1832 1
198 195 1
198 373 1
198 394 1
198 523 1
198 609 1
198 715 1
198 1007 1
198 1057 1
198 1082 1
198 1286 1
198 1631 1
198 1894 1
198 2010 1
199 440 1
199 773 1
199 790 1
199 1381 1
199 1569 1
199 1575 1
200 336 1
200 676 1
200 1402 1
200 1658 1
200 1676 1
200 1781 1
201 213 1
201 585 1
201 804 1
201 833 1
201 933 1
201 1330 1
201 1561 1
201 1671 1
201 1778 1
202 70 1
202 760 1
202 922 1
202 998 1
202 1000 1
202 1585 1
203 370 1
203 515 1
203 565 1
203 1048 1
203 1157 1
203 1179 1
204 464 1
204 838 1
204 1017 1
204 1022 1
204 1344 1
204 1450 1
204 1874 1
205 642 1
205 1415 1
205 1774 1
206 627 1
206 739 1
206 1439 1
207 447 1
207 1051 1
208 301 1
208 340 1
208 1183 1
208 1776 1
209 74 1
209 183 1
209 492 1
209 1063 1
209 1065 1
209 1139 1
209 1225 1
209 1331 1
209 1524 1
209 1877 1
209 1961 1
209 2025 1
210 68 1
210 247 1
210 267 1
210 275 1
210 296 1
210 466 1
210 485 1
210 634 1
210 645 1
210 737 1
210 891 1
210 976 1
210 1037 1
210 1114 1
210 1169 1
210 1234 1
210 1368 1
210 1513 1
210 1573 1
210 1619 1
210 1670 1
210 1758 1
210 1856 1
210 1879 1
210 1936 1
211 60 1
211 79 1
211 185 1
211 216 1
211 393 1
211 403 1
211 543 1
211 722 1
211 822 1
211 903 1
211 1050 1
211 1066 1
211 1325 1
211 1461 1
211 1515 1
211 1614 1
211 1693 1
211 1701 1
211 1860 1
211 1929 1
211 1977 1
211 2011 1
212 95 1
212 151 1
212 188 1
212 254 1
212 271 1
212 358 1
212 362 1
212 431 1
212 482 1
212 503 1
212 535 1
212 610 1
212 614 1
212 622 1
212 638 1
212 813 1
212 826 1
212 959 1
212 997 1
212 1009 1
212 1067 1
212 1129 1
212 1163 1
212 1171 1
212 1185 1
212 1542 1
212 1553 1
212 1616 1
212 1845 1
212 1869 1
212 1983 1
213 343 1
213 727 1
213 941 1
213 1029 1
213 1097 1
213 1236 1
213 1246 1
213 1247 1
213 1689 1
213 1804 1
213 1837 1
214 142 1
214 178 1
214 252 1
214 779 1
214 878 1
214 1144 1
214 1410 1
214 1509 1
214 1564 1
214 1769 1
214 2023 1
215 118 1
215 120 1
215 164 1
215 212 1
215 297 1
215 330 1
215 434 1
215 575 1
215 712 1
215 1188 1
215 1191 1
215 1280 1
215 1798 1
215 1907 1
215 2039 1
216 232 1
216 596 1
216 925 1
216 1420 1
216 1434 1
216 1729 1
216 1995 1
217 141 1
217 416 1
217 508 1
217 1178 1
217 1337 1
217 1350 1
217 1772 1
217 1833 1
217 1892 1
217 1918 1
218 87 1
218 197 1
218 613 1
218 1105 1
218 1321 1
218 1679 1
218 1717 1
218 1852 1
218 2015 1
218 2036 1
219 600 1
219 1638 1
220 269 1
220 374 1
220 816 1
220 995 1
220 1040 1
221 175 1
221 984 1
221 1457 1
222 364 1
222 1112 1
223 50 1
223 851 1
223 897 1
224 47 1
224 268 1
224 524 1
224 658 1
224 751 1
224 1423 1
224 1469 1
224 1576 1
224 1743 1
224 1922 1
224 1984 1
224 2006 1
225 430 1
225 483 1
225 536 1
225 824 1
225 991 1
225 1407 1
225 1572 1
226 92 1
226 169 1
226 261 1
226 287 1
226 359 1
226 395 1
226 396 1
226 502 1
226 636 1
226 1111 1
226 1130 1
226 1417 1
226 1563 1
226 1684 1
226 1796 1
226 1811 1
226 2014 1
227 45 1
227 59 1
227 86 1
227 113 1
227 143 1
227 220 1
227 273 1
227 507 1
227 603 1
227 692 1
227 856 1
227 923 1
227 956 1
227 1064 1
227 1251 1
227 1285 1
227 1288 1
227 1341 1
227 1438 1
227 1447 1
228 42 1
228 116 1
228 182 1
228 186 1
228 312 1
228 328 1
228 426 1
228 472 1
228 505 1
228 577 1
228 582 1
228 917 1
228 955 1
228 1077 1
228 1364 1
228 1375 1
228 1441 1
228 1529 1
228 1696 1
228 1747 1
228 1846 1
228 1880 1
228 1896 1
229 157 1
229 290 1
229 310 1
229 320 1
229 387 1
229 417 1
229 449 1
229 516 1
229 522 1
229 693 1
229 708 1
229 855 1
229 949 1
229 990 1
229 1348 1
229 1357 1
229 1526 1
229 1582 1
229 1586 1
229 1612 1
229 1620 1
229 1733 1
229 1734 1
229 1738 1
229 1794 1
229 1966 1
230 140 1
230 322 1
230 371 1
230 376 1
230 635 1
230 682 1
230 733 1
230 799 1
230 916 1
230 1061 1
230 1197 1
230 1202 1
230 1413 1
230 1709 1
230 1956 1
230 2004 1
231 177 1
231 442 1
231 559 1
231 630 1
231 689 1
231 747 1
231 1311 1
231 1380 1
231 1761 1
231 1788 1
231 1972 1
232 429 1
232 455 1
232 499 1
232 517 1
232 698 1
232 1059 1
232 1153 1
232 1305 1
232 1472 1
232 1554 1
232 1711 1
233 433 1
233 840 1
233 1042 1
233 1089 1
233 1903 1
234 291 1
234 602 1
234 707 1
234 809 1
234 961 1
234 1006 1
234 1500 1
234 1640 1
234 1700 1
234 1708 1
235 531 1
235 1686 1
235 1748 1
236 1268 1
236 1659 1
236 1759 1
237 150 1
237 792 1
237 1203 1
237 1847 1
237 1904 1
238 218 1
238 975 1
238 2047 1
239 243 1
239 1372 1
239 1492 1
239 1664 1
240 152 1
240 262 1
240 709 1
240 1317 1
240 1433 1
240 1760 1
241 165 1
241 248 1
241 344 1
241 555 1
241 716 1
241 749 1
241 750 1
241 759 1
241 819 1
241 834 1
241 1332 1
241 1334 1
241 1626 1
241 1944 1
242 63 1
242 337 1
242 420 1
242 529 1
242 625 1
242 786 1
242 796 1
242 890 1
242 1215 1
242 1221 1
242 1346 1
242 1927 1
243 240 1
243 443 1
243 453 1
243 527 1
243 560 1
243 586 1
243 704 1
243 706 1
243 746 1
243 869 1
243 900 1
243 1019 1
243 1192 1
243 1201 1
243 1355 1
243 1464 1
243 1568 1
243 1574 1
243 1624 1
243 1816 1
243 1855 1
244 402 1
244 461 1
244 512 1
244 579 1
244 595 1
244 640 1
244 694 1
244 699 1
244 756 1
244 957 1
244 1127 1
244 1158 1
244 1349 1
244 1371 1
244 1387 1
244 1560 1
244 1566 1
244 1636 1
244 1753 1
244 1770 1
244 1777 1
244 1864 1
245 81 1
245 137 1
245 155 1
245 300 1
245 339 1
245 490 1
245 569 1
245 590 1
245 594 1
245 666 1
245 735 1
245 805 1
245 887 1
245 1027 1
245 1045 1
245 1109 1
245 1110 1
245 1281 1
245 1351 1
245 1369 1
245 1504 1
245 1523 1
245 1543 1
245 1600 1
245 1604 1
245 1793 1
245 1817 1
245 1818 1
245 1895 1
245 1934 1
245 1974 1
246 189 1
246 214 1
246 578 1
246 823 1
246 911 1
246 951 1
246 954 1
246 994 1
246 1071 1
246 1123 1
246 1389 1
246 1685 1
246 1866 1
247 115 1
247 249 1
247 256 1
247 346 1
247 566 1
247 713 1
247 719 1
247 912 1
247 1046 1
247 1190 1
247 1219 1
247 1339 1
247 1639 1
247 1654 1
247 1692 1
247 1706 1
247 1822 1
247 1906 1
247 2007 1
248 135 1
248 265 1
248 334 1
248 412 1
248 615 1
248 808 1
248 1030 1
248 1032 1
248 1198 1
248 1243 1
248 1274 1
248 1448 1
248 1465 1
248 1493 1
248 1550 1
248 1610 1
248 1723 1
248 1854 1
248 1881 1
249 138 1
249 176 1
249 353 1
249 377 1
249 407 1
249 1098 1
249 1220 1
249 1501 1
249 1534 1
250 117 1
250 398 1
250 703 1
250 980 1
250 2017 1
251 484 1
251 1239 1
251 1467 1
251 1938 1
252 778 1
252 920 1
254 987 1
254 1233 1
254 1257 1
254 1849 1
255 1360 1
256 173 1
256 456 1
256 1406 1
256 1930 1
257 73 1
257 768 1
257 771 1
257 806 1
257 807 1
257 815 1
257 1167 1
257 1289 1
257 1941 1
258 83 1
258 133 1
258 208 1
258 372 1
258 540 1
258 599 1
258 1217 1
258 1546 1
258 1719 1
258 1721 1
258 1957 1
258 2028 1
258 2042 1
259 102 1
259 242 1
259 365 1
259 428 1
259 511 1
259 562 1
259 964 1
259 1010 1
259 1080 1
259 1161 1
259 1231 1
259 1367 1
259 1385 1
259 1665 1
259 1767 1
259 1780 1
259 1865 1
259 1909 1
259 1954 1
260 96 1
260 161 1
260 192 1
260 255 1
260 404 1
260 446 1
260 589 1
260 653 1
260 764 1
260 769 1
260 811 1
260 849 1
260 872 1
260 880 1
260 881 1
260 1058 1
260 1117 1
260 1210 1
260 1255 1
260 1304 1
260 1414 1
260 1475 1
260 1609 1
260 1834 1
260 1861 1
260 1914 1
260 1969 1
261 156 1
261 309 1
261 388 1
261 401 1
261 423 1
261 487 1
261 506 1
261 612 1
261 710 1
261 831 1
261 1038 1
261 1154 1
261 1180 1
261 1226 1
261 1261 1
261 1262 1
261 1264 1
261 1266 1
261 1315 1
261 1316 1
261 1359 1
261 1510 1
261 1531 1
261 1621 1
261 1722 1
261 1843 1
261 1875 1
261 1923 1
261 1935 1
261 1942 1
261 2000 1
262 46 1
262 82 1
262 234 1
262 685 1
262 865 1
262 883 1
262 1333 1
262 1512 1
262 1690 1
262 1908 1
262 1975 1
262 2035 1
263 171 1
263 302 1
263 1053 1
263 1086 1
263 1173 1
263 1456 1
263 1763 1
263 1999 1
263 2026 1
264 166 1
264 219 1
264 239 1
264 399 1
264 544 1
265 85 1
265 580 1
265 932 1
265 1494 1
265 1649 1
265 1897 1
265 1911 1
265 2020 1
265 2033 1
266 103 1
266 931 1
267 100 1
267 257 1
267 410 1
267 894 1
267 974 1
267 1507 1
267 1791 1
268 89 1
268 91 1
268 574 1
268 650 1
268 921 1
268 1227 1
268 1887 1
268 1952 1
269 201 1
269 683 1
269 1108 1
269 2013 1
270 51 1
270 280 1
270 325 1
270 493 1
270 2016 1
271 888 1
271 1016 1
271 1666 1
272 321 1
272 520 1
272 1093 1
272 1537 1
272 1555 1
272 1926 1
273 279 1
273 597 1
273 817 1
273 958 1
273 986 1
273 1090 1
273 1165 1
273 1599 1
274 94 1
274 238 1
274 445 1
274 1004 1
274 1143 1
274 1152 1
274 1177 1
274 1187 1
274 1213 1
274 1228 1
274 1323 1
274 1459 1
274 1617 1
274 1951 1
275 56 1
275 311 1
275 457 1
275 605 1
275 623 1
275 782 1
275 839 1
275 844 1
275 1229 1
275 1336 1
275 1374 1
275 1611 1
275 1980 1
276 380 1
276 568 1
276 857 1
276 905 1
276 908 1
276 1014 1
276 1070 1
276 1133 1
276 1151 1
276 1209 1
276 1258 1
276 1296 1
276 1308 1
276 1422 1
276 1443 1
276 1480 1
276 1556 1
276 1807 1
276 1824 1
276 1825 1
276 1940 1
277 172 1
277 304 1
277 879 1
277 1116 1
277 1306 1
277 1352 1
277 1401 1
277 1521 1
277 1625 1
277 1718 1
277 1766 1
277 1790 1
277 2001 1
278 129 1
278 332 1
278 827 1
278 850 1
278 884 1
278 985 1
278 1140 1
278 1149 1
278 1827 1
278 1862 1
278 1990 1
279 181 1
279 408 1
279 414 1
279 509 1
279 553 1
279 659 1
279 677 1
279 1186 1
279 1593 1
279 1661 1
279 1800 1
279 1950 1
280 58 1
280 419 1
280 732 1
280 1156 1
280 1412 1
280 1726 1
281 28 1
281 671 1
281 1436 1
281 1511 1
281 1724 1
281 1931 1
282 111 1
282 2027 1
284 470 1
284 1205 1
284 1787 1
285 406 1
285 1819 1
286 170 1
286 1164 1
286 1366 1
287 791 1
287 971 1
288 126 1
288 601 1
288 1498 1
288 1656 1
288 1955 1
289 288 1
289 1503 1
289 1898 1
289 1943 1
290 57 1
290 258 1
290 289 1
290 292 1
290 670 1
290 785 1
290 1468 1
290 1579 1
290 1882 1
291 75 1
291 318 1
291 375 1
291 628 1
291 672 1
291 755 1
291 1232 1
291 1424 1
291 1518 1
291 1588 1
291 1901 1
291 2044 1
292 19 1
292 331 1
292 435 1
292 526 1
292 534 1
292 551 1
292 734 1
292 1768 1
292 1948 1
292 2019 1
292 2037 1
293 72 1
293 222 1
293 263 1
293 278 1
293 284 1
293 383 1
293 643 1
293 711 1
293 761 1
293 992 1
293 1024 1
293 1148 1
293 1223 1
293 1704 1
293 1714 1
293 1797 1
293 2003 1
293 2034 1
294 78 1
294 390 1
294 497 1
294 587 1
294 893 1
294 953 1
294 988 1
294 1076 1
294 1103 1
294 1476 1
294 1632 1
294 1682 1
295 504 1
295 738 1
295 1916 1
296 31 1
296 52 1
296 548 1
296 973 1
296 1018 1
296 1020 1
296 1181 1
296 1687 1
297 700 1
297 752 1
297 2048 1
298 1218 1
298 1536 1
299 533 1
299 1207 1
300 743 1
300 1135 1
300 1813 1
301 145 1
301 425 1
301 1559 1
301 1591 1
302 730 1
303 179 1
303 717 1
303 1997 1
304 76 1
304 784 1
304 795 1
304 1104 1
304 1328 1
304 1567 1
304 1886 1
305 65 1
305 101 1
305 159 1
305 168 1
305 660 1
305 830 1
305 1466 1
305 1539 1
305 1830 1
306 246 1
306 521 1
306 648 1
306 762 1
306 1101 1
306 1172 1
306 1408 1
306 1479 1
306 1917 1
307 190 1
307 270 1
307 348 1
307 397 1
307 498 1
307 621 1
307 690 1
307 832 1
307 853 1
307 935 1
307 1055 1
307 1079 1
307 1786 1
307 1810 1
307 1945 1
307 1971 1
308 49 1
308 136 1
308 341 1
308 367 1
308 379 1
308 444 1
308 718 1
308 776 1
308 787 1
308 930 1
308 1060 1
308 1083 1
308 1141 1
308 1162 1
308 1302 1
308 1463 1
308 1487 1
308 1496 1
308 1597 1
308 1694 1
308 1851 1
309 32 1
309 108 1
309 228 1
309 281 1
309 329 1
309 695 1
309 748 1
309 814 1
309 877 1
309 942 1
309 1146 1
309 1442 1
309 1514 1
309 1540 1
309 1642 1
309 1814 1
309 1970 1
310 71 1
310 463 1
310 567 1
310 657 1
310 729 1
310 1245 1
310 1279 1
310 1294 1
310 1435 1
310 1495 1
310 1857 1
311 225 1
311 476 1
311 477 1
311 938 1
311 968 1
311 1473 1
311 1785 1
312 93 1
312 886 1
312 947 1
312 1206 1
312 1252 1
312 1397 1
312 1648 1
312 1853 1
312 1998 1
313 306 1
313 421 1
313 1669 1
313 1752 1
313 2046 1
314 592 1
315 350 1
315 573 1
315 639 1
315 848 1
316 323 1
316 789 1
316 1779 1
317 368 1
317 1299 1
319 1551 1
320 825 1
320 889 1
320 996 1
320 1242 1
320 1829 1
320 1979 1
321 77 1
321 139 1
321 163 1
321 604 1
321 684 1
321 696 1
321 1044 1
321 1052 1
321 1240 1
321 1269 1
321 1270 1
321 1326 1
321 1795 1
321 1872 1
321 1982 1
322 104 1
322 105 1
322 128 1
322 211 1
322 285 1
322 448 1
322 491 1
322 537 1
322 607 1
322 611 1
322 631 1
322 770 1
322 854 1
322 1069 1
322 1244 1
322 1322 1
322 1416 1
322 1607 1
322 1635 1
322 1764 1
322 1925 1
322 2009 1
323 33 1
323 119 1
323 147 1
323 204 1
323 389 1
323 400 1
323 541 1
323 558 1
323 688 1
323 913 1
323 963 1
323 1028 1
323 1256 1
323 1295 1
323 1647 1
323 1655 1
323 1697 1
323 1740 1
323 1820 1
323 1823 1
323 1831 1
324 23 1
324 40 1
324 338 1
324 385 1
324 436 1
324 450 1
324 468 1
324 644 1
324 661 1
324 702 1
324 945 1
324 1068 1
324 1118 1
324 1342 1
324 1544 1
324 1878 1
325 26 1
325 61 1
325 253 1
325 519 1
325 564 1
325 758 1
325 934 1
325 1142 1
325 1214 1
325 1418 1
325 1454 1
325 1481 1
325 1486 1
325 1622 1
325 1775 1
325 1967 1
325 1989 1
326 293 1
326 439 1
326 475 1
326 530 1
326 678 1
326 929 1
326 1041 1
326 1054 1
326 1099 1
326 1508 1
326 1668 1
326 1835 1
326 1876 1
326 1996 1
327 66 1
327 298 1
327 352 1
327 357 1
327 669 1
327 847 1
327 1085 1
327 1120 1
327 1320 1
327 1474 1
327 1478 1
327 1589 1
327 1750 1
327 1958 1
328 187 1
328 409 1
328 471 1
328 1276 1
328 1525 1
328 2038 1
329 2 1
329 354 1
329 1580 1
330 1650 1
331 1391 1
331 1538 1
331 1663 1
331 1932 1
332 882 1
332 1155 1
332 1235 1
333 107 1
333 952 1
333 979 1
333 993 1
334 870 1
335 763 1
335 868 1
335 937 1
335 1160 1
335 1899 1
336 90 1
336 360 1
336 1598 1
336 1848 1
337 229 1
337 547 1
337 598 1
337 663 1
337 846 1
337 1023 1
337 1049 1
337 1373 1
337 1428 1
337 1549 1
337 1870 1
337 1947 1
338 217 1
338 244 1
338 276 1
338 349 1
338 386 1
338 473 1
338 588 1
338 646 1
338 720 1
338 775 1
338 907 1
338 978 1
338 1176 1
338 1399 1
338 1431 1
338 1446 1
338 1499 1
338 1623 1
338 1939 1
338 1973 1
338 1994 1
338 2002 1
339 237 1
339 510 1
339 691 1
339 701 1
339 724 1
339 812 1
339 863 1
339 919 1
339 1062 1
339 1126 1
339 1199 1
339 1254 1
339 1313 1
339 1491 1
339 1522 1
339 1532 1
339 1736 1
339 1745 1
339 1873 1
339 1962 1
340 64 1
340 112 1
340 193 1
340 206 1
340 319 1
340 552 1
340 617 1
340 662 1
340 714 1
340 895 1
340 914 1
340 1011 1
340 1035 1
340 1095 1
340 1115 1
340 1241 1
340 1557 1
340 1637 1
340 1703 1
340 1713 1
340 1751 1
340 1840 1
340 1863 1
340 1921 1
340 1968 1
341 8 1
341 41 1
341 84 1
341 316 1
341 384 1
341 464 1
341 725 1
341 783 1
341 1132 1
341 1291 1
341 1674 1
341 1890 1
341 1919 1
342 55 1
342 99 1
342 645 1
342 967 1
342 969 1
342 1113 1
342 1188 1
342 1383 1
342 1394 1
342 1608 1
342 1673 1
342 1727 1
342 1978 1
342 2008 1
343 303 1
343 726 1
343 862 1
343 933 1
343 946 1
343 1005 1
343 1365 1
343 1577 1
343 1646 1
343 1657 1
343 2005 1
344 593 1
345 29 1
345 54 1
345 680 1
345 1134 1
346 264 1
346 620 1
346 1605 1
347 210 1
347 241 1
347 1343 1
347 1362 1
347 1411 1
347 1483 1
347 1484 1
348 1300 1
349 224 1
349 962 1
350 131 1
350 1092 1
350 1284 1
351 1290 1
351 1376 1
351 1784 1
352 892 1
352 1159 1
352 1405 1
352 1460 1
352 1595 1
353 308 1
353 324 1
353 633 1
353 721 1
353 740 1
353 744 1
353 793 1
353 859 1
353 1047 1
353 1292 1
353 1309 1
353 1440 1
353 1497 1
353 1527 1
353 1570 1
353 1691 1
353 1888 1
353 1928 1
354 16 1
354 315 1
354 317 1
354 418 1
354 539 1
354 550 1
354 570 1
354 632 1
354 1175 1
354 1250 1
354 1273 1
354 1338 1
354 1379 1
354 1400 1
354 1430 1
354 1490 1
354 1651 1
354 1653 1
354 1693 1
354 1946 1
354 1949 1
354 1959 1
354 2041 1
355 266 1
355 342 1
355 454 1
355 508 1
355 557 1
355 675 1
355 767 1
355 797 1
355 965 1
355 1267 1
355 1310 1
355 1393 1
355 1429 1
355 1458 1
355 1641 1
355 1771 1
355 1836 1
355 1893 1
356 441 1
356 465 1
356 538 1
356 571 1
356 668 1
356 861 1
356 1031 1
356 1094 1
356 1216 1
356 1237 1
356 1260 1
356 1358 1
356 1471 1
356 1583 1
356 1643 1
356 1725 1
356 1773 1
356 1799 1
356 2010 1
356 2045 1
357 134 1
357 583 1
357 777 1
357 788 1
357 820 1
357 1084 1
357 1087 1
357 1208 1
357 1265 1
357 1277 1
357 1395 1
357 1396 1
357 1425 1
357 1505 1
357 1506 1
357 1812 1
358 38 1
358 207 1
358 245 1
358 469 1
358 1297 1
358 1660 1
358 1667 1
358 1858 1
359 148 1
359 781 1
359 1455 1
359 1547 1
359 1672 1
359 1783 1
360 326 1
360 422 1
360 480 1
360 1008 1
360 1025 1
360 1631 1
360 1803 1
360 1815 1
361 4 1
361 804 1
361 1039 1
362 106 1
362 149 1
362 160 1
362 833 1
362 1681 1
362 1960 1
363 866 1
363 902 1
363 1630 1
364 899 1
364 959 1
365 345 1
365 1001 1
365 1628 1
366 736 1
366 1131 1
366 1993 1
367 223 1
367 649 1
367 652 1
367 774 1
367 1384 1
368 98 1
368 424 1
368 572 1
368 864 1
368 1122 1
368 1128 1
368 1248 1
368 1354 1
368 1867 1
369 199 1
369 314 1
369 561 1
369 800 1
369 810 1
369 1081 1
369 1102 1
369 1182 1
369 1212 1
369 1335 1
369 1419 1
369 1902 1
369 1937 1
370 18 1
370 80 1
370 158 1
370 489 1
370 837 1
370 918 1
370 1121 1
370 1312 1
370 1409 1
370 1477 1
370 1782 1
370 1802 1
370 1838 1
370 1842 1
370 2029 1
371 153 1
371 174 1
371 252 1
371 351 1
371 355 1
371 369 1
371 651 1
371 665 1
371 681 1
371 943 1
371 1034 1
371 1096 1
371 1125 1
371 1249 1
371 1377 1
371 1421 1
371 1432 1
371 1516 1
371 1587 1
371 1765 1
372 11 1
372 123 1
372 209 1
372 231 1
372 391 1
372 405 1
372 676 1
372 852 1
372 867 1
372 1003 1
372 1012 1
372 1033 1
372 1043 1
372 1183 1
372 1194 1
372 1293 1
372 1319 1
372 1345 1
372 1356 1
372 1378 1
372 1520 1
372 1889 1
372 1992 1
373 524 1
373 549 1
373 798 1
373 803 1
373 910 1
373 940 1
373 983 1
373 1048 1
373 1050 1
373 1287 1
373 1307 1
373 1347 1
373 1517 1
373 1629 1
374 50 1
374 459 1
374 474 1
374 495 1
374 909 1
374 1145 1
374 1390 1
375 370 1
375 697 1
375 801 1
375 1075 1
375 1558 1
376 97 1
376 705 1
376 891 1
376 1036 1
376 1361 1
376 1677 1
376 1688 1
376 1912 1
377 124 1
377 513 1
377 915 1
377 1088 1
377 1327 1
377 1403 1
377 1720 1
377 1798 1
378 1683 1
379 277 1
379 363 1
380 829 1
380 1238 1
381 7 1
381 42 1
381 230 1
381 427 1
381 741 1
381 1236 1
381 1565 1
381 1702 1
383 432 1
383 451 1
383 723 1
383 1119 1
384 226 1
384 392 1
384 926 1
384 1184 1
384 1451 1
384 1645 1
384 1885 1
385 43 1
385 221 1
385 845 1
385 981 1
385 1021 1
385 1072 1
385 1211 1
385 1230 1
385 1263 1
385 1596 1
386 132 1
386 141 1
386 162 1
386 191 1
386 396 1
386 667 1
386 773 1
386 939 1
386 1007 1
386 1638 1
386 1658 1
386 1832 1
386 1913 1
386 1963 1
386 2047 1
387 67 1
387 69 1
387 79 1
387 114 1
387 362 1
387 525 1
387 591 1
387 1150 1
387 1170 1
387 1178 1
387 1222 1
387 1283 1
387 1434 1
387 1449 1
387 1488 1
387 1590 1
387 1746 1
387 1871 1
387 1924 1
388 109 1
388 167 1
388 177 1
388 215 1
388 283 1
388 347 1
388 413 1
388 442 1
388 619 1
388 656 1
388 765 1
388 816 1
388 858 1
388 982 1
388 1078 1
388 1137 1
388 1318 1
388 1349 1
388 1512 1
388 1564 1
388 1592 1
388 1732 1
388 1821 1
388 1961 1
388 1981 1
389 235 1
389 247 1
389 268 1
389 437 1
389 563 1
389 673 1
389 686 1
389 856 1
389 871 1
389 906 1
389 997 1
389 1026 1
389 1271 1
389 1453 1
389 1542 1
389 1737 1
389 1758 1
389 2011 1
390 1 1
390 35 1
390 44 1
390 154 1
390 462 1
390 927 1
390 1157 1
390 1224 1
390 1332 1
390 1386 1
390 2023 1
391 24 1
391 518 1
391 608 1
391 1073 1
391 1225 1
391 1470 1
391 1601 1
391 1801 1
392 260 1
392 523 1
392 1074 1
392 1509 1
392 1606 1
393 63 1
393 180 1
394 233 1
394 753 1
394 1363 1
394 1866 1
394 1891 1
395 528 1
395 737 1
395 1201 1
396 1275 1
397 254 1
397 1929 1
398 654 1
398 1575 1
399 382 1
400 183 1
400 556 1
400 622 1
400 794 1
400 860 1
400 960 1
400 1057 1
400 1169 1
400 1987 1
400 2012 1
400 2039 1
401 130 1
401 299 1
401 616 1
401 618 1
401 949 1
401 1278 1
401 1615 1
401 1644 1
401 1707 1
401 1778 1
402 144 1
402 169 1
402 216 1
402 373 1
402 394 1
402 545 1
402 635 1
402 655 1
402 1147 1
402 1268 1
402 1445 1
402 1462 1
402 1533 1
402 1576 1
402 1582 1
402 1705 1
402 1715 1
402 1747 1
402 1850 1
402 2043 1
403 62 1
403 127 1
403 219 1
403 261 1
403 291 1
403 313 1
403 479 1
403 613 1
403 757 1
403 759 1
403 766 1
403 1174 1
403 1340 1
403 1427 1
403 1613 1
403 1678 1
403 1721 1
403 1728 1
403 1789 1
403 1792 1
403 1856 1
403 1859 1
403 1983 1
403 2025 1
404 5 1
404 48 1
404 458 1
404 1065 1
404 1541 1
404 1571 1
404 1844 1
404 1965 1
404 1974 1
404 2035 1
405 6 1
405 146 1
405 236 1
405 627 1
405 739 1
405 754 1
405 874 1
405 1193 1
405 1195 1
405 1330 1
405 1334 1
405 1568 1
405 1584 1
405 1977 1
406 647 1
406 1107 1
406 1168 1
406 1301 1
406 1360 1
406 1741 1
406 1774 1
406 1805 1
406 1976 1
407 340 1
407 500 1
407 751 1
407 1105 1
407 1548 1
407 1735 1
407 1964 1
407 2014 1
408 25 1
408 176 1
408 286 1
408 460 1
408 515 1
408 923 1
408 999 1
408 1015 1
408 1139 1
408 1166 1
408 1616 1
408 1633 1
408 1817 1
408 1910 1
409 122 1
409 447 1
409 836 1
410 485 1
410 1114 1
410 1627 1
410 2032 1
411 378 1
411 1808 1
412 1573 1
413 1272 1
414 1585 1
415 995 1
415 1716 1
416 576 1
416 842 1
416 924 1
416 936 1
416 950 1
416 984 1
416 1255 1
416 1324 1
416 1482 1
416 1744 1
416 1986 1
417 20 1
417 178 1
417 364 1
417 411 1
417 466 1
417 481 1
417 529 1
417 569 1
417 584 1
417 642 1
417 719 1
417 813 1
417 818 1
417 828 1
417 928 1
417 941 1
417 1469 1
417 1529 1
417 1552 1
417 1738 1
417 1772 1
417 2030 1
418 13 1
418 22 1
418 53 1
418 70 1
418 125 1
418 196 1
418 203 1
418 259 1
418 327 1
418 356 1
418 366 1
418 415 1
418 577 1
418 634 1
418 841 1
418 875 1
418 998 1
418 1112 1
418 1158 1
418 1189 1
418 1285 1
418 1420 1
418 1519 1
418 1809 1
418 1896 1
418 1905 1
418 1918 1
419 94 1
419 198 1
419 272 1
419 333 1
419 430 1
419 492 1
419 581 1
419 778 1
419 896 1
419 976 1
419 1200 1
419 1410 1
419 1423 1
419 1426 1
419 1502 1
419 1524 1
419 1526 1
419 1652 1
419 1749 1
419 1762 1
419 1865 1
419 1892 1
419 1894 1
419 1900 1
419 1938 1
419 1966 1
420 152 1
420 214 1
420 328 1
420 336 1
420 452 1
420 501 1
420 521 1
420 546 1
420 603 1
420 606 1
420 612 1
420 742 1
420 898 1
420 904 1
420 1344 1
420 1581 1
420 1624 1
420 1679 1
420 1708 1
420 1841 1
420 1883 1
420 1920 1
420 1988 1
420 2015 1
420 2040 1
421 91 1
421 150 1
421 202 1
421 467 1
421 614 1
421 637 1
421 807 1
421 824 1
421 948 1
421 1037 1
421 1097 1
421 1382 1
421 1406 1
421 1452 1
421 1535 1
421 1626 1
421 1826 1
421 1952 1
421 1991 1
422 142 1
422 449 1
422 716 1
422 1433 1
422 1710 1
422 1860 1
423 102 1
423 522 1
423 609 1
423 641 1
423 1066 1
423 1380 1
423 1695 1
423 1757 1
423 1763 1
423 1984 1
424 334 1
424 560 1
424 733 1
424 835 1
424 925 1
424 1167 1
424 1398 1
424 1610 1
424 1692 1
424 1781 1
424 1837 1
425 461 1
425 674 1
425 1163 1
425 1220 1
426 312 1
426 897 1
426 966 1
426 1907 1
427 3 1
427 482 1
427 512 1
427 876 1
427 1346 1
428 1000 1
429 1839 1
430 227 1
430 516 1
430 1550 1
431 1017 1
431 1754 1
432 175 1
432 182 1
432 250 1
432 472 1
432 779 1
432 885 1
432 1067 1
432 1461 1
432 1675 1
432 1953 1
432 1956 1
433 110 1
433 279 1
433 300 1
433 532 1
433 727 1
433 1016 1
433 1196 1
433 1288 1
433 1404 1
433 1530 1
433 1614 1
433 1680 1
433 1742 1
433 1877 1
433 1985 1
434 15 1
434 21 1
434 39 1
434 335 1
434 361 1
434 393 1
434 629 1
434 659 1
434 756 1
434 768 1
434 780 1
434 1106 1
434 1124 1
434 1280 1
434 1314 1
434 1329 1
434 1450 1
434 1603 1
434 1618 1
434 1620 1
434 1811 1
434 1874 1
434 1936 1
434 2018 1
435 120 1
435 186 1
435 407 1
435 535 1
435 562 1
435 600 1
435 602 1
435 679 1
435 698 1
435 750 1
435 887 1
435 911 1
435 1056 1
435 1111 1
435 1331 1
435 1444 1
435 1447 1
435 1492 1
435 1561 1
435 1756 1
435 1759 1
435 1884 1
435 1904 1
435 2000 1
436 47 1
436 135 1
436 208 1
436 374 1
436 596 1
436 626 1
436 709 1
436 715 1
436 760 1
436 903 1
436 989 1
436 991 1
436 1417 1
436 1448 1
436 1472 1
436 1671 1
436 1711 1
436 1743 1
436 1895 1
436 1922 1
436 2031 1
437 96 1
437 137 1
437 295 1
437 395 1
437 398 1
437 578 1
437 722 1
437 790 1
437 873 1
437 879 1
437 922 1
437 970 1
437 1006 1
437 1009 1
437 1019 1
437 1032 1
437 1077 1
437 1282 1
437 1368 1
437 1602 1
437 1612 1
437 2007 1
438 95 1
438 156 1
438 194 1
438 200 1
438 205 1
438 262 1
438 559 1
438 643 1
438 664 1
438 706 1
438 808 1
438 838 1
438 1013 1
438 1192 1
438 1392 1
438 1545 1
439 188 1
439 274 1
439 337 1
439 416 1
439 434 1
439 483 1
439 555 1
439 625 1
439 975 1
439 990 1
439 1029 1
439 1083 1
439 1369 1
439 1578 1
439 1634 1
440 151 1
440 212 1
440 213 1
440 490 1
440 821 1
440 826 1
440 916 1
440 1138 1
440 1202 1
440 1553 1
440 1794 1
440 1796 1
440 1879 1
441 320 1
441 446 1
441 499 1
441 817 1
441 1305 1
441 1507 1
441 1686 1
441 1729 1
442 658 1
442 851 1
442 1042 1
442 1129 1
442 1253 1
443 802 1
443 1051 1
443 1180 1
444 478 1
444 1659 1
445 1944 1
447 1933 1
448 330 1
448 799 1
448 1676 1
448 1712 1
448 1926 1
449 74 1
449 488 1
449 728 1
449 1123 1
449 1325 1
449 1353 1
449 2022 1
450 133 1
450 440 1
450 536 1
450 693 1
450 872 1
450 900 1
450 1185 1
450 1198 1
450 1203 1
450 1337 1
450 1372 1
450 1513 1
450 1594 1
450 1670 1
450 1685 1
451 243 1
451 310 1
451 358 1
451 487 1
451 505 1
451 582 1
451 594 1
451 707 1
451 1040 1
451 1082 1
451 1091 1
451 1190 1
451 1303 1
451 1387 1
451 1439 1
451 1528 1
451 1562 1
451 1684 1
451 1719 1
451 1852 1
451 1930 1
451 2021 1
452 10 1
452 12 1
452 171 1
452 195 1
452 220 1
452 339 1
452 514 1
452 677 1
452 712 1
452 745 1
452 840 1
452 972 1
452 1061 1
452 1108 1
452 1135 1
452 1161 1
452 1257 1
452 1350 1
452 1370 1
452 1500 1
452 1523 1
452 1569 1
452 1599 1
452 1604 1
453 28 1
453 100 1
453 117 1
453 164 1
453 232 1
453 273 1
453 305 1
453 486 1
453 630 1
453 708 1
453 796 1
453 831 1
453 878 1
453 917 1
453 944 1
453 987 1
453 1063 1
453 1090 1
453 1259 1
453 1407 1
453 1437 1
453 1699 1
453 1761 1
454 68 1
454 157 1
454 181 1
454 234 1
454 433 1
454 638 1
454 640 1
454 977 1
454 1262 1
454 1957 1
454 2028 1
455 93 1
455 115 1
455 282 1
455 692 1
455 806 1
455 961 1
455 1179 1
455 1191 1
455 1234 1
455 1311 1
455 1348 1
455 1351 1
455 1534 1
455 1868 1
455 1881 1
455 1903 1
456 30 1
456 60 1
456 197 1
456 256 1
456 346 1
456 901 1
456 921 1
456 956 1
456 1252 1
456 1734 1
456 1898 1
456 1915 1
457 111 1
457 294 1
457 761 1
457 1298 1
457 1701 1
457 1755 1
457 1828 1
457 1845 1
457 1911 1
457 1995 1
458 289 1
458 359 1
458 954 1
458 1281 1
458 1306 1
458 1942 1
459 301 1
459 542 1
459 1574 1
459 1833 1
460 951 1
461 9 1
461 792 1
461 1089 1
461 1415 1
461 1438 1
462 1341 1
464 456 1
464 1441 1
464 1951 1
465 353 1
465 502 1
465 704 1
465 1100 1
465 1144 1
465 1243 1
465 1648 1
466 140 1
466 185 1
466 240 1
466 494 1
466 496 1
466 666 1
466 1045 1
466 1388 1
466 1457 1
466 1467 1
466 1621 1
466 1662 1
466 1717 1
466 1818 1
467 81 1
467 83 1
467 88 1
467 155 1
467 184 1
467 304 1
467 746 1
467 809 1
467 1546 1
467 1666 1
467 1690 1
467 1718 1
467 1804 1
467 1855 1
467 2036 1
468 14 1
468 113 1
468 121 1
468 239 1
468 275 1
468 296 1
468 307 1
468 387 1
468 412 1
468 417 1
468 564 1
468 623 1
468 735 1
468 785 1
468 786 1
468 822 1
468 920 1
468 992 1
468 1371 1
468 1563 1
468 1909 1
469 46 1
469 116 1
469 297 1
469 420 1
469 543 1
469 585 1
469 624 1
469 815 1
469 884 1
469 1004 1
469 1038 1
469 1098 1
469 1364 1
469 1475 1
469 1501 1
469 1600 1
469 1640 1
469 1664 1
469 1788 1
470 86 1
470 118 1
470 143 1
470 189 1
470 530 1
470 586 1
470 731 1
470 770 1
470 839 1
470 1228 1
470 1617 1
470 1698 1
471 27 1
471 520 1
471 689 1
471 743 1
471 932 1
471 1027 1
471 1136 1
471 1204 1
471 1466 1
471 1962 1
472 59 1
472 85 1
472 372 1
472 484 1
472 527 1
472 587 1
472 1494 1
472 1586 1
472 1777 1
472 1914 1
473 376 1
473 477 1
473 526 1
473 843 1
473 1018 1
473 1142 1
473 1217 1
473 1229 1
473 1827 1
474 1414 1
474 1515 1
474 1869 1
475 682 1
475 980 1
475 1154 1
475 1825 1
475 2026 1
476 1233 1
476 1489 1
477 329 1
477 343 1
477 423 1
477 1264 1
478 819 1
478 834 1
478 1232 1
478 1239 1
479 37 1
479 381 1
479 1059 1
480 17 1
480 45 1
480 764 1
480 2017 1
481 75 1
481 636 1
481 749 1
481 894 1
481 1357 1
481 1897 1
481 2006 1
482 734 1
482 855 1
482 994 1
482 1375 1
482 1807 1
482 1940 1
482 1972 1
483 103 1
483 265 1
483 401 1
483 431 1
483 445 1
483 755 1
483 771 1
483 791 1
483 1101 1
483 1709 1
483 1730 1
483 1731 1
483 1770 1
483 1793 1
483 1975 1
484 165 1
484 218 1
484 377 1
484 454 1
484 475 1
484 703 1
484 869 1
484 877 1
484 958 1
484 1022 1
484 1109 1
484 1171 1
484 1247 1
484 1302 1
484 1320 1
484 1336 1
484 1367 1
484 1465 1
484 1588 1
484 1639 1
484 1760 1
484 1806 1
484 1843 1
484 2027 1
485 36 1
485 51 1
485 161 1
485 170 1
485 248 1
485 270 1
485 404 1
485 455 1
485 531 1
485 589 1
485 747 1
485 957 1
485 1046 1
485 1069 1
485 1070 1
485 1134 1
485 1153 1
485 1246 1
485 1374 1
485 1385 1
485 1400 1
485 1753 1
485 1854 1
486 33 1
486 138 1
486 263 1
486 408 1
486 615 1
486 1321 1
486 1328 1
486 1381 1
486 1503 1
486 1537 1
486 1543 1
486 1572 1
486 1724 1
486 1816 1
486 1829 1
486 1846 1
487 453 1
487 611 1
487 694 1
487 713 1
487 1010 1
487 1258 1
487 1294 1
487 1706 1
487 1768 1
487 1861 1
487 1927 1
487 2003 1
488 428 1
488 711 1
488 1140 1
488 1223 1
488 1422 1
488 1493 1
488 1647 1
488 1726 1
488 1849 1
488 1887 1
489 211 1
489 290 1
489 402 1
489 811 1
489 1055 1
489 1408 1
489 1875 1
489 1906 1
489 1908 1
489 1996 1
490 429 1
490 888 1
490 1245 1
490 1696 1
490 1780 1
491 506 1
491 1221 1
491 1389 1
491 1402 1
491 1508 1
491 1531 1
492 886 1
492 1251 1
492 1609 1
492 1999 1
493 1186 1
494 590 1
494 1655 1
494 1934 1
494 1954 1
494 2024 1
496 509 1
496 1071 1
496 2016 1
497 435 1
497 1002 1
497 1776 1
498 34 1
498 107 1
498 348 1
498 399 1
498 565 1
498 580 1
498 732 1
498 825 1
498 1496 1
498 1665 1
498 1722 1
499 57 1
499 76 1
499 105 1
499 427 1
499 443 1
499 752 1
499 769 1
499 1118 1
499 1173 1
499 1210 1
499 1227 1
499 1261 1
499 1413 1
499 1442 1
499 1580 1
499 1636 1
499 1819 1
500 129 1
500 360 1
500 497 1
500 507 1
500 553 1
500 568 1
500 605 1
500 645 1
500 880 1
500 993 1
500 1143 1
500 1206 1
500 1215 1
500 1295 1
500 1304 1
500 1315 1
500 1424 1
500 1498 1
500 1510 1
500 1525 1
500 1591 1
500 1700 1
500 1791 1
500 1923 1
500 1941 1
501 89 1
501 166 1
501 287 1
501 403 1
501 444 1
501 683 1
501 699 1
501 772 1
501 905 1
501 1080 1
501 1149 1
501 1164 1
501 1219 1
501 1244 1
501 1286 1
501 1316 1
501 1339 1
501 1824 1
501 1901 1
501 1948 1
501 2001 1
501 2004 1
501 2033 1
502 66 1
502 128 1
502 172 1
502 322 1
502 388 1
502 517 1
502 554 1
502 574 1
502 671 1
502 687 1
502 805 1
502 850 1
502 890 1
502 931 1
502 1377 1
502 1431 1
502 1464 1
502 1779 1
502 1880 1
502 2013 1
502 2042 1
503 192 1
503 309 1
503 368 1
503 493 1
503 534 1
503 575 1
503 795 1
503 857 1
503 1008 1
503 1117 1
503 1181 1
503 1485 1
503 1518 1
503 1790 1
503 1864 1
503 2005 1
504 101 1
504 868 1
504 1151 1
504 1165 1
504 1177 1
504 1479 1
504 1544 1
504 1567 1
504 1632 1
504 1649 1
504 1733 1
504 1822 1
505 139 1
505 311 1
505 1556 1
505 1787 1
505 1949 1
506 1093 1
506 1654 1
507 292 1
507 406 1
507 511 1
507 1412 1
507 1673 1
507 1834 1
508 540 1
508 541 1
508 1060 1
508 1551 1
508 1831 1
508 1943 1
509 179 1
509 849 1
509 1231 1
509 1504 1
509 1661 1
510 620 1
511 58 1
511 73 1
511 245 1
511 457 1
511 601 1
511 974 1
511 1878 1
512 56 1
513 504 1
513 599 1
513 1428 1
514 438 1
514 912 1
514 986 1
514 1064 1
514 1076 1
514 1656 1
514 1739 1
514 1797 1
514 1980 1
515 425 1
515 653 1
515 893 1
515 942 1
515 1054 1
515 1103 1
515 1130 1
515 1279 1
515 1308 1
515 1317 1
515 1405 1
515 1593 1
515 1689 1
515 1714 1
515 1916 1
516 32 1
516 242 1
516 255 1
516 284 1
516 442 1
516 465 1
516 491 1
516 729 1
516 730 1
516 758 1
516 891 1
516 937 1
516 1152 1
516 1622 1
516 1625 1
516 1674 1
516 1723 1
516 1858 1
517 163 1
517 257 1
517 258 1
517 316 1
517 367 1
517 371 1
517 558 1
517 610 1
517 672 1
517 854 1
517 863 1
517 971 1
517 1030 1
517 1084 1
517 1092 1
517 1213 1
517 1323 1
517 1352 1
517 1443 1
517 1566 1
517 1773 1
517 1888 1
518 223 1
518 280 1
518 389 1
518 519 1
518 827 1
518 953 1
518 1359 1
518 1399 1
518 1611 1
518 1767 1
518 1935 1
519 55 1
519 168 1
519 238 1
519 418 1
519 471 1
519 646 1
519 988 1
519 1127 1
519 1758 1
519 2037 1
520 222 1
520 321 1
520 419 1
520 657 1
520 1141 1
520 1156 1
520 1643 1
520 1969 1
520 2019 1
520 2034 1
520 2038 1
521 65 1
521 173 1
521 244 1
521 762 1
521 814 1
521 1132 1
521 1309 1
522 251 1
522 695 1
522 1254 1
522 1266 1
522 1274 1
522 1495 1
522 1840 1
522 1955 1
524 246 1
524 414 1
524 1687 1
525 670 1
525 1487 1
526 573 1
526 1028 1
527 690 1
527 1292 1
528 908 1
528 1766 1
529 551 1
529 844 1
529 895 1
529 1113 1
529 1205 1
529 1379 1
529 1769 1
529 1847 1
529 1950 1
530 325 1
530 598 1
530 628 1
530 881 1
530 1062 1
530 1086 1
530 1155 1
530 1172 1
530 1197 1
530 1207 1
530 1401 1
530 1416 1
530 1435 1
530 1786 1
530 1886 1
530 1994 1
531 106 1
531 267 1
531 269 1
531 357 1
531 365 1
531 397 1
531 421 1
531 644 1
531 789 1
531 962 1
531 1160 1
531 1235 1
531 1296 1
531 1536 1
531 1538 1
532 16 1
532 87 1
532 332 1
532 684 1
532 776 1
532 919 1
532 1115 1
532 1456 1
532 1635 1
532 1657 1
532 1795 1
532 1813 1
532 1990 1
533 40 1
533 145 1
533 597 1
533 973 1
533 1110 1
533 1260 1
533 1394 1
533 1463 1
533 1474 1
533 1555 1
533 1704 1
533 1775 1
533 1785 1
533 1872 1
534 8 1
534 277 1
534 302 1
534 306 1
534 436 1
534 468 1
534 539 1
534 570 1
534 675 1
534 738 1
534 846 1
534 883 1
534 959 1
534 1024 1
534 1194 1
534 1391 1
534 1521 1
534 1651 1
534 1958 1
534 2008 1
535 207 1
535 409 1
535 774 1
535 1104 1
535 1199 1
535 1208 1
535 1284 1
535 1333 1
535 1458 1
535 2048 1
536 271 1
536 344 1
536 369 1
536 1001 1
536 1048 1
536 1300 1
536 1322 1
536 1748 1
536 1810 1
536 1830 1
537 278 1
537 470 1
537 1007 1
537 1128 1
537 1326 1
537 1362 1
537 1499 1
537 1650 1
537 1740 1
537 1851 1
538 288 1
538 621 1
538 1079 1
539 31 1
539 748 1
539 1088 1
539 1514 1
540 293 1
540 1623 1
541 385 1
541 566 1
541 1799 1
542 303 1
542 1148 1
542 1269 1
542 1853 1
543 533 1
543 946 1
543 1131 1
543 1403 1
544 1540 1
544 1559 1
544 1917 1
544 2044 1
545 147 1
545 342 1
545 503 1
545 631 1
545 661 1
545 678 1
545 866 1
545 1058 1
545 1146 1
545 1176 1
545 1820 1
545 1899 1
546 2 1
546 69 1
546 229 1
546 341 1
546 354 1
546 571 1
546 593 1
546 913 1
546 963 1
546 985 1
546 1044 1
546 1342 1
546 1873 1
546 1921 1
547 331 1
547 352 1
547 380 1
547 648 1
547 710 1
547 741 1
547 744 1
547 777 1
547 823 1
547 955 1
547 1049 1
547 1073 1
547 1607 1
547 1727 1
548 18 1
548 52 1
548 78 1
548 134 1
548 162 1
548 201 1
548 476 1
548 544 1
548 567 1
548 865 1
548 964 1
548 1459 1
548 1783 1
548 1814 1
549 318 1
549 375 1
549 393 1
549 463 1
549 464 1
549 480 1
549 550 1
549 579 1
549 782 1
549 1003 1
549 1005 1
549 1214 1
549 1241 1
549 1373 1
549 1511 1
549 1522 1
549 1579 1
549 1697 1
549 1870 1
549 1945 1
549 1981 1
550 90 1
550 158 1
550 660 1
550 685 1
550 783 1
550 784 1
550 1053 1
550 1116 1
550 1376 1
550 1491 1
550 1549 1
550 1660 1
550 1720 1
550 1970 1
551 160 1
551 383 1
551 498 1
551 528 1
551 639 1
551 714 1
551 723 1
551 969 1
551 1036 1
551 1366 1
551 1570 1
551 1713 1
551 1764 1
551 1835 1
551 1959 1
552 230 1
552 298 1
552 474 1
552 513 1
552 899 1
552 1133 1
552 1159 1
552 1560 1
552 1589 1
553 26 1
553 450 1
553 537 1
553 552 1
553 717 1
553 724 1
553 914 1
553 934 1
553 1527 1
553 1630 1
553 1867 1
554 126 1
554 174 1
554 315 1
554 968 1
554 1390 1
554 1486 1
554 1823 1
554 1890 1
555 787 1
555 852 1
555 1347 1
555 1554 1
555 1583 1
556 228 1
556 622 1
556 650 1
556 859 1
556 947 1
556 1982 1
557 72 1
557 285 1
557 1187 1
557 1209 1
557 1237 1
559 159 1
560 688 1
560 810 1
560 926 1
560 1126 1
561 4 1
561 1476 1
561 1557 1
561 1619 1
561 1629 1
561 1745 1
561 1812 1
562 324 1
562 338 1
562 1236 1
562 1440 1
562 1669 1
563 82 1
563 187 1
563 241 1
563 249 1
563 345 1
563 391 1
563 410 1
563 426 1
563 669 1
563 793 1
563 803 1
563 862 1
563 929 1
563 1035 1
563 1226 1
563 1240 1
563 1242 1
563 1256 1
563 1270 1
563 1468 1
563 1663 1
564 84 1
564 308 1
564 701 1
564 870 1
564 882 1
564 918 1
564 978 1
564 1182 1
564 1276 1
564 1395 1
564 1480 1
564 1483 1
564 1800 1
564 1946 1
564 1973 1
565 49 1
565 193 1
565 319 1
565 473 1
565 1188 1
565 1267 1
565 1307 1
565 1481 1
565 1502 1
565 1564 1
565 1598 1
565 1883 1
565 1919 1
566 11 1
566 63 1
566 237 1
566 384 1
566 441 1
566 595 1
566 632 1
566 633 1
566 726 1
566 938 1
566 1020 1
566 1081 1
566 1169 1
566 1250 1
566 1355 1
566 1436 1
566 1488 1
566 1668 1
566 1682 1
566 1848 1
566 1862 1
566 1997 1
566 2045 1
567 50 1
567 424 1
567 510 1
567 767 1
567 965 1
567 979 1
567 1065 1
567 1102 1
567 1547 1
567 1642 1
567 1971 1
567 2009 1
567 2020 1
568 204 1
568 349 1
568 386 1
568 1041 1
568 1042 1
568 1183 1
568 1313 1
568 1418 1
568 1430 1
568 1688 1
568 1885 1
568 2010 1
569 283 1
569 392 1
569 1265 1
569 1291 1
569 1478 1
569 1517 1
569 1708 1
569 1725 1
569 1782 1
570 19 1
570 178 1
570 847 1
570 1057 1
570 1174 1
570 1363 1
570 1646 1
571 382 1
571 432 1
571 1162 1
571 1470 1
571 1497 1
572 91 1
572 323 1
572 461 1
572 663 1
573 830 1
574 92 1
574 1052 1
574 1383 1
575 613 1
575 1736 1
575 1925 1
576 62 1
576 131 1
576 225 1
577 279 1
577 1289 1
577 1681 1
578 71 1
578 1011 1
579 350 1
579 548 1
579 691 1
579 721 1
579 775 1
579 860 1
579 902 1
579 915 1
579 933 1
579 1477 1
579 1577 1
579 1771 1
579 1836 1
579 1900 1
579 1947 1
579 1960 1
579 1993 1
580 276 1
580 390 1
580 458 1
580 681 1
580 700 1
580 702 1
580 718 1
580 804 1
580 832 1
580 833 1
580 856 1
580 1068 1
580 1297 1
580 1471 1
580 1505 1
580 1595 1
580 1653 1
580 1672 1
580 1937 1
581 21 1
581 148 1
581 577 1
581 757 1
581 800 1
581 930 1
581 967 1
581 1031 1
581 1087 1
581 1122 1
581 1195 1
581 1312 1
581 1343 1
581 1397 1
581 1411 1
581 1631 1
581 1882 1
581 2039 1
582 23 1
582 79 1
582 136 1
582 224 1
582 439 1
582 654 1
582 781 1
582 853 1
582 1145 1
582 1211 1
582 1421 1
582 1454 1
582 1460 1
582 1859 1
582 2018 1
583 61 1
583 478 1
583 518 1
583 524 1
583 676 1
583 725 1
583 981 1
583 1050 1
583 1107 1
583 1125 1
583 1178 1
583 1192 1
583 1393 1
583 1432 1
583 1520 1
583 1590 1
583 1961 1
584 235 1
584 935 1
584 1025 1
584 1218 1
584 1750 1
584 1803 1
585 812 1
585 940 1
585 1085 1
585 1356 1
585 1467 1
585 1694 1
585 1871 1
585 1989 1
585 2002 1
586 132 1
586 317 1
586 538 1
586 837 1
586 861 1
586 999 1
586 1193 1
586 1278 1
586 1345 1
586 1455 1
587 264 1
587 1519 1
587 1891 1
587 1893 1
588 696 1
588 1166 1
588 1299 1
588 1340 1
588 1784 1
589 97 1
589 252 1
589 851 1
590 64 1
590 99 1
590 216 1
590 281 1
590 500 1
590 1249 1
590 1918 1
590 1928 1
591 1533 1
591 1781 1
591 1798 1
591 1979 1
592 152 1
592 1691 1
592 1876 1
592 1889 1
593 253 1
593 705 1
593 1446 1
594 1026 1
594 1137 1
594 1319 1
594 1601 1
594 1802 1
594 1838 1
594 2023 1
595 80 1
595 400 1
595 437 1
595 460 1
595 983 1
595 998 1
595 1202 1
595 1222 1
595 1354 1
595 1380 1
595 1539 1
595 1628 1
595 1746 1
595 1765 1
595 1932 1
595 1991 1
596 41 1
596 199 1
596 221 1
596 405 1
596 563 1
596 581 1
596 617 1
596 763 1
596 848 1
596 1012 1
596 1099 1
596 1338 1
596 1703 1
596 1815 1
596 1821 1
596 1963 1
596 1967 1
597 22 1
597 535 1
597 547 1
597 549 1
597 583 1
597 712 1
597 798 1
597 831 1
597 864 1
597 996 1
597 1033 1
597 1558 1
597 1658 1
597 1902 1
597 1986 1
597 1998 1
598 1 1
598 24 1
598 114 1
598 123 1
598 169 1
598 588 1
598 801 1
598 910 1
598 1096 1
598 1248 1
598 1318 1
598 1344 1
598 1386 1
598 1721 1
598 1737 1
598 1839 1
598 2011 1
599 70 1
599 137 1
599 191 1
599 206 1
599 260 1
599 261 1
599 366 1
599 448 1
599 501 1
599 637 1
599 736 1
599 917 1
599 924 1
599 939 1
599 1112 1
599 1361 1
599 1449 1
599 1451 1
599 1637 1
599 1693 1
599 1857 1
599 2035 1
599 2041 1
600 119 1
600 130 1
600 167 1
600 209 1
600 217 1
600 347 1
600 489 1
600 591 1
600 665 1
600 889 1
600 936 1
600 997 1
600 1120 1
600 1167 1
600 1216 1
600 1293 1
600 1358 1
600 1453 1
600 1576 1
600 1644 1
600 1677 1
600 1964 1
601 415 1
601 451 1
601 754 1
601 907 1
601 950 1
601 1473 1
601 1596 1
601 1605 1
602 680 1
602 828 1
602 949 1
602 1023 1
602 1429 1
602 1568 1
603 231 1
603 1863 1
604 1212 1
604 1230 1
604 1939 1
606 845 1
607 794 1
607 1047 1
608 35 1
608 667 1
608 693 1
608 740 1
608 1196 1
608 1277 1
608 1378 1
608 1444 1
608 1587 1
608 1699 1
609 1741 1
609 1744 1
609 1751 1
609 1866 1
610 108 1
610 188 1
610 356 1
610 604 1
610 797 1
610 1021 1
610 1283 1
610 1484 1
610 1641 1
611 141 1
611 190 1
611 247 1
611 459 1
611 788 1
611 821 1
611 1121 1
611 1327 1
611 1633 1
611 1801 1
611 1931 1
611 1952 1
611 1977 1
611 2032 1
612 98 1
612 156 1
612 213 1
612 233 1
612 262 1
612 396 1
612 472 1
612 616 1
612 619 1
612 662 1
612 765 1
612 1170 1
612 1301 1
612 1310 1
612 1667 1
612 1905 1
612 1968 1
612 1987 1
613 13 1
613 43 1
613 109 1
613 176 1
613 268 1
613 313 1
613 351 1
613 466 1
613 635 1
613 867 1
613 927 1
613 1037 1
613 1072 1
613 1074 1
613 1139 1
613 1175 1
613 1273 1
613 1329 1
613 1382 1
613 1509 1
613 1575 1
613 1581 1
613 1597 1
613 1645 1
613 1702 1
613 1707 1
613 1868 1
613 1920 1
613 1936 1
614 104 1
614 120 1
614 430 1
614 495 1
614 556 1
614 641 1
614 756 1
614 976 1
614 1094 1
614 1371 1
614 1472 1
614 1516 1
614 1542 1
614 1573 1
614 1613 1
614 1762 1
614 1929 1
614 2047 1
615 180 1
615 373 1
615 398 1
615 490 1
615 634 1
615 760 1
615 941 1
615 1014 1
615 1225 1
615 1238 1
615 1288 1
615 1360 1
615 1582 1
615 1983 1
615 2029 1
616 286 1
616 336 1
616 379 1
616 422 1
616 515 1
616 545 1
616 557 1
616 668 1
616 778 1
616 1324 1
616 1545 1
616 1614 1
616 1618 1
616 1683 1
616 1716 1
616 1728 1
616 1842 1
617 212 1
617 394 1
617 512 1
617 656 1
617 1009 1
617 1043 1
617 1331 1
617 1507 1
618 1200 1
618 1462 1
618 1561 1
618 2030 1
619 39 1
619 479 1
619 655 1
619 759 1
619 816 1
619 1095 1
619 1163 1
619 1615 1
619 1715 1
620 1017 1
620 1608 1
622 124 1
622 569 1
622 1346 1
622 1763 1
622 1808 1
623 77 1
623 462 1
624 1034 1
624 1039 1
624 1571 1
624 1592 1
624 1752 1
625 5 1
625 363 1
625 561 1
625 820 1
625 923 1
625 1119 1
626 664 1
626 1105 1
626 1924 1
627 102 1
627 314 1
627 355 1
627 364 1
627 467 1
627 614 1
627 753 1
627 842 1
627 871 1
627 970 1
627 1224 1
627 1287 1
627 1290 1
627 1330 1
627 1624 1
627 1738 1
627 1772 1
628 177 1
628 210 1
628 214 1
628 603 1
628 647 1
628 697 1
628 799 1
628 876 1
628 1158 1
628 1252 1
628 1419 1
628 1482 1
628 1678 1
628 1685 1
628 1742 1
628 1832 1
628 1856 1
628 1974 1
628 2015 1
628 2031 1
629 95 1
629 144 1
629 150 1
629 154 1
629 226 1
629 254 1
629 273 1
629 362 1
629 546 1
629 584 1
629 592 1
629 618 1
629 674 1
629 751 1
629 892 1
629 906 1
629 1032 1
629 1263 1
629 1335 1
629 1541 1
629 1692 1
629 1735 1
629 1774 1
629 1789 1
629 1912 1
629 1938 1
629 1972 1
629 2012 1
630 67 1
630 203 1
630 259 1
630 330 1
630 340 1
630 485 1
630 523 1
630 576 1
630 582 1
630 642 1
630 686 1
630 720 1
630 779 1
630 916 1
630 952 1
630 1384 1
630 1398 1
630 1705 1
630 1978 1
631 48 1
631 607 1
631 766 1
631 839 1
631 1114 1
631 1275 1
631 1420 1
631 1512 1
631 1757 1
631 1837 1
631 2022 1
632 10 1
632 25 1
632 94 1
632 113 1
632 312 1
632 337 1
632 378 1
632 407 1
632 818 1
632 954 1
632 960 1
632 1135 1
632 1255 1
632 1368 1
632 1425 1
632 1532 1
632 1910 1
632 2021 1
633 181 1
633 196 1
633 266 1
633 505 1
633 602 1
633 624 1
633 980 1
633 1029 1
633 1365 1
633 1469 1
633 1594 1
633 2046 1
634 413 1
634 739 1
634 1090 1
634 1239 1
634 1490 1
634 1612 1
635 6 1
635 896 1
635 1332 1
635 1400 1
636 208 1
636 328 1
636 522 1
636 750 1
636 1233 1
636 1710 1
636 1756 1
636 1792 1
637 496 1
637 559 1
637 1168 1
638 673 1
638 1695 1
639 361 1
639 1805 1
640 12 1
640 773 1
640 977 1
641 521 1
641 945 1
641 1059 1
642 54 1
642 370 1
642 858 1
642 1606 1
643 127 1
643 142 1
643 149 1
643 151 1
643 175 1
643 182 1
643 183 1
643 327 1
643 529 1
643 555 1
643 840 1
643 925 1
643 1066 1
643 1409 1
643 1427 1
643 1734 1
643 1884 1
643 1892 1
643 1988 1
644 68 1
644 492 1
644 808 1
644 878 1
644 982 1
644 987 1
644 1184 1
644 1220 1
644 1506 1
645 110 1
645 122 1
645 320 1
645 454 1
645 469 1
645 482 1
645 813 1
645 829 1
645 1138 1
645 1396 1
645 1626 1
645 1638 1
645 1913 1
645 1966 1
646 171 1
646 227 1
646 250 1
646 353 1
646 600 1
646 836 1
646 904 1
646 991 1
646 1097 1
646 1369 1
646 1492 1
646 1523 1
646 1524 1
646 1804 1
646 1809 1
646 1833 1
646 1877 1
646 1976 1
647 243 1
647 282 1
647 525 1
647 627 1
647 874 1
647 875 1
647 1013 1
647 1075 1
647 1078 1
647 1353 1
647 1407 1
647 1410 1
647 1437 1
647 1603 1
647 1944 1
648 452 1
648 995 1
648 1268 1
648 1406 1
648 1676 1
648 1754 1
649 38 1
649 333 1
649 440 1
649 611 1
649 651 1
649 909 1
649 1157 1
649 1271 1
649 1392 1
649 1417 1
649 1461 1
649 1719 1
649 1749 1
649 1933 1
649 2025 1
650 28 1
650 374 1
650 562 1
650 585 1
650 742 1
650 1067 1
650 1108 1
651 202 1
651 272 1
651 737 1
651 944 1
651 1374 1
651 1434 1
652 164 1
652 417 1
652 640 1
652 1147 1
652 1385 1
652 1546 1
653 1349 1
653 1457 1
654 1402 1
654 1759 1
654 1951 1
655 112 1
655 125 1
656 447 1
656 961 1
656 1387 1
657 1686 1
658 578 1
658 1732 1
658 1850 1
658 1860 1
659 532 1
659 609 1
659 649 1
659 898 1
659 1761 1
659 1826 1
659 1874 1
660 155 1
660 481 1
660 992 1
660 1008 1
660 1045 1
660 1082 1
660 1185 1
660 1711 1
660 1907 1
660 2043 1
661 14 1
661 153 1
661 219 1
661 358 1
661 412 1
661 420 1
661 652 1
661 666 1
661 692 1
661 719 1
661 1262 1
661 1348 1
661 1415 1
661 1811 1
661 1992 1
661 2007 1
662 115 1
662 116 1
662 659 1
662 806 1
662 822 1
662 857 1
662 1004 1
662 1069 1
662 1413 1
662 1548 1
662 1552 1
662 1574 1
662 1616 1
662 1670 1
663 7 1
663 118 1
663 198 1
663 299 1
663 395 1
663 449 1
663 626 1
663 629 1
663 826 1
663 838 1
663 843 1
663 879 1
663 971 1
663 1204 1
663 1441 1
663 1513 1
663 1639 1
663 1701 1
664 296 1
664 486 1
664 1055 1
664 1061 1
664 1111 1
664 1282 1
664 1404 1
664 1412 1
664 1438 1
664 1684 1
664 1817 1
665 186 1
665 300 1
665 339 1
665 679 1
665 698 1
665 988 1
665 1143 1
665 1264 1
665 1666 1
665 1747 1
665 1855 1
665 1953 1
666 943 1
666 1189 1
666 1785 1
667 1424 1
667 1494 1
667 1776 1
667 1894 1
668 305 1
668 502 1
668 704 1
668 735 1
668 1743 1
669 427 1
669 809 1
669 1106 1
670 29 1
670 45 1
670 1474 1
670 1778 1
670 1878 1
671 1006 1
671 2028 1
672 20 1
672 146 1
672 608 1
672 612 1
672 1448 1
672 1652 1
672 1903 1
673 989 1
673 1140 1
673 1452 1
674 240 1
674 1016 1
674 1586 1
675 526 1
675 841 1
675 905 1
675 1077 1
675 1201 1
675 1253 1
675 1535 1
675 1957 1
676 44 1
676 74 1
676 135 1
676 506 1
676 645 1
676 653 1
676 835 1
676 885 1
676 1019 1
676 1223 1
676 1357 1
676 1671 1
676 1794 1
676 1896 1
676 1962 1
677 30 1
677 56 1
677 60 1
677 88 1
677 157 1
677 309 1
677 326 1
677 376 1
677 411 1
677 694 1
677 764 1
677 948 1
677 972 1
677 1177 1
677 1388 1
677 1423 1
677 1433 1
677 1599 1
677 1627 1
677 1648 1
677 1865 1
677 2014 1
678 33 1
678 51 1
678 133 1
678 514 1
678 564 1
678 671 1
678 707 1
678 790 1
678 855 1
678 1134 1
678 1165 1
678 1217 1
678 1325 1
678 1370 1
678 1636 1
678 1640 1
678 1718 1
678 1760 1
678 1791 1
678 1975 1
679 297 1
679 682 1
679 807 1
679 824 1
679 1234 1
679 1401 1
679 1447 1
679 1485 1
679 1700 1
679 1915 1
679 2017 1
680 248 1
680 311 1
680 543 1
680 636 1
680 834 1
680 969 1
680 1040 1
680 1320 1
680 1464 1
680 1500 1
680 1730 1
680 1797 1
680 1995 1
681 483 1
681 1100 1
681 1124 1
681 1285 1
681 1465 1
681 1528 1
681 1584 1
681 1617 1
681 1722 1
681 1841 1
682 475 1
682 709 1
682 782 1
682 955 1
682 1621 1
683 727 1
683 780 1
683 1367 1
683 1493 1
683 1496 1
683 1687 1
683 1926 1
683 1956 1
683 1996 1
684 566 1
684 1724 1
684 1909 1
684 1985 1
685 101 1
685 1018 1
685 1190 1
685 1251 1
685 1875 1
685 2000 1
686 310 1
686 1101 1
686 1227 1
686 1314 1
687 200 1
687 900 1
687 1949 1
688 346 1
688 887 1
688 966 1
688 1489 1
689 161 1
689 456 1
689 606 1
689 711 1
689 922 1
689 1109 1
689 1173 1
689 1272 1
689 1305 1
689 1887 1
689 1935 1
690 516 1
690 1186 1
690 1450 1
690 1845 1
690 1849 1
690 1852 1
690 1904 1
691 53 1
691 86 1
691 401 1
691 484 1
691 643 1
691 884 1
691 932 1
691 1529 1
691 1585 1
691 1600 1
691 1659 1
691 1796 1
692 15 1
692 184 1
692 220 1
692 487 1
692 638 1
692 755 1
692 817 1
692 911 1
692 1015 1
692 1351 1
692 1364 1
692 1456 1
692 1565 1
692 1879 1
693 9 1
693 236 1
693 334 1
693 385 1
693 408 1
693 499 1
693 554 1
693 601 1
693 615 1
693 685 1
693 868 1
693 1030 1
693 1071 1
693 1154 1
693 1298 1
693 1515 1
693 1793 1
693 1818 1
694 294 1
694 434 1
694 897 1
694 1046 1
694 1091 1
694 1191 1
694 1303 1
694 1306 1
694 1309 1
694 1334 1
694 1341 1
694 1553 1
694 1635 1
694 1662 1
694 1690 1
694 1729 1
694 1827 1
694 1922 1
694 2044 1
695 263 1
695 497 1
695 540 1
695 623 1
695 706 1
695 890 1
695 903 1
695 1022 1
695 1038 1
695 1103 1
695 1144 1
695 1181 1
695 1819 1
695 1901 1
696 58 1
696 189 1
696 258 1
696 289 1
696 290 1
696 387 1
696 646 1
696 786 1
696 811 1
696 895 1
696 1946 1
697 47 1
697 111 1
697 931 1
697 1027 1
697 1063 1
697 1136 1
697 1422 1
697 1625 1
697 1656 1
697 1665 1
698 301 1
698 568 1
698 748 1
698 1311 1
698 1525 1
698 1534 1
698 1655 1
699 368 1
699 402 1
699 772 1
699 1098 1
699 1203 1
699 1229 1
699 1408 1
699 1460 1
699 1518 1
699 1822 1
699 2040 1
700 703 1
700 1028 1
700 1180 1
700 1316 1
700 1843 1
700 1990 1
701 138 1
701 371 1
701 428 1
701 542 1
701 594 1
701 770 1
701 1712 1
702 1376 1
702 1941 1
703 37 1
703 544 1
703 1123 1
703 1647 1
703 1844 1
704 990 1
704 1649 1
705 683 1
705 1198 1
706 121 1
706 192 1
706 658 1
706 894 1
706 921 1
706 984 1
706 1304 1
707 83 1
707 205 1
707 234 1
707 453 1
707 957 1
707 1089 1
707 1510 1
707 1537 1
707 1634 1
707 1914 1
707 1930 1
707 1940 1
707 1965 1
707 1984 1
707 2003 1
707 2027 1
708 291 1
708 404 1
708 488 1
708 572 1
708 587 1
708 771 1
708 877 1
708 994 1
708 1215 1
708 1257 1
708 1280 1
708 1562 1
708 1579 1
709 295 1
709 455 1
709 746 1
709 825 1
709 1054 1
709 1295 1
709 1563 1
709 1731 1
709 1897 1
709 1911 1
709 2004 1
710 173 1
710 232 1
710 271 1
710 360 1
710 425 1
710 586 1
710 747 1
710 802 1
710 1104 1
710 1228 1
710 1243 1
710 1323 1
710 1372 1
710 1526 1
710 1572 1
710 1632 1
710 1704 1
710 1709 1
710 1726 1
710 1768 1
710 1807 1
710 2033 1
711 3 1
711 96 1
711 107 1
711 204 1
711 287 1
711 304 1
711 445 1
711 508 1
711 552 1
711 575 1
711 814 1
711 1002 1
711 1010 1
711 1083 1
711 1150 1
711 1246 1
711 1445 1
712 245 1
712 418 1
712 442 1
712 443 1
712 527 1
712 589 1
712 723 1
712 724 1
712 908 1
712 974 1
712 1116 1
712 1308 1
712 1381 1
712 1463 1
712 1955 1
713 269 1
713 596 1
713 863 1
713 1152 1
713 1302 1
713 1337 1
713 1459 1
713 1775 1
713 1895 1
714 17 1
714 100 1
714 316 1
714 403 1
714 416 1
714 560 1
714 888 1
714 1604 1
714 1943 1
714 1970 1
715 893 1
715 920 1
715 1259 1
715 1458 1
715 1980 1
716 18 1
716 55 1
716 215 1
716 850 1
716 1266 1
716 1923 1
717 31 1
717 570 1
717 870 1
718 274 1
718 580 1
718 1131 1
718 1161 1
718 1610 1
719 197 1
719 377 1
719 414 1
719 1339 1
720 872 1
720 912 1
720 975 1
720 1118 1
721 1197 1
721 1810 1
721 1908 1
722 325 1
722 672 1
722 733 1
722 1092 1
722 1428 1
722 1787 1
722 1954 1
723 195 1
723 322 1
723 705 1
723 752 1
723 1129 1
723 1141 1
723 1431 1
724 40 1
724 129 1
724 252 1
724 435 1
724 509 1
724 565 1
724 684 1
724 815 1
724 869 1
724 919 1
724 993 1
724 1070 1
724 1110 1
724 1151 1
724 1315 1
724 1350 1
724 1399 1
724 1439 1
724 1443 1
724 1578 1
724 1591 1
724 1825 1
724 2013 1
724 2042 1
725 185 1
725 256 1
725 307 1
725 348 1
725 372 1
725 406 1
725 444 1
725 573 1
725 661 1
725 791 1
725 833 1
725 1051 1
725 1171 1
725 1602 1
725 1609 1
725 1748 1
725 1846 1
725 1867 1
725 2038 1
726 218 1
726 265 1
726 308 1
726 507 1
726 520 1
726 541 1
726 657 1
726 769 1
726 795 1
726 886 1
726 1064 1
726 1359 1
726 1375 1
726 1426 1
726 1531 1
726 1540 1
726 1872 1
726 1994 1
726 2005 1
726 2016 1
726 2019 1
727 69 1
727 106 1
727 255 1
727 494 1
727 551 1
727 695 1
727 732 1
727 796 1
727 846 1
727 942 1
727 951 1
727 1588 1
727 1788 1
728 49 1
728 87 1
728 335 1
728 468 1
728 530 1
728 590 1
728 713 1
728 715 1
728 777 1
728 1000 1
728 1179 1
728 1261 1
728 1279 1
728 1391 1
728 1538 1
728 1706 1
729 59 1
729 179 1
729 194 1
729 477 1
729 628 1
729 630 1
729 785 1
729 1281 1
729 1673 1
729 1769 1
729 1777 1
729 1814 1
729 1864 1
729 1945 1
730 36 1
730 319 1
730 329 1
730 381 1
730 438 1
730 598 1
730 730 1
730 1674 1
730 1816 1
731 93 1
731 343 1
731 359 1
731 399 1
731 491 1
731 513 1
731 553 1
731 716 1
731 866 1
731 968 1
731 1389 1
732 285 1
732 318 1
732 762 1
732 1213 1
732 1466 1
732 1982 1
733 1073 1
733 1881 1
734 708 1
734 1205 1
734 1733 1
734 1813 1
734 1828 1
734 1853 1
734 1886 1
734 1999 1
735 388 1
735 1508 1
735 1550 1
735 1554 1
737 958 1
738 170 1
738 749 1
738 873 1
738 1231 1
738 1942 1
739 620 1
739 631 1
739 901 1
739 928 1
739 1221 1
739 1495 1
739 1593 1
739 1664 1
739 1696 1
740 42 1
740 105 1
740 342 1
740 457 1
740 648 1
740 899 1
740 1160 1
740 1235 1
740 1258 1
740 1416 1
740 1643 1
740 1948 1
741 46 1
741 429 1
741 470 1
741 531 1
741 536 1
741 625 1
741 722 1
741 728 1
741 731 1
741 1076 1
741 1393 1
741 1502 1
741 1698 1
741 1767 1
741 1799 1
741 1829 1
741 1906 1
741 1916 1
741 1958 1
741 2008 1
741 2024 1
741 2048 1
742 76 1
742 103 1
742 237 1
742 246 1
742 338 1
742 446 1
742 743 1
742 792 1
742 1142 1
742 1675 1
742 1869 1
742 1921 1
743 166 1
743 389 1
743 471 1
743 533 1
743 599 1
743 687 1
743 880 1
743 953 1
743 1081 1
743 1130 1
743 1149 1
743 1164 1
743 1598 1
743 1806 1
743 1927 1
744 230 1
744 504 1
744 849 1
744 852 1
744 934 1
744 1026 1
744 1176 1
744 1292 1
744 1321 1
744 2036 1
745 145 1
745 277 1
745 433 1
745 744 1
745 882 1
745 1156 1
745 1172 1
745 1219 1
745 1418 1
745 1560 1
745 1661 1
745 1830 1
745 1950 1
745 2026 1
746 147 1
746 341 1
746 357 1
746 913 1
746 962 1
746 1336 1
746 1475 1
746 1580 1
746 1622 1
746 1870 1
746 1947 1
747 34 1
747 244 1
747 700 1
747 819 1
747 1326 1
747 1414 1
747 1650 1
747 1824 1
748 11 1
748 72 1
748 239 1
748 251 1
748 375 1
748 593 1
748 632 1
748 1511 1
748 1888 1
749 66 1
749 223 1
749 293 1
749 761 1
749 1003 1
749 1188 1
749 1352 1
749 1442 1
749 1723 1
750 1770 1
750 2048 0
