1 936 1
3 17 1
3 925 1
4 9 1
5 17 1
5 29 1
6 3 1
7 33 1
9 19 1
10 15 1
12 31 1
12 492 1
13 13 1
13 18 1
13 29 1
13 34 1
14 28 1
14 35 1
15 23 1
17 1 1
17 9 1
19 2 1
20 9 1
21 39 1
22 4 1
22 35 1
24 27 1
24 28 1
25 1116 1
25 1156 1
26 325 1
26 1021 1
27 11 1
28 3 1
28 1809 1
29 11 1
29 16 1
29 18 1
29 32 1
29 1804 1
30 1 1
30 11 1
30 49 1
30 285 1
30 829 1
30 1458 1
31 313 1
31 563 1
31 729 1
31 806 1
31 1669 1
32 73 1
32 1431 1
32 1445 1
33 30 1
33 36 1
33 96 1
33 427 1
34 1988 1
35 9 1
35 1073 1
35 1609 1
36 7 1
36 39 1
36 1341 1
36 1415 1
36 1551 1
37 1161 1
37 1990 1
38 8 1
38 17 1
38 27 1
38 311 1
38 1681 1
39 6 1
39 305 1
39 765 1
39 1011 1
39 1018 1
39 1259 1
39 1528 1
39 1588 1
39 1850 1
39 2011 1
40 14 1
40 19 1
40 32 1
40 177 1
40 245 1
40 261 1
40 279 1
40 373 1
40 412 1
40 584 1
40 613 1
40 697 1
40 720 1
40 749 1
40 757 1
40 847 1
40 980 1
40 1061 1
40 1151 1
40 1270 1
40 1766 1
40 1982 1
41 25 1
41 150 1
41 380 1
41 408 1
41 673 1
41 746 1
41 810 1
41 962 1
41 981 1
41 1005 1
41 1180 1
41 1302 1
41 1371 1
41 1474 1
41 1492 1
41 1540 1
41 1634 1
41 1644 1
41 1648 1
41 1706 1
41 1724 1
41 1797 1
41 1831 1
41 1840 1
41 1859 1
41 2012 1
42 39 1
42 183 1
42 231 1
42 303 1
42 334 1
42 385 1
42 455 1
42 481 1
42 708 1
42 756 1
42 761 1
42 768 1
42 798 1
42 841 1
42 970 1
42 995 1
42 1034 1
42 1096 1
42 1159 1
42 1222 1
42 1239 1
42 1293 1
42 1391 1
42 1441 1
42 1555 1
42 1560 1
42 1650 1
42 1674 1
42 1719 1
42 1742 1
42 1813 1
42 1820 1
42 1876 1
42 1998 1
43 11 1
43 12 1
43 27 1
43 57 1
43 94 1
43 127 1
43 154 1
43 246 1
43 364 1
43 370 1
43 450 1
43 491 1
43 690 1
43 845 1
43 861 1
43 891 1
43 952 1
43 1077 1
43 1170 1
43 1189 1
43 1360 1
43 1384 1
43 1412 1
43 1509 1
43 1606 1
43 1641 1
43 1653 1
43 1666 1
43 1670 1
43 1731 1
43 1746 1
43 1776 1
43 1779 1
43 1811 1
43 1821 1
43 1855 1
43 1926 1
43 1954 1
43 2046 1
44 29 1
44 140 1
44 170 1
44 330 1
44 382 1
44 632 1
44 679 1
44 710 1
44 888 1
44 938 1
44 940 1
44 963 1
44 1067 1
44 1092 1
44 1126 1
44 1133 1
44 1149 1
44 1178 1
44 1218 1
44 1338 1
44 1416 1
44 1605 1
45 8 1
45 48 1
45 111 1
45 244 1
45 316 1
45 351 1
45 375 1
45 467 1
45 617 1
45 730 1
45 953 1
45 1361 1
45 1432 1
45 1476 1
45 1505 1
45 1737 1
45 1948 1
45 1983 1
46 172 1
46 384 1
46 400 1
46 456 1
46 590 1
46 644 1
46 1060 1
46 1118 1
46 1185 1
46 1503 1
46 1857 1
47 69 1
47 77 1
47 171 1
47 243 1
47 359 1
47 365 1
47 440 1
47 531 1
47 578 1
47 586 1
47 823 1
47 913 1
47 1107 1
47 1395 1
47 1627 1
47 1846 1
47 1878 1
48 195 1
48 234 1
48 575 1
48 889 1
48 1217 1
48 1462 1
48 1853 1
49 98 1
49 134 1
49 346 1
49 415 1
49 529 1
49 599 1
49 833 1
49 1040 1
49 1100 1
49 1101 1
50 112 1
50 519 1
50 649 1
50 724 1
50 875 1
50 992 1
50 1833 1
51 6 1
51 31 1
51 329 1
51 503 1
51 646 1
51 1533 1
51 1914 1
52 4 1
52 247 1
52 517 1
52 1025 1
52 1028 1
52 1059 1
52 1087 1
52 1203 1
52 1246 1
52 1301 1
52 1597 1
52 1639 1
53 21 1
53 38 1
53 41 1
53 44 1
53 55 1
53 56 1
53 206 1
53 216 1
53 239 1
53 254 1
53 271 1
53 319 1
53 337 1
53 339 1
53 389 1
53 469 1
53 490 1
53 506 1
53 582 1
53 678 1
53 782 1
53 795 1
53 815 1
53 884 1
53 897 1
53 911 1
53 923 1
53 985 1
53 996 1
53 1020 1
53 1022 1
53 1114 1
53 1121 1
53 1237 1
53 1311 1
53 1329 1
53 1343 1
53 1356 1
53 1373 1
53 1401 1
53 1447 1
53 1465 1
53 1541 1
53 1559 1
53 1589 1
53 1738 1
53 1770 1
53 1825 1
53 1895 1
53 1903 1
53 1927 1
53 2014 1
53 2039 1
53 2048 1
54 5 1
54 28 1
54 35 1
54 37 1
54 42 1
54 54 1
54 59 1
54 63 1
54 75 1
54 82 1
54 92 1
54 108 1
54 110 1
54 122 1
54 131 1
54 144 1
54 148 1
54 156 1
54 158 1
54 162 1
54 169 1
54 192 1
54 208 1
54 233 1
54 242 1
54 259 1
54 281 1
54 307 1
54 315 1
54 321 1
54 328 1
54 345 1
54 350 1
54 367 1
54 368 1
54 379 1
54 392 1
54 394 1
54 423 1
54 429 1
54 431 1
54 437 1
54 445 1
54 446 1
54 477 1
54 480 1
54 485 1
54 488 1
54 525 1
54 541 1
54 576 1
54 593 1
54 598 1
54 607 1
54 618 1
54 652 1
54 671 1
54 680 1
54 696 1
54 703 1
54 726 1
54 741 1
54 762 1
54 793 1
54 796 1
54 797 1
54 811 1
54 813 1
54 827 1
54 844 1
54 851 1
54 864 1
54 903 1
54 907 1
54 910 1
54 928 1
54 945 1
54 960 1
54 973 1
54 1003 1
54 1031 1
54 1045 1
54 1046 1
54 1047 1
54 1049 1
54 1058 1
54 1062 1
54 1080 1
54 1090 1
54 1099 1
54 1105 1
54 1110 1
54 1111 1
54 1113 1
54 1120 1
54 1123 1
54 1139 1
54 1169 1
54 1192 1
54 1193 1
54 1206 1
54 1207 1
54 1215 1
54 1220 1
54 1223 1
54 1240 1
54 1296 1
54 1340 1
54 1353 1
54 1405 1
54 1429 1
54 1450 1
54 1472 1
54 1488 1
54 1494 1
54 1507 1
54 1521 1
54 1548 1
54 1550 1
54 1556 1
54 1582 1
54 1617 1
54 1635 1
54 1640 1
54 1642 1
54 1646 1
54 1662 1
54 1685 1
54 1694 1
54 1703 1
54 1722 1
54 1728 1
54 1741 1
54 1749 1
54 1816 1
54 1837 1
54 1848 1
54 1860 1
54 1868 1
54 1892 1
54 1907 1
54 1945 1
54 1958 1
54 1963 1
54 1964 1
54 1989 1
54 2017 1
54 2021 1
54 2032 1
55 22 1
55 24 1
55 35 1
55 45 1
55 46 1
55 65 1
55 70 1
55 105 1
55 117 1
55 132 1
55 137 1
55 142 1
55 167 1
55 175 1
55 176 1
55 178 1
55 184 1
55 185 1
55 196 1
55 198 1
55 201 1
55 207 1
55 217 1
55 220 1
55 221 1
55 223 1
55 228 1
55 235 1
55 237 1
55 250 1
55 260 1
55 264 1
55 266 1
55 272 1
55 278 1
55 312 1
55 323 1
55 343 1
55 349 1
55 371 1
55 393 1
55 395 1
55 404 1
55 406 1
55 407 1
55 413 1
55 416 1
55 419 1
55 425 1
55 426 1
55 428 1
55 448 1
55 449 1
55 451 1
55 457 1
55 462 1
55 468 1
55 482 1
55 497 1
55 498 1
55 502 1
55 508 1
55 514 1
55 516 1
55 520 1
55 527 1
55 537 1
55 544 1
55 551 1
55 565 1
55 570 1
55 574 1
55 580 1
55 581 1
55 604 1
55 608 1
55 610 1
55 612 1
55 616 1
55 619 1
55 622 1
55 623 1
55 628 1
55 629 1
55 657 1
55 670 1
55 681 1
55 691 1
55 698 1
55 700 1
55 709 1
55 712 1
55 715 1
55 737 1
55 739 1
55 747 1
55 755 1
55 759 1
55 776 1
55 781 1
55 787 1
55 791 1
55 792 1
55 799 1
55 803 1
55 816 1
55 817 1
55 824 1
55 830 1
55 831 1
55 836 1
55 840 1
55 856 1
55 869 1
55 874 1
55 902 1
55 909 1
55 914 1
55 927 1
55 937 1
55 951 1
55 956 1
55 965 1
55 986 1
55 987 1
55 988 1
55 998 1
55 1000 1
55 1001 1
55 1027 1
55 1048 1
55 1052 1
55 1055 1
55 1068 1
55 1074 1
55 1085 1
55 1088 1
55 1098 1
55 1125 1
55 1134 1
55 1135 1
55 1140 1
55 1148 1
55 1153 1
55 1157 1
55 1158 1
55 1160 1
55 1177 1
55 1188 1
55 1190 1
55 1213 1
55 1216 1
55 1233 1
55 1250 1
55 1260 1
55 1268 1
55 1276 1
55 1291 1
55 1294 1
55 1307 1
55 1318 1
55 1322 1
55 1342 1
55 1368 1
55 1376 1
55 1382 1
55 1393 1
55 1396 1
55 1403 1
55 1413 1
55 1422 1
55 1423 1
55 1442 1
55 1453 1
55 1475 1
55 1477 1
55 1481 1
55 1483 1
55 1487 1
55 1490 1
55 1495 1
55 1506 1
55 1516 1
55 1535 1
55 1538 1
55 1539 1
55 1543 1
55 1553 1
55 1563 1
55 1573 1
55 1576 1
55 1591 1
55 1599 1
55 1602 1
55 1610 1
55 1618 1
55 1636 1
55 1637 1
55 1638 1
55 1651 1
55 1664 1
55 1684 1
55 1686 1
55 1688 1
55 1695 1
55 1717 1
55 1718 1
55 1721 1
55 1730 1
55 1734 1
55 1745 1
55 1751 1
55 1754 1
55 1769 1
55 1793 1
55 1800 1
55 1819 1
55 1829 1
55 1834 1
55 1838 1
55 1839 1
55 1842 1
55 1847 1
55 1854 1
55 1864 1
55 1866 1
55 1871 1
55 1881 1
55 1882 1
55 1890 1
55 1894 1
55 1898 1
55 1900 1
55 1906 1
55 1908 1
55 1909 1
55 1919 1
55 1921 1
55 1928 1
55 1933 1
55 1949 1
55 1951 1
55 1981 1
55 1987 1
55 2022 1
55 2023 1
55 2036 1
55 2041 1
55 2044 1
56 10 1
56 26 1
56 36 1
56 38 1
56 40 1
56 43 1
56 50 1
56 60 1
56 68 1
56 78 1
56 79 1
56 81 1
56 84 1
56 85 1
56 88 1
56 97 1
56 106 1
56 113 1
56 114 1
56 121 1
56 147 1
56 159 1
56 173 1
56 179 1
56 187 1
56 191 1
56 203 1
56 204 1
56 211 1
56 212 1
56 229 1
56 248 1
56 251 1
56 263 1
56 267 1
56 280 1
56 283 1
56 284 1
56 286 1
56 290 1
56 291 1
56 298 1
56 299 1
56 300 1
56 306 1
56 320 1
56 331 1
56 333 1
56 338 1
56 357 1
56 372 1
56 391 1
56 398 1
56 399 1
56 402 1
56 424 1
56 430 1
56 434 1
56 439 1
56 454 1
56 458 1
56 459 1
56 464 1
56 465 1
56 470 1
56 473 1
56 496 1
56 504 1
56 510 1
56 512 1
56 556 1
56 558 1
56 561 1
56 562 1
56 595 1
56 600 1
56 603 1
56 605 1
56 609 1
56 627 1
56 634 1
56 643 1
56 651 1
56 655 1
56 661 1
56 676 1
56 689 1
56 733 1
56 742 1
56 743 1
56 769 1
56 770 1
56 789 1
56 820 1
56 828 1
56 848 1
56 859 1
56 865 1
56 866 1
56 878 1
56 885 1
56 887 1
56 890 1
56 892 1
56 899 1
56 904 1
56 916 1
56 919 1
56 920 1
56 924 1
56 930 1
56 939 1
56 967 1
56 968 1
56 972 1
56 978 1
56 979 1
56 1013 1
56 1019 1
56 1030 1
56 1050 1
56 1057 1
56 1064 1
56 1066 1
56 1070 1
56 1071 1
56 1095 1
56 1102 1
56 1112 1
56 1115 1
56 1122 1
56 1124 1
56 1143 1
56 1144 1
56 1150 1
56 1162 1
56 1168 1
56 1176 1
56 1184 1
56 1204 1
56 1208 1
56 1221 1
56 1245 1
56 1254 1
56 1284 1
56 1287 1
56 1288 1
56 1289 1
56 1300 1
56 1308 1
56 1309 1
56 1310 1
56 1312 1
56 1323 1
56 1328 1
56 1330 1
56 1345 1
56 1346 1
56 1349 1
56 1355 1
56 1362 1
56 1365 1
56 1366 1
56 1378 1
56 1380 1
56 1381 1
56 1394 1
56 1406 1
56 1408 1
56 1414 1
56 1448 1
56 1457 1
56 1468 1
56 1470 1
56 1501 1
56 1502 1
56 1504 1
56 1512 1
56 1522 1
56 1525 1
56 1534 1
56 1542 1
56 1544 1
56 1566 1
56 1567 1
56 1574 1
56 1583 1
56 1584 1
56 1616 1
56 1622 1
56 1643 1
56 1649 1
56 1677 1
56 1680 1
56 1682 1
56 1692 1
56 1707 1
56 1711 1
56 1725 1
56 1727 1
56 1735 1
56 1748 1
56 1760 1
56 1763 1
56 1777 1
56 1792 1
56 1795 1
56 1806 1
56 1807 1
56 1808 1
56 1824 1
56 1836 1
56 1852 1
56 1858 1
56 1865 1
56 1879 1
56 1888 1
56 1891 1
56 1897 1
56 1899 1
56 1932 1
56 1934 1
56 1939 1
56 1946 1
56 1947 1
56 1952 1
56 1956 1
56 1966 1
56 1973 1
56 1977 1
56 1996 1
56 1999 1
56 2000 1
56 2001 1
56 2016 1
56 2026 1
56 2030 1
56 2038 1
56 2047 1
57 2 1
57 28 1
57 53 1
57 66 1
57 72 1
57 76 1
57 80 1
57 90 1
57 107 1
57 109 1
57 116 1
57 152 1
57 160 1
57 189 1
57 190 1
57 256 1
57 273 1
57 288 1
57 293 1
57 301 1
57 314 1
57 317 1
57 322 1
57 327 1
57 344 1
57 358 1
57 376 1
57 378 1
57 397 1
57 405 1
57 452 1
57 453 1
57 474 1
57 489 1
57 493 1
57 500 1
57 540 1
57 577 1
57 594 1
57 614 1
57 620 1
57 636 1
57 659 1
57 665 1
57 669 1
57 694 1
57 699 1
57 702 1
57 713 1
57 717 1
57 732 1
57 735 1
57 758 1
57 763 1
57 764 1
57 766 1
57 777 1
57 780 1
57 783 1
57 794 1
57 804 1
57 809 1
57 822 1
57 837 1
57 872 1
57 877 1
57 893 1
57 898 1
57 908 1
57 917 1
57 918 1
57 931 1
57 933 1
57 934 1
57 935 1
57 942 1
57 944 1
57 955 1
57 966 1
57 977 1
57 984 1
57 990 1
57 993 1
57 999 1
57 1007 1
57 1024 1
57 1053 1
57 1063 1
57 1069 1
57 1076 1
57 1086 1
57 1104 1
57 1132 1
57 1137 1
57 1154 1
57 1155 1
57 1163 1
57 1165 1
57 1166 1
57 1167 1
57 1173 1
57 1175 1
57 1183 1
57 1195 1
57 1199 1
57 1209 1
57 1210 1
57 1224 1
57 1232 1
57 1249 1
57 1253 1
57 1256 1
57 1263 1
57 1269 1
57 1275 1
57 1278 1
57 1315 1
57 1326 1
57 1331 1
57 1352 1
57 1357 1
57 1367 1
57 1377 1
57 1379 1
57 1385 1
57 1392 1
57 1404 1
57 1417 1
57 1426 1
57 1460 1
57 1464 1
57 1466 1
57 1467 1
57 1518 1
57 1520 1
57 1524 1
57 1532 1
57 1545 1
57 1546 1
57 1571 1
57 1577 1
57 1580 1
57 1581 1
57 1595 1
57 1624 1
57 1633 1
57 1652 1
57 1655 1
57 1660 1
57 1661 1
57 1676 1
57 1683 1
57 1702 1
57 1704 1
57 1720 1
57 1740 1
57 1761 1
57 1772 1
57 1773 1
57 1774 1
57 1782 1
57 1783 1
57 1799 1
57 1817 1
57 1818 1
57 1832 1
57 1841 1
57 1874 1
57 1877 1
57 1880 1
57 1883 1
57 1917 1
57 1930 1
57 1940 1
57 1941 1
57 1960 1
57 1967 1
57 1972 1
57 1984 1
57 2003 1
57 2005 1
57 2015 1
58 32 1
58 52 1
58 67 1
58 83 1
58 99 1
58 103 1
58 130 1
58 135 1
58 139 1
58 141 1
58 149 1
58 151 1
58 202 1
58 219 1
58 230 1
58 238 1
58 287 1
58 289 1
58 309 1
58 335 1
58 336 1
58 347 1
58 360 1
58 366 1
58 374 1
58 401 1
58 410 1
58 460 1
58 472 1
58 543 1
58 554 1
58 559 1
58 567 1
58 587 1
58 624 1
58 626 1
58 640 1
58 648 1
58 662 1
58 664 1
58 677 1
58 682 1
58 693 1
58 704 1
58 705 1
58 731 1
58 751 1
58 754 1
58 771 1
58 774 1
58 802 1
58 812 1
58 842 1
58 868 1
58 915 1
58 926 1
58 943 1
58 948 1
58 964 1
58 974 1
58 1017 1
58 1038 1
58 1042 1
58 1075 1
58 1082 1
58 1091 1
58 1097 1
58 1128 1
58 1141 1
58 1234 1
58 1238 1
58 1241 1
58 1258 1
58 1261 1
58 1266 1
58 1273 1
58 1313 1
58 1337 1
58 1348 1
58 1351 1
58 1375 1
58 1383 1
58 1388 1
58 1400 1
58 1446 1
58 1489 1
58 1491 1
58 1496 1
58 1514 1
58 1561 1
58 1575 1
58 1620 1
58 1630 1
58 1654 1
58 1671 1
58 1679 1
58 1712 1
58 1729 1
58 1743 1
58 1747 1
58 1750 1
58 1790 1
58 1791 1
58 1849 1
58 1851 1
58 1863 1
58 1905 1
58 1912 1
58 1931 1
58 1938 1
58 1974 1
58 2008 1
58 2029 1
58 2035 1
58 2037 1
59 17 1
59 61 1
59 180 1
59 224 1
59 225 1
59 240 1
59 270 1
59 381 1
59 383 1
59 387 1
59 421 1
59 432 1
59 444 1
59 461 1
59 471 1
59 507 1
59 596 1
59 656 1
59 683 1
59 685 1
59 687 1
59 711 1
59 718 1
59 721 1
59 725 1
59 727 1
59 839 1
59 870 1
59 971 1
59 991 1
59 1012 1
59 1044 1
59 1054 1
59 1106 1
59 1127 1
59 1138 1
59 1164 1
59 1200 1
59 1235 1
59 1236 1
59 1272 1
59 1305 1
59 1424 1
59 1451 1
59 1480 1
59 1484 1
59 1527 1
59 1531 1
59 1547 1
59 1587 1
59 1590 1
59 1592 1
59 1593 1
59 1623 1
59 1626 1
59 1696 1
59 1787 1
59 1803 1
59 1815 1
59 1826 1
59 1828 1
59 1830 1
59 1835 1
59 1861 1
59 1873 1
59 1901 1
59 1959 1
59 1968 1
59 1979 1
59 1993 1
59 2018 1
59 2025 1
59 2040 1
60 11 1
60 20 1
60 22 1
60 120 1
60 210 1
60 269 1
60 275 1
60 340 1
60 435 1
60 479 1
60 487 1
60 511 1
60 522 1
60 589 1
60 653 1
60 707 1
60 835 1
60 882 1
60 900 1
60 905 1
60 975 1
60 976 1
60 983 1
60 1009 1
60 1015 1
60 1036 1
60 1109 1
60 1230 1
60 1247 1
60 1262 1
60 1372 1
60 1437 1
60 1439 1
60 1463 1
60 1523 1
60 1549 1
60 1572 1
60 1579 1
60 1665 1
60 1667 1
60 1693 1
60 1715 1
60 1805 1
60 1889 1
60 1985 1
60 1994 1
61 15 1
61 71 1
61 268 1
61 318 1
61 324 1
61 353 1
61 409 1
61 592 1
61 639 1
61 672 1
61 738 1
61 784 1
61 881 1
61 947 1
61 1037 1
61 1083 1
61 1257 1
61 1282 1
61 1402 1
61 1434 1
61 1557 1
61 1673 1
61 1755 1
61 1788 1
61 1904 1
61 1971 1
62 118 1
62 143 1
62 153 1
62 538 1
62 560 1
62 573 1
62 674 1
62 675 1
62 753 1
62 850 1
62 879 1
62 1051 1
62 1103 1
62 1271 1
62 1485 1
62 1600 1
62 1613 1
62 1762 1
62 1810 1
62 1812 1
63 14 1
63 326 1
63 362 1
63 654 1
63 666 1
63 745 1
63 906 1
63 989 1
63 1041 1
63 1142 1
63 1283 1
63 1334 1
63 1409 1
63 1845 1
63 1875 1
63 1896 1
63 1950 1
64 3 1
64 17 1
64 125 1
64 236 1
64 258 1
64 274 1
64 332 1
64 361 1
64 957 1
64 1172 1
64 1500 1
64 1594 1
64 1699 1
64 1726 1
64 1733 1
64 1794 1
64 1796 1
65 20 1
65 51 1
65 123 1
65 218 1
65 521 1
65 547 1
65 744 1
65 857 1
65 860 1
65 922 1
65 1145 1
65 1181 1
65 1248 1
65 1327 1
65 1621 1
65 1628 1
65 1700 1
66 31 1
66 128 1
66 571 1
66 591 1
66 611 1
66 686 1
66 807 1
66 832 1
66 843 1
66 855 1
66 895 1
66 946 1
66 959 1
66 1147 1
66 1182 1
66 1205 1
66 1335 1
66 1336 1
66 1482 1
66 1645 1
66 1687 1
66 1709 1
66 1929 1
66 1995 1
67 47 1
67 58 1
67 74 1
67 86 1
67 87 1
67 124 1
67 161 1
67 163 1
67 166 1
67 182 1
67 186 1
67 214 1
67 222 1
67 226 1
67 227 1
67 232 1
67 255 1
67 308 1
67 369 1
67 417 1
67 436 1
67 442 1
67 501 1
67 518 1
67 523 1
67 528 1
67 545 1
67 549 1
67 557 1
67 564 1
67 572 1
67 585 1
67 588 1
67 606 1
67 625 1
67 630 1
67 642 1
67 647 1
67 660 1
67 716 1
67 719 1
67 728 1
67 772 1
67 800 1
67 805 1
67 819 1
67 826 1
67 871 1
67 886 1
67 894 1
67 949 1
67 954 1
67 1004 1
67 1008 1
67 1014 1
67 1032 1
67 1056 1
67 1072 1
67 1081 1
67 1130 1
67 1136 1
67 1152 1
67 1214 1
67 1226 1
67 1229 1
67 1231 1
67 1242 1
67 1252 1
67 1255 1
67 1267 1
67 1281 1
67 1285 1
67 1292 1
67 1295 1
67 1297 1
67 1304 1
67 1317 1
67 1321 1
67 1324 1
67 1332 1
67 1350 1
67 1363 1
67 1374 1
67 1386 1
67 1418 1
67 1430 1
67 1473 1
67 1513 1
67 1529 1
67 1536 1
67 1564 1
67 1601 1
67 1607 1
67 1611 1
67 1614 1
67 1629 1
67 1658 1
67 1678 1
67 1697 1
67 1716 1
67 1764 1
67 1765 1
67 1780 1
67 1781 1
67 1802 1
67 1823 1
67 1856 1
67 1870 1
67 1902 1
67 1918 1
67 1920 1
67 1923 1
67 1924 1
67 1935 1
67 1942 1
67 1944 1
67 1955 1
67 1961 1
67 1975 1
67 2002 1
67 2006 1
67 2009 1
67 2027 1
68 62 1
68 89 1
68 91 1
68 93 1
68 95 1
68 100 1
68 101 1
68 102 1
68 115 1
68 119 1
68 126 1
68 129 1
68 133 1
68 145 1
68 146 1
68 164 1
68 181 1
68 194 1
68 197 1
68 213 1
68 241 1
68 252 1
68 253 1
68 257 1
68 262 1
68 276 1
68 292 1
68 294 1
68 296 1
68 302 1
68 304 1
68 341 1
68 342 1
68 348 1
68 352 1
68 354 1
68 355 1
68 356 1
68 363 1
68 386 1
68 388 1
68 390 1
68 396 1
68 403 1
68 411 1
68 418 1
68 420 1
68 422 1
68 433 1
68 438 1
68 441 1
68 443 1
68 447 1
68 463 1
68 466 1
68 476 1
68 483 1
68 484 1
68 494 1
68 495 1
68 499 1
68 505 1
68 509 1
68 515 1
68 526 1
68 530 1
68 532 1
68 533 1
68 534 1
68 535 1
68 536 1
68 539 1
68 546 1
68 548 1
68 550 1
68 552 1
68 553 1
68 566 1
68 568 1
68 569 1
68 579 1
68 583 1
68 597 1
68 601 1
68 602 1
68 635 1
68 637 1
68 641 1
68 645 1
68 658 1
68 663 1
68 668 1
68 684 1
68 688 1
68 695 1
68 706 1
68 714 1
68 722 1
68 723 1
68 736 1
68 748 1
68 752 1
68 767 1
68 773 1
68 775 1
68 786 1
68 788 1
68 790 1
68 801 1
68 821 1
68 825 1
68 834 1
68 838 1
68 846 1
68 849 1
68 852 1
68 853 1
68 854 1
68 862 1
68 863 1
68 867 1
68 873 1
68 876 1
68 880 1
68 883 1
68 896 1
68 901 1
68 912 1
68 921 1
68 941 1
68 950 1
68 969 1
68 997 1
68 1002 1
68 1006 1
68 1010 1
68 1023 1
68 1026 1
68 1029 1
68 1039 1
68 1043 1
68 1065 1
68 1078 1
68 1079 1
68 1089 1
68 1094 1
68 1117 1
68 1131 1
68 1171 1
68 1174 1
68 1179 1
68 1187 1
68 1194 1
68 1198 1
68 1201 1
68 1202 1
68 1211 1
68 1212 1
68 1219 1
68 1225 1
68 1227 1
68 1228 1
68 1243 1
68 1244 1
68 1251 1
68 1264 1
68 1265 1
68 1274 1
68 1279 1
68 1280 1
68 1290 1
68 1298 1
68 1299 1
68 1306 1
68 1316 1
68 1319 1
68 1320 1
68 1325 1
68 1333 1
68 1339 1
68 1344 1
68 1347 1
68 1354 1
68 1358 1
68 1359 1
68 1369 1
68 1370 1
68 1387 1
68 1389 1
68 1390 1
68 1398 1
68 1399 1
68 1407 1
68 1419 1
68 1420 1
68 1421 1
68 1425 1
68 1427 1
68 1428 1
68 1433 1
68 1435 1
68 1436 1
68 1440 1
68 1443 1
68 1444 1
68 1449 1
68 1452 1
68 1455 1
68 1461 1
68 1471 1
68 1478 1
68 1479 1
68 1493 1
68 1497 1
68 1499 1
68 1508 1
68 1510 1
68 1517 1
68 1519 1
68 1526 1
68 1530 1
68 1537 1
68 1552 1
68 1554 1
68 1565 1
68 1568 1
68 1569 1
68 1570 1
68 1578 1
68 1585 1
68 1586 1
68 1596 1
68 1603 1
68 1612 1
68 1619 1
68 1631 1
68 1632 1
68 1647 1
68 1656 1
68 1657 1
68 1659 1
68 1663 1
68 1668 1
68 1672 1
68 1675 1
68 1689 1
68 1690 1
68 1691 1
68 1698 1
68 1701 1
68 1705 1
68 1710 1
68 1732 1
68 1736 1
68 1739 1
68 1744 1
68 1756 1
68 1758 1
68 1767 1
68 1768 1
68 1771 1
68 1775 1
68 1778 1
68 1784 1
68 1785 1
68 1786 1
68 1789 1
68 1798 1
68 1801 1
68 1822 1
68 1827 1
68 1843 1
68 1844 1
68 1869 1
68 1872 1
68 1884 1
68 1885 1
68 1915 1
68 1916 1
68 1922 1
68 1925 1
68 1936 1
68 1937 1
68 1943 1
68 1953 1
68 1957 1
68 1962 1
68 1965 1
68 1969 1
68 1976 1
68 1978 1
68 1986 1
68 1991 1
68 2007 1
68 2010 1
68 2013 1
68 2019 1
68 2024 1
68 2028 1
68 2031 1
68 2033 1
68 2034 1
68 2042 1
68 2045 1
69 13 1
69 26 1
69 104 1
69 155 1
69 157 1
69 174 1
69 199 1
69 200 1
69 205 1
69 209 1
69 277 1
69 282 1
69 295 1
69 297 1
69 310 1
69 377 1
69 414 1
69 475 1
69 478 1
69 486 1
69 513 1
69 542 1
69 633 1
69 638 1
69 667 1
69 692 1
69 734 1
69 740 1
69 760 1
69 778 1
69 785 1
69 808 1
69 814 1
69 858 1
69 932 1
69 958 1
69 961 1
69 982 1
69 1033 1
69 1084 1
69 1108 1
69 1119 1
69 1191 1
69 1196 1
69 1197 1
69 1277 1
69 1286 1
69 1303 1
69 1314 1
69 1364 1
69 1397 1
69 1410 1
69 1456 1
69 1469 1
69 1486 1
69 1511 1
69 1515 1
69 1558 1
69 1562 1
69 1604 1
69 1608 1
69 1615 1
69 1714 1
69 1723 1
69 1753 1
69 1757 1
69 1759 1
69 1814 1
69 1862 1
69 1886 1
69 1893 1
69 1910 1
69 1911 1
69 1913 1
69 1980 1
69 1992 1
69 1997 1
69 2004 1
69 2020 1
69 2043 1
70 168 1
70 188 1
70 524 1
70 631 1
70 994 1
70 1035 1
70 1129 1
70 1146 1
70 1186 1
70 1438 1
70 1708 1
71 138 1
71 621 1
71 650 1
71 701 1
71 1459 1
71 1867 1
72 10 1
72 136 1
72 1016 1
72 1093 1
74 33 1
74 64 1
74 1752 1
75 9 1
75 17 1
75 31 1
75 750 1
76 7 1
77 33 1
78 24 1
78 925 1
79 15 1
79 32 1
79 34 1
79 936 1
79 1454 1
80 27 1
81 11 1
81 492 1
82 13 1
82 615 1
83 11 1
83 19 1
83 32 1
83 818 1
84 8 1
85 19 1
87 36 1
88 23 1
88 25 1
88 1887 1
89 26 1
89 30 1
90 39 1
91 27 1
92 37 1
94 6 1
95 19 1
96 12 1
96 21 1
96 29 1
97 37 1
99 1 1
99 21 1
100 28 1
101 12 1
101 24 1
102 9 1
102 23 1
103 9 1
104 3 1
104 15 1
105 27 1
107 6 1
107 32 1
108 20 1
109 3 1
110 6 1
110 10 1
110 33 1
110 456 1
110 1809 1
111 6 1
111 22 1
112 12 1
112 14 1
112 313 1
112 1876 1
113 27 1
113 37 1
113 206 1
113 1116 1
113 1156 1
113 1804 1
114 1061 1
114 1161 1
114 1948 1
115 32 1
115 96 1
115 285 1
115 469 1
115 1005 1
116 9 1
116 73 1
116 325 1
116 563 1
116 779 1
116 829 1
116 1371 1
116 1458 1
116 1951 1
117 9 1
117 21 1
117 49 1
117 427 1
117 806 1
117 1341 1
118 10 1
118 1445 1
119 364 1
119 397 1
119 1096 1
119 1302 1
119 1820 1
120 9 1
120 13 1
120 749 1
120 905 1
121 1101 1
121 1566 1
122 245 1
122 260 1
122 405 1
122 590 1
122 673 1
122 913 1
122 1077 1
122 1218 1
122 1540 1
123 4 1
123 57 1
123 208 1
123 249 1
123 351 1
123 481 1
123 712 1
123 720 1
123 761 1
123 903 1
123 1450 1
123 1681 1
123 1720 1
124 24 1
124 345 1
124 649 1
124 652 1
124 816 1
124 995 1
124 996 1
124 1203 1
124 1638 1
124 2014 1
125 112 1
125 140 1
125 172 1
125 193 1
125 251 1
125 455 1
125 488 1
125 582 1
125 620 1
125 689 1
125 755 1
125 923 1
125 1018 1
125 1025 1
125 1217 1
125 1254 1
125 1401 1
125 1432 1
125 1662 1
125 1674 1
125 1850 1
125 1883 1
125 1904 1
126 5 1
126 82 1
126 88 1
126 178 1
126 192 1
126 373 1
126 380 1
126 382 1
126 398 1
126 473 1
126 732 1
126 795 1
126 1027 1
126 1149 1
126 1411 1
126 1415 1
126 1492 1
126 1559 1
126 1713 1
126 1740 1
126 1846 1
126 1875 1
126 2039 1
127 33 1
127 184 1
127 196 1
127 319 1
127 323 1
127 384 1
127 412 1
127 478 1
127 578 1
127 742 1
127 944 1
127 963 1
127 1003 1
127 1020 1
127 1062 1
127 1256 1
127 1296 1
127 1343 1
127 1349 1
127 1405 1
127 1422 1
127 1505 1
127 1509 1
127 1534 1
127 1586 1
127 1619 1
127 1624 1
127 1625 1
127 1680 1
127 1792 1
127 1811 1
127 1988 1
127 1996 1
127 2016 1
128 25 1
128 77 1
128 94 1
128 158 1
128 316 1
128 344 1
128 365 1
128 438 1
128 503 1
128 512 1
128 521 1
128 607 1
128 697 1
128 704 1
128 756 1
128 870 1
128 888 1
128 952 1
128 1059 1
128 1148 1
128 1151 1
128 1190 1
128 1222 1
128 1246 1
128 1310 1
128 1311 1
128 1323 1
128 1366 1
128 1447 1
128 1507 1
128 1549 1
128 1602 1
128 1635 1
128 1669 1
128 1670 1
128 1711 1
128 1751 1
128 1840 1
128 1881 1
128 1933 1
128 1954 1
129 16 1
129 45 1
129 150 1
129 216 1
129 329 1
129 445 1
129 490 1
129 522 1
129 644 1
129 700 1
129 705 1
129 757 1
129 762 1
129 798 1
129 917 1
129 947 1
129 953 1
129 974 1
129 1013 1
129 1080 1
129 1100 1
129 1126 1
129 1139 1
129 1204 1
129 1235 1
129 1327 1
129 1441 1
129 1498 1
129 1576 1
129 1648 1
129 1655 1
129 1724 1
129 1726 1
129 1833 1
129 1837 1
129 1848 1
129 1852 1
129 1878 1
129 1926 1
130 38 1
130 48 1
130 98 1
130 201 1
130 224 1
130 328 1
130 404 1
130 447 1
130 600 1
130 632 1
130 691 1
130 710 1
130 810 1
130 886 1
130 910 1
130 973 1
130 986 1
130 1168 1
130 1239 1
130 1249 1
130 1287 1
130 1300 1
130 1360 1
130 1533 1
130 1588 1
130 1641 1
130 1651 1
130 1825 1
130 1859 1
130 1888 1
130 1906 1
130 2012 1
131 151 1
131 291 1
131 333 1
131 468 1
131 502 1
131 529 1
131 545 1
131 584 1
131 703 1
131 813 1
131 930 1
131 1047 1
131 1155 1
131 1178 1
131 1260 1
131 1565 1
131 1574 1
131 1683 1
131 1704 1
131 1728 1
131 1738 1
131 1784 1
131 1842 1
131 1853 1
131 1927 1
132 11 1
132 26 1
132 29 1
132 261 1
132 346 1
132 448 1
132 599 1
132 623 1
132 629 1
132 730 1
132 781 1
132 934 1
132 1276 1
132 1384 1
132 1395 1
132 1416 1
132 1597 1
132 1610 1
132 1939 1
132 2017 1
133 230 1
133 284 1
133 330 1
133 367 1
133 372 1
133 400 1
133 538 1
133 604 1
133 617 1
133 763 1
133 789 1
133 992 1
133 1763 1
133 1807 1
133 1890 1
133 1971 1
133 1998 1
134 2 1
134 32 1
134 44 1
134 170 1
134 415 1
134 454 1
134 729 1
134 797 1
134 929 1
134 939 1
134 1474 1
134 1591 1
134 1646 1
134 1706 1
134 1770 1
134 2011 1
135 26 1
135 128 1
135 174 1
135 311 1
135 525 1
135 988 1
135 1030 1
135 1121 1
135 1153 1
135 1573 1
135 1640 1
135 1900 1
136 2 1
136 16 1
136 120 1
136 152 1
136 239 1
136 305 1
136 338 1
136 657 1
136 674 1
136 675 1
136 791 1
136 877 1
136 1114 1
136 1293 1
136 1373 1
136 1523 1
136 1795 1
136 1871 1
137 68 1
137 97 1
137 127 1
137 453 1
137 715 1
137 747 1
137 940 1
137 1231 1
137 1525 1
137 1709 1
137 1815 1
137 1990 1
138 12 1
138 40 1
138 54 1
138 65 1
138 154 1
138 254 1
138 370 1
138 670 1
138 764 1
138 823 1
138 891 1
138 990 1
138 1021 1
138 1092 1
138 1097 1
138 1133 1
138 1267 1
138 1412 1
138 1546 1
138 1855 1
138 1970 1
138 1972 1
138 1989 1
139 41 1
139 51 1
139 56 1
139 60 1
139 63 1
139 75 1
139 83 1
139 90 1
139 91 1
139 175 1
139 176 1
139 195 1
139 215 1
139 306 1
139 326 1
139 334 1
139 387 1
139 408 1
139 419 1
139 451 1
139 474 1
139 482 1
139 551 1
139 603 1
139 648 1
139 708 1
139 737 1
139 768 1
139 809 1
139 856 1
139 869 1
139 875 1
139 892 1
139 902 1
139 911 1
139 955 1
139 972 1
139 1057 1
139 1070 1
139 1099 1
139 1112 1
139 1159 1
139 1180 1
139 1237 1
139 1242 1
139 1284 1
139 1292 1
139 1331 1
139 1338 1
139 1414 1
139 1442 1
139 1457 1
139 1477 1
139 1481 1
139 1503 1
139 1518 1
139 1541 1
139 1544 1
139 1582 1
139 1616 1
139 1639 1
139 1684 1
139 1707 1
139 1736 1
139 1737 1
139 1742 1
139 1745 1
139 1769 1
139 1797 1
139 1839 1
139 1882 1
139 1907 1
139 1914 1
139 1982 1
139 1999 1
139 2038 1
139 2048 1
140 52 1
140 53 1
140 61 1
140 69 1
140 84 1
140 85 1
140 92 1
140 108 1
140 110 1
140 118 1
140 134 1
140 147 1
140 165 1
140 237 1
140 244 1
140 246 1
140 259 1
140 265 1
140 272 1
140 279 1
140 301 1
140 308 1
140 314 1
140 336 1
140 339 1
140 350 1
140 385 1
140 392 1
140 395 1
140 399 1
140 437 1
140 480 1
140 487 1
140 491 1
140 493 1
140 498 1
140 504 1
140 506 1
140 514 1
140 517 1
140 519 1
140 523 1
140 531 1
140 564 1
140 570 1
140 580 1
140 605 1
140 608 1
140 655 1
140 676 1
140 682 1
140 685 1
140 699 1
140 709 1
140 719 1
140 750 1
140 754 1
140 770 1
140 799 1
140 830 1
140 833 1
140 847 1
140 848 1
140 889 1
140 896 1
140 897 1
140 909 1
140 914 1
140 920 1
140 935 1
140 942 1
140 943 1
140 948 1
140 970 1
140 977 1
140 981 1
140 1000 1
140 1014 1
140 1022 1
140 1032 1
140 1045 1
140 1050 1
140 1058 1
140 1068 1
140 1071 1
140 1074 1
140 1085 1
140 1091 1
140 1102 1
140 1107 1
140 1109 1
140 1115 1
140 1122 1
140 1158 1
140 1165 1
140 1170 1
140 1173 1
140 1175 1
140 1177 1
140 1192 1
140 1200 1
140 1215 1
140 1220 1
140 1233 1
140 1266 1
140 1270 1
140 1294 1
140 1301 1
140 1307 1
140 1308 1
140 1353 1
140 1355 1
140 1361 1
140 1368 1
140 1376 1
140 1380 1
140 1381 1
140 1396 1
140 1413 1
140 1417 1
140 1439 1
140 1467 1
140 1472 1
140 1476 1
140 1484 1
140 1494 1
140 1522 1
140 1539 1
140 1571 1
140 1581 1
140 1627 1
140 1643 1
140 1660 1
140 1667 1
140 1694 1
140 1703 1
140 1725 1
140 1729 1
140 1730 1
140 1746 1
140 1747 1
140 1816 1
140 1823 1
140 1885 1
140 1897 1
140 2003 1
140 2023 1
140 2027 1
140 2037 1
140 2044 1
141 14 1
141 59 1
141 70 1
141 76 1
141 79 1
141 80 1
141 106 1
141 116 1
141 130 1
141 131 1
141 135 1
141 143 1
141 149 1
141 171 1
141 177 1
141 182 1
141 187 1
141 212 1
141 217 1
141 226 1
141 228 1
141 233 1
141 235 1
141 242 1
141 250 1
141 286 1
141 288 1
141 290 1
141 299 1
141 315 1
141 320 1
141 322 1
141 331 1
141 337 1
141 343 1
141 349 1
141 352 1
141 359 1
141 362 1
141 375 1
141 378 1
141 389 1
141 401 1
141 424 1
141 425 1
141 426 1
141 443 1
141 446 1
141 450 1
141 452 1
141 457 1
141 460 1
141 477 1
141 501 1
141 508 1
141 518 1
141 540 1
141 559 1
141 577 1
141 581 1
141 587 1
141 598 1
141 609 1
141 613 1
141 625 1
141 628 1
141 636 1
141 656 1
141 664 1
141 678 1
141 690 1
141 694 1
141 698 1
141 718 1
141 724 1
141 731 1
141 735 1
141 739 1
141 743 1
141 751 1
141 766 1
141 771 1
141 774 1
141 815 1
141 817 1
141 820 1
141 827 1
141 836 1
141 840 1
141 841 1
141 843 1
141 844 1
141 853 1
141 855 1
141 864 1
141 865 1
141 866 1
141 872 1
141 887 1
141 890 1
141 893 1
141 899 1
141 907 1
141 915 1
141 916 1
141 924 1
141 927 1
141 937 1
141 938 1
141 956 1
141 964 1
141 965 1
141 967 1
141 978 1
141 980 1
141 989 1
141 1001 1
141 1031 1
141 1041 1
141 1049 1
141 1053 1
141 1055 1
141 1060 1
141 1088 1
141 1089 1
141 1090 1
141 1098 1
141 1105 1
141 1113 1
141 1118 1
141 1123 1
141 1135 1
141 1138 1
141 1145 1
141 1157 1
141 1162 1
141 1167 1
141 1176 1
141 1183 1
141 1206 1
141 1221 1
141 1226 1
141 1240 1
141 1248 1
141 1250 1
141 1253 1
141 1259 1
141 1263 1
141 1268 1
141 1272 1
141 1278 1
141 1305 1
141 1330 1
141 1342 1
141 1357 1
141 1391 1
141 1392 1
141 1402 1
141 1403 1
141 1408 1
141 1431 1
141 1448 1
141 1453 1
141 1462 1
141 1463 1
141 1468 1
141 1496 1
141 1506 1
141 1526 1
141 1535 1
141 1543 1
141 1547 1
141 1550 1
141 1551 1
141 1554 1
141 1555 1
141 1556 1
141 1558 1
141 1569 1
141 1572 1
141 1575 1
141 1589 1
141 1598 1
141 1599 1
141 1606 1
141 1609 1
141 1636 1
141 1637 1
141 1642 1
141 1649 1
141 1650 1
141 1652 1
141 1666 1
141 1671 1
141 1679 1
141 1682 1
141 1686 1
141 1715 1
141 1722 1
141 1727 1
141 1731 1
141 1748 1
141 1754 1
141 1774 1
141 1775 1
141 1779 1
141 1793 1
141 1819 1
141 1831 1
141 1858 1
141 1864 1
141 1889 1
141 1894 1
141 1905 1
141 1908 1
141 1917 1
141 1919 1
141 1928 1
141 1931 1
141 1975 1
141 1981 1
141 1983 1
141 1987 1
141 2018 1
141 2026 1
141 2046 1
142 17 1
142 19 1
142 47 1
142 55 1
142 72 1
142 74 1
142 99 1
142 105 1
142 107 1
142 109 1
142 111 1
142 117 1
142 121 1
142 129 1
142 137 1
142 142 1
142 156 1
142 185 1
142 203 1
142 207 1
142 209 1
142 211 1
142 218 1
142 219 1
142 234 1
142 266 1
142 278 1
142 283 1
142 303 1
142 309 1
142 321 1
142 340 1
142 366 1
142 379 1
142 402 1
142 407 1
142 410 1
142 413 1
142 416 1
142 417 1
142 423 1
142 428 1
142 430 1
142 431 1
142 449 1
142 461 1
142 465 1
142 467 1
142 485 1
142 489 1
142 494 1
142 505 1
142 507 1
142 509 1
142 520 1
142 543 1
142 553 1
142 555 1
142 572 1
142 573 1
142 589 1
142 591 1
142 592 1
142 594 1
142 596 1
142 610 1
142 612 1
142 619 1
142 622 1
142 627 1
142 640 1
142 646 1
142 651 1
142 661 1
142 666 1
142 677 1
142 680 1
142 687 1
142 722 1
142 727 1
142 734 1
142 741 1
142 753 1
142 759 1
142 777 1
142 782 1
142 793 1
142 811 1
142 831 1
142 835 1
142 842 1
142 845 1
142 850 1
142 868 1
142 882 1
142 884 1
142 895 1
142 898 1
142 906 1
142 928 1
142 951 1
142 975 1
142 976 1
142 998 1
142 1040 1
142 1044 1
142 1046 1
142 1051 1
142 1066 1
142 1067 1
142 1075 1
142 1079 1
142 1087 1
142 1095 1
142 1104 1
142 1108 1
142 1120 1
142 1150 1
142 1169 1
142 1195 1
142 1202 1
142 1205 1
142 1209 1
142 1223 1
142 1230 1
142 1232 1
142 1238 1
142 1245 1
142 1257 1
142 1261 1
142 1289 1
142 1318 1
142 1335 1
142 1337 1
142 1346 1
142 1362 1
142 1367 1
142 1375 1
142 1382 1
142 1383 1
142 1386 1
142 1400 1
142 1404 1
142 1434 1
142 1435 1
142 1437 1
142 1446 1
142 1456 1
142 1466 1
142 1487 1
142 1495 1
142 1502 1
142 1512 1
142 1513 1
142 1517 1
142 1527 1
142 1548 1
142 1577 1
142 1580 1
142 1583 1
142 1584 1
142 1605 1
142 1622 1
142 1626 1
142 1645 1
142 1661 1
142 1664 1
142 1677 1
142 1685 1
142 1687 1
142 1695 1
142 1696 1
142 1718 1
142 1734 1
142 1741 1
142 1758 1
142 1794 1
142 1800 1
142 1803 1
142 1812 1
142 1817 1
142 1821 1
142 1838 1
142 1841 1
142 1857 1
142 1860 1
142 1866 1
142 1869 1
142 1891 1
142 1892 1
142 1896 1
142 1932 1
142 1934 1
142 1937 1
142 1947 1
142 1955 1
142 1958 1
142 1960 1
142 1963 1
142 1966 1
142 1985 1
142 2001 1
142 2008 1
142 2009 1
142 2022 1
142 2024 1
142 2025 1
142 2030 1
142 2035 1
142 2036 1
143 50 1
143 66 1
143 67 1
143 71 1
143 87 1
143 100 1
143 123 1
143 141 1
143 148 1
143 166 1
143 169 1
143 190 1
143 204 1
143 213 1
143 214 1
143 220 1
143 221 1
143 223 1
143 247 1
143 262 1
143 263 1
143 268 1
143 281 1
143 287 1
143 293 1
143 295 1
143 297 1
143 300 1
143 307 1
143 332 1
143 348 1
143 353 1
143 354 1
143 357 1
143 360 1
143 381 1
143 406 1
143 429 1
143 440 1
143 470 1
143 497 1
143 500 1
143 510 1
143 511 1
143 527 1
143 530 1
143 535 1
143 541 1
143 557 1
143 558 1
143 560 1
143 567 1
143 593 1
143 597 1
143 602 1
143 615 1
143 616 1
143 624 1
143 638 1
143 643 1
143 645 1
143 669 1
143 683 1
143 702 1
143 707 1
143 713 1
143 717 1
143 723 1
143 726 1
143 744 1
143 776 1
143 784 1
143 787 1
143 790 1
143 794 1
143 826 1
143 828 1
143 851 1
143 857 1
143 859 1
143 861 1
143 908 1
143 919 1
143 933 1
143 945 1
143 957 1
143 971 1
143 985 1
143 999 1
143 1002 1
143 1006 1
143 1015 1
143 1028 1
143 1034 1
143 1073 1
143 1110 1
143 1128 1
143 1134 1
143 1143 1
143 1147 1
143 1160 1
143 1171 1
143 1194 1
143 1210 1
143 1216 1
143 1219 1
143 1224 1
143 1229 1
143 1234 1
143 1247 1
143 1251 1
143 1255 1
143 1271 1
143 1275 1
143 1283 1
143 1291 1
143 1312 1
143 1322 1
143 1326 1
143 1328 1
143 1340 1
143 1354 1
143 1365 1
143 1379 1
143 1394 1
143 1429 1
143 1461 1
143 1482 1
143 1483 1
143 1490 1
143 1500 1
143 1532 1
143 1542 1
143 1553 1
143 1560 1
143 1579 1
143 1587 1
143 1608 1
143 1611 1
143 1614 1
143 1620 1
143 1623 1
143 1634 1
143 1644 1
143 1654 1
143 1665 1
143 1676 1
143 1697 1
143 1712 1
143 1750 1
143 1760 1
143 1762 1
143 1766 1
143 1768 1
143 1776 1
143 1780 1
143 1782 1
143 1783 1
143 1818 1
143 1832 1
143 1835 1
143 1845 1
143 1847 1
143 1849 1
143 1879 1
143 1880 1
143 1899 1
143 1930 1
143 1941 1
143 1946 1
143 1949 1
143 1952 1
143 1961 1
143 1967 1
143 1977 1
143 1993 1
143 2006 1
143 2021 1
143 2029 1
143 2034 1
143 2041 1
144 46 1
144 58 1
144 64 1
144 78 1
144 114 1
144 139 1
144 144 1
144 159 1
144 162 1
144 163 1
144 173 1
144 183 1
144 189 1
144 202 1
144 248 1
144 267 1
144 271 1
144 276 1
144 289 1
144 298 1
144 358 1
144 390 1
144 393 1
144 420 1
144 432 1
144 442 1
144 464 1
144 479 1
144 483 1
144 571 1
144 585 1
144 586 1
144 635 1
144 660 1
144 662 1
144 671 1
144 681 1
144 692 1
144 725 1
144 746 1
144 748 1
144 780 1
144 792 1
144 822 1
144 837 1
144 863 1
144 876 1
144 894 1
144 931 1
144 949 1
144 962 1
144 966 1
144 979 1
144 987 1
144 1008 1
144 1011 1
144 1017 1
144 1035 1
144 1065 1
144 1072 1
144 1103 1
144 1124 1
144 1127 1
144 1132 1
144 1181 1
144 1189 1
144 1193 1
144 1199 1
144 1264 1
144 1306 1
144 1345 1
144 1377 1
144 1393 1
144 1410 1
144 1424 1
144 1436 1
144 1465 1
144 1470 1
144 1475 1
144 1531 1
144 1563 1
144 1590 1
144 1592 1
144 1595 1
144 1613 1
144 1630 1
144 1631 1
144 1653 1
144 1673 1
144 1678 1
144 1688 1
144 1693 1
144 1719 1
144 1735 1
144 1759 1
144 1777 1
144 1813 1
144 1829 1
144 1830 1
144 1834 1
144 1844 1
144 1854 1
144 1863 1
144 1895 1
144 1901 1
144 1909 1
144 1921 1
144 1929 1
144 1938 1
144 1944 1
144 1953 1
144 1986 1
144 1994 1
144 2002 1
144 2005 1
145 18 1
145 23 1
145 38 1
145 42 1
145 104 1
145 122 1
145 136 1
145 153 1
145 188 1
145 231 1
145 253 1
145 356 1
145 374 1
145 411 1
145 418 1
145 434 1
145 475 1
145 516 1
145 532 1
145 544 1
145 554 1
145 565 1
145 574 1
145 575 1
145 576 1
145 588 1
145 630 1
145 634 1
145 642 1
145 650 1
145 696 1
145 738 1
145 765 1
145 803 1
145 804 1
145 904 1
145 968 1
145 983 1
145 984 1
145 1024 1
145 1043 1
145 1048 1
145 1063 1
145 1125 1
145 1130 1
145 1141 1
145 1163 1
145 1164 1
145 1225 1
145 1321 1
145 1324 1
145 1329 1
145 1356 1
145 1363 1
145 1397 1
145 1479 1
145 1504 1
145 1524 1
145 1562 1
145 1594 1
145 1600 1
145 1615 1
145 1633 1
145 1799 1
145 1805 1
145 1810 1
145 1826 1
145 1827 1
145 1851 1
145 1861 1
145 1870 1
145 1874 1
145 1935 1
145 1962 1
145 2015 1
146 168 1
146 186 1
146 191 1
146 363 1
146 371 1
146 391 1
146 421 1
146 436 1
146 458 1
146 459 1
146 492 1
146 499 1
146 534 1
146 546 1
146 561 1
146 579 1
146 721 1
146 736 1
146 801 1
146 922 1
146 982 1
146 1012 1
146 1042 1
146 1064 1
146 1093 1
146 1144 1
146 1154 1
146 1172 1
146 1198 1
146 1315 1
146 1344 1
146 1348 1
146 1407 1
146 1433 1
146 1451 1
146 1486 1
146 1489 1
146 1516 1
146 1538 1
146 1545 1
146 1564 1
146 1618 1
146 1632 1
146 1700 1
146 1705 1
146 1710 1
146 1828 1
146 1865 1
146 1877 1
147 180 1
147 312 1
147 377 1
147 562 1
147 595 1
147 639 1
147 654 1
147 695 1
147 711 1
147 775 1
147 1004 1
147 1009 1
147 1212 1
147 1295 1
147 1304 1
147 1721 1
147 1764 1
147 1902 1
147 1915 1
147 1992 1
148 32 1
148 34 1
148 113 1
148 157 1
148 210 1
148 222 1
148 225 1
148 318 1
148 547 1
148 552 1
148 569 1
148 769 1
148 960 1
148 1281 1
148 1297 1
148 1418 1
148 1473 1
148 1478 1
148 1514 1
148 1537 1
148 1628 1
148 1755 1
148 1796 1
148 1806 1
149 40 1
149 280 1
149 439 1
149 471 1
149 476 1
149 524 1
149 658 1
149 860 1
149 900 1
149 1016 1
149 1083 1
149 1137 1
149 1184 1
149 1185 1
149 1213 1
149 1443 1
149 1485 1
149 1733 1
149 2040 1
150 13 1
150 17 1
150 145 1
150 240 1
150 361 1
150 807 1
150 881 1
150 1081 1
150 1188 1
150 1273 1
150 1288 1
150 1313 1
150 1388 1
150 1501 1
150 1621 1
150 2000 1
151 275 1
151 444 1
151 495 1
151 679 1
151 760 1
151 796 1
151 912 1
151 993 1
151 1056 1
151 1076 1
151 1279 1
151 1336 1
151 1370 1
151 1491 1
151 1515 1
151 1568 1
151 1773 1
151 1798 1
151 1824 1
151 1903 1
151 2047 1
152 125 1
152 133 1
152 167 1
152 236 1
152 255 1
152 292 1
152 317 1
152 441 1
152 606 1
152 693 1
152 839 1
152 846 1
152 852 1
152 926 1
152 991 1
152 1007 1
152 1052 1
152 1129 1
152 1350 1
152 1358 1
152 1409 1
152 1567 1
152 1596 1
152 1717 1
152 1791 1
152 1808 1
152 1872 1
152 1898 1
152 1918 1
152 1943 1
152 1976 1
152 1991 1
153 43 1
153 81 1
153 93 1
153 124 1
153 132 1
153 161 1
153 179 1
153 198 1
153 229 1
153 232 1
153 238 1
153 243 1
153 256 1
153 264 1
153 270 1
153 273 1
153 302 1
153 310 1
153 324 1
153 327 1
153 335 1
153 341 1
153 368 1
153 383 1
153 394 1
153 409 1
153 435 1
153 462 1
153 496 1
153 537 1
153 539 1
153 556 1
153 614 1
153 626 1
153 665 1
153 672 1
153 716 1
153 745 1
153 758 1
153 783 1
153 802 1
153 805 1
153 812 1
153 824 1
153 832 1
153 834 1
153 874 1
153 878 1
153 885 1
153 918 1
153 959 1
153 1010 1
153 1038 1
153 1069 1
153 1078 1
153 1106 1
153 1119 1
153 1140 1
153 1182 1
153 1207 1
153 1208 1
153 1236 1
153 1241 1
153 1244 1
153 1252 1
153 1262 1
153 1269 1
153 1282 1
153 1299 1
153 1319 1
153 1334 1
153 1339 1
153 1351 1
153 1372 1
153 1378 1
153 1385 1
153 1389 1
153 1406 1
153 1421 1
153 1423 1
153 1426 1
153 1430 1
153 1449 1
153 1460 1
153 1469 1
153 1488 1
153 1520 1
153 1521 1
153 1528 1
153 1529 1
153 1557 1
153 1561 1
153 1593 1
153 1607 1
153 1612 1
153 1617 1
153 1672 1
153 1702 1
153 1743 1
153 1749 1
153 1772 1
153 1787 1
153 1790 1
153 1836 1
153 1868 1
153 1873 1
153 1884 1
153 1912 1
153 1920 1
153 1924 1
153 1940 1
153 1945 1
153 1950 1
153 1956 1
153 1959 1
153 1964 1
153 1968 1
153 1973 1
153 1974 1
153 1979 1
153 1984 1
153 2032 1
153 2045 1
154 62 1
154 86 1
154 89 1
154 95 1
154 101 1
154 102 1
154 103 1
154 115 1
154 126 1
154 146 1
154 160 1
154 164 1
154 181 1
154 194 1
154 205 1
154 227 1
154 241 1
154 257 1
154 258 1
154 269 1
154 274 1
154 294 1
154 296 1
154 304 1
154 347 1
154 369 1
154 376 1
154 388 1
154 403 1
154 422 1
154 433 1
154 463 1
154 466 1
154 472 1
154 484 1
154 486 1
154 515 1
154 526 1
154 533 1
154 536 1
154 542 1
154 548 1
154 549 1
154 550 1
154 566 1
154 568 1
154 583 1
154 601 1
154 611 1
154 618 1
154 633 1
154 637 1
154 641 1
154 647 1
154 653 1
154 659 1
154 663 1
154 668 1
154 684 1
154 686 1
154 701 1
154 714 1
154 728 1
154 733 1
154 740 1
154 767 1
154 772 1
154 773 1
154 785 1
154 788 1
154 800 1
154 819 1
154 821 1
154 825 1
154 838 1
154 849 1
154 862 1
154 867 1
154 871 1
154 879 1
154 883 1
154 901 1
154 921 1
154 932 1
154 946 1
154 950 1
154 958 1
154 969 1
154 994 1
154 997 1
154 1019 1
154 1023 1
154 1026 1
154 1033 1
154 1036 1
154 1037 1
154 1039 1
154 1054 1
154 1082 1
154 1086 1
154 1094 1
154 1111 1
154 1117 1
154 1131 1
154 1136 1
154 1142 1
154 1152 1
154 1166 1
154 1179 1
154 1186 1
154 1187 1
154 1197 1
154 1201 1
154 1211 1
154 1214 1
154 1227 1
154 1228 1
154 1243 1
154 1258 1
154 1265 1
154 1274 1
154 1277 1
154 1280 1
154 1285 1
154 1290 1
154 1303 1
154 1309 1
154 1316 1
154 1317 1
154 1320 1
154 1332 1
154 1333 1
154 1347 1
154 1352 1
154 1359 1
154 1364 1
154 1374 1
154 1390 1
154 1399 1
154 1419 1
154 1420 1
154 1425 1
154 1427 1
154 1440 1
154 1452 1
154 1455 1
154 1464 1
154 1471 1
154 1480 1
154 1497 1
154 1508 1
154 1510 1
154 1519 1
154 1530 1
154 1536 1
154 1552 1
154 1578 1
154 1585 1
154 1601 1
154 1603 1
154 1629 1
154 1647 1
154 1656 1
154 1657 1
154 1659 1
154 1675 1
154 1689 1
154 1690 1
154 1692 1
154 1698 1
154 1699 1
154 1701 1
154 1714 1
154 1716 1
154 1723 1
154 1732 1
154 1739 1
154 1744 1
154 1753 1
154 1756 1
154 1757 1
154 1761 1
154 1765 1
154 1767 1
154 1778 1
154 1785 1
154 1786 1
154 1788 1
154 1789 1
154 1801 1
154 1802 1
154 1814 1
154 1822 1
154 1856 1
154 1862 1
154 1867 1
154 1893 1
154 1913 1
154 1916 1
154 1922 1
154 1923 1
154 1936 1
154 1942 1
154 1957 1
154 1965 1
154 1969 1
154 1980 1
154 1995 1
154 2013 1
154 2019 1
154 2020 1
154 2028 1
154 2031 1
154 2033 1
154 2042 1
155 7 1
155 119 1
155 155 1
155 197 1
155 199 1
155 252 1
155 277 1
155 282 1
155 342 1
155 355 1
155 386 1
155 396 1
155 414 1
155 513 1
155 528 1
155 631 1
155 667 1
155 688 1
155 706 1
155 752 1
155 778 1
155 786 1
155 808 1
155 814 1
155 854 1
155 858 1
155 873 1
155 880 1
155 925 1
155 941 1
155 954 1
155 961 1
155 1029 1
155 1084 1
155 1146 1
155 1174 1
155 1191 1
155 1196 1
155 1286 1
155 1298 1
155 1314 1
155 1325 1
155 1369 1
155 1387 1
155 1398 1
155 1428 1
155 1438 1
155 1444 1
155 1454 1
155 1459 1
155 1493 1
155 1499 1
155 1511 1
155 1570 1
155 1604 1
155 1658 1
155 1663 1
155 1668 1
155 1691 1
155 1752 1
155 1771 1
155 1781 1
155 1843 1
155 1886 1
155 1910 1
155 1911 1
155 1925 1
155 1978 1
155 1997 1
155 2004 1
155 2007 1
155 2010 1
156 138 1
156 200 1
156 621 1
156 936 1
156 1708 1
156 2043 1
158 30 1
159 1887 1
162 818 1
750 2048 0
