3 8 1
3 13 1
4 28 1
6 29 1
8 25 1
9 2 1
9 18 1
9 24 1
10 30 1
12 1 1
12 27 1
13 17 1
13 23 1
14 27 1
14 29 1
14 580 1
15 37 1
15 41 1
15 1932 1
16 30 1
16 197 1
16 528 1
16 928 1
16 1021 1
16 1809 1
17 3 1
17 30 1
17 35 1
17 195 1
17 309 1
17 534 1
17 719 1
17 914 1
17 925 1
17 1496 1
17 1532 1
17 1588 1
18 30 1
18 508 1
18 600 1
18 845 1
18 1013 1
18 1027 1
18 1111 1
18 1176 1
18 1329 1
18 1424 1
18 1753 1
19 26 1
19 33 1
19 35 1
19 1816 1
19 1828 1
20 8 1
20 31 1
20 239 1
20 982 1
20 1556 1
20 1645 1
20 1804 1
20 1908 1
21 879 1
21 1245 1
21 1597 1
21 1680 1
21 1710 1
22 11 1
22 33 1
22 112 1
22 328 1
22 796 1
22 1063 1
22 1289 1
22 1310 1
22 1592 1
22 1820 1
23 12 1
23 22 1
23 168 1
23 245 1
23 564 1
23 1064 1
23 1083 1
23 1630 1
23 1662 1
24 25 1
25 16 1
25 608 1
25 663 1
25 1204 1
25 1380 1
25 1883 1
25 1944 1
26 8 1
26 17 1
26 37 1
26 91 1
26 551 1
26 594 1
26 690 1
26 909 1
26 919 1
26 1118 1
27 770 1
27 1022 1
27 1050 1
27 1068 1
28 11 1
28 20 1
28 1313 1
28 1998 1
29 149 1
29 362 1
29 1358 1
30 20 1
30 28 1
30 190 1
30 773 1
31 33 1
31 1402 1
32 17 1
32 36 1
32 677 1
32 1858 1
32 1928 1
32 1970 1
33 114 1
33 316 1
33 459 1
33 629 1
33 1074 1
33 1674 1
34 15 1
34 1331 1
34 1698 1
35 951 1
35 963 1
36 34 1
36 420 1
36 1694 1
37 36 1
37 384 1
38 15 1
38 209 1
38 611 1
39 3 1
40 10 1
40 19 1
40 21 1
40 23 1
40 1143 1
40 1330 1
40 1549 1
40 1615 1
41 1646 1
42 13 1
43 9 1
43 32 1
43 116 1
43 1250 1
44 29 1
45 9 1
47 32 1
47 41 1
48 21 1
48 2045 1
49 9 1
49 11 1
49 14 1
49 39 1
49 1619 1
49 2012 1
50 3 1
50 24 1
50 1099 1
50 1863 1
51 10 1
51 32 1
51 424 1
51 538 1
52 30 1
52 128 1
52 364 1
52 1116 1
52 1272 1
53 14 1
53 40 1
53 453 1
53 930 1
53 1853 1
54 15 1
54 590 1
54 867 1
54 1458 1
54 1830 1
55 106 1
55 548 1
55 1737 1
55 2027 1
56 28 1
56 29 1
56 192 1
56 373 1
56 1951 1
56 1952 1
57 5 1
57 8 1
57 30 1
57 365 1
57 789 1
57 1293 1
57 1999 1
58 644 1
58 1203 1
58 1405 1
58 1770 1
58 1841 1
59 6 1
59 16 1
59 32 1
59 141 1
59 178 1
59 224 1
59 322 1
59 438 1
59 829 1
59 886 1
59 1076 1
59 1492 1
59 1811 1
60 13 1
60 700 1
60 1018 1
60 1156 1
60 1302 1
60 1371 1
60 1505 1
60 1900 1
61 400 1
61 903 1
61 905 1
61 1914 1
61 2039 1
62 3 1
62 14 1
62 19 1
62 28 1
62 36 1
62 473 1
62 1061 1
62 1475 1
63 21 1
63 1976 1
64 1435 1
64 1566 1
65 10 1
65 18 1
65 992 1
66 27 1
66 38 1
66 98 1
66 561 1
66 1058 1
66 1724 1
67 24 1
67 38 1
67 354 1
67 578 1
67 652 1
68 23 1
68 1108 1
68 1138 1
68 1344 1
69 1341 1
69 1712 1
70 147 1
70 750 1
71 37 1
71 152 1
71 1366 1
72 2 1
72 40 1
72 613 1
72 1558 1
74 7 1
75 17 1
75 1455 1
75 1589 1
75 1751 1
76 2 1
76 704 1
76 1476 1
77 972 1
77 1005 1
77 1586 1
78 34 1
78 35 1
78 1775 1
78 1831 1
79 370 1
79 670 1
79 892 1
80 703 1
80 2018 1
80 2046 1
81 301 1
81 1154 1
83 8 1
83 29 1
83 35 1
83 1097 1
84 351 1
84 493 1
84 1251 1
84 1961 1
85 9 1
85 1866 1
85 1954 1
86 1 1
86 404 1
86 505 1
86 509 1
87 24 1
87 38 1
87 41 1
87 640 1
87 675 1
87 1501 1
87 2008 1
88 11 1
89 21 1
89 26 1
90 1392 1
91 3 1
91 35 1
91 448 1
92 10 1
93 19 1
93 33 1
93 1334 1
93 1666 1
94 24 1
94 29 1
94 953 1
94 1605 1
96 4 1
96 12 1
96 1670 1
97 3 1
97 16 1
97 26 1
97 530 1
97 787 1
97 1055 1
98 38 1
99 27 1
99 683 1
100 24 1
101 1 1
101 6 1
102 16 1
102 985 1
102 1151 1
103 22 1
103 29 1
103 37 1
103 41 1
103 249 1
103 334 1
103 412 1
103 632 1
103 1209 1
103 1857 1
103 2005 1
104 37 1
104 38 1
104 681 1
104 871 1
104 1766 1
104 2037 1
105 3 1
105 19 1
105 40 1
105 986 1
106 24 1
106 206 1
106 781 1
107 39 1
107 236 1
107 495 1
107 697 1
107 1167 1
108 5 1
108 33 1
108 421 1
108 1528 1
108 1876 1
108 1978 1
109 6 1
109 1262 1
109 1432 1
109 1546 1
109 1587 1
109 1675 1
110 27 1
110 36 1
110 461 1
110 2029 1
111 146 1
111 1985 1
112 17 1
113 9 1
113 1672 1
114 129 1
114 717 1
114 1613 1
115 417 1
115 904 1
115 941 1
115 2015 1
116 35 1
116 302 1
116 1147 1
117 488 1
117 947 1
117 1164 1
117 1235 1
118 5 1
118 754 1
118 1254 1
118 1849 1
119 10 1
119 20 1
119 419 1
119 1780 1
120 19 1
120 25 1
120 84 1
120 468 1
121 24 1
121 368 1
122 15 1
122 285 1
122 480 1
122 882 1
122 1033 1
123 822 1
123 1482 1
124 725 1
125 9 1
125 11 1
125 1749 1
126 28 1
126 1450 1
127 13 1
127 14 1
127 305 1
128 1 1
128 28 1
128 196 1
128 659 1
128 755 1
129 7 1
129 17 1
129 1500 1
130 587 1
131 3 1
131 13 1
131 17 1
131 35 1
131 1110 1
131 1731 1
132 5 1
132 9 1
133 40 1
133 1228 1
134 525 1
135 9 1
135 1025 1
135 1445 1
136 5 1
136 184 1
136 917 1
138 1364 1
139 17 1
140 13 1
140 847 1
140 938 1
140 1588 1
140 1804 1
141 3 1
141 1259 1
142 35 1
142 355 1
142 928 1
142 1990 1
143 39 1
143 436 1
143 441 1
143 910 1
144 5 1
144 14 1
144 25 1
144 30 1
144 276 1
144 538 1
144 677 1
144 806 1
144 951 1
144 1525 1
144 1600 1
144 1936 1
144 1950 1
145 12 1
145 21 1
145 25 1
145 41 1
145 563 1
145 823 1
145 981 1
145 1453 1
145 1943 1
146 32 1
146 1118 1
146 1521 1
146 1885 1
147 2 1
147 4 1
147 234 1
147 476 1
147 815 1
147 1021 1
147 1341 1
147 1549 1
148 33 1
148 481 1
148 761 1
148 1527 1
148 1903 1
149 14 1
149 28 1
149 309 1
150 33 1
151 97 1
151 1640 1
159 213 1
159 645 1
159 752 1
159 1098 1
159 1412 1
160 1058 1
160 1503 1
160 1653 1
161 1062 1
162 161 1
162 1591 1
162 1662 1
163 391 1
163 591 1
163 639 1
163 689 1
163 1891 1
164 209 1
164 424 1
164 1027 1
164 1615 1
167 384 1
167 733 1
177 1053 1
177 1130 1
178 258 1
179 173 1
179 983 1
179 1083 1
180 1833 1
181 1801 1
182 1103 1
182 1261 1
182 1889 1
184 349 1
195 974 1
196 962 1
203 99 1
207 148 1
208 170 1
208 406 1
208 1287 1
208 1363 1
208 1693 1
209 679 1
209 1324 1
210 934 1
210 1161 1
211 377 1
211 416 1
211 772 1
211 1271 1
212 811 1
215 248 1
215 956 1
215 1797 1
217 353 1
230 739 1
230 1494 1
233 574 1
243 532 1
243 1230 1
243 1321 1
243 1716 1
244 136 1
244 494 1
244 1067 1
245 491 1
246 140 1
246 585 1
246 798 1
246 1945 1
247 142 1
247 150 1
247 654 1
247 1861 1
250 1213 1
251 980 1
253 1046 1
267 177 1
273 1555 1
279 360 1
280 398 1
281 401 1
281 671 1
281 1603 1
281 1713 1
282 618 1
282 1578 1
282 1956 1
284 94 1
284 326 1
284 1346 1
285 1037 1
286 165 1
286 616 1
286 1821 1
286 1829 1
287 102 1
287 696 1
287 1814 1
302 1465 1
302 1634 1
303 410 1
315 337 1
315 383 1
315 465 1
315 1145 1
315 1318 1
315 1565 1
315 1590 1
315 1621 1
316 111 1
316 1030 1
317 662 1
317 1229 1
318 181 1
318 484 1
318 850 1
318 1790 1
319 515 1
319 1685 1
329 876 1
331 255 1
331 1106 1
332 520 1
343 1353 1
344 536 1
345 795 1
348 1407 1
357 292 1
357 1335 1
357 1477 1
358 155 1
358 672 1
359 1060 1
359 1084 1
359 1660 1
359 1778 1
359 2031 1
360 121 1
360 900 1
360 1142 1
360 1285 1
360 1502 1
360 1671 1
361 692 1
362 100 1
362 1225 1
362 1404 1
363 219 1
363 949 1
363 1760 1
364 1523 1
364 2024 1
365 1427 1
366 423 1
367 952 1
750 2048 0
