1 1275 1
2 10 1
2 23 1
3 1129 1
4 5 1
4 13 1
4 24 1
5 10 1
6 11 1
7 1 1
8 17 1
9 30 1
10 17 1
10 22 1
10 36 1
11 21 1
13 5 1
14 2 1
14 11 1
15 2 1
15 10 1
20 14 1
20 35 1
21 25 1
23 5 1
23 38 1
23 41 1
24 19 1
24 27 1
24 29 1
25 15 1
26 1908 1
27 313 1
27 792 1
27 1651 1
28 3 1
28 10 1
28 28 1
28 1045 1
29 21 1
29 29 1
30 34 1
32 20 1
34 24 1
34 1204 1
35 362 1
35 1635 1
36 3 1
36 196 1
37 2 1
37 8 1
37 17 1
37 37 1
37 652 1
37 951 1
37 1068 1
37 1680 1
38 16 1
38 82 1
38 184 1
38 364 1
38 551 1
38 1857 1
39 25 1
39 30 1
39 99 1
39 110 1
39 161 1
39 206 1
39 301 1
39 391 1
39 712 1
39 1013 1
39 1061 1
39 1116 1
39 1135 1
39 1952 1
40 564 1
40 702 1
40 935 1
40 1014 1
40 1167 1
40 1231 1
40 1244 1
40 1586 1
40 1788 1
40 1804 1
40 1866 1
40 1939 1
40 1977 1
40 2037 1
41 149 1
41 309 1
41 365 1
41 415 1
41 469 1
41 757 1
41 790 1
41 1153 1
41 1353 1
41 1392 1
41 1737 1
41 1846 1
41 1850 1
41 1896 1
41 1934 1
41 2006 1
41 2046 1
42 325 1
42 392 1
42 399 1
42 590 1
42 600 1
42 682 1
42 982 1
42 1027 1
42 1531 1
42 1645 1
43 11 1
43 19 1
43 77 1
43 677 1
43 685 1
43 815 1
43 1422 1
43 1820 1
44 13 1
44 33 1
44 192 1
44 1262 1
44 1293 1
44 1949 1
45 289 1
45 731 1
45 1022 1
45 1619 1
45 1798 1
45 1876 1
45 1976 1
46 9 1
46 1592 1
46 1883 1
47 17 1
47 23 1
47 205 1
47 1961 1
48 33 1
48 37 1
48 112 1
48 168 1
48 1156 1
49 14 1
49 1292 1
49 1806 1
50 4 1
50 26 1
50 51 1
50 713 1
50 1070 1
50 1081 1
50 1261 1
50 1525 1
50 1555 1
50 1714 1
50 1998 1
51 39 1
51 40 1
51 62 1
51 98 1
51 193 1
51 213 1
51 244 1
51 276 1
51 305 1
51 319 1
51 345 1
51 440 1
51 448 1
51 461 1
51 472 1
51 530 1
51 605 1
51 655 1
51 761 1
51 914 1
51 979 1
51 994 1
51 995 1
51 1055 1
51 1072 1
51 1176 1
51 1190 1
51 1192 1
51 1235 1
51 1272 1
51 1296 1
51 1330 1
51 1412 1
51 1473 1
51 1521 1
51 1524 1
51 1552 1
51 1559 1
51 1582 1
51 1641 1
51 1671 1
51 1698 1
51 1719 1
51 1745 1
51 1776 1
51 1809 1
51 2033 1
51 2048 1
52 23 1
52 88 1
52 142 1
52 150 1
52 152 1
52 183 1
52 203 1
52 212 1
52 218 1
52 226 1
52 273 1
52 322 1
52 335 1
52 348 1
52 420 1
52 459 1
52 473 1
52 487 1
52 491 1
52 563 1
52 619 1
52 626 1
52 650 1
52 674 1
52 689 1
52 811 1
52 819 1
52 820 1
52 844 1
52 869 1
52 892 1
52 910 1
52 975 1
52 996 1
52 1062 1
52 1071 1
52 1094 1
52 1097 1
52 1108 1
52 1111 1
52 1137 1
52 1149 1
52 1152 1
52 1178 1
52 1199 1
52 1239 1
52 1258 1
52 1319 1
52 1335 1
52 1424 1
52 1433 1
52 1487 1
52 1496 1
52 1577 1
52 1590 1
52 1614 1
52 1731 1
52 1765 1
52 1770 1
52 1787 1
52 1826 1
52 1830 1
52 1831 1
52 1858 1
52 1897 1
52 1928 1
52 1938 1
52 1947 1
52 1956 1
52 1968 1
52 1984 1
52 1988 1
53 25 1
53 31 1
53 45 1
53 48 1
53 56 1
53 65 1
53 91 1
53 97 1
53 100 1
53 125 1
53 155 1
53 195 1
53 209 1
53 225 1
53 228 1
53 241 1
53 248 1
53 249 1
53 300 1
53 310 1
53 326 1
53 351 1
53 363 1
53 374 1
53 378 1
53 382 1
53 405 1
53 412 1
53 436 1
53 457 1
53 470 1
53 488 1
53 501 1
53 538 1
53 545 1
53 558 1
53 561 1
53 565 1
53 581 1
53 604 1
53 612 1
53 613 1
53 615 1
53 638 1
53 690 1
53 691 1
53 698 1
53 715 1
53 727 1
53 741 1
53 749 1
53 760 1
53 767 1
53 786 1
53 794 1
53 797 1
53 821 1
53 850 1
53 866 1
53 876 1
53 888 1
53 889 1
53 891 1
53 893 1
53 902 1
53 947 1
53 973 1
53 981 1
53 988 1
53 992 1
53 999 1
53 1059 1
53 1095 1
53 1096 1
53 1124 1
53 1136 1
53 1154 1
53 1160 1
53 1189 1
53 1213 1
53 1249 1
53 1255 1
53 1259 1
53 1276 1
53 1310 1
53 1332 1
53 1349 1
53 1366 1
53 1370 1
53 1420 1
53 1442 1
53 1443 1
53 1453 1
53 1474 1
53 1492 1
53 1516 1
53 1519 1
53 1543 1
53 1548 1
53 1561 1
53 1573 1
53 1574 1
53 1578 1
53 1632 1
53 1639 1
53 1646 1
53 1661 1
53 1666 1
53 1697 1
53 1712 1
53 1713 1
53 1723 1
53 1733 1
53 1736 1
53 1741 1
53 1751 1
53 1761 1
53 1792 1
53 1811 1
53 1816 1
53 1833 1
53 1906 1
53 1962 1
53 1963 1
53 1971 1
53 2013 1
53 2014 1
53 2027 1
53 2029 1
54 12 1
54 17 1
54 20 1
54 50 1
54 63 1
54 128 1
54 151 1
54 172 1
54 190 1
54 204 1
54 207 1
54 211 1
54 216 1
54 245 1
54 254 1
54 268 1
54 366 1
54 375 1
54 377 1
54 421 1
54 423 1
54 453 1
54 455 1
54 495 1
54 505 1
54 525 1
54 529 1
54 532 1
54 548 1
54 562 1
54 570 1
54 611 1
54 640 1
54 648 1
54 686 1
54 699 1
54 724 1
54 730 1
54 738 1
54 754 1
54 755 1
54 756 1
54 773 1
54 823 1
54 839 1
54 840 1
54 843 1
54 852 1
54 862 1
54 884 1
54 896 1
54 915 1
54 927 1
54 936 1
54 952 1
54 963 1
54 970 1
54 976 1
54 1005 1
54 1010 1
54 1016 1
54 1031 1
54 1040 1
54 1047 1
54 1054 1
54 1074 1
54 1085 1
54 1115 1
54 1132 1
54 1142 1
54 1158 1
54 1202 1
54 1203 1
54 1218 1
54 1248 1
54 1256 1
54 1277 1
54 1284 1
54 1331 1
54 1337 1
54 1343 1
54 1354 1
54 1361 1
54 1409 1
54 1415 1
54 1450 1
54 1464 1
54 1466 1
54 1553 1
54 1564 1
54 1568 1
54 1579 1
54 1599 1
54 1602 1
54 1603 1
54 1626 1
54 1655 1
54 1662 1
54 1667 1
54 1669 1
54 1674 1
54 1683 1
54 1684 1
54 1694 1
54 1699 1
54 1704 1
54 1746 1
54 1754 1
54 1789 1
54 1807 1
54 1819 1
54 1822 1
54 1823 1
54 1828 1
54 1853 1
54 1865 1
54 1872 1
54 1924 1
54 1944 1
54 1953 1
54 1955 1
54 1965 1
54 1981 1
54 2019 1
54 2041 1
54 2044 1
55 5 1
55 7 1
55 18 1
55 74 1
55 75 1
55 80 1
55 130 1
55 146 1
55 173 1
55 258 1
55 261 1
55 266 1
55 281 1
55 286 1
55 298 1
55 312 1
55 317 1
55 321 1
55 389 1
55 396 1
55 416 1
55 462 1
55 489 1
55 513 1
55 515 1
55 519 1
55 528 1
55 534 1
55 559 1
55 578 1
55 584 1
55 608 1
55 631 1
55 632 1
55 667 1
55 736 1
55 766 1
55 768 1
55 806 1
55 833 1
55 841 1
55 863 1
55 864 1
55 886 1
55 911 1
55 922 1
55 924 1
55 931 1
55 945 1
55 966 1
55 1003 1
55 1056 1
55 1058 1
55 1060 1
55 1077 1
55 1119 1
55 1141 1
55 1150 1
55 1170 1
55 1171 1
55 1175 1
55 1233 1
55 1246 1
55 1326 1
55 1371 1
55 1380 1
55 1389 1
55 1400 1
55 1402 1
55 1458 1
55 1467 1
55 1476 1
55 1482 1
55 1509 1
55 1518 1
55 1520 1
55 1571 1
55 1594 1
55 1596 1
55 1610 1
55 1612 1
55 1613 1
55 1648 1
55 1676 1
55 1691 1
55 1750 1
55 1763 1
55 1784 1
55 1815 1
55 1835 1
55 1844 1
55 1855 1
55 1891 1
55 1932 1
55 1936 1
55 1964 1
55 2008 1
55 2011 1
56 11 1
56 60 1
56 103 1
56 104 1
56 127 1
56 148 1
56 346 1
56 425 1
56 431 1
56 446 1
56 482 1
56 498 1
56 504 1
56 546 1
56 567 1
56 591 1
56 672 1
56 697 1
56 717 1
56 750 1
56 776 1
56 801 1
56 854 1
56 913 1
56 918 1
56 930 1
56 934 1
56 972 1
56 1093 1
56 1127 1
56 1148 1
56 1177 1
56 1196 1
56 1206 1
56 1220 1
56 1252 1
56 1268 1
56 1341 1
56 1346 1
56 1407 1
56 1445 1
56 1456 1
56 1469 1
56 1471 1
56 1472 1
56 1500 1
56 1505 1
56 1539 1
56 1554 1
56 1556 1
56 1562 1
56 1618 1
56 1625 1
56 1643 1
56 1728 1
56 1757 1
56 1783 1
56 1799 1
56 1861 1
56 1870 1
56 1871 1
56 1874 1
56 1914 1
56 1941 1
56 1980 1
56 2040 1
57 1 1
57 5 1
57 13 1
57 68 1
57 131 1
57 177 1
57 180 1
57 187 1
57 223 1
57 240 1
57 274 1
57 288 1
57 359 1
57 370 1
57 379 1
57 398 1
57 428 1
57 480 1
57 524 1
57 533 1
57 556 1
57 636 1
57 642 1
57 644 1
57 671 1
57 711 1
57 722 1
57 747 1
57 795 1
57 857 1
57 925 1
57 957 1
57 985 1
57 1002 1
57 1032 1
57 1223 1
57 1225 1
57 1386 1
57 1416 1
57 1742 1
57 1775 1
57 1967 1
57 1972 1
57 2012 1
58 52 1
58 57 1
58 87 1
58 182 1
58 234 1
58 353 1
58 479 1
58 518 1
58 571 1
58 575 1
58 621 1
58 635 1
58 639 1
58 666 1
58 696 1
58 700 1
58 735 1
58 807 1
58 860 1
58 1138 1
58 1157 1
58 1168 1
58 1242 1
58 1316 1
58 1363 1
58 1481 1
58 1506 1
58 1512 1
58 1606 1
58 1677 1
58 1702 1
58 1727 1
58 1909 1
58 1929 1
58 1991 1
58 2031 1
59 25 1
59 71 1
59 140 1
59 243 1
59 334 1
59 369 1
59 390 1
59 419 1
59 439 1
59 475 1
59 512 1
59 554 1
59 577 1
59 641 1
59 856 1
59 867 1
59 870 1
59 1012 1
59 1017 1
59 1134 1
59 1180 1
59 1250 1
59 1270 1
59 1391 1
59 1429 1
59 1491 1
59 1544 1
59 1664 1
59 1735 1
59 1785 1
59 1793 1
59 1875 1
60 31 1
60 66 1
60 328 1
60 404 1
60 406 1
60 503 1
60 623 1
60 782 1
60 929 1
60 1210 1
60 1336 1
60 1515 1
60 1549 1
60 1640 1
60 1715 1
60 1724 1
60 1878 1
60 2003 1
61 6 1
61 38 1
61 95 1
61 106 1
61 338 1
61 502 1
61 607 1
61 878 1
61 1004 1
61 1030 1
61 1128 1
61 1131 1
61 1221 1
61 1295 1
61 1360 1
61 1527 1
61 1570 1
61 1584 1
61 1633 1
62 61 1
62 277 1
62 349 1
62 373 1
62 579 1
62 817 1
62 977 1
62 1025 1
62 1080 1
62 1098 1
62 1523 1
62 1547 1
62 1766 1
62 1779 1
62 1882 1
62 1894 1
63 664 1
63 834 1
63 926 1
63 1064 1
63 1088 1
63 1226 1
63 1245 1
63 1251 1
63 1428 1
63 1842 1
63 1863 1
63 1905 1
64 32 1
64 41 1
64 55 1
64 59 1
64 73 1
64 86 1
64 198 1
64 267 1
64 341 1
64 376 1
64 429 1
64 748 1
64 804 1
64 919 1
64 1021 1
64 1034 1
64 1079 1
64 1172 1
64 1376 1
64 1397 1
64 1557 1
64 1630 1
64 1762 1
64 1768 1
64 1920 1
64 1943 1
64 2009 1
65 38 1
65 44 1
65 46 1
65 47 1
65 78 1
65 81 1
65 105 1
65 117 1
65 185 1
65 214 1
65 221 1
65 236 1
65 242 1
65 260 1
65 271 1
65 283 1
65 324 1
65 330 1
65 344 1
65 356 1
65 360 1
65 411 1
65 424 1
65 456 1
65 468 1
65 474 1
65 494 1
65 510 1
65 527 1
65 531 1
65 537 1
65 539 1
65 552 1
65 580 1
65 582 1
65 592 1
65 627 1
65 628 1
65 629 1
65 649 1
65 662 1
65 680 1
65 681 1
65 726 1
65 737 1
65 771 1
65 787 1
65 791 1
65 793 1
65 814 1
65 827 1
65 828 1
65 848 1
65 861 1
65 875 1
65 880 1
65 890 1
65 921 1
65 937 1
65 953 1
65 1019 1
65 1028 1
65 1069 1
65 1090 1
65 1102 1
65 1113 1
65 1145 1
65 1194 1
65 1209 1
65 1219 1
65 1254 1
65 1273 1
65 1294 1
65 1323 1
65 1393 1
65 1394 1
65 1417 1
65 1460 1
65 1484 1
65 1498 1
65 1508 1
65 1514 1
65 1540 1
65 1567 1
65 1593 1
65 1673 1
65 1703 1
65 1711 1
65 1729 1
65 1747 1
65 1748 1
65 1749 1
65 1790 1
65 1829 1
65 1834 1
65 1847 1
65 1849 1
65 1860 1
65 1937 1
65 1954 1
65 1960 1
65 1973 1
65 1982 1
65 1985 1
65 1986 1
65 2001 1
65 2002 1
65 2032 1
65 2039 1
66 32 1
66 43 1
66 49 1
66 54 1
66 69 1
66 70 1
66 84 1
66 92 1
66 93 1
66 94 1
66 113 1
66 118 1
66 119 1
66 120 1
66 121 1
66 122 1
66 123 1
66 129 1
66 132 1
66 133 1
66 134 1
66 154 1
66 158 1
66 159 1
66 162 1
66 163 1
66 167 1
66 169 1
66 170 1
66 175 1
66 176 1
66 179 1
66 188 1
66 191 1
66 208 1
66 219 1
66 220 1
66 222 1
66 224 1
66 233 1
66 238 1
66 239 1
66 250 1
66 252 1
66 263 1
66 264 1
66 265 1
66 269 1
66 272 1
66 278 1
66 280 1
66 295 1
66 297 1
66 299 1
66 304 1
66 307 1
66 311 1
66 331 1
66 332 1
66 333 1
66 336 1
66 357 1
66 361 1
66 380 1
66 381 1
66 384 1
66 385 1
66 387 1
66 393 1
66 395 1
66 400 1
66 409 1
66 414 1
66 418 1
66 432 1
66 433 1
66 434 1
66 435 1
66 437 1
66 442 1
66 444 1
66 447 1
66 451 1
66 460 1
66 467 1
66 471 1
66 477 1
66 481 1
66 496 1
66 499 1
66 507 1
66 509 1
66 514 1
66 520 1
66 522 1
66 523 1
66 526 1
66 540 1
66 553 1
66 557 1
66 560 1
66 569 1
66 573 1
66 576 1
66 583 1
66 585 1
66 587 1
66 596 1
66 599 1
66 602 1
66 614 1
66 622 1
66 624 1
66 625 1
66 630 1
66 634 1
66 645 1
66 646 1
66 654 1
66 658 1
66 659 1
66 660 1
66 661 1
66 665 1
66 669 1
66 673 1
66 676 1
66 678 1
66 679 1
66 687 1
66 703 1
66 709 1
66 718 1
66 720 1
66 725 1
66 728 1
66 742 1
66 744 1
66 751 1
66 753 1
66 759 1
66 762 1
66 763 1
66 764 1
66 769 1
66 778 1
66 779 1
66 781 1
66 789 1
66 799 1
66 818 1
66 824 1
66 825 1
66 831 1
66 832 1
66 835 1
66 837 1
66 838 1
66 846 1
66 853 1
66 865 1
66 868 1
66 872 1
66 874 1
66 881 1
66 883 1
66 897 1
66 899 1
66 904 1
66 905 1
66 909 1
66 916 1
66 920 1
66 928 1
66 941 1
66 943 1
66 944 1
66 946 1
66 949 1
66 955 1
66 961 1
66 962 1
66 968 1
66 969 1
66 980 1
66 984 1
66 987 1
66 1000 1
66 1001 1
66 1007 1
66 1009 1
66 1020 1
66 1024 1
66 1029 1
66 1037 1
66 1042 1
66 1043 1
66 1046 1
66 1048 1
66 1050 1
66 1051 1
66 1057 1
66 1063 1
66 1067 1
66 1075 1
66 1076 1
66 1089 1
66 1092 1
66 1100 1
66 1103 1
66 1109 1
66 1112 1
66 1114 1
66 1122 1
66 1133 1
66 1139 1
66 1140 1
66 1143 1
66 1151 1
66 1155 1
66 1159 1
66 1163 1
66 1165 1
66 1185 1
66 1186 1
66 1197 1
66 1207 1
66 1216 1
66 1217 1
66 1227 1
66 1230 1
66 1240 1
66 1241 1
66 1253 1
66 1257 1
66 1263 1
66 1267 1
66 1274 1
66 1287 1
66 1291 1
66 1302 1
66 1303 1
66 1307 1
66 1311 1
66 1312 1
66 1314 1
66 1315 1
66 1318 1
66 1324 1
66 1327 1
66 1328 1
66 1329 1
66 1333 1
66 1339 1
66 1344 1
66 1347 1
66 1358 1
66 1359 1
66 1368 1
66 1369 1
66 1372 1
66 1374 1
66 1378 1
66 1390 1
66 1395 1
66 1398 1
66 1401 1
66 1404 1
66 1406 1
66 1408 1
66 1410 1
66 1413 1
66 1418 1
66 1426 1
66 1431 1
66 1435 1
66 1437 1
66 1441 1
66 1451 1
66 1452 1
66 1457 1
66 1462 1
66 1468 1
66 1470 1
66 1475 1
66 1477 1
66 1478 1
66 1485 1
66 1488 1
66 1493 1
66 1495 1
66 1497 1
66 1501 1
66 1503 1
66 1526 1
66 1528 1
66 1530 1
66 1533 1
66 1534 1
66 1536 1
66 1541 1
66 1546 1
66 1558 1
66 1563 1
66 1572 1
66 1575 1
66 1583 1
66 1588 1
66 1589 1
66 1591 1
66 1597 1
66 1600 1
66 1601 1
66 1615 1
66 1622 1
66 1624 1
66 1627 1
66 1628 1
66 1638 1
66 1642 1
66 1647 1
66 1650 1
66 1654 1
66 1670 1
66 1675 1
66 1679 1
66 1681 1
66 1682 1
66 1687 1
66 1693 1
66 1700 1
66 1701 1
66 1709 1
66 1717 1
66 1718 1
66 1722 1
66 1725 1
66 1726 1
66 1743 1
66 1755 1
66 1756 1
66 1758 1
66 1774 1
66 1777 1
66 1778 1
66 1786 1
66 1800 1
66 1802 1
66 1803 1
66 1808 1
66 1810 1
66 1812 1
66 1814 1
66 1817 1
66 1818 1
66 1824 1
66 1838 1
66 1839 1
66 1841 1
66 1845 1
66 1851 1
66 1852 1
66 1854 1
66 1859 1
66 1873 1
66 1881 1
66 1884 1
66 1889 1
66 1892 1
66 1893 1
66 1895 1
66 1899 1
66 1903 1
66 1904 1
66 1912 1
66 1913 1
66 1917 1
66 1919 1
66 1921 1
66 1925 1
66 1933 1
66 1935 1
66 1942 1
66 1948 1
66 1951 1
66 1957 1
66 1966 1
66 1974 1
66 1978 1
66 1983 1
66 1993 1
66 1995 1
66 1997 1
66 2000 1
66 2005 1
66 2022 1
66 2028 1
66 2030 1
66 2034 1
66 2042 1
66 2045 1
67 21 1
67 42 1
67 53 1
67 58 1
67 67 1
67 72 1
67 79 1
67 83 1
67 85 1
67 89 1
67 90 1
67 101 1
67 107 1
67 114 1
67 124 1
67 135 1
67 137 1
67 138 1
67 144 1
67 153 1
67 156 1
67 157 1
67 160 1
67 165 1
67 166 1
67 171 1
67 174 1
67 178 1
67 186 1
67 201 1
67 210 1
67 215 1
67 227 1
67 229 1
67 231 1
67 232 1
67 247 1
67 253 1
67 256 1
67 257 1
67 259 1
67 282 1
67 287 1
67 291 1
67 292 1
67 294 1
67 302 1
67 303 1
67 306 1
67 308 1
67 314 1
67 318 1
67 320 1
67 339 1
67 347 1
67 350 1
67 352 1
67 355 1
67 367 1
67 368 1
67 371 1
67 383 1
67 388 1
67 394 1
67 397 1
67 402 1
67 417 1
67 422 1
67 426 1
67 438 1
67 441 1
67 454 1
67 458 1
67 463 1
67 464 1
67 465 1
67 466 1
67 476 1
67 483 1
67 485 1
67 490 1
67 493 1
67 497 1
67 500 1
67 506 1
67 508 1
67 511 1
67 516 1
67 517 1
67 521 1
67 535 1
67 543 1
67 544 1
67 547 1
67 549 1
67 568 1
67 572 1
67 574 1
67 593 1
67 594 1
67 595 1
67 598 1
67 601 1
67 603 1
67 606 1
67 609 1
67 618 1
67 637 1
67 647 1
67 656 1
67 657 1
67 663 1
67 668 1
67 670 1
67 675 1
67 684 1
67 694 1
67 695 1
67 704 1
67 705 1
67 707 1
67 714 1
67 716 1
67 719 1
67 721 1
67 723 1
67 729 1
67 734 1
67 745 1
67 746 1
67 770 1
67 772 1
67 775 1
67 783 1
67 798 1
67 802 1
67 805 1
67 808 1
67 809 1
67 812 1
67 813 1
67 816 1
67 836 1
67 842 1
67 845 1
67 847 1
67 849 1
67 851 1
67 855 1
67 858 1
67 873 1
67 877 1
67 879 1
67 882 1
67 885 1
67 898 1
67 901 1
67 903 1
67 906 1
67 908 1
67 912 1
67 923 1
67 932 1
67 933 1
67 940 1
67 954 1
67 956 1
67 960 1
67 964 1
67 965 1
67 967 1
67 974 1
67 983 1
67 986 1
67 989 1
67 990 1
67 991 1
67 993 1
67 997 1
67 998 1
67 1006 1
67 1011 1
67 1018 1
67 1023 1
67 1033 1
67 1036 1
67 1038 1
67 1039 1
67 1041 1
67 1044 1
67 1052 1
67 1066 1
67 1073 1
67 1082 1
67 1083 1
67 1084 1
67 1091 1
67 1099 1
67 1101 1
67 1104 1
67 1105 1
67 1106 1
67 1118 1
67 1120 1
67 1123 1
67 1126 1
67 1130 1
67 1146 1
67 1147 1
67 1161 1
67 1162 1
67 1166 1
67 1169 1
67 1173 1
67 1174 1
67 1181 1
67 1183 1
67 1187 1
67 1188 1
67 1191 1
67 1200 1
67 1201 1
67 1205 1
67 1208 1
67 1211 1
67 1214 1
67 1222 1
67 1224 1
67 1238 1
67 1260 1
67 1269 1
67 1280 1
67 1281 1
67 1286 1
67 1288 1
67 1289 1
67 1290 1
67 1297 1
67 1298 1
67 1299 1
67 1300 1
67 1301 1
67 1305 1
67 1309 1
67 1313 1
67 1317 1
67 1321 1
67 1322 1
67 1325 1
67 1334 1
67 1340 1
67 1342 1
67 1345 1
67 1348 1
67 1350 1
67 1351 1
67 1355 1
67 1356 1
67 1362 1
67 1364 1
67 1367 1
67 1375 1
67 1379 1
67 1381 1
67 1382 1
67 1383 1
67 1384 1
67 1385 1
67 1387 1
67 1388 1
67 1396 1
67 1399 1
67 1421 1
67 1423 1
67 1425 1
67 1430 1
67 1432 1
67 1436 1
67 1439 1
67 1447 1
67 1448 1
67 1461 1
67 1465 1
67 1479 1
67 1494 1
67 1502 1
67 1507 1
67 1510 1
67 1511 1
67 1513 1
67 1517 1
67 1529 1
67 1532 1
67 1537 1
67 1538 1
67 1542 1
67 1545 1
67 1550 1
67 1551 1
67 1560 1
67 1565 1
67 1569 1
67 1595 1
67 1598 1
67 1604 1
67 1605 1
67 1607 1
67 1608 1
67 1609 1
67 1611 1
67 1616 1
67 1620 1
67 1629 1
67 1631 1
67 1634 1
67 1653 1
67 1656 1
67 1658 1
67 1660 1
67 1663 1
67 1665 1
67 1668 1
67 1672 1
67 1678 1
67 1686 1
67 1690 1
67 1692 1
67 1695 1
67 1706 1
67 1707 1
67 1710 1
67 1721 1
67 1732 1
67 1738 1
67 1740 1
67 1752 1
67 1753 1
67 1759 1
67 1760 1
67 1769 1
67 1773 1
67 1780 1
67 1781 1
67 1782 1
67 1791 1
67 1796 1
67 1797 1
67 1825 1
67 1832 1
67 1836 1
67 1837 1
67 1848 1
67 1856 1
67 1864 1
67 1869 1
67 1879 1
67 1880 1
67 1886 1
67 1890 1
67 1898 1
67 1900 1
67 1901 1
67 1907 1
67 1915 1
67 1916 1
67 1923 1
67 1927 1
67 1931 1
67 1945 1
67 1946 1
67 1950 1
67 1959 1
67 1970 1
67 1975 1
67 1979 1
67 1987 1
67 1990 1
67 1992 1
67 1994 1
67 1999 1
67 2004 1
67 2015 1
67 2017 1
67 2018 1
67 2020 1
67 2021 1
67 2023 1
67 2025 1
67 2036 1
67 2038 1
67 2043 1
68 96 1
68 102 1
68 108 1
68 109 1
68 115 1
68 126 1
68 136 1
68 139 1
68 143 1
68 145 1
68 189 1
68 194 1
68 197 1
68 199 1
68 200 1
68 202 1
68 230 1
68 246 1
68 255 1
68 262 1
68 284 1
68 285 1
68 290 1
68 315 1
68 316 1
68 323 1
68 329 1
68 340 1
68 343 1
68 354 1
68 358 1
68 372 1
68 386 1
68 408 1
68 413 1
68 427 1
68 449 1
68 450 1
68 452 1
68 492 1
68 536 1
68 541 1
68 566 1
68 597 1
68 633 1
68 653 1
68 688 1
68 692 1
68 706 1
68 710 1
68 733 1
68 743 1
68 777 1
68 780 1
68 785 1
68 796 1
68 800 1
68 810 1
68 822 1
68 826 1
68 829 1
68 895 1
68 907 1
68 917 1
68 938 1
68 939 1
68 942 1
68 948 1
68 959 1
68 971 1
68 978 1
68 1008 1
68 1035 1
68 1078 1
68 1110 1
68 1117 1
68 1121 1
68 1144 1
68 1182 1
68 1184 1
68 1195 1
68 1228 1
68 1232 1
68 1236 1
68 1243 1
68 1266 1
68 1282 1
68 1304 1
68 1306 1
68 1365 1
68 1377 1
68 1405 1
68 1414 1
68 1427 1
68 1438 1
68 1444 1
68 1454 1
68 1483 1
68 1490 1
68 1504 1
68 1535 1
68 1566 1
68 1580 1
68 1587 1
68 1617 1
68 1623 1
68 1644 1
68 1649 1
68 1657 1
68 1659 1
68 1685 1
68 1688 1
68 1689 1
68 1696 1
68 1705 1
68 1720 1
68 1730 1
68 1734 1
68 1739 1
68 1744 1
68 1764 1
68 1767 1
68 1771 1
68 1772 1
68 1794 1
68 1795 1
68 1801 1
68 1827 1
68 1840 1
68 1867 1
68 1877 1
68 1888 1
68 1910 1
68 1911 1
68 1918 1
68 1926 1
68 1940 1
68 1969 1
68 1989 1
68 2007 1
68 2010 1
68 2035 1
68 2047 1
69 18 1
69 116 1
69 235 1
69 237 1
69 251 1
69 270 1
69 275 1
69 337 1
69 401 1
69 410 1
69 478 1
69 484 1
69 550 1
69 555 1
69 586 1
69 610 1
69 620 1
69 643 1
69 651 1
69 693 1
69 752 1
69 765 1
69 784 1
69 803 1
69 830 1
69 859 1
69 871 1
69 894 1
69 950 1
69 1053 1
69 1086 1
69 1125 1
69 1179 1
69 1193 1
69 1198 1
69 1212 1
69 1264 1
69 1279 1
69 1283 1
69 1352 1
69 1480 1
69 1489 1
69 1585 1
69 1637 1
69 1652 1
69 1716 1
69 1813 1
69 1843 1
69 1862 1
69 1868 1
69 1885 1
69 1902 1
69 2026 1
70 15 1
70 20 1
70 164 1
70 296 1
70 327 1
70 403 1
70 407 1
70 430 1
70 542 1
70 588 1
70 683 1
70 758 1
70 1049 1
70 1065 1
70 1087 1
70 1247 1
70 1275 1
70 1357 1
70 1373 1
70 1459 1
70 1499 1
70 1708 1
70 1996 1
71 7 1
71 32 1
71 443 1
71 701 1
71 900 1
71 1164 1
71 1215 1
71 1229 1
71 1234 1
71 1446 1
71 1486 1
71 1621 1
71 1922 1
72 40 1
72 141 1
72 147 1
72 342 1
72 887 1
72 1338 1
72 1581 1
72 2024 1
73 5 1
73 16 1
73 111 1
73 589 1
73 616 1
73 1015 1
73 1107 1
73 1419 1
73 1455 1
74 22 1
74 739 1
74 958 1
75 17 1
75 19 1
75 1440 1
75 1805 1
76 38 1
76 740 1
77 31 1
77 38 1
77 1463 1
78 4 1
78 23 1
78 486 1
78 1026 1
78 1278 1
78 1958 1
79 217 1
79 617 1
79 1271 1
79 1930 1
80 76 1
80 279 1
80 732 1
80 1129 1
81 708 1
81 788 1
81 1449 1
82 181 1
82 1265 1
83 7 1
83 19 1
83 36 1
83 40 1
83 293 1
83 1320 1
83 1636 1
84 13 1
84 29 1
84 31 1
85 5 1
85 6 1
85 26 1
86 12 1
87 4 1
87 28 1
89 64 1
90 17 1
91 6 1
91 15 1
91 35 1
93 10 1
94 13 1
94 35 1
94 37 1
97 35 1
98 12 1
99 20 1
99 23 1
99 24 1
99 30 1
101 36 1
102 4 1
104 8 1
106 36 1
107 8 1
108 9 1
111 1403 1
112 6 1
112 19 1
112 30 1
113 21 1
114 2 1
114 39 1
114 1531 1
114 1962 1
115 6 1
115 11 1
116 27 1
116 374 1
116 994 1
117 37 1
117 1329 1
117 1675 1
118 35 1
118 316 1
118 2037 1
119 23 1
120 26 1
120 161 1
120 477 1
120 613 1
120 1176 1
120 1670 1
121 8 1
121 1816 1
122 13 1
122 21 1
122 480 1
123 14 1
123 16 1
123 1947 1
124 6 1
124 1500 1
124 1887 1
124 1908 1
124 1999 1
125 11 1
125 38 1
125 551 1
125 691 1
125 1576 1
125 1807 1
125 2016 1
126 18 1
126 23 1
126 151 1
126 473 1
126 1045 1
126 1061 1
126 1450 1
126 1871 1
126 1952 1
127 15 1
127 91 1
127 114 1
127 234 1
127 345 1
127 757 1
127 761 1
127 1204 1
127 1277 1
127 1540 1
127 1543 1
127 1792 1
128 364 1
128 404 1
128 914 1
128 985 1
128 1310 1
129 313 1
129 365 1
129 420 1
129 640 1
129 742 1
129 820 1
129 1626 1
129 1704 1
129 1846 1
129 1883 1
129 2012 1
130 9 1
130 23 1
130 26 1
130 39 1
130 221 1
130 226 1
130 382 1
130 475 1
130 591 1
130 792 1
130 857 1
130 892 1
130 1097 1
130 1508 1
130 1548 1
130 1804 1
130 1811 1
130 2013 1
131 5 1
131 112 1
131 245 1
131 301 1
131 425 1
131 1189 1
131 1213 1
131 1521 1
131 1586 1
131 1620 1
131 1648 1
131 1662 1
131 1875 1
132 456 1
132 1292 1
132 1534 1
132 1635 1
132 1751 1
132 1986 1
133 26 1
133 27 1
133 57 1
133 152 1
133 468 1
133 951 1
133 1432 1
133 1592 1
133 1749 1
133 1961 1
134 98 1
134 110 1
134 249 1
134 528 1
134 689 1
134 698 1
134 1076 1
134 1203 1
134 1349 1
134 1712 1
134 1741 1
134 1820 1
135 32 1
135 322 1
135 405 1
135 488 1
135 578 1
135 1048 1
135 1142 1
135 1445 1
135 1525 1
135 1650 1
135 1676 1
135 1693 1
135 1821 1
135 1954 1
136 12 1
136 82 1
136 309 1
136 649 1
136 749 1
136 773 1
136 775 1
136 972 1
136 1259 1
136 1420 1
136 1865 1
136 1869 1
137 31 1
137 45 1
137 66 1
137 326 1
137 608 1
137 870 1
137 937 1
137 1063 1
137 1077 1
137 1116 1
137 1308 1
137 1522 1
137 1737 1
137 1850 1
137 1953 1
138 18 1
138 172 1
138 218 1
138 495 1
138 600 1
138 831 1
138 919 1
138 1149 1
138 1167 1
138 1272 1
138 1539 1
138 1651 1
138 1830 1
138 1860 1
138 1896 1
139 3 1
139 16 1
139 39 1
139 75 1
139 113 1
139 190 1
139 232 1
139 351 1
139 564 1
139 611 1
139 652 1
139 840 1
139 996 1
139 1001 1
139 1030 1
139 1050 1
139 1124 1
139 1138 1
139 1225 1
139 1284 1
139 1412 1
139 1434 1
139 1757 1
139 1914 1
139 2006 1
139 2033 1
139 2046 1
140 8 1
140 52 1
140 56 1
140 62 1
140 192 1
140 305 1
140 338 1
140 412 1
140 469 1
140 493 1
140 518 1
140 580 1
140 590 1
140 702 1
140 712 1
140 750 1
140 856 1
140 1148 1
140 1171 1
140 1206 1
140 1392 1
140 1443 1
140 1590 1
140 1723 1
140 1906 1
140 1971 1
140 2030 1
141 48 1
141 73 1
141 129 1
141 196 1
141 208 1
141 241 1
141 339 1
141 375 1
141 385 1
141 389 1
141 399 1
141 415 1
141 417 1
141 485 1
141 487 1
141 768 1
141 893 1
141 909 1
141 953 1
141 986 1
141 999 1
141 1062 1
141 1081 1
141 1098 1
141 1108 1
141 1119 1
141 1135 1
141 1178 1
141 1231 1
141 1246 1
141 1285 1
141 1331 1
141 1380 1
141 1400 1
141 1422 1
141 1472 1
141 1473 1
141 1487 1
141 1492 1
141 1514 1
141 1555 1
141 1574 1
141 1680 1
141 1743 1
141 1775 1
141 1776 1
141 1833 1
141 1849 1
141 1863 1
141 1866 1
141 1934 1
141 1975 1
141 1998 1
142 22 1
142 54 1
142 77 1
142 96 1
142 155 1
142 195 1
142 213 1
142 266 1
142 335 1
142 344 1
142 346 1
142 362 1
142 445 1
142 448 1
142 454 1
142 483 1
142 490 1
142 502 1
142 522 1
142 532 1
142 561 1
142 565 1
142 584 1
142 626 1
142 685 1
142 686 1
142 718 1
142 722 1
142 737 1
142 766 1
142 913 1
142 928 1
142 1014 1
142 1058 1
142 1060 1
142 1079 1
142 1180 1
142 1215 1
142 1338 1
142 1405 1
142 1411 1
142 1613 1
142 1639 1
142 1715 1
142 1731 1
142 1765 1
142 1853 1
142 1855 1
142 1878 1
142 1915 1
142 1919 1
142 1928 1
142 1946 1
142 2014 1
143 7 1
143 9 1
143 69 1
143 97 1
143 100 1
143 173 1
143 205 1
143 289 1
143 298 1
143 310 1
143 314 1
143 329 1
143 332 1
143 334 1
143 363 1
143 391 1
143 513 1
143 533 1
143 543 1
143 615 1
143 664 1
143 682 1
143 697 1
143 719 1
143 725 1
143 782 1
143 793 1
143 838 1
143 841 1
143 911 1
143 927 1
143 970 1
143 995 1
143 1020 1
143 1072 1
143 1074 1
143 1080 1
143 1090 1
143 1127 1
143 1137 1
143 1233 1
143 1239 1
143 1248 1
143 1262 1
143 1270 1
143 1287 1
143 1293 1
143 1302 1
143 1376 1
143 1397 1
143 1466 1
143 1468 1
143 1481 1
143 1504 1
143 1523 1
143 1552 1
143 1565 1
143 1573 1
143 1645 1
143 1646 1
143 1671 1
143 1729 1
143 1817 1
143 1884 1
143 1939 1
143 1951 1
143 1968 1
144 55 1
144 65 1
144 184 1
144 193 1
144 274 1
144 287 1
144 291 1
144 325 1
144 348 1
144 421 1
144 428 1
144 442 1
144 509 1
144 605 1
144 659 1
144 700 1
144 741 1
144 762 1
144 790 1
144 806 1
144 815 1
144 823 1
144 844 1
144 875 1
144 903 1
144 915 1
144 949 1
144 977 1
144 1005 1
144 1032 1
144 1042 1
144 1143 1
144 1146 1
144 1156 1
144 1196 1
144 1235 1
144 1297 1
144 1326 1
144 1334 1
144 1356 1
144 1386 1
144 1404 1
144 1407 1
144 1511 1
144 1589 1
144 1603 1
144 1614 1
144 1618 1
144 1700 1
144 1747 1
144 1759 1
144 1766 1
144 1790 1
144 1809 1
144 1823 1
144 1881 1
144 1890 1
144 1978 1
144 2004 1
145 4 1
145 61 1
145 109 1
145 125 1
145 128 1
145 138 1
145 178 1
145 211 1
145 276 1
145 328 1
145 360 1
145 392 1
145 429 1
145 459 1
145 482 1
145 636 1
145 663 1
145 674 1
145 676 1
145 738 1
145 753 1
145 819 1
145 822 1
145 829 1
145 906 1
145 957 1
145 967 1
145 988 1
145 990 1
145 1059 1
145 1073 1
145 1170 1
145 1274 1
145 1373 1
145 1381 1
145 1393 1
145 1402 1
145 1417 1
145 1435 1
145 1453 1
145 1457 1
145 1476 1
145 1478 1
145 1527 1
145 1559 1
145 1561 1
145 1612 1
145 1634 1
145 1711 1
145 1736 1
145 1797 1
145 1835 1
145 1848 1
145 1916 1
145 1929 1
145 1979 1
145 2003 1
145 2011 1
146 5 1
146 8 1
146 9 1
146 50 1
146 80 1
146 120 1
146 182 1
146 183 1
146 202 1
146 236 1
146 239 1
146 377 1
146 419 1
146 435 1
146 436 1
146 519 1
146 545 1
146 552 1
146 563 1
146 573 1
146 582 1
146 744 1
146 755 1
146 843 1
146 890 1
146 976 1
146 1024 1
146 1057 1
146 1070 1
146 1071 1
146 1160 1
146 1192 1
146 1238 1
146 1253 1
146 1394 1
146 1424 1
146 1482 1
146 1486 1
146 1571 1
146 1578 1
146 1583 1
146 1641 1
146 1707 1
146 1724 1
146 1742 1
146 1798 1
146 1826 1
146 1874 1
146 1882 1
146 1892 1
146 1935 1
146 1949 1
146 1964 1
146 1990 1
146 2027 1
147 29 1
147 31 1
147 51 1
147 60 1
147 78 1
147 99 1
147 127 1
147 150 1
147 212 1
147 248 1
147 281 1
147 303 1
147 373 1
147 453 1
147 501 1
147 530 1
147 666 1
147 703 1
147 724 1
147 745 1
147 754 1
147 774 1
147 864 1
147 877 1
147 899 1
147 904 1
147 912 1
147 997 1
147 1000 1
147 1064 1
147 1237 1
147 1301 1
147 1337 1
147 1371 1
147 1382 1
147 1433 1
147 1541 1
147 1546 1
147 1642 1
147 1667 1
147 1713 1
147 1719 1
147 1777 1
147 1806 1
147 1834 1
147 2034 1
147 2041 1
148 16 1
148 21 1
148 36 1
148 104 1
148 118 1
148 133 1
148 489 1
148 505 1
148 583 1
148 669 1
148 713 1
148 811 1
148 827 1
148 863 1
148 902 1
148 916 1
148 987 1
148 1110 1
148 1336 1
148 1517 1
148 1526 1
148 1549 1
148 1605 1
148 1622 1
148 1627 1
148 1701 1
148 1720 1
148 1839 1
148 1858 1
148 1888 1
148 1917 1
148 1955 1
148 1973 1
148 2005 1
148 2017 1
149 70 1
149 87 1
149 117 1
149 124 1
149 130 1
149 131 1
149 171 1
149 201 1
149 203 1
149 214 1
149 233 1
149 254 1
149 317 1
149 323 1
149 381 1
149 426 1
149 515 1
149 520 1
149 537 1
149 548 1
149 557 1
149 619 1
149 635 1
149 655 1
149 687 1
149 760 1
149 879 1
149 886 1
149 891 1
149 979 1
149 1022 1
149 1099 1
149 1175 1
149 1327 1
149 1342 1
149 1343 1
149 1353 1
149 1361 1
149 1516 1
149 1569 1
149 1640 1
149 1682 1
149 1714 1
149 1789 1
149 1857 1
149 1944 1
149 1963 1
149 1976 1
149 2008 1
150 23 1
150 34 1
150 256 1
150 311 1
150 481 1
150 587 1
150 622 1
150 645 1
150 814 1
150 869 1
150 942 1
150 947 1
150 968 1
150 1068 1
150 1161 1
150 1218 1
150 1240 1
150 1247 1
150 1328 1
150 1330 1
150 1332 1
150 1564 1
150 1681 1
150 1827 1
151 84 1
151 157 1
151 207 1
151 416 1
151 498 1
151 570 1
151 572 1
151 795 1
151 861 1
151 929 1
151 963 1
151 966 1
151 1034 1
151 1040 1
151 1147 1
151 1209 1
151 1241 1
151 1258 1
151 1268 1
151 1344 1
151 1366 1
151 1368 1
151 1524 1
151 1686 1
151 1897 1
151 1913 1
152 47 1
152 149 1
152 261 1
152 366 1
152 472 1
152 558 1
152 602 1
152 673 1
152 711 1
152 727 1
152 763 1
152 786 1
152 905 1
152 925 1
152 1004 1
152 1013 1
152 1101 1
152 1205 1
152 1244 1
152 1341 1
152 1415 1
152 1485 1
152 1556 1
152 1557 1
152 1572 1
152 1672 1
152 1694 1
152 1774 1
152 1900 1
152 1924 1
152 1966 1
152 2023 1
153 68 1
153 74 1
153 86 1
153 105 1
153 148 1
153 194 1
153 206 1
153 228 1
153 439 1
153 514 1
153 677 1
153 734 1
153 743 1
153 747 1
153 797 1
153 882 1
153 889 1
153 992 1
153 1047 1
153 1055 1
153 1102 1
153 1111 1
153 1136 1
153 1153 1
153 1157 1
153 1172 1
153 1220 1
153 1252 1
153 1261 1
153 1296 1
153 1316 1
153 1363 1
153 1442 1
153 1577 1
153 1652 1
153 1684 1
153 1697 1
153 1698 1
153 1699 1
153 1750 1
153 1818 1
153 1819 1
153 1870 1
153 1993 1
153 2045 1
154 1 1
154 146 1
154 204 1
154 269 1
154 304 1
154 342 1
154 370 1
154 380 1
154 387 1
154 393 1
154 462 1
154 494 1
154 524 1
154 554 1
154 562 1
154 618 1
154 621 1
154 623 1
154 644 1
154 646 1
154 650 1
154 654 1
154 671 1
154 680 1
154 690 1
154 709 1
154 716 1
154 729 1
154 756 1
154 787 1
154 791 1
154 818 1
154 834 1
154 849 1
154 854 1
154 855 1
154 859 1
154 860 1
154 876 1
154 895 1
154 920 1
154 930 1
154 931 1
154 952 1
154 980 1
154 982 1
154 1023 1
154 1027 1
154 1028 1
154 1085 1
154 1103 1
154 1126 1
154 1190 1
154 1210 1
154 1228 1
154 1254 1
154 1256 1
154 1295 1
154 1311 1
154 1313 1
154 1319 1
154 1323 1
154 1333 1
154 1362 1
154 1388 1
154 1391 1
154 1401 1
154 1441 1
154 1464 1
154 1467 1
154 1493 1
154 1519 1
154 1554 1
154 1558 1
154 1568 1
154 1579 1
154 1581 1
154 1594 1
154 1619 1
154 1638 1
154 1655 1
154 1674 1
154 1683 1
154 1702 1
154 1718 1
154 1728 1
154 1755 1
154 1785 1
154 1788 1
154 1828 1
154 1876 1
154 1956 1
154 1967 1
154 1972 1
154 2029 1
154 2039 1
155 44 1
155 49 1
155 53 1
155 63 1
155 88 1
155 92 1
155 94 1
155 106 1
155 132 1
155 168 1
155 175 1
155 179 1
155 180 1
155 188 1
155 197 1
155 209 1
155 225 1
155 240 1
155 242 1
155 243 1
155 244 1
155 250 1
155 253 1
155 267 1
155 268 1
155 271 1
155 277 1
155 280 1
155 300 1
155 307 1
155 321 1
155 330 1
155 331 1
155 356 1
155 357 1
155 386 1
155 397 1
155 409 1
155 423 1
155 440 1
155 446 1
155 447 1
155 478 1
155 479 1
155 504 1
155 512 1
155 521 1
155 529 1
155 544 1
155 556 1
155 567 1
155 575 1
155 579 1
155 585 1
155 612 1
155 638 1
155 660 1
155 694 1
155 699 1
155 715 1
155 728 1
155 748 1
155 764 1
155 771 1
155 776 1
155 778 1
155 783 1
155 794 1
155 799 1
155 802 1
155 812 1
155 830 1
155 833 1
155 850 1
155 852 1
155 866 1
155 867 1
155 868 1
155 888 1
155 910 1
155 918 1
155 926 1
155 959 1
155 974 1
155 975 1
155 998 1
155 1003 1
155 1010 1
155 1012 1
155 1025 1
155 1036 1
155 1078 1
155 1084 1
155 1109 1
155 1112 1
155 1114 1
155 1132 1
155 1141 1
155 1154 1
155 1162 1
155 1165 1
155 1193 1
155 1221 1
155 1232 1
155 1250 1
155 1299 1
155 1309 1
155 1314 1
155 1335 1
155 1354 1
155 1359 1
155 1370 1
155 1374 1
155 1387 1
155 1406 1
155 1416 1
155 1436 1
155 1437 1
155 1452 1
155 1460 1
155 1470 1
155 1471 1
155 1474 1
155 1484 1
155 1489 1
155 1495 1
155 1496 1
155 1512 1
155 1553 1
155 1563 1
155 1597 1
155 1599 1
155 1602 1
155 1604 1
155 1633 1
155 1643 1
155 1666 1
155 1669 1
155 1677 1
155 1722 1
155 1730 1
155 1733 1
155 1734 1
155 1735 1
155 1770 1
155 1779 1
155 1782 1
155 1787 1
155 1793 1
155 1815 1
155 1831 1
155 1832 1
155 1861 1
155 1891 1
155 1894 1
155 1909 1
155 1912 1
155 1932 1
155 1933 1
155 1941 1
155 1943 1
155 1960 1
155 1965 1
155 1981 1
155 1982 1
155 1983 1
155 1988 1
155 1997 1
155 2048 1
156 43 1
156 71 1
156 85 1
156 93 1
156 101 1
156 102 1
156 108 1
156 119 1
156 123 1
156 137 1
156 142 1
156 159 1
156 163 1
156 185 1
156 187 1
156 189 1
156 220 1
156 223 1
156 252 1
156 260 1
156 265 1
156 272 1
156 278 1
156 283 1
156 288 1
156 299 1
156 318 1
156 319 1
156 341 1
156 352 1
156 367 1
156 368 1
156 376 1
156 378 1
156 383 1
156 390 1
156 413 1
156 432 1
156 433 1
156 443 1
156 450 1
156 451 1
156 461 1
156 471 1
156 496 1
156 506 1
156 508 1
156 525 1
156 534 1
156 538 1
156 559 1
156 596 1
156 604 1
156 607 1
156 620 1
156 625 1
156 627 1
156 630 1
156 632 1
156 639 1
156 641 1
156 642 1
156 662 1
156 667 1
156 670 1
156 672 1
156 681 1
156 692 1
156 707 1
156 710 1
156 717 1
156 730 1
156 767 1
156 770 1
156 781 1
156 789 1
156 801 1
156 805 1
156 809 1
156 862 1
156 865 1
156 874 1
156 883 1
156 887 1
156 922 1
156 932 1
156 933 1
156 935 1
156 936 1
156 940 1
156 944 1
156 945 1
156 955 1
156 961 1
156 981 1
156 1002 1
156 1006 1
156 1009 1
156 1017 1
156 1018 1
156 1019 1
156 1031 1
156 1037 1
156 1043 1
156 1044 1
156 1046 1
156 1056 1
156 1069 1
156 1082 1
156 1091 1
156 1094 1
156 1118 1
156 1123 1
156 1134 1
156 1150 1
156 1152 1
156 1158 1
156 1159 1
156 1163 1
156 1168 1
156 1173 1
156 1174 1
156 1181 1
156 1183 1
156 1186 1
156 1202 1
156 1207 1
156 1212 1
156 1217 1
156 1222 1
156 1223 1
156 1242 1
156 1255 1
156 1273 1
156 1276 1
156 1291 1
156 1300 1
156 1307 1
156 1321 1
156 1355 1
156 1358 1
156 1364 1
156 1377 1
156 1389 1
156 1395 1
156 1408 1
156 1423 1
156 1425 1
156 1426 1
156 1429 1
156 1431 1
156 1447 1
156 1456 1
156 1458 1
156 1469 1
156 1501 1
156 1507 1
156 1509 1
156 1515 1
156 1544 1
156 1566 1
156 1570 1
156 1575 1
156 1582 1
156 1593 1
156 1606 1
156 1610 1
156 1624 1
156 1625 1
156 1632 1
156 1653 1
156 1661 1
156 1663 1
156 1664 1
156 1673 1
156 1689 1
156 1691 1
156 1705 1
156 1717 1
156 1726 1
156 1727 1
156 1746 1
156 1748 1
156 1780 1
156 1781 1
156 1783 1
156 1784 1
156 1794 1
156 1800 1
156 1808 1
156 1810 1
156 1813 1
156 1822 1
156 1838 1
156 1841 1
156 1844 1
156 1854 1
156 1859 1
156 1893 1
156 1903 1
156 1905 1
156 1926 1
156 1936 1
156 1938 1
156 1940 1
156 1957 1
156 1977 1
156 1984 1
156 1989 1
156 1994 1
156 1995 1
156 2001 1
156 2018 1
156 2028 1
156 2042 1
157 41 1
157 46 1
157 59 1
157 81 1
157 83 1
157 89 1
157 90 1
157 107 1
157 115 1
157 121 1
157 135 1
157 140 1
157 147 1
157 154 1
157 158 1
157 162 1
157 167 1
157 174 1
157 176 1
157 186 1
157 191 1
157 216 1
157 217 1
157 224 1
157 237 1
157 247 1
157 270 1
157 282 1
157 286 1
157 290 1
157 294 1
157 302 1
157 306 1
157 312 1
157 333 1
157 353 1
157 355 1
157 359 1
157 369 1
157 371 1
157 384 1
157 396 1
157 400 1
157 411 1
157 414 1
157 418 1
157 422 1
157 424 1
157 430 1
157 431 1
157 441 1
157 444 1
157 452 1
157 455 1
157 457 1
157 465 1
157 474 1
157 499 1
157 510 1
157 523 1
157 531 1
157 539 1
157 540 1
157 566 1
157 568 1
157 569 1
157 574 1
157 577 1
157 581 1
157 592 1
157 593 1
157 594 1
157 601 1
157 606 1
157 609 1
157 614 1
157 617 1
157 631 1
157 634 1
157 647 1
157 648 1
157 657 1
157 665 1
157 668 1
157 684 1
157 695 1
157 705 1
157 706 1
157 720 1
157 736 1
157 739 1
157 759 1
157 777 1
157 785 1
157 798 1
157 800 1
157 804 1
157 808 1
157 817 1
157 824 1
157 826 1
157 828 1
157 839 1
157 842 1
157 846 1
157 853 1
157 878 1
157 881 1
157 885 1
157 894 1
157 896 1
157 900 1
157 917 1
157 924 1
157 943 1
157 973 1
157 983 1
157 993 1
157 1011 1
157 1054 1
157 1075 1
157 1096 1
157 1100 1
157 1105 1
157 1115 1
157 1120 1
157 1125 1
157 1133 1
157 1145 1
157 1155 1
157 1177 1
157 1185 1
157 1187 1
157 1191 1
157 1199 1
157 1208 1
157 1216 1
157 1224 1
157 1227 1
157 1249 1
157 1257 1
157 1266 1
157 1267 1
157 1269 1
157 1281 1
157 1283 1
157 1289 1
157 1294 1
157 1298 1
157 1303 1
157 1318 1
157 1324 1
157 1325 1
157 1357 1
157 1369 1
157 1375 1
157 1378 1
157 1384 1
157 1385 1
157 1398 1
157 1409 1
157 1410 1
157 1413 1
157 1418 1
157 1421 1
157 1448 1
157 1462 1
157 1488 1
157 1491 1
157 1505 1
157 1506 1
157 1518 1
157 1520 1
157 1530 1
157 1533 1
157 1536 1
157 1537 1
157 1542 1
157 1547 1
157 1551 1
157 1562 1
157 1567 1
157 1588 1
157 1596 1
157 1608 1
157 1630 1
157 1644 1
157 1668 1
157 1679 1
157 1685 1
157 1687 1
157 1690 1
157 1710 1
157 1732 1
157 1752 1
157 1756 1
157 1758 1
157 1761 1
157 1763 1
157 1773 1
157 1795 1
157 1796 1
157 1812 1
157 1840 1
157 1842 1
157 1847 1
157 1852 1
157 1889 1
157 1901 1
157 1904 1
157 1910 1
157 1927 1
157 1937 1
157 1942 1
157 1945 1
157 1958 1
157 1970 1
157 1974 1
157 1980 1
157 1985 1
157 1987 1
157 2002 1
157 2009 1
157 2015 1
157 2019 1
157 2021 1
157 2022 1
157 2024 1
157 2032 1
157 2040 1
158 33 1
158 58 1
158 79 1
158 126 1
158 134 1
158 136 1
158 141 1
158 143 1
158 144 1
158 145 1
158 160 1
158 164 1
158 165 1
158 166 1
158 170 1
158 177 1
158 198 1
158 210 1
158 215 1
158 222 1
158 246 1
158 258 1
158 259 1
158 263 1
158 264 1
158 292 1
158 297 1
158 337 1
158 354 1
158 358 1
158 361 1
158 401 1
158 407 1
158 427 1
158 437 1
158 449 1
158 458 1
158 463 1
158 466 1
158 467 1
158 491 1
158 492 1
158 507 1
158 526 1
158 535 1
158 541 1
158 542 1
158 547 1
158 555 1
158 571 1
158 599 1
158 603 1
158 616 1
158 624 1
158 628 1
158 629 1
158 637 1
158 643 1
158 653 1
158 656 1
158 658 1
158 661 1
158 678 1
158 679 1
158 693 1
158 696 1
158 714 1
158 723 1
158 726 1
158 746 1
158 765 1
158 779 1
158 784 1
158 796 1
158 803 1
158 807 1
158 810 1
158 821 1
158 825 1
158 835 1
158 836 1
158 837 1
158 845 1
158 848 1
158 880 1
158 884 1
158 897 1
158 908 1
158 921 1
158 934 1
158 938 1
158 958 1
158 960 1
158 962 1
158 965 1
158 969 1
158 1007 1
158 1016 1
158 1021 1
158 1029 1
158 1052 1
158 1053 1
158 1088 1
158 1092 1
158 1095 1
158 1104 1
158 1106 1
158 1122 1
158 1140 1
158 1164 1
158 1188 1
158 1194 1
158 1197 1
158 1200 1
158 1226 1
158 1230 1
158 1245 1
158 1260 1
158 1263 1
158 1264 1
158 1288 1
158 1305 1
158 1306 1
158 1312 1
158 1315 1
158 1345 1
158 1346 1
158 1365 1
158 1372 1
158 1379 1
158 1396 1
158 1399 1
158 1427 1
158 1428 1
158 1438 1
158 1439 1
158 1454 1
158 1477 1
158 1480 1
158 1494 1
158 1510 1
158 1513 1
158 1532 1
158 1535 1
158 1584 1
158 1591 1
158 1598 1
158 1600 1
158 1601 1
158 1607 1
158 1611 1
158 1616 1
158 1623 1
158 1649 1
158 1654 1
158 1656 1
158 1658 1
158 1659 1
158 1665 1
158 1692 1
158 1703 1
158 1721 1
158 1740 1
158 1745 1
158 1753 1
158 1760 1
158 1762 1
158 1767 1
158 1769 1
158 1771 1
158 1772 1
158 1778 1
158 1786 1
158 1803 1
158 1814 1
158 1829 1
158 1836 1
158 1837 1
158 1877 1
158 1895 1
158 1899 1
158 1918 1
158 1921 1
158 1925 1
158 1931 1
158 1948 1
158 1996 1
158 2007 1
158 2025 1
158 2026 1
158 2031 1
158 2044 1
159 169 1
159 219 1
159 229 1
159 230 1
159 231 1
159 255 1
159 262 1
159 273 1
159 295 1
159 296 1
159 324 1
159 379 1
159 388 1
159 395 1
159 402 1
159 403 1
159 408 1
159 438 1
159 460 1
159 470 1
159 484 1
159 503 1
159 516 1
159 546 1
159 553 1
159 560 1
159 597 1
159 651 1
159 731 1
159 733 1
159 735 1
159 751 1
159 752 1
159 769 1
159 851 1
159 873 1
159 923 1
159 941 1
159 946 1
159 954 1
159 984 1
159 991 1
159 1008 1
159 1015 1
159 1033 1
159 1038 1
159 1039 1
159 1066 1
159 1086 1
159 1093 1
159 1113 1
159 1139 1
159 1151 1
159 1182 1
159 1184 1
159 1195 1
159 1198 1
159 1229 1
159 1236 1
159 1286 1
159 1290 1
159 1304 1
159 1339 1
159 1390 1
159 1414 1
159 1446 1
159 1490 1
159 1528 1
159 1545 1
159 1550 1
159 1560 1
159 1580 1
159 1585 1
159 1609 1
159 1615 1
159 1617 1
159 1621 1
159 1631 1
159 1637 1
159 1647 1
159 1660 1
159 1688 1
159 1709 1
159 1725 1
159 1738 1
159 1754 1
159 1799 1
159 1843 1
159 1851 1
159 1856 1
159 1864 1
159 1872 1
159 1886 1
159 1898 1
159 1959 1
159 1969 1
159 1991 1
159 1992 1
159 2000 1
159 2038 1
159 2047 1
160 72 1
160 103 1
160 122 1
160 153 1
160 235 1
160 238 1
160 257 1
160 308 1
160 320 1
160 327 1
160 347 1
160 350 1
160 406 1
160 410 1
160 464 1
160 576 1
160 595 1
160 598 1
160 633 1
160 772 1
160 816 1
160 832 1
160 907 1
160 971 1
160 1049 1
160 1067 1
160 1089 1
160 1117 1
160 1121 1
160 1128 1
160 1131 1
160 1169 1
160 1179 1
160 1211 1
160 1214 1
160 1234 1
160 1271 1
160 1322 1
160 1347 1
160 1352 1
160 1383 1
160 1430 1
160 1455 1
160 1463 1
160 1479 1
160 1483 1
160 1587 1
160 1628 1
160 1629 1
160 1657 1
160 1706 1
160 1744 1
160 1802 1
160 1824 1
160 1873 1
160 1885 1
160 1902 1
160 1930 1
160 2035 1
160 2036 1
161 28 1
161 95 1
161 275 1
161 315 1
161 336 1
161 340 1
161 394 1
161 398 1
161 434 1
161 476 1
161 500 1
161 517 1
161 536 1
161 688 1
161 813 1
161 858 1
161 871 1
161 872 1
161 939 1
161 1026 1
161 1083 1
161 1087 1
161 1219 1
161 1282 1
161 1350 1
161 1351 1
161 1459 1
161 1461 1
161 1465 1
161 1475 1
161 1497 1
161 1695 1
161 1716 1
161 1739 1
161 1845 1
161 1862 1
161 1907 1
161 1922 1
161 2010 1
161 2043 1
162 199 1
162 251 1
162 349 1
162 486 1
162 549 1
162 610 1
162 675 1
162 683 1
162 901 1
162 948 1
162 1166 1
162 1275 1
162 1278 1
162 1317 1
162 1444 1
162 1451 1
162 1498 1
162 1529 1
162 1538 1
162 1805 1
162 1825 1
162 1920 1
162 1923 1
162 1950 1
163 67 1
163 200 1
163 285 1
163 372 1
163 527 1
163 588 1
163 701 1
163 758 1
163 898 1
163 1041 1
163 1144 1
163 1791 1
164 156 1
164 788 1
164 964 1
164 1107 1
164 1367 1
165 139 1
165 227 1
165 343 1
165 511 1
165 721 1
165 1051 1
165 1130 1
165 1201 1
165 1280 1
165 1348 1
165 1503 1
165 1879 1
165 1880 1
165 2020 1
166 64 1
166 497 1
166 704 1
166 732 1
166 950 1
166 978 1
166 989 1
166 1129 1
166 1340 1
166 1636 1
166 1678 1
167 42 1
167 76 1
167 116 1
167 586 1
167 780 1
167 847 1
167 1035 1
167 1065 1
167 1243 1
167 1360 1
167 1419 1
167 1502 1
167 1595 1
167 1708 1
167 1764 1
167 1768 1
167 1868 1
167 1911 1
168 111 1
168 279 1
168 284 1
168 550 1
168 589 1
168 708 1
168 740 1
168 956 1
168 1251 1
168 1265 1
168 1279 1
168 1440 1
168 1449 1
168 1499 1
168 1696 1
168 1801 1
168 1867 1
169 181 1
169 293 1
169 1320 1
170 24 1
183 10 1
750 2048 0
