1 35 1
2 34 1
4 24 1
4 37 1
5 41 1
6 4 1
6 29 1
7 10 1
7 19 1
7 31 1
8 26 1
8 40 1
9 6 1
11 17 1
11 21 1
11 32 1
12 16 1
12 36 1
14 12 1
14 34 1
14 146 1
14 1272 1
14 1573 1
15 15 1
15 505 1
16 4 1
16 10 1
16 28 1
16 871 1
16 1055 1
16 1164 1
16 1329 1
16 1813 1
17 22 1
17 84 1
17 302 1
17 508 1
17 609 1
17 1151 1
17 1528 1
17 1546 1
17 1680 1
17 1979 1
18 24 1
18 192 1
18 209 1
18 322 1
18 456 1
18 941 1
18 1076 1
18 1245 1
18 1288 1
18 1366 1
18 1566 1
18 1788 1
18 1853 1
18 1914 1
18 2008 1
19 1 1
19 8 1
19 25 1
19 147 1
19 151 1
19 206 1
19 493 1
19 619 1
19 681 1
19 750 1
19 781 1
19 815 1
19 820 1
19 903 1
19 1027 1
19 1204 1
19 1358 1
19 1613 1
19 1698 1
19 1780 1
19 1928 1
19 1952 1
19 1961 1
19 1978 1
19 2045 1
20 116 1
20 141 1
20 301 1
20 365 1
20 404 1
20 468 1
20 475 1
20 551 1
20 683 1
20 787 1
20 807 1
20 1156 1
20 1176 1
20 1244 1
20 1254 1
20 1424 1
20 1449 1
20 1501 1
20 1640 1
20 1666 1
20 1710 1
20 2002 1
21 23 1
21 41 1
21 364 1
21 587 1
21 690 1
21 717 1
21 731 1
21 904 1
21 932 1
21 953 1
21 972 1
21 1010 1
21 1079 1
21 1090 1
21 1143 1
21 1589 1
21 1645 1
21 1674 1
21 1753 1
21 1871 1
21 1887 1
21 1999 1
21 2005 1
22 461 1
22 580 1
22 652 1
22 773 1
22 1022 1
22 1363 1
22 1828 1
22 1955 1
22 2029 1
23 35 1
23 36 1
23 332 1
23 345 1
23 567 1
23 644 1
23 1527 1
23 1885 1
24 10 1
24 17 1
24 420 1
24 889 1
24 1107 1
24 1213 1
24 1262 1
24 1638 1
24 1811 1
25 27 1
25 1118 1
25 1353 1
25 1476 1
25 1675 1
25 1770 1
25 1832 1
26 38 1
27 5 1
27 13 1
27 480 1
27 1125 1
27 1154 1
27 1274 1
27 1619 1
27 1641 1
28 35 1
28 1651 1
28 2048 1
29 6 1
29 32 1
29 488 1
30 14 1
30 621 1
30 1059 1
31 6 1
31 15 1
31 16 1
31 28 1
31 994 1
31 1932 1
32 1097 1
32 1628 1
33 20 1
33 1410 1
36 8 1
36 13 1
37 1 1
37 2 1
37 805 1
37 1516 1
38 1500 1
39 17 1
39 18 1
40 13 1
40 34 1
41 8 1
41 15 1
41 1334 1
42 26 1
43 15 1
44 196 1
44 1531 1
45 25 1
45 26 1
46 20 1
46 355 1
46 485 1
46 761 1
47 928 1
47 1586 1
48 528 1
48 1749 1
49 9 1
49 608 1
50 36 1
50 112 1
50 276 1
51 15 1
51 309 1
51 338 1
51 351 1
51 1525 1
51 1670 1
51 1809 1
52 436 1
52 1250 1
52 1597 1
52 1751 1
52 1804 1
53 4 1
53 33 1
53 530 1
53 675 1
53 776 1
53 830 1
53 963 1
53 1162 1
53 1576 1
53 1863 1
54 12 1
54 285 1
54 424 1
54 1021 1
54 1672 1
54 1741 1
54 1864 1
54 1884 1
55 161 1
55 829 1
55 860 1
55 1062 1
55 1064 1
55 1301 1
55 1380 1
55 1504 1
56 34 1
56 318 1
56 559 1
56 611 1
56 1013 1
56 1043 1
56 2012 1
57 849 1
57 918 1
57 977 1
57 982 1
57 1225 1
57 1228 1
57 1998 1
58 19 1
58 26 1
58 39 1
58 1292 1
58 1830 1
59 550 1
59 847 1
59 1588 1
59 1838 1
59 1858 1
60 207 1
61 18 1
62 18 1
62 21 1
62 23 1
62 1785 1
63 2 1
63 26 1
63 477 1
64 32 1
65 32 1
65 34 1
65 534 1
65 1642 1
66 24 1
66 629 1
66 1962 1
67 12 1
67 17 1
68 16 1
68 38 1
68 1148 1
69 27 1
69 36 1
69 316 1
70 1951 1
71 150 1
71 558 1
71 927 1
71 1172 1
72 5 1
73 36 1
73 1618 1
74 3 1
74 4 1
75 19 1
75 663 1
75 1428 1
75 1737 1
76 4 1
76 28 1
76 34 1
76 178 1
76 631 1
78 129 1
78 152 1
78 380 1
79 41 1
79 1630 1
79 2018 1
80 34 1
80 279 1
80 573 1
80 747 1
80 1110 1
80 1112 1
81 4 1
81 39 1
81 875 1
81 1296 1
82 19 1
82 29 1
82 1432 1
82 1820 1
83 24 1
83 419 1
83 590 1
83 732 1
83 905 1
83 990 1
83 1816 1
84 14 1
84 236 1
85 27 1
85 226 1
85 564 1
85 623 1
85 1194 1
85 1993 1
86 106 1
86 592 1
86 613 1
86 980 1
86 1068 1
87 15 1
87 752 1
87 1060 1
87 1605 1
87 1688 1
87 1981 1
88 23 1
88 632 1
88 822 1
88 1101 1
88 1823 1
89 1985 1
90 3 1
90 4 1
90 29 1
90 1095 1
90 1558 1
90 1947 1
91 9 1
91 31 1
91 1045 1
91 1344 1
92 4 1
92 548 1
93 794 1
93 951 1
93 1100 1
93 1452 1
94 28 1
94 368 1
95 11 1
95 20 1
96 1050 1
96 1427 1
97 2 1
97 13 1
97 1259 1
98 15 1
98 41 1
98 561 1
98 879 1
98 1419 1
98 1712 1
99 98 1
100 37 1
100 1223 1
101 7 1
101 544 1
101 831 1
101 1866 1
102 20 1
102 1116 1
103 1293 1
104 29 1
104 114 1
104 1462 1
104 1514 1
106 305 1
106 806 1
106 892 1
106 996 1
106 1857 1
107 3 1
108 16 1
108 1018 1
109 14 1
109 1591 1
110 7 1
110 25 1
110 453 1
111 6 1
111 184 1
111 459 1
111 1178 1
112 32 1
112 224 1
112 563 1
112 1374 1
113 9 1
113 11 1
114 41 1
114 1108 1
114 1943 1
115 36 1
116 412 1
116 1844 1
117 189 1
117 249 1
117 1233 1
118 6 1
118 14 1
118 32 1
119 37 1
119 1429 1
120 1319 1
120 1723 1
121 168 1
121 391 1
121 1841 1
122 239 1
123 3 1
123 7 1
124 36 1
124 313 1
124 1014 1
124 1138 1
124 1392 1
124 1653 1
125 234 1
125 328 1
125 400 1
125 1005 1
125 1411 1
126 10 1
126 373 1
126 1061 1
127 1445 1
127 1505 1
127 1571 1
128 7 1
128 473 1
128 1203 1
129 208 1
129 213 1
129 1492 1
129 1952 1
129 2024 1
130 304 1
130 930 1
130 1111 1
130 1371 1
130 1726 1
130 1878 1
130 1900 1
131 12 1
131 775 1
131 1025 1
131 1349 1
132 4 1
132 30 1
132 242 1
132 910 1
132 1302 1
133 31 1
134 26 1
134 423 1
134 733 1
134 796 1
135 4 1
135 10 1
135 12 1
136 9 1
136 23 1
136 867 1
137 689 1
137 1015 1
138 3 1
138 845 1
139 2 1
139 29 1
140 187 1
140 413 1
141 33 1
141 35 1
142 190 1
143 13 1
143 23 1
144 3 1
144 4 1
144 9 1
145 25 1
145 1412 1
146 7 1
146 855 1
146 1482 1
146 1978 1
147 3 1
147 1713 1
147 1848 1
147 2037 1
148 2 1
148 17 1
148 21 1
149 9 1
149 362 1
149 1692 1
150 27 1
150 639 1
150 1147 1
150 1602 1
151 1549 1
151 1971 1
152 1460 1
152 1883 1
153 1457 1
153 1458 1
153 1662 1
155 1272 1
156 332 1
156 677 1
156 1058 1
156 1521 1
156 1876 1
156 2008 1
157 538 1
157 600 1
157 947 1
157 1284 1
157 1330 1
157 1592 1
157 1600 1
158 1341 1
158 1364 1
158 1405 1
159 880 1
159 1824 1
159 1954 1
160 1033 1
160 1543 1
160 1694 1
160 2046 1
161 1475 1
162 128 1
163 1704 1
163 1804 1
164 245 1
164 372 1
164 886 1
164 909 1
165 93 1
165 441 1
166 509 1
167 1620 1
167 1709 1
167 1936 1
170 1209 1
173 150 1
184 363 1
197 686 1
197 2016 1
200 562 1
211 409 1
211 1590 1
212 1877 1
213 111 1
213 194 1
213 581 1
213 646 1
213 1133 1
213 1161 1
213 1625 1
750 2048 0
