1 81 1
3 7 1
3 17 1
3 1428 1
3 1584 1
4 7 1
4 250 1
4 911 1
5 337 1
5 425 1
5 427 1
5 558 1
5 811 1
5 1868 1
5 2028 1
6 132 1
6 312 1
6 338 1
6 398 1
6 603 1
6 934 1
6 991 1
6 1595 1
6 1770 1
6 2004 1
7 6 1
7 7 1
7 21 1
7 31 1
7 40 1
7 62 1
7 175 1
7 213 1
7 218 1
7 221 1
7 300 1
7 796 1
7 962 1
7 1231 1
7 1303 1
7 1405 1
7 1457 1
7 1545 1
7 1592 1
7 1612 1
7 1751 1
7 1757 1
7 1832 1
8 2 1
8 27 1
8 100 1
8 119 1
8 122 1
8 143 1
8 447 1
8 505 1
8 543 1
8 593 1
8 634 1
8 1186 1
8 1216 1
8 1531 1
8 1582 1
8 1648 1
8 1730 1
8 1777 1
8 2008 1
9 7 1
9 12 1
9 26 1
9 27 1
9 244 1
9 323 1
9 412 1
9 468 1
9 523 1
9 625 1
9 828 1
9 837 1
9 1098 1
9 1143 1
9 1219 1
9 1310 1
9 1487 1
9 1528 1
9 1656 1
9 1771 1
9 1829 1
9 1884 1
9 2022 1
10 25 1
10 32 1
10 168 1
10 212 1
10 263 1
10 336 1
10 605 1
10 912 1
10 1009 1
10 1017 1
10 1133 1
10 1343 1
10 1372 1
10 1686 1
10 1841 1
11 33 1
11 500 1
11 755 1
11 926 1
11 1000 1
11 1046 1
11 1339 1
11 1515 1
11 1565 1
11 1620 1
11 1680 1
11 1732 1
11 2018 1
12 18 1
12 39 1
12 304 1
12 1140 1
12 1875 1
13 196 1
13 491 1
13 933 1
13 1699 1
13 1782 1
13 1869 1
14 14 1
14 24 1
14 35 1
14 129 1
14 264 1
14 1214 1
14 1554 1
14 1655 1
15 12 1
15 14 1
15 41 1
15 243 1
15 366 1
15 758 1
15 1238 1
15 1718 1
15 2002 1
17 11 1
17 30 1
17 322 1
18 5 1
18 826 1
18 1279 1
19 21 1
19 34 1
19 40 1
20 4 1
20 23 1
20 29 1
20 36 1
20 51 1
20 575 1
20 1141 1
21 32 1
21 1261 1
22 14 1
22 19 1
22 40 1
22 55 1
22 1005 1
22 1304 1
22 1706 1
22 1837 1
23 1 1
23 7 1
23 261 1
23 266 1
23 370 1
23 590 1
23 615 1
23 1027 1
23 1161 1
23 1174 1
23 1268 1
23 1694 1
23 1704 1
23 1725 1
23 2044 1
24 9 1
24 47 1
24 85 1
24 199 1
24 276 1
24 771 1
24 875 1
24 913 1
24 1180 1
24 1327 1
24 1497 1
24 1518 1
24 1623 1
24 1679 1
24 1682 1
24 1755 1
24 2011 1
25 10 1
25 19 1
25 66 1
25 124 1
25 339 1
25 567 1
25 594 1
25 691 1
25 717 1
25 721 1
25 737 1
25 750 1
25 766 1
25 1045 1
25 1114 1
25 1187 1
25 1190 1
25 1283 1
25 1455 1
25 1632 1
25 1683 1
25 1738 1
25 1809 1
25 1811 1
25 1937 1
25 2034 1
26 719 1
26 743 1
26 992 1
26 1061 1
26 1082 1
26 1368 1
26 1453 1
26 1465 1
26 1719 1
26 1807 1
26 2020 1
27 58 1
27 125 1
27 516 1
27 723 1
27 741 1
27 942 1
27 1008 1
27 1075 1
27 1285 1
27 1377 1
27 1537 1
27 1597 1
27 1756 1
27 1813 1
28 26 1
28 82 1
28 476 1
28 503 1
28 813 1
28 976 1
28 1021 1
28 1427 1
28 1788 1
29 365 1
29 368 1
29 459 1
29 545 1
29 703 1
29 773 1
29 1035 1
29 1100 1
29 1103 1
29 1110 1
29 1936 1
30 17 1
30 29 1
30 207 1
30 291 1
30 780 1
30 948 1
30 1099 1
30 1750 1
31 6 1
31 329 1
32 57 1
32 788 1
32 901 1
32 1954 1
32 1996 1
33 576 1
33 1146 1
33 1952 1
34 22 1
34 26 1
34 161 1
34 307 1
35 3 1
36 9 1
36 15 1
36 27 1
36 242 1
36 548 1
36 1619 1
36 1839 1
36 1971 1
37 302 1
38 4 1
38 155 1
38 559 1
38 739 1
38 804 1
38 1105 1
38 1401 1
38 1484 1
38 1546 1
38 1631 1
38 1944 1
39 1 1
39 20 1
39 183 1
39 348 1
39 662 1
39 1070 1
39 1079 1
39 1265 1
39 1287 1
39 1549 1
39 1556 1
39 1800 1
39 1896 1
40 378 1
40 455 1
40 713 1
40 795 1
40 940 1
40 972 1
40 1641 1
40 1643 1
40 1681 1
40 1902 1
40 1929 1
40 1999 1
41 88 1
41 255 1
41 295 1
41 354 1
41 495 1
41 522 1
41 705 1
41 814 1
41 996 1
41 1052 1
41 1154 1
41 1207 1
41 1369 1
41 1438 1
41 1495 1
41 1979 1
41 2046 1
42 9 1
42 37 1
42 156 1
42 186 1
42 222 1
42 475 1
42 621 1
42 660 1
42 882 1
42 889 1
42 903 1
42 954 1
42 971 1
42 1077 1
42 1108 1
42 1118 1
42 1121 1
42 1525 1
42 1710 1
42 1815 1
42 1961 1
42 1963 1
43 7 1
43 38 1
43 237 1
43 377 1
43 424 1
43 517 1
43 538 1
43 540 1
43 1275 1
43 1508 1
43 1516 1
43 1539 1
43 1608 1
43 1668 1
43 1784 1
43 1814 1
43 1872 1
44 10 1
44 142 1
44 224 1
44 606 1
44 1093 1
44 1224 1
44 1293 1
44 1440 1
44 1555 1
44 1583 1
44 1586 1
44 1615 1
44 1862 1
45 272 1
45 355 1
45 583 1
45 829 1
45 924 1
45 1026 1
45 1241 1
45 1400 1
45 1636 1
45 1828 1
45 1855 1
46 4 1
46 13 1
46 28 1
46 873 1
46 897 1
46 1097 1
46 1415 1
46 1522 1
46 1638 1
46 1863 1
47 16 1
47 1296 1
47 1480 1
47 1860 1
48 232 1
48 563 1
48 616 1
48 731 1
48 1705 1
49 636 1
49 728 1
49 1251 1
50 21 1
50 775 1
50 1697 1
51 37 1
51 38 1
51 727 1
51 887 1
51 1905 1
52 3 1
52 128 1
52 608 1
52 651 1
53 39 1
53 644 1
53 680 1
53 848 1
53 1177 1
54 8 1
54 356 1
54 490 1
54 530 1
54 1221 1
54 1806 1
54 1888 1
55 71 1
55 200 1
55 217 1
55 534 1
55 1148 1
55 1197 1
55 1473 1
55 1646 1
55 1980 1
56 19 1
56 39 1
56 130 1
56 135 1
56 480 1
56 604 1
56 629 1
56 892 1
56 1012 1
56 1047 1
56 1172 1
56 1541 1
56 1573 1
56 1895 1
56 2007 1
56 2024 1
57 21 1
57 27 1
57 40 1
57 360 1
57 514 1
57 613 1
57 760 1
57 774 1
57 779 1
57 841 1
57 1006 1
57 1175 1
57 1289 1
57 1300 1
57 1547 1
57 1986 1
57 2037 1
58 29 1
58 40 1
58 285 1
58 345 1
58 405 1
58 467 1
58 554 1
58 674 1
58 812 1
58 879 1
58 1142 1
58 1198 1
58 1406 1
58 1535 1
58 1576 1
58 1628 1
58 1744 1
58 1746 1
58 1749 1
58 1842 1
58 2035 1
59 3 1
59 5 1
59 37 1
59 257 1
59 452 1
59 612 1
59 665 1
59 700 1
59 1043 1
59 1222 1
59 1474 1
59 1558 1
59 1567 1
59 1665 1
59 1724 1
59 1827 1
59 2006 1
60 31 1
60 94 1
60 693 1
60 907 1
60 1050 1
60 1165 1
60 1202 1
60 1436 1
60 1468 1
60 1486 1
60 1517 1
60 1956 1
61 192 1
61 434 1
61 440 1
61 579 1
61 587 1
61 595 1
61 661 1
61 1239 1
61 1605 1
61 1852 1
62 17 1
62 40 1
62 372 1
62 982 1
62 1720 1
63 11 1
63 20 1
63 633 1
63 986 1
63 1618 1
63 1716 1
64 9 1
64 236 1
64 1057 1
64 1363 1
64 1669 1
64 1891 1
64 2038 1
65 35 1
65 894 1
65 1039 1
65 1194 1
65 1674 1
66 5 1
66 211 1
66 1793 1
67 6 1
67 838 1
67 1220 1
68 36 1
68 179 1
68 509 1
68 1170 1
68 1859 1
69 10 1
69 18 1
69 430 1
69 609 1
69 1912 1
70 216 1
70 428 1
70 1647 1
70 1993 1
71 25 1
71 39 1
71 228 1
71 682 1
71 945 1
71 1315 1
71 1403 1
72 209 1
72 230 1
72 317 1
72 797 1
72 849 1
72 1736 1
73 4 1
73 641 1
73 652 1
73 726 1
73 806 1
73 1353 1
73 1542 1
73 1587 1
73 1932 1
73 2015 1
74 11 1
74 17 1
74 31 1
74 189 1
74 488 1
74 539 1
74 670 1
74 765 1
74 809 1
74 915 1
74 1028 1
74 1088 1
74 1534 1
74 1917 1
75 5 1
75 374 1
75 638 1
75 851 1
75 1014 1
75 1393 1
75 1552 1
75 1783 1
75 1924 1
76 15 1
76 25 1
76 34 1
76 148 1
76 883 1
76 1029 1
76 1060 1
76 1458 1
76 1812 1
77 41 1
77 226 1
77 960 1
77 999 1
77 1192 1
77 1380 1
77 1526 1
77 1823 1
77 1899 1
78 384 1
78 429 1
78 546 1
78 1357 1
78 1598 1
78 1709 1
79 12 1
79 229 1
79 334 1
79 956 1
79 1126 1
79 1178 1
79 1627 1
79 1741 1
80 31 1
80 59 1
80 127 1
80 620 1
81 1 1
81 448 1
81 648 1
81 1559 1
82 953 1
82 1865 1
82 2026 1
83 18 1
83 733 1
83 1789 1
84 34 1
84 103 1
84 154 1
84 863 1
84 931 1
84 1673 1
84 1676 1
84 1803 1
85 23 1
85 347 1
85 692 1
86 107 1
86 842 1
86 951 1
87 115 1
87 288 1
87 1112 1
87 1196 1
87 1903 1
87 2012 1
87 2016 1
88 26 1
88 37 1
88 52 1
88 305 1
88 520 1
88 1085 1
88 1087 1
88 1350 1
88 1399 1
88 1429 1
88 1578 1
88 2040 1
89 162 1
89 234 1
89 316 1
89 417 1
89 1068 1
89 1392 1
89 1409 1
89 1830 1
90 33 1
90 193 1
90 275 1
90 332 1
90 980 1
90 1448 1
90 1731 1
91 16 1
91 24 1
91 298 1
91 331 1
91 422 1
91 564 1
91 898 1
91 1259 1
91 1334 1
91 1890 1
91 1934 1
92 6 1
92 19 1
92 246 1
92 478 1
92 494 1
92 568 1
92 586 1
92 1658 1
92 1998 1
93 622 1
93 1550 1
93 2048 1
94 353 1
94 747 1
94 1389 1
94 1431 1
94 1563 1
94 1629 1
95 6 1
95 20 1
95 33 1
95 72 1
95 791 1
95 1904 1
95 2045 1
96 24 1
96 34 1
96 39 1
96 108 1
96 598 1
96 801 1
96 856 1
96 1131 1
96 1404 1
97 26 1
98 149 1
98 772 1
98 939 1
98 1499 1
98 1500 1
99 270 1
99 1081 1
99 1633 1
99 1660 1
99 1799 1
100 41 1
100 106 1
100 498 1
100 827 1
100 1059 1
100 1928 1
101 1 1
101 22 1
101 41 1
101 437 1
101 1127 1
101 1213 1
102 22 1
102 31 1
102 97 1
102 896 1
102 987 1
102 1168 1
102 1209 1
102 1864 1
103 2 1
103 32 1
103 878 1
103 1260 1
103 1313 1
103 1342 1
103 1625 1
103 2030 1
103 2039 1
104 39 1
104 712 1
104 937 1
105 36 1
105 281 1
105 399 1
105 1229 1
106 12 1
106 30 1
106 835 1
106 1445 1
106 1825 1
107 352 1
107 441 1
107 1023 1
107 1167 1
107 1386 1
107 1688 1
108 22 1
108 26 1
108 204 1
108 404 1
108 632 1
108 1076 1
108 1376 1
108 1775 1
108 1958 1
109 12 1
109 31 1
109 91 1
109 241 1
109 783 1
109 860 1
109 1316 1
109 1743 1
109 1753 1
109 1779 1
109 1968 1
110 34 1
110 395 1
110 487 1
110 511 1
110 763 1
110 922 1
110 923 1
110 1351 1
110 1422 1
111 69 1
111 289 1
111 1385 1
111 1566 1
112 381 1
112 1025 1
112 1795 1
113 23 1
113 84 1
114 11 1
114 18 1
114 28 1
114 461 1
114 685 1
114 730 1
114 1976 1
115 299 1
115 1297 1
116 40 1
116 64 1
116 233 1
116 443 1
116 1402 1
117 37 1
117 519 1
117 1574 1
117 1745 1
118 1 1
118 23 1
118 25 1
118 383 1
118 1817 1
118 1867 1
118 1883 1
118 2021 1
119 19 1
119 31 1
119 313 1
119 1630 1
120 15 1
120 21 1
120 36 1
120 749 1
120 850 1
120 1330 1
120 1331 1
121 707 1
121 782 1
121 1544 1
121 1687 1
121 1923 1
122 13 1
122 20 1
122 36 1
122 325 1
122 785 1
122 935 1
122 1010 1
122 1031 1
122 1358 1
122 1735 1
122 1748 1
122 1767 1
123 10 1
123 205 1
123 501 1
123 541 1
123 936 1
123 993 1
123 1107 1
123 1387 1
123 1532 1
123 1577 1
123 1590 1
123 1599 1
123 1603 1
123 1663 1
123 2003 1
123 2027 1
124 363 1
124 821 1
124 1078 1
124 1607 1
124 1670 1
124 1762 1
124 1786 1
124 1945 1
125 23 1
125 28 1
125 83 1
125 190 1
125 589 1
125 757 1
125 1117 1
125 1284 1
125 1416 1
125 1964 1
125 1988 1
126 423 1
126 919 1
126 1255 1
126 1481 1
126 1575 1
126 1785 1
127 223 1
127 803 1
127 869 1
127 988 1
127 1810 1
128 11 1
128 13 1
128 280 1
128 978 1
128 1160 1
128 1617 1
129 27 1
129 253 1
129 683 1
129 790 1
129 1235 1
129 1919 1
130 29 1
130 33 1
130 37 1
130 1245 1
130 1463 1
130 1494 1
130 1551 1
130 1893 1
131 12 1
131 695 1
132 29 1
132 163 1
132 321 1
133 9 1
133 10 1
133 41 1
133 508 1
133 1946 1
134 11 1
134 904 1
134 1116 1
134 1171 1
135 29 1
135 542 1
135 906 1
135 925 1
135 1015 1
135 1410 1
135 1962 1
136 37 1
136 38 1
136 392 1
136 1691 1
136 1729 1
136 1877 1
137 376 1
137 386 1
137 1206 1
137 1428 1
137 1778 1
138 39 1
138 259 1
138 380 1
138 970 1
138 1132 1
138 1470 1
138 1853 1
139 29 1
139 184 1
139 614 1
139 1101 1
139 1115 1
139 1199 1
139 1383 1
140 2 1
140 297 1
140 864 1
140 998 1
140 1067 1
140 1173 1
140 1396 1
141 1 1
141 7 1
141 30 1
141 34 1
141 140 1
141 318 1
141 450 1
141 591 1
141 974 1
141 1635 1
141 1906 1
141 1995 1
142 552 1
142 639 1
142 744 1
142 990 1
142 1204 1
142 1649 1
143 8 1
143 26 1
143 895 1
143 1013 1
143 1162 1
143 1536 1
144 33 1
144 245 1
144 549 1
144 708 1
144 1018 1
145 34 1
145 497 1
145 659 1
145 702 1
145 724 1
146 26 1
146 31 1
146 432 1
147 4 1
147 239 1
147 286 1
147 619 1
147 1247 1
148 30 1
148 431 1
148 690 1
148 729 1
148 817 1
148 1375 1
149 18 1
149 456 1
149 845 1
149 1232 1
149 1244 1
149 1645 1
150 7 1
150 13 1
150 25 1
150 33 1
150 37 1
150 1420 1
150 1776 1
151 580 1
151 1253 1
151 1492 1
152 465 1
152 1055 1
152 1151 1
152 1666 1
152 1866 1
153 1022 1
153 1041 1
153 1613 1
153 1787 1
154 109 1
154 249 1
154 400 1
154 666 1
154 1069 1
154 1185 1
154 1250 1
154 1262 1
154 1349 1
154 1489 1
154 1881 1
155 49 1
155 675 1
155 698 1
155 1256 1
155 1294 1
155 1432 1
155 1639 1
156 121 1
156 485 1
156 787 1
156 1074 1
156 1176 1
156 1777 1
156 1846 1
156 1967 1
156 1982 1
157 420 1
157 714 1
157 830 1
157 1024 1
157 1467 1
157 1831 1
158 310 1
158 551 1
158 681 1
158 716 1
158 1820 1
158 1878 1
159 258 1
159 738 1
159 1169 1
159 1335 1
159 1370 1
159 1460 1
159 1766 1
159 1914 1
160 43 1
160 1462 1
160 1560 1
160 1802 1
161 56 1
161 469 1
161 823 1
161 1122 1
161 1773 1
162 170 1
162 1442 1
163 1189 1
163 1482 1
163 1858 1
164 48 1
164 947 1
164 1572 1
165 178 1
165 439 1
165 592 1
165 914 1
165 1064 1
165 1301 1
165 1476 1
165 1742 1
166 77 1
166 248 1
166 462 1
166 646 1
166 657 1
166 671 1
166 893 1
166 1901 1
167 556 1
167 1711 1
167 1990 1
168 315 1
168 573 1
168 645 1
168 1809 1
168 1943 1
168 1965 1
169 203 1
169 510 1
169 1042 1
169 1322 1
169 1345 1
169 1886 1
169 1983 1
170 504 1
170 1147 1
170 1164 1
170 1326 1
170 1437 1
170 1973 1
171 225 1
171 387 1
171 406 1
171 479 1
171 489 1
171 588 1
171 732 1
171 784 1
171 865 1
171 1019 1
171 1062 1
171 1072 1
171 1188 1
171 1355 1
171 1667 1
171 1721 1
171 1760 1
171 1834 1
172 615 1
172 658 1
172 694 1
172 711 1
172 742 1
172 958 1
172 1056 1
172 1381 1
172 1512 1
172 1942 1
172 2010 1
173 123 1
173 357 1
173 426 1
173 754 1
173 1038 1
173 1130 1
173 1475 1
173 1822 1
173 1997 1
174 206 1
174 468 1
174 599 1
174 862 1
174 1058 1
174 1307 1
174 1909 1
175 172 1
175 215 1
175 402 1
175 545 1
175 1210 1
175 1642 1
175 1699 1
175 2017 1
176 165 1
176 335 1
176 525 1
176 607 1
176 699 1
176 807 1
176 1624 1
176 1930 1
177 309 1
177 359 1
177 734 1
177 798 1
177 909 1
177 1398 1
178 60 1
178 61 1
178 506 1
178 656 1
178 1149 1
178 1765 1
178 1927 1
179 710 1
179 938 1
179 1654 1
179 1931 1
180 65 1
180 1086 1
180 1478 1
180 1491 1
180 1524 1
180 1818 1
181 180 1
181 181 1
181 373 1
181 581 1
181 1593 1
182 531 1
182 2014 1
183 136 1
183 152 1
183 569 1
183 846 1
183 1001 1
183 1063 1
183 1305 1
183 1600 1
183 1726 1
183 1876 1
184 493 1
184 944 1
184 981 1
184 1243 1
184 1882 1
185 389 1
185 411 1
185 574 1
185 874 1
185 949 1
185 1290 1
185 1397 1
185 1417 1
185 1513 1
185 1764 1
185 1856 1
185 2032 1
186 385 1
186 388 1
186 473 1
186 752 1
186 825 1
186 1033 1
186 1270 1
186 1319 1
186 1509 1
187 102 1
187 141 1
187 160 1
187 481 1
187 1016 1
187 1036 1
187 1242 1
187 1273 1
187 1570 1
187 1739 1
187 1781 1
187 1910 1
188 113 1
188 338 1
188 472 1
188 515 1
188 555 1
188 610 1
188 623 1
188 745 1
188 756 1
188 805 1
188 911 1
188 1120 1
188 1276 1
188 1452 1
188 1780 1
188 1926 1
189 46 1
189 96 1
189 596 1
189 640 1
189 819 1
189 1106 1
189 1292 1
189 1302 1
189 1378 1
189 1609 1
189 1797 1
190 929 1
190 962 1
190 1291 1
190 1430 1
190 1471 1
190 1581 1
190 1659 1
190 1700 1
190 1712 1
190 1791 1
190 2001 1
190 2047 1
191 486 1
191 597 1
191 602 1
191 761 1
191 871 1
191 920 1
191 1048 1
191 1992 1
192 142 1
192 150 1
192 350 1
192 834 1
192 876 1
192 1414 1
192 1621 1
192 1838 1
192 1900 1
193 105 1
193 1066 1
193 1233 1
193 1304 1
193 1347 1
193 1594 1
194 327 1
194 330 1
194 1240 1
194 1940 1
195 323 1
195 414 1
195 527 1
195 582 1
195 872 1
195 1030 1
195 1258 1
195 1844 1
196 1845 1
197 566 1
197 1089 1
197 1227 1
197 1819 1
198 340 1
198 836 1
198 1246 1
198 1585 1
198 1897 1
198 1907 1
199 251 1
199 274 1
199 371 1
199 840 1
199 900 1
199 1464 1
199 1935 1
200 584 1
200 917 1
200 1446 1
201 271 1
201 276 1
201 722 1
201 1135 1
201 1218 1
201 1423 1
201 1758 1
201 1801 1
202 44 1
202 296 1
202 601 1
202 933 1
202 1114 1
202 1205 1
202 1263 1
202 1456 1
203 94 1
203 145 1
203 187 1
203 547 1
203 667 1
203 725 1
203 854 1
203 1288 1
203 1521 1
203 1530 1
203 1626 1
203 1680 1
203 1692 1
203 1848 1
203 1974 1
204 176 1
204 198 1
204 379 1
204 709 1
204 753 1
204 961 1
204 977 1
204 1084 1
204 1111 1
204 1252 1
204 1264 1
204 1286 1
204 1372 1
204 1604 1
204 1714 1
204 1728 1
205 196 1
205 214 1
205 403 1
205 471 1
205 799 1
205 1359 1
205 1394 1
205 1608 1
205 1610 1
205 1861 1
205 1951 1
205 1966 1
206 188 1
206 557 1
206 1136 1
206 1225 1
206 1490 1
206 1540 1
206 2044 1
207 93 1
207 367 1
207 438 1
207 474 1
207 704 1
207 1179 1
207 1195 1
207 1465 1
207 1483 1
207 1602 1
207 1804 1
208 92 1
208 231 1
208 762 1
208 786 1
209 219 1
209 306 1
209 1685 1
209 1941 1
210 364 1
210 436 1
210 560 1
210 811 1
210 1145 1
210 1340 1
210 1701 1
211 328 1
211 492 1
211 630 1
211 964 1
212 146 1
212 697 1
212 1159 1
212 1510 1
212 1798 1
213 185 1
213 393 1
213 398 1
213 1282 1
214 78 1
214 362 1
214 983 1
214 1004 1
214 1994 1
215 266 1
215 617 1
215 789 1
215 822 1
215 2004 1
216 300 1
216 810 1
216 884 1
216 1128 1
216 1211 1
216 1466 1
216 1601 1
216 1805 1
217 169 1
217 242 1
217 346 1
217 458 1
217 499 1
217 655 1
217 776 1
217 818 1
217 1187 1
217 1328 1
217 1364 1
217 1870 1
217 1955 1
218 90 1
218 238 1
218 322 1
218 881 1
218 1708 1
218 1772 1
218 1898 1
219 67 1
219 157 1
219 268 1
219 287 1
219 433 1
219 445 1
219 824 1
219 1094 1
219 1309 1
219 1314 1
219 1421 1
219 1505 1
219 1562 1
219 1679 1
219 1821 1
219 1913 1
219 1947 1
219 1996 1
219 2013 1
220 112 1
220 116 1
220 191 1
220 260 1
220 418 1
220 571 1
220 905 1
220 1003 1
220 1166 1
220 1439 1
220 1592 1
220 1606 1
221 53 1
221 139 1
221 177 1
221 337 1
221 1044 1
221 1095 1
221 1200 1
221 1317 1
221 2042 1
222 63 1
222 143 1
222 278 1
222 314 1
222 553 1
222 672 1
222 1367 1
222 1763 1
223 759 1
223 778 1
223 814 1
223 899 1
223 1080 1
223 1090 1
224 459 1
224 550 1
224 847 1
224 867 1
224 1191 1
224 1348 1
224 1816 1
224 2023 1
225 133 1
225 1083 1
225 1323 1
225 1620 1
226 344 1
226 1236 1
226 1419 1
226 1854 1
226 1991 1
227 79 1
227 696 1
227 736 1
227 1214 1
227 1281 1
228 166 1
228 194 1
228 210 1
228 994 1
228 1002 1
228 1664 1
229 54 1
229 208 1
229 419 1
229 1320 1
229 1379 1
229 1826 1
230 1501 1
230 1896 1
230 1915 1
230 1925 1
231 635 1
231 643 1
231 861 1
231 985 1
231 1984 1
232 224 1
232 369 1
232 1032 1
232 1215 1
232 1219 1
233 62 1
233 416 1
233 748 1
233 768 1
233 815 1
233 1248 1
233 1329 1
233 1346 1
233 1485 1
233 1717 1
233 1916 1
234 137 1
234 631 1
234 654 1
234 673 1
234 930 1
234 955 1
234 1418 1
234 1933 1
234 1944 1
234 1970 1
234 1989 1
234 2011 1
235 100 1
235 341 1
235 451 1
235 848 1
235 1658 1
235 1689 1
236 158 1
236 240 1
236 283 1
236 410 1
236 466 1
236 470 1
236 1005 1
236 1152 1
236 1201 1
236 1269 1
236 1548 1
236 1584 1
236 1681 1
236 1703 1
236 1715 1
236 1885 1
236 2036 1
236 2041 1
237 70 1
237 197 1
237 482 1
237 706 1
237 808 1
237 952 1
237 1051 1
237 1261 1
237 1382 1
237 1921 1
238 151 1
238 269 1
238 446 1
238 686 1
238 746 1
238 793 1
238 833 1
238 855 1
238 1194 1
238 1362 1
238 1769 1
239 705 1
239 764 1
239 1144 1
239 1184 1
239 1939 1
239 2031 1
240 674 1
240 902 1
240 932 1
240 1049 1
240 1138 1
240 1707 1
240 1774 1
240 1922 1
241 449 1
241 649 1
241 687 1
241 740 1
241 832 1
241 1425 1
241 1723 1
241 1971 1
241 2019 1
242 626 1
242 777 1
242 1338 1
242 1487 1
242 1920 1
243 104 1
243 361 1
243 408 1
243 490 1
243 693 1
243 1026 1
243 1113 1
243 1671 1
243 1884 1
244 409 1
244 795 1
244 1843 1
245 86 1
245 460 1
247 218 1
247 611 1
247 1684 1
247 1709 1
248 134 1
248 277 1
248 454 1
248 578 1
248 997 1
248 1109 1
248 1299 1
248 1311 1
248 1522 1
248 1873 1
249 132 1
249 593 1
249 625 1
249 857 1
249 859 1
249 1150 1
249 1469 1
249 1589 1
249 1874 1
250 195 1
250 304 1
250 326 1
250 358 1
250 442 1
250 463 1
250 502 1
250 1740 1
250 1751 1
250 1782 1
250 1879 1
251 212 1
251 247 1
251 333 1
251 678 1
251 679 1
251 792 1
251 1181 1
251 1374 1
251 1435 1
251 1450 1
251 1534 1
251 1567 1
251 1738 1
251 1833 1
252 45 1
252 68 1
252 701 1
252 873 1
252 885 1
252 934 1
252 995 1
252 1186 1
252 1237 1
252 1371 1
252 1479 1
252 1507 1
252 1527 1
252 1565 1
252 1750 1
252 1836 1
252 1959 1
252 2025 1
253 600 1
253 676 1
253 721 1
253 760 1
253 927 1
253 941 1
253 946 1
253 996 1
253 1180 1
253 1459 1
253 1629 1
253 1704 1
253 1812 1
254 167 1
254 202 1
254 282 1
254 307 1
254 960 1
254 979 1
254 1071 1
254 1091 1
254 1207 1
254 1506 1
255 343 1
255 457 1
255 664 1
255 758 1
255 875 1
255 989 1
255 1155 1
255 1405 1
255 1424 1
255 1511 1
255 1514 1
255 1545 1
255 1652 1
255 1840 1
255 1892 1
256 144 1
256 324 1
256 464 1
256 533 1
256 796 1
256 839 1
256 1341 1
256 1433 1
256 1436 1
256 1526 1
256 1591 1
256 1835 1
256 2009 1
257 122 1
257 518 1
257 661 1
257 1257 1
257 1656 1
258 1441 1
258 1718 1
258 2033 1
261 1356 1
262 267 1
262 1622 1
263 1518 1
263 2029 1
264 110 1
264 1105 1
264 1175 1
265 87 1
265 731 1
265 788 1
265 921 1
265 1008 1
265 1569 1
265 1794 1
266 98 1
266 603 1
266 647 1
266 916 1
266 1065 1
266 1134 1
266 1212 1
266 1336 1
266 1412 1
266 1911 1
266 1948 1
267 175 1
267 182 1
267 228 1
267 308 1
267 495 1
267 532 1
267 570 1
267 703 1
267 991 1
267 1096 1
267 1100 1
267 1102 1
267 1129 1
267 1174 1
267 1183 1
267 1226 1
267 1308 1
267 1353 1
267 1366 1
267 1488 1
267 1503 1
267 1520 1
267 1552 1
267 1612 1
267 1987 1
268 293 1
268 477 1
268 583 1
268 739 1
268 757 1
268 769 1
268 1104 1
268 1123 1
268 1303 1
268 1306 1
268 1352 1
268 1454 1
268 1502 1
268 1558 1
268 1571 1
268 1752 1
268 1839 1
269 88 1
269 201 1
269 284 1
269 292 1
269 496 1
269 700 1
269 775 1
269 1050 1
269 1088 1
269 1139 1
269 1283 1
269 1325 1
270 66 1
270 125 1
270 186 1
270 378 1
270 494 1
270 513 1
270 915 1
270 1203 1
270 1238 1
270 1384 1
270 1431 1
270 1582 1
270 1619 1
270 1746 1
270 1859 1
270 1903 1
270 2045 1
271 342 1
271 351 1
271 390 1
271 507 1
271 684 1
271 688 1
271 880 1
271 950 1
271 1368 1
271 1647 1
271 1727 1
271 1732 1
271 1849 1
272 199 1
272 624 1
272 870 1
273 265 1
273 397 1
273 800 1
273 802 1
273 928 1
273 1027 1
273 1171 1
273 1663 1
273 1908 1
274 149 1
274 500 1
274 852 1
274 1043 1
274 1447 1
274 1595 1
274 1631 1
274 1641 1
274 1851 1
274 2028 1
275 303 1
275 336 1
275 1098 1
275 1358 1
276 606 1
276 641 1
276 723 1
277 382 1
277 572 1
277 1588 1
278 951 1
278 1455 1
278 1532 1
279 562 1
279 1337 1
280 237 1
280 634 1
281 76 1
281 114 1
281 633 1
281 653 1
281 940 1
281 1158 1
281 1234 1
281 1523 1
281 1686 1
281 1963 1
282 117 1
282 320 1
282 425 1
282 484 1
282 668 1
282 720 1
282 1321 1
282 1449 1
282 1761 1
282 1824 1
283 417 1
283 536 1
283 794 1
283 882 1
283 894 1
283 1202 1
283 1231 1
283 1275 1
283 1472 1
283 1498 1
283 1557 1
283 1657 1
283 1863 1
283 1938 1
283 1968 1
284 89 1
284 349 1
284 427 1
284 452 1
284 491 1
284 522 1
284 751 1
284 827 1
284 967 1
284 1172 1
284 1365 1
284 1434 1
284 1733 1
285 42 1
285 375 1
285 453 1
285 524 1
285 689 1
285 926 1
285 1197 1
285 1279 1
285 1400 1
285 1477 1
285 1519 1
285 1719 1
286 50 1
286 767 1
286 972 1
286 1039 1
286 1118 1
286 1393 1
286 1407 1
286 1625 1
286 1668 1
286 1677 1
286 1713 1
286 1759 1
286 1783 1
286 1961 1
286 1977 1
287 52 1
287 311 1
287 325 1
287 521 1
287 530 1
287 877 1
287 888 1
287 891 1
287 1230 1
287 1422 1
287 1426 1
287 1568 1
287 1576 1
287 2046 1
288 221 1
288 261 1
288 415 1
288 528 1
288 618 1
288 863 1
288 918 1
288 1034 1
288 1082 1
288 1161 1
288 1295 1
288 1313 1
288 1411 1
288 1499 1
288 1531 1
288 2020 1
289 119 1
289 546 1
289 548 1
289 565 1
289 948 1
289 953 1
289 1678 1
289 1690 1
289 1771 1
289 1888 1
290 95 1
290 108 1
290 1020 1
291 1165 1
291 1245 1
291 1324 1
291 1451 1
291 1753 1
291 1985 1
292 621 1
292 1924 1
293 461 1
293 1634 1
294 478 1
294 780 1
294 969 1
294 1028 1
294 1399 1
294 1917 1
295 131 1
295 204 1
295 213 1
295 235 1
295 444 1
295 829 1
295 937 1
295 1332 1
295 1969 1
296 715 1
296 797 1
296 1637 1
297 1014 1
297 1040 1
297 1444 1
297 1453 1
297 1496 1
298 138 1
298 207 1
298 1221 1
298 1223 1
298 1651 1
298 1744 1
298 1918 1
299 360 1
299 516 1
299 529 1
299 561 1
299 804 1
299 1274 1
299 1354 1
299 1377 1
299 1533 1
299 1790 1
300 211 1
300 227 1
300 396 1
300 483 1
300 577 1
300 636 1
300 718 1
300 883 1
300 999 1
300 1011 1
300 1073 1
300 1280 1
300 1549 1
300 1648 1
300 1705 1
300 1857 1
300 1875 1
300 1887 1
300 1975 1
301 80 1
301 111 1
301 174 1
301 437 1
301 743 1
301 943 1
301 1037 1
301 1142 1
301 1193 1
301 1333 1
301 1375 1
301 1546 1
301 1554 1
301 1615 1
301 1616 1
301 1693 1
301 1735 1
301 1808 1
301 1936 1
302 85 1
302 99 1
302 120 1
302 244 1
302 250 1
302 535 1
302 663 1
302 741 1
302 770 1
302 790 1
302 1157 1
302 1260 1
302 1298 1
302 1529 1
302 1655 1
302 1661 1
302 1865 1
303 14 1
303 72 1
303 148 1
303 384 1
303 1137 1
303 1228 1
303 1515 1
303 1923 1
304 159 1
304 353 1
304 650 1
304 719 1
304 908 1
304 1087 1
304 1611 1
304 1736 1
304 2034 1
305 128 1
305 264 1
305 1360 1
305 1734 1
305 2022 1
306 171 1
306 543 1
306 1107 1
306 1198 1
306 1312 1
306 1516 1
306 1543 1
306 1669 1
307 147 1
307 220 1
307 771 1
307 1401 1
308 680 1
308 813 1
308 965 1
308 1373 1
308 1814 1
308 1871 1
308 2024 1
309 184 1
309 576 1
309 868 1
310 290 1
310 1266 1
310 1538 1
310 1722 1
311 294 1
311 1486 1
312 413 1
312 512 1
312 886 1
312 887 1
312 1249 1
312 1806 1
313 126 1
313 879 1
313 910 1
313 1408 1
313 1443 1
313 1880 1
314 243 1
314 279 1
314 901 1
314 1404 1
314 1957 1
314 2005 1
315 51 1
315 179 1
315 299 1
315 354 1
315 401 1
315 447 1
315 605 1
315 713 1
315 957 1
315 959 1
315 1196 1
315 1537 1
315 1695 1
315 1837 1
316 155 1
316 526 1
316 1059 1
316 1099 1
316 1146 1
316 1209 1
316 1579 1
316 1702 1
316 1850 1
317 130 1
317 255 1
317 329 1
317 365 1
317 517 1
317 558 1
317 766 1
317 774 1
317 975 1
317 984 1
317 1154 1
317 1272 1
317 1357 1
317 1380 1
317 1539 1
318 254 1
318 297 1
318 356 1
318 424 1
318 567 1
318 816 1
318 973 1
318 1561 1
318 1694 1
318 1929 1
318 2008 1
319 241 1
319 391 1
319 540 1
319 755 1
319 1632 1
319 1716 1
319 1754 1
319 1950 1
320 302 1
320 428 1
320 849 1
320 924 1
320 1406 1
320 1902 1
320 1949 1
321 317 1
321 412 1
321 637 1
321 781 1
321 923 1
321 1132 1
321 1213 1
321 1665 1
321 1894 1
322 173 1
322 339 1
322 642 1
322 691 1
322 942 1
323 135 1
323 828 1
323 976 1
323 1224 1
324 1121 1
324 1495 1
324 1504 1
324 1756 1
324 1757 1
325 153 1
325 1085 1
325 1177 1
325 1474 1
326 262 1
326 1724 1
326 1901 1
327 395 1
327 563 1
327 594 1
327 966 1
328 1461 1
328 1573 1
328 1640 1
329 737 1
329 1318 1
329 1952 1
329 1953 1
329 2038 1
330 172 1
330 421 1
330 773 1
330 841 1
330 1017 1
330 1484 1
330 1563 1
330 1868 1
330 1980 1
330 2043 1
331 193 1
331 1012 1
331 1103 1
331 1271 1
331 1730 1
331 1792 1
331 1910 1
331 1960 1
331 1978 1
331 1986 1
332 288 1
332 377 1
332 407 1
332 595 1
332 851 1
332 963 1
332 1023 1
332 1182 1
332 1829 1
332 1932 1
333 77 1
333 168 1
333 217 1
333 359 1
333 523 1
333 544 1
333 692 1
333 765 1
333 1093 1
333 1126 1
333 1387 1
333 1413 1
333 1559 1
333 1596 1
333 1627 1
333 1683 1
334 275 1
334 505 1
334 514 1
334 726 1
334 1160 1
334 1535 1
334 1650 1
334 1688 1
334 1747 1
334 1828 1
334 2015 1
335 285 1
335 319 1
335 405 1
335 609 1
335 612 1
335 627 1
335 660 1
335 809 1
335 1045 1
335 1115 1
335 1131 1
335 1643 1
335 1645 1
335 1800 1
335 1832 1
335 1972 1
336 620 1
336 698 1
336 1057 1
336 1075 1
336 1141 1
336 1163 1
336 1395 1
336 1396 1
336 1528 1
336 1827 1
337 628 1
337 968 1
337 1024 1
337 1035 1
337 1140 1
337 1644 1
337 2035 1
338 47 1
338 64 1
338 118 1
338 230 1
338 677 1
338 784 1
338 1052 1
338 1053 1
338 1070 1
338 1078 1
338 1216 1
338 1628 1
339 289 1
339 467 1
339 1293 1
339 1386 1
339 1388 1
339 1420 1
339 1614 1
339 1847 1
340 140 1
341 103 1
341 200 1
341 1079 1
341 1673 1
341 1706 1
341 1762 1
342 295 1
342 913 1
342 1251 1
342 1580 1
343 189 1
343 252 1
343 616 1
344 183 1
344 216 1
344 586 1
344 1457 1
344 1547 1
344 1946 1
345 1007 1
345 1277 1
345 1278 1
346 82 1
346 156 1
346 205 1
346 1355 1
346 1497 1
347 234 1
347 301 1
347 727 1
347 1068 1
347 1267 1
347 1676 1
347 1776 1
348 124 1
348 129 1
348 291 1
348 648 1
348 762 1
348 1046 1
348 1054 1
348 1327 1
348 1480 1
348 1653 1
348 1770 1
348 1956 1
348 2000 1
348 2002 1
349 520 1
349 733 1
349 853 1
349 866 1
349 922 1
349 971 1
349 1170 1
349 1517 1
349 1633 1
349 1860 1
350 154 1
350 599 1
350 629 1
350 812 1
350 1006 1
350 1229 1
350 1316 1
350 1349 1
350 1550 1
350 1597 1
350 1687 1
350 1855 1
350 2018 1
351 58 1
351 91 1
351 232 1
351 280 1
351 312 1
351 525 1
351 527 1
351 587 1
351 707 1
351 890 1
351 897 1
351 938 1
351 1289 1
351 1300 1
351 1390 1
351 1493 1
351 1755 1
351 1768 1
352 366 1
352 394 1
352 805 1
352 837 1
352 892 1
352 1287 1
352 1363 1
352 1587 1
352 1605 1
352 1697 1
352 1803 1
352 1830 1
353 32 1
353 59 1
353 273 1
353 435 1
353 579 1
353 665 1
353 1029 1
353 1124 1
353 1156 1
353 1210 1
353 1339 1
353 1542 1
353 1660 1
353 1906 1
354 170 1
354 233 1
354 430 1
354 749 1
354 869 1
354 1062 1
354 1513 1
354 1607 1
354 1795 1
354 1813 1
355 651 1
355 820 1
355 842 1
355 1081 1
355 1190 1
355 1222 1
355 1482 1
355 1841 1
356 374 1
356 556 1
357 313 1
358 534 1
358 1448 1
358 1767 1
359 1867 1
360 906 1
361 575 1
361 622 1
361 1143 1
361 1470 1
361 1745 1
362 750 1
362 1108 1
363 74 1
363 988 1
363 1403 1
363 1638 1
363 1696 1
363 1749 1
363 1981 1
363 1999 1
364 107 1
364 115 1
364 488 1
364 695 1
364 708 1
364 978 1
364 1315 1
364 1698 1
365 318 1
365 858 1
365 907 1
365 912 1
365 1254 1
365 1255 1
365 1674 1
365 1789 1
365 1979 1
366 239 1
366 372 1
366 422 1
366 440 1
366 441 1
366 519 1
366 682 1
366 787 1
366 838 1
366 844 1
366 939 1
366 956 1
366 1133 1
366 1675 1
366 1786 1
366 1811 1
366 1943 1
366 1954 1
367 236 1
367 238 1
367 423 1
367 538 1
367 658 1
367 724 1
367 728 1
367 801 1
367 1114 1
367 1208 1
367 1699 1
367 1710 1
367 1737 1
367 1869 1
367 1909 1
367 1912 1
367 1930 1
368 381 1
368 585 1
368 671 1
368 712 1
368 772 1
368 785 1
368 1076 1
368 1610 1
368 1618 1
368 1636 1
368 1720 1
368 2003 1
368 2004 1
369 145 1
369 229 1
369 456 1
369 598 1
369 1015 1
369 1061 1
369 1330 1
369 1691 1
369 1988 1
369 2007 1
370 73 1
370 141 1
370 574 1
370 898 1
370 954 1
370 1167 1
370 1217 1
370 1639 1
371 71 1
371 75 1
371 164 1
371 246 1
371 669 1
371 1116 1
371 1194 1
371 1575 1
371 1866 1
372 856 1
372 1310 1
373 257 1
373 334 1
373 501 1
373 1942 1
374 226 1
375 1729 1
375 1937 1
376 1331 1
378 604 1
378 1294 1
378 2030 1
379 1110 1
379 1435 1
379 2012 1
380 81 1
380 338 1
380 420 1
380 448 1
380 480 1
380 670 1
380 1009 1
380 1021 1
380 1092 1
380 1112 1
380 1178 1
380 1343 1
380 1385 1
380 1553 1
380 1976 1
381 150 1
381 370 1
381 376 1
381 392 1
381 479 1
381 662 1
381 826 1
381 831 1
381 929 1
381 936 1
381 1000 1
381 1018 1
381 1060 1
381 1468 1
381 1564 1
381 1672 1
381 2011 1
382 185 1
382 209 1
382 270 1
382 476 1
382 555 1
382 645 1
382 889 1
382 903 1
382 935 1
382 1074 1
382 1220 1
382 1258 1
382 1351 1
382 1437 1
382 1438 1
382 1508 1
382 1788 1
382 1793 1
382 1899 1
382 1914 1
382 2006 1
383 152 1
383 214 1
383 348 1
383 389 1
383 542 1
383 590 1
383 657 1
383 666 1
383 696 1
383 783 1
383 850 1
383 904 1
383 1138 1
383 1176 1
383 1232 1
383 1264 1
383 1285 1
383 1305 1
383 1524 1
383 1692 1
383 1951 1
383 2037 1
383 2042 1
384 335 1
384 414 1
384 432 1
384 498 1
384 610 1
384 798 1
384 958 1
384 1038 1
384 1064 1
384 1097 1
384 1464 1
384 1748 1
384 2027 1
384 2032 1
385 157 1
385 223 1
385 316 1
385 569 1
385 614 1
385 738 1
385 811 1
385 970 1
385 1063 1
385 1148 1
385 1282 1
385 1555 1
385 1853 1
385 1886 1
386 102 1
386 551 1
386 564 1
386 652 1
386 747 1
386 845 1
386 899 1
386 1284 1
386 1617 1
386 1670 1
387 101 1
387 1041 1
387 1101 1
387 1173 1
387 1485 1
387 1490 1
387 1594 1
387 1725 1
388 249 1
388 355 1
388 735 1
388 1846 1
390 9 1
390 162 1
390 468 1
390 632 1
391 127 1
391 821 1
391 1348 1
391 1787 1
392 1370 1
393 84 1
394 281 1
395 222 1
395 508 1
395 685 1
395 825 1
395 1265 1
395 1268 1
395 1862 1
395 1934 1
396 3 1
396 61 1
396 714 1
396 763 1
396 791 1
396 990 1
396 1153 1
396 1415 1
396 1541 1
396 1600 1
396 1825 1
397 49 1
397 96 1
397 116 1
397 386 1
397 399 1
397 426 1
397 554 1
397 992 1
397 1013 1
397 1205 1
397 1427 1
397 1473 1
397 1581 1
397 1649 1
397 1765 1
397 2039 1
397 2040 1
398 55 1
398 256 1
398 271 1
398 321 1
398 383 1
398 438 1
398 581 1
398 711 1
398 1149 1
398 1317 1
398 1344 1
398 1398 1
398 1419 1
398 1429 1
398 1551 1
398 1807 1
398 1861 1
398 1928 1
399 263 1
399 298 1
399 431 1
399 436 1
399 469 1
399 756 1
399 830 1
399 945 1
399 1130 1
399 1204 1
399 1322 1
399 1369 1
399 1466 1
399 1635 1
399 1721 1
399 1741 1
399 1817 1
399 1895 1
399 2016 1
400 35 1
400 248 1
400 433 1
400 638 1
400 817 1
400 835 1
400 860 1
400 1164 1
400 1256 1
400 1430 1
400 1478 1
400 1525 1
400 1662 1
400 1775 1
400 1802 1
400 2048 1
401 163 1
401 165 1
401 371 1
401 511 1
401 537 1
401 541 1
401 615 1
401 745 1
401 752 1
401 834 1
401 900 1
401 987 1
401 1199 1
401 1243 1
401 1445 1
401 1475 1
401 1492 1
401 1494 1
401 1935 1
401 1962 1
401 2010 1
402 268 1
402 323 1
402 659 1
402 676 1
402 1809 1
402 1838 1
403 808 1
403 1122 1
403 1200 1
403 1307 1
403 1536 1
403 1566 1
403 1667 1
403 1779 1
403 2021 1
403 2047 1
404 136 1
404 592 1
404 654 1
404 1990 1
405 97 1
405 962 1
405 964 1
405 1067 1
405 1941 1
406 393 1
406 455 1
407 497 1
407 607 1
407 704 1
407 880 1
408 601 1
408 1397 1
408 1623 1
408 1784 1
409 161 1
409 1890 1
412 198 1
412 403 1
412 602 1
412 1119 1
412 1347 1
412 1544 1
413 259 1
413 327 1
413 582 1
413 864 1
413 1120 1
413 1428 1
414 34 1
414 60 1
414 65 1
414 122 1
414 142 1
414 190 1
414 272 1
414 286 1
414 402 1
414 439 1
414 450 1
414 847 1
414 1022 1
414 1025 1
414 1069 1
414 1106 1
414 1127 1
414 1189 1
414 1297 1
414 1389 1
414 1391 1
414 1402 1
414 1603 1
414 1854 1
414 1900 1
414 1904 1
414 1905 1
415 19 1
415 38 1
415 180 1
415 398 1
415 400 1
415 406 1
415 509 1
415 675 1
415 974 1
415 986 1
415 1111 1
415 1467 1
415 1540 1
415 1590 1
415 1621 1
415 1766 1
415 1777 1
415 1796 1
415 1831 1
415 1870 1
415 1883 1
415 1913 1
415 1994 1
416 158 1
416 206 1
416 347 1
416 363 1
416 388 1
416 460 1
416 466 1
416 475 1
416 485 1
416 504 1
416 545 1
416 694 1
416 947 1
416 1002 1
416 1058 1
416 1072 1
416 1242 1
416 1273 1
416 1304 1
416 1410 1
416 1578 1
416 1608 1
416 1848 1
416 1893 1
416 1973 1
416 2013 1
416 2014 1
417 589 1
417 716 1
417 823 1
417 1751 1
417 1773 1
418 181 1
418 225 1
418 499 1
418 503 1
418 744 1
418 803 1
418 807 1
418 1168 1
418 1296 1
418 1326 1
418 1340 1
418 1345 1
418 1983 1
419 106 1
419 113 1
419 276 1
419 326 1
419 981 1
419 1118 1
419 1599 1
419 1711 1
419 1835 1
420 465 1
420 591 1
420 640 1
420 1335 1
420 1392 1
420 1440 1
420 1556 1
421 761 1
421 1376 1
422 949 1
422 1657 1
423 352 1
423 1417 1
424 492 1
425 1136 1
427 559 1
427 824 1
427 871 1
428 1822 1
429 123 1
429 258 1
429 404 1
429 411 1
429 722 1
429 925 1
429 982 1
429 993 1
429 1191 1
429 1810 1
429 1823 1
429 1964 1
430 10 1
430 104 1
430 332 1
430 573 1
430 729 1
430 846 1
430 872 1
430 876 1
430 909 1
430 931 1
430 948 1
430 1042 1
430 1047 1
430 1084 1
430 1091 1
430 1187 1
430 1188 1
430 1361 1
430 1570 1
430 1780 1
430 1815 1
430 1849 1
430 1876 1
430 1878 1
430 1955 1
431 166 1
431 300 1
431 325 1
431 410 1
431 473 1
431 686 1
431 753 1
431 1010 1
431 1077 1
431 1212 1
431 1233 1
431 1291 1
431 1350 1
431 1462 1
431 1997 1
432 83 1
432 429 1
432 470 1
432 487 1
432 608 1
432 717 1
432 806 1
432 862 1
432 911 1
432 1044 1
432 1195 1
432 1239 1
432 1286 1
432 1334 1
432 1465 1
432 1583 1
432 1682 1
432 1844 1
432 1945 1
433 20 1
433 218 1
433 373 1
433 471 1
433 539 1
433 725 1
433 789 1
433 822 1
433 961 1
433 983 1
433 1162 1
433 1262 1
433 1456 1
433 1511 1
433 1560 1
433 1781 1
433 1919 1
434 23 1
434 397 1
434 483 1
434 566 1
434 1247 1
434 1442 1
434 1481 1
434 1569 1
434 1925 1
435 260 1
435 656 1
435 1056 1
435 1206 1
435 1250 1
435 1359 1
435 1469 1
435 1666 1
435 1739 1
435 1804 1
435 1872 1
435 1967 1
436 613 1
436 1117 1
436 1530 1
436 1923 1
436 1974 1
437 188 1
437 493 1
437 1593 1
438 314 1
438 350 1
438 1409 1
438 1574 1
439 1185 1
439 1889 1
440 1034 1
440 1791 1
441 44 1
442 570 1
442 1253 1
442 1458 1
443 385 1
443 895 1
443 1785 1
443 1856 1
444 1877 1
444 1896 1
444 1965 1
444 2001 1
445 1 1
445 387 1
445 754 1
445 1246 1
445 1601 1
445 1679 1
445 1799 1
445 1842 1
445 1858 1
446 169 1
446 240 1
446 309 1
446 364 1
446 571 1
446 878 1
446 919 1
446 977 1
446 1128 1
446 1235 1
446 1907 1
447 22 1
447 160 1
447 550 1
447 596 1
447 630 1
447 819 1
447 861 1
447 905 1
447 1104 1
447 1323 1
447 1372 1
447 1471 1
447 1509 1
447 1731 1
447 1864 1
447 1971 1
448 43 1
448 57 1
448 208 1
448 282 1
448 489 1
448 506 1
448 683 1
448 782 1
448 832 1
448 891 1
448 920 1
448 952 1
448 1080 1
448 1139 1
448 1236 1
448 1240 1
448 1252 1
448 1299 1
448 1426 1
448 1501 1
448 1521 1
448 1898 1
448 2028 1
449 143 1
449 174 1
449 264 1
449 278 1
449 699 1
449 779 1
449 799 1
449 874 1
449 917 1
449 1065 1
449 1179 1
449 1214 1
449 1281 1
449 1364 1
449 1565 1
449 1680 1
449 1798 1
449 1820 1
450 88 1
450 177 1
450 287 1
450 296 1
450 865 1
450 881 1
450 896 1
450 1241 1
450 1378 1
450 1624 1
450 1891 1
450 1996 1
450 2044 1
451 178 1
451 195 1
451 999 1
451 1631 1
451 1998 1
452 192 1
452 419 1
452 1049 1
452 1337 1
452 1512 1
453 48 1
453 1145 1
453 1261 1
454 245 1
454 743 1
454 1320 1
454 1712 1
455 41 1
455 552 1
455 1381 1
455 1989 1
456 1572 1
457 228 1
457 1991 1
458 843 1
459 709 1
459 1302 1
460 932 1
460 985 1
460 1522 1
461 730 1
461 742 1
461 827 1
461 914 1
461 1089 1
461 1192 1
461 1602 1
461 1818 1
462 24 1
462 28 1
462 196 1
462 215 1
462 305 1
462 322 1
462 667 1
462 702 1
462 740 1
462 759 1
462 778 1
462 884 1
462 930 1
462 934 1
462 1105 1
462 1182 1
462 1263 1
462 1700 1
462 1852 1
463 46 1
463 90 1
463 457 1
463 500 1
463 854 1
463 1094 1
463 1125 1
463 1169 1
463 1202 1
463 1259 1
463 1346 1
463 1523 1
463 1707 1
463 1708 1
463 1735 1
463 1743 1
463 1758 1
463 1884 1
463 1922 1
463 1966 1
463 1995 1
463 2036 1
464 203 1
464 341 1
464 380 1
464 474 1
464 553 1
464 625 1
464 673 1
464 703 1
464 1030 1
464 1051 1
464 1237 1
464 1342 1
464 1414 1
464 1450 1
464 1476 1
464 1489 1
464 1589 1
464 1812 1
464 1992 1
465 93 1
465 197 1
465 201 1
465 212 1
465 269 1
465 274 1
465 409 1
465 549 1
465 690 1
465 802 1
465 1096 1
465 1183 1
465 1606 1
465 1685 1
465 1738 1
465 1836 1
465 1958 1
465 1977 1
465 2026 1
466 2 1
466 12 1
466 242 1
466 346 1
466 367 1
466 368 1
466 415 1
466 442 1
466 547 1
466 672 1
466 734 1
466 875 1
466 1008 1
466 1270 1
466 1416 1
466 1452 1
466 1613 1
466 1874 1
466 1920 1
467 37 1
467 91 1
467 267 1
467 290 1
467 933 1
467 1201 1
467 1418 1
467 1620 1
467 2017 1
468 345 1
468 463 1
468 1048 1
468 1155 1
468 1968 1
469 1001 1
469 1500 1
469 1713 1
470 1843 1
471 867 1
471 1276 1
471 1447 1
471 1591 1
471 1658 1
471 1689 1
471 1705 1
471 1805 1
472 79 1
473 454 1
474 417 1
475 639 1
475 681 1
475 1718 1
476 502 1
476 796 1
477 6 1
477 94 1
477 331 1
477 736 1
477 855 1
477 1005 1
477 1181 1
477 1585 1
477 1626 1
477 1630 1
477 1704 1
477 1845 1
477 1939 1
477 2041 1
478 70 1
478 304 1
478 315 1
478 328 1
478 464 1
478 515 1
478 532 1
478 644 1
478 955 1
478 1134 1
478 1211 1
478 1329 1
478 1431 1
478 1588 1
478 1652 1
478 1821 1
478 1921 1
479 25 1
479 253 1
479 255 1
479 361 1
479 396 1
479 495 1
479 810 1
479 1083 1
479 1107 1
479 1184 1
479 1526 1
479 1592 1
479 1761 1
479 2031 1
480 36 1
480 67 1
480 266 1
480 379 1
480 434 1
480 674 1
480 748 1
480 758 1
480 780 1
480 792 1
480 1043 1
480 1219 1
480 1244 1
480 1314 1
480 1439 1
480 1460 1
480 1506 1
480 1609 1
480 1834 1
480 1868 1
480 1897 1
480 1993 1
481 16 1
481 121 1
481 132 1
481 284 1
481 336 1
481 344 1
481 357 1
481 774 1
481 775 1
481 849 1
481 1358 1
481 1463 1
481 1746 1
482 7 1
482 17 1
482 109 1
482 149 1
482 224 1
482 518 1
482 623 1
482 732 1
482 944 1
482 1087 1
482 1279 1
482 1366 1
482 1782 1
482 1915 1
482 2019 1
483 100 1
483 766 1
483 1026 1
483 1356 1
483 1393 1
483 1421 1
483 1690 1
483 1987 1
484 199 1
484 794 1
484 980 1
484 1031 1
485 89 1
485 362 1
485 458 1
485 1313 1
485 1567 1
485 1598 1
486 531 1
486 1257 1
486 1516 1
486 1882 1
487 92 1
487 1881 1
488 235 1
488 337 1
488 643 1
488 863 1
490 139 1
490 251 1
490 443 1
490 1039 1
491 63 1
491 1940 1
492 175 1
492 578 1
492 1446 1
493 642 1
493 868 1
493 1203 1
493 1750 1
494 87 1
494 247 1
494 330 1
494 510 1
494 584 1
494 611 1
494 1225 1
494 1292 1
494 1586 1
494 1885 1
494 1970 1
494 1978 1
495 33 1
495 231 1
495 343 1
495 451 1
495 568 1
495 723 1
495 996 1
495 1109 1
495 1186 1
495 1280 1
495 1422 1
495 1519 1
495 1571 1
495 1778 1
495 1982 1
495 2023 1
496 187 1
496 306 1
496 588 1
496 649 1
496 773 1
496 873 1
496 915 1
496 1166 1
496 1171 1
496 1230 1
496 1248 1
496 1352 1
496 1382 1
496 1432 1
496 1502 1
496 1661 1
496 1847 1
497 98 1
497 340 1
497 572 1
497 661 1
497 1436 1
497 1577 1
497 1646 1
497 1684 1
497 1742 1
497 1863 1
497 1926 1
497 1936 1
498 108 1
498 491 1
498 1036 1
498 1543 1
498 1723 1
498 1948 1
499 424 1
499 452 1
499 857 1
499 888 1
499 1016 1
499 1033 1
499 1144 1
499 1152 1
499 1584 1
499 1604 1
499 1642 1
499 1759 1
499 1879 1
500 191 1
500 472 1
500 565 1
500 1260 1
500 1412 1
500 1744 1
501 317 1
501 540 1
501 641 1
501 1371 1
502 462 1
502 533 1
502 557 1
502 678 1
502 701 1
502 712 1
502 994 1
503 1028 1
503 1548 1
503 1637 1
504 833 1
504 1425 1
504 1808 1
504 1892 1
505 885 1
505 926 1
507 583 1
507 839 1
507 1663 1
508 529 1
508 1147 1
508 1324 1
508 1701 1
509 176 1
509 408 1
509 446 1
509 482 1
509 710 1
509 1175 1
509 1491 1
510 719 1
510 1290 1
510 1695 1
510 1794 1
510 1933 1
510 1944 1
511 103 1
511 119 1
511 125 1
511 202 1
511 349 1
511 1050 1
511 1135 1
511 1368 1
511 1434 1
511 1911 1
512 369 1
512 425 1
512 459 1
512 577 1
512 664 1
512 1159 1
512 1207 1
512 1407 1
512 1433 1
512 1546 1
512 1552 1
512 1612 1
512 1659 1
513 40 1
513 112 1
513 418 1
513 600 1
513 606 1
513 693 1
513 697 1
513 894 1
513 1019 1
513 1336 1
513 1353 1
513 1498 1
513 1648 1
513 1857 1
513 1985 1
514 110 1
514 283 1
514 771 1
514 795 1
514 927 1
514 1055 1
514 1174 1
514 1408 1
514 1557 1
514 1558 1
514 1726 1
514 1728 1
514 1732 1
515 151 1
515 490 1
515 535 1
515 679 1
515 687 1
515 1180 1
515 1888 1
516 135 1
516 210 1
516 303 1
516 342 1
516 1218 1
516 1451 1
516 1801 1
517 53 1
517 1099 1
517 1309 1
517 1482 1
517 1510 1
517 1582 1
517 1763 1
518 560 1
518 769 1
518 1100 1
519 718 1
519 957 1
519 1283 1
519 1341 1
520 99 1
520 731 1
520 1664 1
521 4 1
521 700 1
521 1332 1
521 1640 1
521 1953 1
522 829 1
522 1394 1
522 1770 1
523 969 1
523 1423 1
524 299 1
524 1086 1
524 1113 1
524 1383 1
524 1715 1
525 561 1
525 768 1
525 818 1
525 1129 1
525 1303 1
525 1404 1
525 1562 1
526 56 1
526 562 1
527 54 1
527 292 1
527 324 1
527 449 1
527 765 1
527 814 1
527 893 1
527 998 1
527 1319 1
527 1411 1
527 1459 1
527 1480 1
527 1622 1
527 1693 1
527 1734 1
527 1772 1
527 1797 1
527 1816 1
527 1902 1
527 1931 1
527 2025 1
528 18 1
528 69 1
528 77 1
528 137 1
528 207 1
528 721 1
528 1527 1
528 1719 1
528 1757 1
528 2046 1
529 237 1
529 250 1
529 445 1
529 760 1
529 797 1
529 889 1
529 943 1
529 1399 1
529 1901 1
530 232 1
530 505 1
530 512 1
530 530 1
530 777 1
530 837 1
530 1011 1
530 1035 1
530 1226 1
530 1318 1
530 1325 1
530 1534 1
530 1647 1
530 1655 1
530 1963 1
530 2034 1
531 15 1
531 138 1
531 484 1
531 516 1
531 546 1
531 576 1
531 580 1
531 942 1
531 997 1
531 1245 1
532 619 1
532 628 1
532 979 1
532 1066 1
532 1090 1
532 1654 1
533 308 1
533 941 1
533 1384 1
533 1449 1
533 1488 1
533 1505 1
533 1671 1
533 1903 1
534 155 1
534 360 1
534 486 1
534 836 1
534 995 1
534 1108 1
534 2022 1
535 120 1
535 521 1
535 764 1
535 848 1
535 908 1
535 1173 1
536 739 1
537 1308 1
537 1377 1
537 1716 1
537 2043 1
538 1515 1
538 1533 1
539 937 1
540 194 1
540 655 1
540 1454 1
541 230 1
541 563 1
541 991 1
541 1819 1
542 31 1
542 179 1
542 217 1
542 653 1
542 1764 1
543 293 1
543 311 1
543 746 1
543 840 1
543 921 1
543 971 1
543 973 1
543 1032 1
543 1079 1
543 1103 1
543 1137 1
543 1151 1
543 1367 1
543 1413 1
543 1514 1
543 1678 1
544 960 1
544 1123 1
544 1231 1
544 1312 1
544 1406 1
544 1531 1
544 1547 1
544 1625 1
544 1733 1
544 1795 1
545 130 1
545 241 1
545 294 1
545 416 1
545 1301 1
545 1379 1
545 1538 1
545 1753 1
545 1916 1
545 1946 1
546 45 1
546 76 1
546 86 1
546 128 1
546 382 1
546 593 1
546 663 1
546 815 1
546 1085 1
546 1158 1
546 1288 1
546 1687 1
546 1736 1
547 494 1
547 626 1
547 688 1
547 711 1
547 858 1
547 1306 1
547 1328 1
547 1504 1
547 1539 1
547 1709 1
547 1813 1
548 47 1
548 118 1
548 144 1
548 614 1
548 770 1
548 950 1
548 1057 1
548 1274 1
548 1360 1
548 1365 1
548 1894 1
548 1984 1
549 95 1
549 146 1
549 692 1
549 757 1
549 1014 1
549 1068 1
549 1074 1
549 1269 1
549 1499 1
549 1550 1
549 1724 1
549 1950 1
550 288 1
550 1294 1
550 1483 1
550 1644 1
551 575 1
551 788 1
551 1338 1
551 2000 1
552 58 1
552 1007 1
552 1616 1
552 1668 1
552 1850 1
553 85 1
553 437 1
553 951 1
553 1295 1
554 219 1
554 412 1
554 1215 1
555 597 1
556 647 1
556 984 1
556 1154 1
556 1193 1
556 1673 1
557 1210 1
557 1477 1
557 2047 1
558 390 1
558 726 1
558 1140 1
558 1251 1
558 1532 1
558 1634 1
559 244 1
559 351 1
559 496 1
559 695 1
559 751 1
559 886 1
559 1227 1
559 1424 1
559 1656 1
560 211 1
560 233 1
560 447 1
560 522 1
560 544 1
560 624 1
560 842 1
560 882 1
560 918 1
560 1017 1
560 1400 1
560 1474 1
560 1633 1
560 1851 1
561 133 1
561 467 1
561 525 1
561 603 1
561 633 1
561 634 1
561 680 1
561 793 1
561 912 1
561 946 1
561 1131 1
561 1223 1
561 1321 1
561 1596 1
561 1610 1
561 1641 1
561 1783 1
561 1840 1
562 302 1
562 513 1
562 528 1
562 813 1
562 1052 1
562 1216 1
562 1441 1
562 1503 1
562 1605 1
562 1688 1
562 1786 1
562 1869 1
562 1959 1
562 2038 1
563 243 1
563 333 1
563 358 1
563 870 1
563 953 1
563 986 1
563 1249 1
563 1287 1
563 1390 1
563 1632 1
563 1669 1
563 1698 1
563 1769 1
563 1938 1
564 229 1
564 394 1
564 612 1
564 852 1
564 887 1
564 1559 1
564 1563 1
564 1740 1
564 1947 1
564 2024 1
565 131 1
565 205 1
565 536 1
565 586 1
565 790 1
565 800 1
565 1790 1
566 617 1
566 1004 1
566 1629 1
566 1703 1
566 1762 1
566 1826 1
566 1875 1
566 1979 1
567 853 1
567 1196 1
567 1837 1
567 1924 1
567 2005 1
568 767 1
568 975 1
568 1479 1
568 1675 1
568 1767 1
568 2029 1
569 171 1
569 1081 1
569 1980 1
569 2033 1
570 64 1
570 134 1
570 543 1
570 1676 1
571 107 1
571 890 1
571 1163 1
572 265 1
572 1126 1
572 1747 1
573 1755 1
574 148 1
574 906 1
574 923 1
574 1486 1
574 2037 1
575 689 1
575 713 1
575 1444 1
575 1595 1
576 13 1
576 80 1
576 153 1
576 193 1
576 381 1
576 1118 1
576 1405 1
576 1730 1
577 310 1
577 444 1
577 605 1
577 776 1
577 907 1
577 1020 1
577 1146 1
577 1266 1
577 1278 1
577 1660 1
578 78 1
578 82 1
578 154 1
578 297 1
578 478 1
578 493 1
578 646 1
578 671 1
578 747 1
578 856 1
578 898 1
578 902 1
578 1078 1
578 1128 1
578 1298 1
578 1507 1
578 1580 1
578 1686 1
578 1969 1
579 68 1
579 126 1
579 395 1
579 841 1
579 877 1
579 911 1
579 1234 1
579 1354 1
579 1387 1
579 1581 1
579 1792 1
579 2030 1
580 62 1
580 117 1
580 556 1
580 715 1
580 737 1
580 879 1
580 897 1
580 922 1
580 1120 1
580 1267 1
580 1333 1
580 1670 1
581 11 1
581 145 1
581 165 1
581 272 1
581 558 1
581 621 1
581 637 1
581 972 1
581 983 1
581 1073 1
581 1150 1
581 1517 1
581 1650 1
581 1932 1
582 66 1
582 268 1
582 428 1
582 594 1
582 645 1
582 1315 1
582 1520 1
582 1800 1
582 1865 1
583 422 1
583 804 1
583 1092 1
583 1466 1
583 2009 1
583 2018 1
584 435 1
584 1722 1
584 1760 1
584 2042 1
585 988 1
585 1832 1
586 928 1
586 1597 1
587 910 1
587 1873 1
587 1912 1
588 1448 1
588 1752 1
588 1839 1
589 1774 1
590 354 1
591 524 1
591 1082 1
591 1587 1
592 477 1
592 519 1
592 1568 1
592 1636 1
592 1981 1
593 21 1
593 173 1
593 339 1
593 376 1
593 781 1
593 844 1
593 965 1
593 1023 1
593 1213 1
593 1299 1
593 1311 1
593 1395 1
593 1528 1
593 2011 1
594 183 1
594 246 1
594 618 1
594 940 1
594 1053 1
594 1289 1
594 1362 1
594 1472 1
594 1475 1
594 1513 1
594 1717 1
594 1802 1
594 1871 1
594 1887 1
594 1893 1
594 1999 1
594 2020 1
595 168 1
595 289 1
595 329 1
595 542 1
595 559 1
595 627 1
595 706 1
595 929 1
595 1071 1
595 1271 1
595 1554 1
595 1651 1
595 1833 1
595 1908 1
596 42 1
596 60 1
596 105 1
596 236 1
596 421 1
596 507 1
596 620 1
596 901 1
596 1059 1
596 1217 1
596 1254 1
596 1334 1
596 1410 1
596 1627 1
596 1727 1
596 1766 1
596 1954 1
597 29 1
597 72 1
597 111 1
597 170 1
597 377 1
597 892 1
597 959 1
597 1029 1
597 1040 1
597 1170 1
597 1455 1
597 1537 1
597 1600 1
597 1681 1
597 1702 1
597 1972 1
598 238 1
598 407 1
598 538 1
598 750 1
598 913 1
598 1038 1
598 1142 1
598 1437 1
599 213 1
599 378 1
599 850 1
599 1473 1
600 520 1
600 599 1
600 1524 1
600 1576 1
601 386 1
601 970 1
601 1930 1
602 453 1
602 1941 1
603 1374 1
603 1566 1
604 656 1
606 204 1
606 383 1
606 677 1
606 967 1
606 1277 1
606 2032 1
607 14 1
608 279 1
608 609 1
608 722 1
608 1024 1
608 1136 1
608 1156 1
609 150 1
609 270 1
609 551 1
609 604 1
609 762 1
609 784 1
609 1000 1
609 1037 1
609 1124 1
609 1495 1
609 1518 1
609 1814 1
609 1862 1
610 5 1
610 102 1
610 172 1
610 186 1
610 301 1
610 338 1
610 651 1
610 698 1
610 808 1
610 859 1
610 1127 1
610 1138 1
610 1143 1
610 1199 1
610 1256 1
610 1561 1
610 1579 1
610 1749 1
610 1771 1
610 1780 1
610 1831 1
610 1904 1
610 1961 1
610 1975 1
611 140 1
611 206 1
611 312 1
611 481 1
611 598 1
611 629 1
611 682 1
611 684 1
611 685 1
611 694 1
611 803 1
611 895 1
611 1009 1
611 1183 1
611 1238 1
611 1293 1
611 1373 1
611 1401 1
611 1438 1
611 1453 1
611 1484 1
611 1535 1
611 1615 1
611 1683 1
611 1737 1
612 50 1
612 73 1
612 189 1
612 214 1
612 254 1
612 278 1
612 291 1
612 392 1
612 413 1
612 487 1
612 602 1
612 809 1
612 817 1
612 1121 1
612 1241 1
612 1349 1
612 1443 1
612 1461 1
612 1608 1
612 1714 1
612 1829 1
612 1906 1
612 2006 1
613 356 1
613 371 1
613 480 1
613 517 1
613 526 1
613 666 1
613 724 1
613 932 1
613 949 1
613 1013 1
613 1088 1
613 1097 1
613 1112 1
613 1161 1
613 1204 1
613 1358 1
613 1776 1
613 1913 1
613 1918 1
614 262 1
614 277 1
614 295 1
614 423 1
614 555 1
614 587 1
614 625 1
614 812 1
614 824 1
614 830 1
614 1021 1
614 1397 1
614 1496 1
614 1564 1
614 1614 1
614 1699 1
615 550 1
615 755 1
615 825 1
615 1046 1
615 1054 1
615 1200 1
615 1677 1
615 1934 1
616 275 1
616 280 1
616 733 1
616 735 1
616 761 1
616 801 1
616 1102 1
616 1748 1
617 286 1
617 650 1
617 1070 1
617 1190 1
618 1198 1
619 1305 1
619 1768 1
621 1618 1
621 1838 1
623 96 1
623 430 1
623 707 1
623 1859 1
624 227 1
624 582 1
624 691 1
624 1791 1
624 1806 1
625 359 1
625 514 1
625 632 1
625 648 1
625 785 1
625 828 1
625 1003 1
625 1110 1
625 1386 1
625 1409 1
625 1706 1
625 2007 1
626 157 1
626 313 1
626 420 1
626 635 1
626 665 1
626 753 1
626 924 1
626 989 1
626 1265 1
626 1268 1
626 1363 1
626 1643 1
626 1917 1
627 652 1
627 725 1
627 749 1
627 1018 1
627 1022 1
627 1069 1
627 1075 1
627 1093 1
627 1114 1
627 1157 1
627 1224 1
627 1247 1
627 1420 1
627 1430 1
627 1435 1
627 1536 1
627 1694 1
627 1697 1
627 2014 1
628 71 1
628 141 1
628 158 1
628 215 1
628 261 1
628 273 1
628 320 1
628 335 1
628 401 1
628 469 1
628 473 1
628 537 1
628 585 1
628 862 1
628 947 1
628 993 1
628 1141 1
628 1322 1
628 1355 1
628 1457 1
628 1478 1
628 1481 1
628 1493 1
628 1867 1
628 1870 1
628 1910 1
628 1914 1
628 1937 1
628 1951 1
628 1957 1
629 10 1
629 370 1
629 375 1
629 502 1
629 654 1
629 956 1
629 1045 1
629 1115 1
629 1191 1
629 1392 1
629 1787 1
629 1899 1
630 402 1
630 564 1
630 608 1
630 1098 1
630 1132 1
630 1153 1
630 1160 1
630 1178 1
630 1255 1
630 1525 1
630 1653 1
630 1830 1
631 184 1
631 398 1
631 432 1
631 450 1
631 461 1
631 662 1
631 778 1
631 982 1
631 1282 1
631 1811 1
631 2012 1
632 39 1
632 147 1
632 182 1
632 640 1
632 974 1
632 1084 1
632 1197 1
632 1253 1
632 1258 1
632 1860 1
632 1868 1
633 709 1
633 1233 1
633 1619 1
634 220 1
634 729 1
634 846 1
634 954 1
634 987 1
634 1095 1
635 318 1
635 448 1
635 964 1
635 1167 1
635 1176 1
635 1275 1
635 1691 1
636 552 1
636 2048 1
637 1573 1
638 720 1
638 1148 1
638 1607 1
638 1639 1
639 188 1
639 1574 1
639 1796 1
639 1900 1
640 1187 1
640 1729 1
641 97 1
641 403 1
641 523 1
641 1177 1
641 2008 1
642 27 1
642 167 1
642 534 1
642 616 1
642 714 1
642 1339 1
642 1645 1
642 1696 1
642 1927 1
642 2035 1
643 393 1
643 399 1
643 579 1
643 866 1
643 939 1
643 948 1
643 968 1
643 1464 1
643 1672 1
643 1809 1
643 1976 1
643 1986 1
643 2010 1
643 2015 1
644 44 1
644 52 1
644 209 1
644 249 1
644 285 1
644 485 1
644 548 1
644 660 1
644 904 1
644 961 1
644 1262 1
644 1323 1
644 1396 1
644 1601 1
644 1638 1
644 1741 1
644 1788 1
644 1824 1
644 2045 1
645 34 1
645 104 1
645 127 1
645 307 1
645 488 1
645 492 1
645 567 1
645 945 1
645 1189 1
645 1310 1
645 1440 1
645 1487 1
645 1611 1
645 1657 1
645 1725 1
645 1817 1
645 1848 1
645 1853 1
645 1854 1
645 1960 1
645 1983 1
646 245 1
646 409 1
646 438 1
646 527 1
646 675 1
646 756 1
646 782 1
646 962 1
646 976 1
646 1101 1
646 1272 1
646 1281 1
646 1807 1
646 1929 1
646 1955 1
646 2002 1
647 162 1
647 468 1
647 610 1
647 728 1
647 832 1
647 891 1
647 981 1
647 1165 1
647 1185 1
647 1228 1
647 1239 1
647 1470 1
647 1592 1
647 1784 1
647 1855 1
647 1996 1
647 2040 1
648 276 1
648 566 1
648 1232 1
648 1327 1
648 1426 1
648 1544 1
648 1775 1
648 1923 1
649 319 1
649 670 1
649 705 1
649 1307 1
649 1835 1
650 122 1
650 326 1
650 591 1
650 1380 1
651 259 1
651 1094 1
651 1489 1
651 1617 1
652 433 1
652 1417 1
653 919 1
653 1201 1
654 1067 1
654 1846 1
655 81 1
655 436 1
655 1064 1
655 1208 1
655 1388 1
656 123 1
657 372 1
657 676 1
657 786 1
657 1056 1
657 1345 1
657 1357 1
658 23 1
658 30 1
658 264 1
658 347 1
658 391 1
658 704 1
658 963 1
658 1540 1
658 1556 1
658 1649 1
658 1773 1
658 1818 1
658 1823 1
658 1956 1
658 2027 1
659 156 1
659 218 1
659 441 1
659 465 1
659 741 1
659 909 1
659 938 1
659 952 1
659 1172 1
659 1243 1
659 1456 1
659 1458 1
659 1465 1
659 1529 1
659 1994 1
660 201 1
660 353 1
660 589 1
660 590 1
660 696 1
660 816 1
660 1027 1
660 1542 1
660 1674 1
660 1825 1
660 1928 1
660 2003 1
660 2044 1
661 55 1
661 136 1
661 164 1
661 178 1
661 242 1
661 281 1
661 332 1
661 355 1
661 364 1
661 501 1
661 601 1
661 631 1
661 835 1
661 1041 1
661 1044 1
661 1080 1
661 1285 1
661 1317 1
661 1342 1
661 1375 1
661 1398 1
661 1671 1
661 1739 1
661 1779 1
662 152 1
662 159 1
662 195 1
662 239 1
662 429 1
662 554 1
662 758 1
662 822 1
662 916 1
662 1139 1
662 1221 1
662 1754 1
662 1793 1
662 1827 1
662 1935 1
662 2016 1
663 479 1
663 834 1
663 1058 1
663 1119 1
663 1343 1
663 1415 1
663 1594 1
663 1890 1
664 772 1
664 1149 1
664 1442 1
664 1738 1
665 185 1
665 673 1
665 1565 1
665 1628 1
666 1061 1
666 1506 1
666 1545 1
666 1553 1
668 1624 1
668 1952 1
669 1240 1
670 316 1
670 743 1
670 1549 1
670 1731 1
670 1967 1
671 1006 1
671 1492 1
671 1665 1
672 161 1
672 847 1
673 200 1
673 427 1
673 701 1
673 978 1
673 1347 1
673 1551 1
674 271 1
674 323 1
674 365 1
674 374 1
674 400 1
674 476 1
674 508 1
674 595 1
674 783 1
674 1188 1
674 1284 1
674 1331 1
674 1385 1
674 1403 1
674 1578 1
674 1680 1
674 1692 1
674 1781 1
674 1866 1
674 1998 1
675 12 1
675 51 1
675 208 1
675 596 1
675 1145 1
675 1242 1
675 1264 1
675 1273 1
675 1326 1
675 1501 1
675 1590 1
675 1820 1
675 1879 1
675 1915 1
675 2017 1
675 2028 1
676 74 1
676 90 1
676 269 1
676 346 1
676 574 1
676 592 1
676 815 1
676 819 1
676 827 1
676 860 1
676 933 1
676 1032 1
676 1105 1
676 1164 1
676 1219 1
676 1370 1
676 1414 1
676 1416 1
676 1419 1
676 1530 1
676 1803 1
676 1841 1
676 1858 1
676 1949 1
676 1995 1
677 225 1
677 352 1
677 380 1
677 388 1
677 511 1
677 740 1
677 883 1
677 915 1
677 1002 1
677 1237 1
677 1445 1
677 1526 1
677 1689 1
677 1718 1
677 1751 1
677 1849 1
677 1973 1
678 149 1
678 169 1
678 336 1
678 509 1
678 622 1
678 779 1
678 794 1
678 796 1
678 869 1
678 1168 1
678 1194 1
678 1211 1
678 1270 1
678 1462 1
678 1555 1
678 1588 1
678 1662 1
678 1815 1
678 1909 1
679 296 1
679 397 1
679 455 1
679 547 1
679 789 1
679 934 1
679 958 1
679 1229 1
680 190 1
680 498 1
680 613 1
680 668 1
680 966 1
680 1063 1
680 1214 1
681 334 1
681 366 1
681 999 1
681 1113 1
681 1344 1
682 463 1
682 863 1
682 1364 1
683 807 1
684 955 1
685 1682 1
686 799 1
687 992 1
688 410 1
688 456 1
688 977 1
688 1497 1
689 106 1
689 115 1
689 260 1
689 348 1
689 405 1
689 658 1
689 752 1
689 1599 1
689 1964 1
690 93 1
690 180 1
690 198 1
690 222 1
690 581 1
690 623 1
690 831 1
690 1076 1
690 1222 1
690 1252 1
690 1351 1
690 1522 1
690 1598 1
690 1635 1
690 1666 1
690 1667 1
690 1708 1
690 1877 1
690 1897 1
691 1 1
691 221 1
691 466 1
691 731 1
691 738 1
691 766 1
691 872 1
691 1159 1
691 1162 1
691 1209 1
691 1304 1
691 1429 1
691 1810 1
691 1876 1
691 1962 1
691 1968 1
691 1971 1
692 101 1
692 257 1
692 321 1
692 384 1
692 396 1
692 426 1
692 454 1
692 470 1
692 571 1
692 669 1
692 672 1
692 699 1
692 770 1
692 973 1
692 1130 1
692 1166 1
692 1352 1
692 1369 1
692 1418 1
692 1422 1
692 1423 1
692 1452 1
692 1467 1
692 1469 1
692 1541 1
692 1713 1
692 1746 1
692 1885 1
692 1905 1
692 1978 1
692 2026 1
693 17 1
693 48 1
693 49 1
693 53 1
693 252 1
693 253 1
693 415 1
693 434 1
693 439 1
693 636 1
693 667 1
693 806 1
693 823 1
693 931 1
693 1171 1
693 1220 1
693 1407 1
693 1451 1
693 1707 1
693 1758 1
693 1805 1
693 1920 1
694 223 1
694 331 1
694 350 1
694 363 1
694 497 1
694 499 1
694 549 1
694 683 1
694 857 1
694 871 1
694 917 1
694 936 1
694 1012 1
694 1463 1
694 1471 1
694 1711 1
694 1790 1
694 1834 1
694 1844 1
694 1861 1
694 1943 1
695 132 1
695 284 1
695 457 1
695 553 1
695 686 1
695 908 1
695 1116 1
695 1236 1
695 1571 1
696 300 1
696 1886 1
697 855 1
697 1005 1
697 1502 1
698 2021 1
699 67 1
699 113 1
699 414 1
699 851 1
701 20 1
701 63 1
701 108 1
701 607 1
701 1077 1
702 475 1
702 1036 1
702 1883 1
704 798 1
704 1047 1
704 1575 1
705 483 1
705 541 1
705 1096 1
705 1316 1
705 1468 1
705 1822 1
706 70 1
706 234 1
706 298 1
706 411 1
706 431 1
706 446 1
706 791 1
706 810 1
706 894 1
706 935 1
706 1062 1
706 1235 1
706 1263 1
706 1428 1
706 1603 1
706 1606 1
706 1942 1
706 1974 1
707 177 1
707 451 1
707 504 1
707 702 1
707 760 1
707 805 1
707 838 1
707 867 1
707 899 1
707 1010 1
707 1060 1
707 1175 1
707 1225 1
707 1261 1
707 1280 1
707 1350 1
707 1421 1
707 1500 1
707 1511 1
707 1570 1
707 1695 1
707 1756 1
707 1843 1
707 1891 1
707 1950 1
707 2001 1
708 75 1
708 94 1
708 100 1
708 248 1
708 569 1
708 659 1
708 708 1
708 874 1
708 969 1
708 1042 1
708 1246 1
708 1427 1
708 1434 1
708 1523 1
708 1726 1
708 1762 1
708 1765 1
708 1882 1
708 1958 1
709 46 1
709 176 1
709 235 1
709 266 1
709 314 1
709 330 1
709 343 1
709 557 1
709 820 1
709 900 1
709 925 1
709 1104 1
709 1133 1
709 1359 1
709 1720 1
709 1789 1
709 1852 1
709 1922 1
710 24 1
710 114 1
710 361 1
710 754 1
710 1250 1
710 1591 1
710 1609 1
710 1721 1
710 2019 1
711 187 1
711 663 1
711 730 1
711 736 1
711 763 1
711 1179 1
711 2041 1
712 196 1
712 442 1
712 1585 1
712 1589 1
712 1679 1
712 1728 1
713 1202 1
713 1490 1
713 1712 1
714 369 1
714 1324 1
715 1074 1
715 1089 1
715 1302 1
716 1155 1
717 322 1
717 2022 1
719 389 1
719 748 1
719 995 1
720 57 1
720 224 1
720 570 1
720 905 1
720 1939 1
720 1948 1
721 163 1
721 440 1
721 460 1
721 845 1
721 880 1
721 1804 1
721 1812 1
721 1828 1
722 207 1
722 256 1
722 287 1
722 404 1
722 573 1
722 985 1
722 1001 1
722 1051 1
722 1260 1
722 1799 1
722 1856 1
723 142 1
723 181 1
723 194 1
723 228 1
723 328 1
723 462 1
723 624 1
723 657 1
723 861 1
723 942 1
723 980 1
723 990 1
723 1205 1
723 1212 1
723 1218 1
723 1782 1
723 1842 1
723 1936 1
724 124 1
724 458 1
724 600 1
724 996 1
724 1368 1
724 1412 1
724 1446 1
724 1621 1
725 6 1
725 87 1
725 231 1
725 258 1
725 288 1
725 821 1
725 837 1
725 920 1
725 1173 1
725 1480 1
725 1620 1
725 1864 1
725 1901 1
725 1993 1
725 2036 1
726 143 1
726 240 1
726 647 1
726 692 1
726 944 1
726 1028 1
726 1100 1
726 1346 1
726 1546 1
726 1584 1
726 1663 1
726 1940 1
727 56 1
727 77 1
727 237 1
727 495 1
727 506 1
727 884 1
727 1494 1
727 1539 1
727 1878 1
728 304 1
728 505 1
728 1279 1
728 1286 1
728 1582 1
728 1648 1
729 116 1
729 309 1
729 773 1
729 1314 1
729 1508 1
729 1808 1
729 1869 1
730 679 1
730 1015 1
731 873 1
732 580 1
732 718 1
732 1117 1
732 1180 1
732 2031 1
733 1035 1
734 703 1
734 780 1
734 1997 1
735 145 1
735 843 1
736 642 1
737 282 1
737 1389 1
737 1631 1
737 1896 1
738 45 1
738 166 1
738 406 1
738 471 1
738 630 1
738 717 1
738 744 1
738 1230 1
738 1244 1
738 1329 1
738 1382 1
738 1798 1
738 1832 1
738 1977 1
739 61 1
739 299 1
739 449 1
739 452 1
739 491 1
739 529 1
739 787 1
739 888 1
739 889 1
739 1065 1
739 1086 1
739 1259 1
739 1294 1
739 1296 1
739 1337 1
739 1945 1
740 139 1
740 216 1
740 230 1
740 325 1
740 421 1
740 472 1
740 503 1
740 518 1
740 742 1
740 769 1
740 829 1
740 881 1
740 1107 1
740 1158 1
740 1192 1
740 1231 1
740 1234 1
740 1566 1
740 1735 1
740 1745 1
740 1797 1
740 1931 1
741 199 1
741 303 1
741 387 1
741 535 1
741 739 1
741 957 1
741 1122 1
741 1186 1
741 1338 1
741 1378 1
741 1560 1
741 1567 1
741 1651 1
741 1742 1
741 1755 1
741 1757 1
741 1795 1
742 160 1
742 191 1
742 531 1
742 898 1
742 902 1
742 1008 1
742 1269 1
742 1353 1
742 1602 1
742 1642 1
742 1889 1
742 1892 1
742 1985 1
743 88 1
743 649 1
743 745 1
743 1048 1
743 1169 1
743 1332 1
743 1335 1
743 1436 1
743 1661 1
743 1684 1
743 2013 1
744 31 1
744 62 1
744 1195 1
744 1313 1
744 1348 1
744 1411 1
744 1586 1
745 9 1
745 712 1
745 771 1
745 954 1
745 1057 1
745 1515 1
746 349 1
746 644 1
746 997 1
746 1026 1
746 1447 1
746 1486 1
746 1630 1
747 66 1
747 998 1
747 1476 1
747 1894 1
748 1099 1
748 1381 1
748 1613 1
748 1743 1
749 422 1
749 1677 1
749 1734 1
749 1772 1
749 1992 1
750 368 1
750 1034 1
750 2048 0
