2 2 1
4 39 1
5 10 1
6 3 1
6 16 1
6 22 1
8 27 1
9 5 1
9 24 1
9 27 1
9 37 1
10 8 1
10 10 1
10 20 1
12 30 1
15 6 1
15 13 1
16 1 1
16 7 1
16 16 1
16 1204 1
17 7 1
17 11 1
17 22 1
17 239 1
17 313 1
17 448 1
17 461 1
17 1455 1
17 1883 1
17 1978 1
18 36 1
18 114 1
18 301 1
18 391 1
18 419 1
18 488 1
18 613 1
18 663 1
18 673 1
18 875 1
18 880 1
18 917 1
18 1366 1
18 1392 1
18 1475 1
18 1501 1
18 1651 1
18 1662 1
18 1741 1
18 1804 1
18 1906 1
19 15 1
19 27 1
19 88 1
19 116 1
19 336 1
19 436 1
19 691 1
19 750 1
19 755 1
19 939 1
19 982 1
19 990 1
19 1272 1
19 1276 1
19 1296 1
19 1500 1
19 1566 1
19 1592 1
19 1680 1
19 1841 1
19 1842 1
19 1849 1
19 1852 1
20 8 1
20 33 1
20 112 1
20 118 1
20 161 1
20 184 1
20 302 1
20 328 1
20 345 1
20 441 1
20 505 1
20 623 1
20 629 1
20 639 1
20 1022 1
20 1101 1
20 1127 1
20 1167 1
20 1223 1
20 1250 1
20 1310 1
20 1313 1
20 1349 1
20 1427 1
20 1546 1
20 1613 1
20 1645 1
20 1694 1
20 1844 1
20 1885 1
20 1896 1
20 1944 1
20 1976 1
21 9 1
21 12 1
21 28 1
21 100 1
21 146 1
21 205 1
21 226 1
21 236 1
21 338 1
21 438 1
21 590 1
21 609 1
21 731 1
21 732 1
21 951 1
21 986 1
21 1050 1
21 1068 1
21 1110 1
21 1235 1
21 1245 1
21 1261 1
21 1412 1
21 1543 1
21 1606 1
21 1749 1
21 1816 1
21 1848 1
21 1954 1
21 1970 1
21 1979 1
22 15 1
22 106 1
22 245 1
22 509 1
22 548 1
22 578 1
22 594 1
22 600 1
22 652 1
22 717 1
22 1143 1
22 1329 1
22 1410 1
22 1413 1
22 1453 1
22 1531 1
22 1698 1
22 1850 1
22 1899 1
22 1908 1
22 1962 1
23 31 1
23 276 1
23 380 1
23 582 1
23 789 1
23 1254 1
23 1534 1
23 1570 1
23 1675 1
23 2037 1
24 963 1
24 1116 1
24 1628 1
24 1709 1
24 1753 1
24 1788 1
24 1878 1
24 1884 1
24 1943 1
24 2015 1
24 2041 1
25 27 1
25 644 1
25 761 1
25 879 1
25 906 1
25 1244 1
25 1251 1
25 1388 1
25 1482 1
25 1782 1
25 1947 1
26 176 1
26 1074 1
26 1971 1
27 1061 1
27 1079 1
27 1858 1
28 149 1
28 475 1
28 914 1
29 7 1
30 30 1
30 1358 1
32 1913 1
32 2039 1
33 15 1
34 9 1
35 417 1
35 938 1
36 608 1
37 13 1
39 32 1
39 689 1
40 23 1
40 30 1
41 40 1
43 12 1
44 41 1
45 35 1
48 8 1
49 5 1
49 39 1
51 849 1
52 5 1
52 25 1
52 30 1
52 420 1
53 11 1
53 173 1
53 322 1
53 645 1
53 889 1
53 1402 1
53 1640 1
54 13 1
54 17 1
54 31 1
54 147 1
54 192 1
54 412 1
54 1005 1
54 1027 1
54 1162 1
54 1175 1
54 1449 1
54 1589 1
55 468 1
55 476 1
55 681 1
55 806 1
55 941 1
55 1063 1
55 1289 1
55 1432 1
55 1600 1
56 285 1
56 640 1
56 1147 1
57 19 1
57 304 1
57 741 1
57 815 1
57 1435 1
57 1460 1
57 1737 1
57 1780 1
58 1 1
58 13 1
58 400 1
58 930 1
58 1151 1
58 1527 1
58 1559 1
58 1832 1
58 1891 1
58 2008 1
59 628 1
59 993 1
59 1532 1
61 508 1
61 773 1
61 1064 1
61 1330 1
61 1334 1
61 2002 1
62 1025 1
63 213 1
63 1228 1
64 33 1
64 459 1
65 14 1
65 1903 1
67 1 1
67 7 1
67 677 1
68 10 1
68 154 1
69 5 1
69 1118 1
70 528 1
70 905 1
70 1605 1
70 1728 1
70 1853 1
71 362 1
71 2012 1
72 981 1
73 6 1
73 20 1
73 421 1
74 26 1
74 33 1
74 903 1
74 1950 1
75 20 1
75 632 1
75 910 1
77 28 1
78 7 1
78 15 1
78 1288 1
79 13 1
79 25 1
79 32 1
80 35 1
80 36 1
80 41 1
80 621 1
80 1458 1
81 660 1
81 1233 1
82 33 1
82 1125 1
82 1344 1
83 1021 1
84 29 1
84 823 1
85 30 1
85 373 1
85 1450 1
85 1586 1
85 1615 1
85 1932 1
86 3 1
86 15 1
86 29 1
86 30 1
86 473 1
86 1099 1
86 1642 1
87 3 1
87 9 1
87 413 1
87 591 1
87 725 1
87 904 1
87 983 1
87 1474 1
87 1556 1
87 1571 1
87 1619 1
88 24 1
88 97 1
88 208 1
88 805 1
89 170 1
89 1503 1
89 1620 1
90 38 1
90 1445 1
90 1731 1
91 530 1
91 534 1
91 820 1
91 1098 1
92 5 1
92 26 1
92 31 1
92 405 1
92 845 1
92 1107 1
92 1809 1
93 14 1
93 30 1
93 1723 1
93 1952 1
93 1997 1
94 162 1
94 424 1
95 16 1
95 453 1
96 21 1
96 25 1
96 683 1
96 754 1
96 1374 1
97 35 1
97 925 1
98 41 1
98 1588 1
98 1775 1
98 1876 1
99 39 1
99 141 1
100 30 1
100 423 1
100 493 1
100 709 1
100 928 1
101 1 1
101 21 1
101 316 1
101 1751 1
102 129 1
102 189 1
102 538 1
103 700 1
104 551 1
104 1154 1
104 1521 1
105 29 1
105 587 1
105 867 1
105 1083 1
105 1558 1
105 1630 1
105 1831 1
105 1866 1
107 2 1
107 15 1
107 21 1
107 1766 1
108 972 1
108 1203 1
109 3 1
110 886 1
110 1138 1
110 2005 1
111 4 1
111 34 1
112 10 1
112 15 1
112 25 1
112 351 1
112 1900 1
113 5 1
113 770 1
113 977 1
113 1411 1
113 1504 1
113 1813 1
114 40 1
114 2046 1
115 20 1
115 128 1
115 564 1
115 1998 1
116 39 1
116 242 1
116 1237 1
117 32 1
117 1018 1
117 1058 1
117 2029 1
118 309 1
118 1838 1
119 6 1
119 675 1
120 20 1
120 1209 1
121 1262 1
121 1672 1
121 1928 1
122 12 1
123 6 1
123 206 1
123 1587 1
124 34 1
124 752 1
124 1015 1
125 1704 1
125 1830 1
126 21 1
126 25 1
126 36 1
127 11 1
127 481 1
127 1864 1
128 25 1
128 1059 1
129 4 1
129 953 1
130 7 1
130 196 1
130 1462 1
130 1823 1
131 18 1
132 30 1
132 1062 1
133 19 1
133 1043 1
133 2045 1
134 36 1
134 488 1
134 1566 1
135 20 1
135 438 1
135 1420 1
136 20 1
136 234 1
136 1045 1
138 17 1
138 24 1
138 332 1
138 1101 1
139 149 1
139 1213 1
140 33 1
140 305 1
140 561 1
140 1132 1
140 1284 1
141 1 1
141 364 1
141 525 1
141 994 1
141 1090 1
141 1505 1
142 27 1
142 477 1
142 974 1
142 1259 1
142 1670 1
142 1906 1
142 1914 1
143 29 1
143 368 1
143 1033 1
143 1292 1
144 16 1
145 19 1
145 860 1
146 11 1
146 22 1
146 927 1
146 1405 1
146 1476 1
146 1688 1
147 20 1
148 31 1
153 659 1
154 996 1
154 1167 1
155 690 1
155 831 1
155 1261 1
155 1319 1
156 456 1
156 563 1
156 1095 1
156 1699 1
156 2038 1
157 1014 1
157 1022 1
157 1710 1
157 1857 1
158 116 1
158 205 1
158 932 1
158 1178 1
158 1293 1
158 1943 1
159 698 1
159 884 1
159 892 1
159 1055 1
159 1079 1
159 1936 1
160 365 1
160 513 1
160 1010 1
160 1981 1
161 419 1
161 1844 1
162 146 1
162 1331 1
162 1842 1
163 276 1
163 557 1
163 1016 1
169 702 1
171 1811 1
172 1972 1
173 1171 1
174 287 1
174 1801 1
176 1452 1
177 747 1
180 938 1
190 376 1
194 1140 1
208 1472 1
213 721 1
214 1282 1
216 641 1
226 1075 1
226 1595 1
227 143 1
227 637 1
228 610 1
228 1131 1
228 1695 1
229 671 1
229 1332 1
230 593 1
231 271 1
750 2048 0
