1 523 1
2 2 1
2 284 1
2 1017 1
3 27 1
3 40 1
3 1247 1
4 11 1
4 17 1
4 33 1
5 8 1
5 9 1
5 1545 1
6 8 1
6 1606 1
7 26 1
8 821 1
8 1498 1
9 9 1
9 2038 1
10 168 1
10 481 1
10 513 1
11 23 1
11 325 1
11 510 1
11 810 1
12 10 1
12 13 1
12 34 1
12 988 1
12 1899 1
13 3 1
13 1847 1
14 5 1
14 28 1
14 657 1
14 957 1
14 1196 1
15 699 1
15 875 1
15 1250 1
15 1522 1
16 12 1
16 41 1
16 681 1
16 1700 1
16 1998 1
17 18 1
17 1088 1
18 86 1
18 384 1
18 487 1
18 549 1
18 822 1
18 951 1
18 1189 1
18 1422 1
18 1646 1
18 1770 1
19 970 1
19 1724 1
20 3 1
20 25 1
20 193 1
20 998 1
20 1401 1
20 1666 1
20 1804 1
21 15 1
21 29 1
21 700 1
21 729 1
21 916 1
21 1655 1
21 1779 1
21 1934 1
22 4 1
22 11 1
22 34 1
22 62 1
22 161 1
22 600 1
22 776 1
22 944 1
22 1298 1
22 1962 1
23 276 1
23 674 1
23 789 1
23 1090 1
23 1488 1
24 3 1
24 9 1
24 28 1
24 36 1
24 1343 1
24 1554 1
25 24 1
25 158 1
25 473 1
25 905 1
25 1371 1
26 291 1
26 580 1
26 590 1
26 1007 1
26 1265 1
26 1284 1
26 1675 1
27 6 1
27 24 1
27 326 1
27 1148 1
27 1160 1
27 1439 1
27 1893 1
28 15 1
28 83 1
28 749 1
28 1392 1
28 1591 1
28 1737 1
29 99 1
29 184 1
29 887 1
29 1240 1
30 506 1
30 1262 1
30 1478 1
30 1517 1
31 6 1
31 40 1
31 190 1
31 229 1
31 339 1
31 357 1
31 440 1
31 937 1
31 1430 1
31 1711 1
31 1952 1
32 15 1
32 112 1
32 934 1
32 1019 1
32 1116 1
32 1191 1
32 1474 1
32 1831 1
33 8 1
33 195 1
33 603 1
33 1093 1
33 1803 1
33 2027 1
34 21 1
34 27 1
34 154 1
34 795 1
34 1074 1
34 1252 1
34 1807 1
35 14 1
35 17 1
35 18 1
35 31 1
35 37 1
35 179 1
35 196 1
35 234 1
35 309 1
35 460 1
35 477 1
35 632 1
35 948 1
35 994 1
35 1327 1
35 1350 1
35 1855 1
35 1900 1
36 6 1
36 484 1
36 725 1
36 1259 1
36 1320 1
36 1389 1
36 1592 1
36 1859 1
36 1864 1
37 35 1
37 175 1
37 278 1
37 288 1
37 425 1
37 534 1
37 567 1
37 647 1
37 650 1
37 693 1
37 1341 1
37 1384 1
37 1846 1
37 1865 1
38 305 1
38 469 1
38 502 1
38 538 1
38 736 1
38 1109 1
38 1127 1
38 1820 1
38 2033 1
39 1 1
39 2 1
39 4 1
39 289 1
39 470 1
39 978 1
39 980 1
39 1047 1
39 1060 1
39 1125 1
39 1254 1
39 1426 1
39 1458 1
39 1574 1
39 1873 1
39 2012 1
40 174 1
40 364 1
40 417 1
40 781 1
40 790 1
40 1302 1
40 1680 1
40 1938 1
41 19 1
41 504 1
41 616 1
41 953 1
41 1004 1
41 1100 1
41 1101 1
41 1420 1
41 1839 1
41 1977 1
42 4 1
42 137 1
42 1271 1
42 1540 1
43 264 1
43 356 1
43 783 1
43 1120 1
44 10 1
44 35 1
44 115 1
44 792 1
45 251 1
45 313 1
45 397 1
45 1335 1
45 1728 1
46 15 1
46 24 1
46 652 1
46 963 1
46 1950 1
46 2048 1
47 27 1
47 87 1
47 245 1
47 505 1
47 655 1
47 696 1
47 723 1
47 1010 1
47 1061 1
47 1272 1
47 1713 1
47 1971 1
48 2 1
48 623 1
49 36 1
49 151 1
49 293 1
49 382 1
49 684 1
49 750 1
49 913 1
49 1107 1
49 1202 1
49 1720 1
49 1932 1
49 2013 1
50 14 1
50 41 1
50 209 1
50 219 1
50 385 1
50 485 1
50 859 1
50 1059 1
50 1099 1
50 1217 1
50 1375 1
50 1493 1
50 1557 1
50 1764 1
50 1784 1
50 1975 1
51 34 1
51 51 1
51 84 1
51 116 1
51 191 1
51 525 1
51 672 1
51 675 1
51 1097 1
51 1237 1
51 1313 1
51 1360 1
51 1441 1
51 1580 1
51 1609 1
51 1734 1
51 1832 1
51 1882 1
51 2010 1
51 2034 1
52 52 1
52 65 1
52 169 1
52 207 1
52 493 1
52 649 1
52 862 1
52 873 1
52 926 1
52 1005 1
52 1054 1
52 1180 1
52 1406 1
52 1539 1
52 1553 1
52 1573 1
52 1786 1
52 1842 1
52 1878 1
52 1945 1
52 1966 1
53 97 1
53 108 1
53 204 1
53 206 1
53 210 1
53 250 1
53 259 1
53 260 1
53 441 1
53 527 1
53 654 1
53 707 1
53 894 1
53 1027 1
53 1295 1
53 1344 1
53 1399 1
53 1424 1
53 1682 1
53 1708 1
53 1750 1
53 1761 1
53 1798 1
53 1879 1
53 2036 1
54 41 1
54 114 1
54 134 1
54 144 1
54 495 1
54 644 1
54 960 1
54 985 1
54 1015 1
54 1158 1
54 1176 1
54 1504 1
54 1635 1
54 1687 1
54 1748 1
54 1755 1
54 1890 1
55 7 1
55 9 1
55 20 1
55 40 1
55 91 1
55 100 1
55 299 1
55 347 1
55 375 1
55 424 1
55 595 1
55 621 1
55 847 1
55 880 1
55 1042 1
55 1119 1
55 1249 1
55 1548 1
55 1577 1
55 1662 1
55 1775 1
55 1877 1
55 1887 1
55 1996 1
55 2021 1
56 13 1
56 153 1
56 239 1
56 248 1
56 285 1
56 537 1
56 602 1
56 762 1
56 787 1
56 990 1
56 1079 1
56 1294 1
56 1555 1
56 1566 1
56 1582 1
56 1813 1
56 1914 1
57 233 1
57 548 1
57 591 1
57 834 1
57 943 1
57 1167 1
57 1169 1
57 1227 1
57 1688 1
58 18 1
58 22 1
58 380 1
58 756 1
58 1356 1
59 43 1
59 107 1
59 301 1
59 427 1
59 878 1
59 1050 1
59 1215 1
59 1861 1
60 338 1
60 365 1
60 680 1
60 856 1
60 883 1
60 981 1
60 1871 1
60 1997 1
61 3 1
61 997 1
62 279 1
62 679 1
63 269 1
63 475 1
63 721 1
63 1380 1
64 10 1
64 27 1
64 236 1
64 561 1
64 714 1
64 794 1
64 1135 1
64 1949 1
65 29 1
65 249 1
65 351 1
65 571 1
65 1124 1
66 20 1
66 39 1
66 198 1
66 387 1
66 442 1
66 535 1
66 576 1
66 1046 1
66 1126 1
66 1245 1
66 1289 1
66 1331 1
66 1363 1
66 1481 1
66 1599 1
66 1725 1
66 1735 1
66 1921 1
67 38 1
67 54 1
67 145 1
67 147 1
67 216 1
67 302 1
67 316 1
67 336 1
67 342 1
67 415 1
67 430 1
67 609 1
67 642 1
67 667 1
67 829 1
67 976 1
67 1113 1
67 1206 1
67 1328 1
67 1496 1
67 1525 1
67 1541 1
67 1630 1
67 1706 1
67 1745 1
67 1794 1
67 2007 1
68 53 1
68 332 1
68 552 1
68 606 1
68 639 1
68 640 1
68 646 1
68 663 1
68 711 1
68 752 1
68 824 1
68 920 1
68 922 1
68 1164 1
68 1214 1
68 1234 1
68 1306 1
68 1322 1
68 1340 1
68 1364 1
68 1409 1
68 1454 1
68 1494 1
68 1562 1
68 1648 1
68 1669 1
68 1753 1
68 1787 1
68 1797 1
68 1851 1
68 1883 1
68 1903 1
68 1913 1
68 1976 1
68 2002 1
68 2041 1
68 2047 1
69 36 1
69 199 1
69 230 1
69 328 1
69 335 1
69 383 1
69 412 1
69 449 1
69 450 1
69 452 1
69 578 1
69 607 1
69 761 1
69 805 1
69 839 1
69 919 1
69 927 1
69 992 1
69 1064 1
69 1081 1
69 1118 1
69 1133 1
69 1149 1
69 1197 1
69 1201 1
69 1225 1
69 1248 1
69 1256 1
69 1292 1
69 1491 1
69 1516 1
69 1586 1
69 1640 1
69 1647 1
69 1656 1
69 1663 1
69 1751 1
69 1777 1
69 1789 1
69 1833 1
69 1840 1
69 1929 1
69 1933 1
70 4 1
70 9 1
70 244 1
70 312 1
70 323 1
70 363 1
70 455 1
70 512 1
70 690 1
70 785 1
70 835 1
70 881 1
70 1020 1
70 1025 1
70 1055 1
70 1067 1
70 1080 1
70 1084 1
70 1246 1
70 1286 1
70 1373 1
70 1374 1
70 1410 1
70 1527 1
70 1549 1
70 1742 1
70 1841 1
70 1902 1
70 1978 1
71 15 1
71 18 1
71 102 1
71 113 1
71 122 1
71 237 1
71 240 1
71 257 1
71 327 1
71 407 1
71 584 1
71 691 1
71 703 1
71 764 1
71 780 1
71 831 1
71 882 1
71 1002 1
71 1070 1
71 1258 1
71 1317 1
71 1345 1
71 1506 1
71 1610 1
71 1611 1
71 1631 1
71 1641 1
71 1767 1
71 1821 1
71 1936 1
71 1990 1
71 2026 1
71 2037 1
72 5 1
72 27 1
72 117 1
72 165 1
72 306 1
72 318 1
72 343 1
72 716 1
72 928 1
72 952 1
72 987 1
72 1030 1
72 1161 1
72 1199 1
72 1290 1
72 1296 1
72 1589 1
72 1710 1
72 1824 1
72 1843 1
72 1988 1
73 16 1
73 203 1
73 398 1
73 471 1
73 564 1
73 728 1
73 860 1
73 895 1
73 1181 1
73 1255 1
73 1947 1
74 468 1
74 518 1
74 629 1
74 694 1
74 931 1
74 1021 1
74 1153 1
74 1623 1
74 1650 1
74 1944 1
75 35 1
75 45 1
75 157 1
75 178 1
75 311 1
75 391 1
75 421 1
75 1809 1
75 1889 1
76 5 1
76 358 1
76 658 1
76 698 1
76 1154 1
76 1323 1
76 1524 1
76 1603 1
76 1788 1
76 1880 1
77 349 1
77 462 1
77 490 1
77 800 1
77 1572 1
77 2039 1
78 2 1
78 26 1
78 49 1
78 428 1
78 708 1
78 935 1
78 1382 1
78 1607 1
79 73 1
79 96 1
79 1358 1
79 1954 1
80 34 1
80 74 1
80 159 1
80 767 1
80 949 1
81 6 1
81 7 1
81 156 1
81 180 1
81 611 1
81 737 1
81 912 1
81 1073 1
81 1111 1
81 1365 1
81 1397 1
81 1649 1
81 1930 1
81 1951 1
82 164 1
82 258 1
82 300 1
82 369 1
82 373 1
82 453 1
82 544 1
82 719 1
82 730 1
82 755 1
82 816 1
82 865 1
82 891 1
82 1022 1
82 1264 1
82 1279 1
82 1722 1
82 2015 1
83 3 1
83 81 1
83 268 1
83 292 1
83 331 1
83 359 1
83 378 1
83 436 1
83 463 1
83 526 1
83 574 1
83 598 1
83 625 1
83 638 1
83 712 1
83 819 1
83 906 1
83 1085 1
83 1131 1
83 1192 1
83 1267 1
83 1303 1
83 1338 1
83 1391 1
83 1408 1
83 1427 1
83 1446 1
83 1447 1
83 1461 1
83 1467 1
83 1486 1
83 1499 1
83 1570 1
83 1605 1
83 1639 1
83 1654 1
83 1744 1
83 1816 1
83 1863 1
83 1866 1
83 1896 1
83 1901 1
83 2003 1
84 58 1
84 72 1
84 92 1
84 129 1
84 132 1
84 160 1
84 183 1
84 297 1
84 308 1
84 346 1
84 350 1
84 379 1
84 419 1
84 429 1
84 433 1
84 474 1
84 507 1
84 511 1
84 573 1
84 592 1
84 594 1
84 604 1
84 620 1
84 671 1
84 772 1
84 849 1
84 903 1
84 929 1
84 933 1
84 938 1
84 1040 1
84 1092 1
84 1095 1
84 1129 1
84 1171 1
84 1212 1
84 1219 1
84 1297 1
84 1415 1
84 1544 1
84 1575 1
84 1614 1
84 1679 1
84 1723 1
84 1729 1
84 1766 1
84 1848 1
84 1869 1
84 1906 1
85 1 1
85 3 1
85 19 1
85 33 1
85 70 1
85 138 1
85 170 1
85 171 1
85 231 1
85 261 1
85 275 1
85 411 1
85 454 1
85 459 1
85 496 1
85 530 1
85 555 1
85 568 1
85 593 1
85 601 1
85 631 1
85 634 1
85 678 1
85 717 1
85 778 1
85 826 1
85 836 1
85 848 1
85 853 1
85 889 1
85 1078 1
85 1094 1
85 1117 1
85 1155 1
85 1173 1
85 1175 1
85 1188 1
85 1228 1
85 1253 1
85 1300 1
85 1307 1
85 1376 1
85 1423 1
85 1452 1
85 1473 1
85 1479 1
85 1508 1
85 1512 1
85 1560 1
85 1619 1
85 1642 1
85 1702 1
85 1726 1
85 1727 1
85 1731 1
85 1740 1
85 1756 1
85 1818 1
85 1836 1
85 1972 1
85 1984 1
85 2014 1
85 2018 1
86 36 1
86 55 1
86 90 1
86 127 1
86 150 1
86 173 1
86 200 1
86 303 1
86 319 1
86 329 1
86 362 1
86 562 1
86 586 1
86 613 1
86 637 1
86 648 1
86 734 1
86 771 1
86 809 1
86 830 1
86 983 1
86 1008 1
86 1016 1
86 1028 1
86 1128 1
86 1291 1
86 1314 1
86 1321 1
86 1383 1
86 1396 1
86 1405 1
86 1413 1
86 1451 1
86 1468 1
86 1472 1
86 1510 1
86 1530 1
86 1558 1
86 1596 1
86 1617 1
86 1626 1
86 1661 1
86 1667 1
86 1672 1
86 1733 1
86 1749 1
86 1752 1
86 1815 1
86 1834 1
86 1979 1
86 1982 1
86 2008 1
87 101 1
87 148 1
87 212 1
87 304 1
87 314 1
87 399 1
87 405 1
87 410 1
87 435 1
87 494 1
87 666 1
87 677 1
87 733 1
87 866 1
87 868 1
87 899 1
87 959 1
87 969 1
87 991 1
87 1018 1
87 1038 1
87 1089 1
87 1165 1
87 1282 1
87 1333 1
87 1404 1
87 1477 1
87 1584 1
87 1615 1
87 1689 1
87 1690 1
87 1691 1
87 1746 1
87 1760 1
87 1773 1
87 1819 1
87 1927 1
87 2046 1
88 10 1
88 27 1
88 189 1
88 201 1
88 271 1
88 396 1
88 434 1
88 501 1
88 619 1
88 656 1
88 743 1
88 769 1
88 793 1
88 863 1
88 876 1
88 1103 1
88 1157 1
88 1185 1
88 1353 1
88 1355 1
88 1534 1
88 1565 1
88 1674 1
88 1693 1
88 1697 1
88 1747 1
88 1844 1
88 1874 1
88 1886 1
88 1935 1
88 1967 1
88 1980 1
88 2020 1
89 20 1
89 123 1
89 205 1
89 272 1
89 277 1
89 489 1
89 531 1
89 570 1
89 636 1
89 676 1
89 745 1
89 811 1
89 815 1
89 823 1
89 874 1
89 989 1
89 1309 1
89 1432 1
89 1455 1
89 1618 1
89 1716 1
89 1829 1
90 15 1
90 104 1
90 235 1
90 337 1
90 529 1
90 550 1
90 855 1
90 902 1
90 962 1
90 1190 1
90 1434 1
90 1681 1
90 1709 1
90 1852 1
90 1884 1
91 310 1
91 569 1
91 660 1
91 697 1
91 846 1
91 1106 1
91 1200 1
91 1288 1
91 1299 1
91 1347 1
91 1600 1
91 1601 1
91 1620 1
91 1721 1
91 1801 1
91 1828 1
91 1956 1
92 11 1
92 20 1
92 38 1
92 77 1
92 125 1
92 140 1
92 414 1
92 1395 1
92 1403 1
92 1513 1
92 1741 1
92 2045 1
93 3 1
93 8 1
93 14 1
93 262 1
93 1433 1
93 1629 1
94 394 1
94 685 1
94 1034 1
94 1362 1
95 79 1
95 744 1
95 1123 1
95 1203 1
95 1270 1
95 1346 1
95 1480 1
96 6 1
96 131 1
96 461 1
96 727 1
96 833 1
96 1150 1
96 1204 1
96 1705 1
96 1826 1
96 2005 1
97 14 1
97 118 1
97 543 1
97 759 1
97 1147 1
97 1151 1
97 1166 1
97 1208 1
97 1332 1
97 1444 1
97 1670 1
97 1694 1
98 12 1
98 44 1
98 166 1
98 377 1
98 458 1
98 540 1
98 633 1
98 670 1
98 852 1
98 911 1
98 1043 1
98 1231 1
98 1377 1
98 1692 1
98 1917 1
99 6 1
99 106 1
99 143 1
99 225 1
99 246 1
99 266 1
99 273 1
99 418 1
99 451 1
99 519 1
99 653 1
99 668 1
99 709 1
99 739 1
99 858 1
99 897 1
99 947 1
99 972 1
99 1193 1
99 1281 1
99 1334 1
99 1462 1
99 1495 1
99 1595 1
99 1604 1
99 1664 1
99 1668 1
99 1759 1
99 1772 1
99 1805 1
99 1817 1
99 1875 1
99 1908 1
99 1969 1
100 7 1
100 30 1
100 42 1
100 66 1
100 76 1
100 103 1
100 146 1
100 162 1
100 274 1
100 355 1
100 367 1
100 457 1
100 503 1
100 524 1
100 546 1
100 575 1
100 588 1
100 617 1
100 622 1
100 673 1
100 683 1
100 702 1
100 738 1
100 773 1
100 803 1
100 825 1
100 884 1
100 950 1
100 1048 1
100 1071 1
100 1082 1
100 1159 1
100 1244 1
100 1260 1
100 1305 1
100 1367 1
100 1411 1
100 1453 1
100 1464 1
100 1471 1
100 1484 1
100 1485 1
100 1550 1
100 1569 1
100 1651 1
100 1685 1
100 1695 1
100 1704 1
100 1823 1
100 1895 1
100 1922 1
100 1986 1
100 2009 1
100 2028 1
101 17 1
101 61 1
101 69 1
101 119 1
101 176 1
101 247 1
101 256 1
101 368 1
101 438 1
101 558 1
101 559 1
101 585 1
101 589 1
101 612 1
101 628 1
101 659 1
101 724 1
101 791 1
101 799 1
101 840 1
101 851 1
101 867 1
101 900 1
101 917 1
101 924 1
101 956 1
101 965 1
101 984 1
101 1011 1
101 1026 1
101 1032 1
101 1075 1
101 1105 1
101 1108 1
101 1136 1
101 1177 1
101 1257 1
101 1339 1
101 1385 1
101 1394 1
101 1398 1
101 1425 1
101 1448 1
101 1505 1
101 1528 1
101 1535 1
101 1556 1
101 1559 1
101 1571 1
101 1653 1
101 1684 1
101 1715 1
101 1774 1
101 1780 1
101 1894 1
101 1915 1
101 1919 1
101 1924 1
101 1946 1
101 1958 1
101 1963 1
101 1999 1
101 2006 1
102 3 1
102 185 1
102 194 1
102 213 1
102 226 1
102 238 1
102 280 1
102 307 1
102 354 1
102 361 1
102 376 1
102 422 1
102 426 1
102 432 1
102 437 1
102 443 1
102 447 1
102 448 1
102 491 1
102 497 1
102 517 1
102 560 1
102 599 1
102 763 1
102 796 1
102 807 1
102 885 1
102 939 1
102 942 1
102 971 1
102 973 1
102 1072 1
102 1137 1
102 1170 1
102 1218 1
102 1379 1
102 1421 1
102 1460 1
102 1476 1
102 1515 1
102 1543 1
102 1551 1
102 1590 1
102 1644 1
102 1660 1
102 1718 1
102 1778 1
102 1781 1
102 1825 1
102 1845 1
102 1870 1
102 1876 1
102 1888 1
102 1928 1
102 1985 1
102 2011 1
102 2029 1
102 2031 1
102 2043 1
103 48 1
103 56 1
103 60 1
103 88 1
103 93 1
103 120 1
103 128 1
103 141 1
103 152 1
103 188 1
103 232 1
103 265 1
103 287 1
103 298 1
103 404 1
103 536 1
103 545 1
103 615 1
103 626 1
103 686 1
103 766 1
103 864 1
103 871 1
103 896 1
103 901 1
103 1041 1
103 1057 1
103 1068 1
103 1168 1
103 1194 1
103 1207 1
103 1266 1
103 1274 1
103 1301 1
103 1304 1
103 1357 1
103 1407 1
103 1431 1
103 1563 1
103 1657 1
103 1676 1
103 1800 1
103 1802 1
103 1838 1
103 1850 1
103 1856 1
103 1857 1
103 1897 1
103 1948 1
103 1959 1
103 2004 1
103 2022 1
103 2035 1
104 29 1
104 32 1
104 89 1
104 105 1
104 241 1
104 263 1
104 296 1
104 315 1
104 320 1
104 324 1
104 386 1
104 446 1
104 533 1
104 563 1
104 572 1
104 581 1
104 635 1
104 689 1
104 701 1
104 706 1
104 797 1
104 877 1
104 892 1
104 993 1
104 1076 1
104 1138 1
104 1174 1
104 1182 1
104 1251 1
104 1285 1
104 1308 1
104 1324 1
104 1330 1
104 1466 1
104 1501 1
104 1561 1
104 1673 1
104 1738 1
104 1776 1
104 1782 1
104 1796 1
104 1909 1
104 1911 1
104 1918 1
104 1931 1
104 1973 1
104 2019 1
105 17 1
105 19 1
105 36 1
105 109 1
105 224 1
105 360 1
105 514 1
105 596 1
105 610 1
105 746 1
105 784 1
105 818 1
105 954 1
105 1006 1
105 1063 1
105 1224 1
105 1283 1
105 1414 1
105 1547 1
105 1578 1
105 1665 1
105 1757 1
105 1771 1
105 1862 1
105 1983 1
105 2023 1
106 21 1
106 33 1
106 395 1
106 409 1
106 1029 1
106 1287 1
106 1489 1
106 1531 1
106 1616 1
106 1793 1
107 4 1
107 5 1
107 23 1
107 98 1
107 392 1
107 492 1
107 498 1
107 665 1
107 710 1
107 715 1
107 1104 1
107 1276 1
107 1352 1
107 1521 1
107 1953 1
108 15 1
108 222 1
108 282 1
108 423 1
108 1052 1
108 1179 1
108 1242 1
108 1792 1
108 2001 1
109 4 1
109 177 1
109 217 1
109 390 1
109 1114 1
109 1523 1
109 1892 1
109 1926 1
109 1943 1
110 403 1
110 742 1
110 940 1
110 1013 1
110 1366 1
110 1497 1
110 1593 1
110 1622 1
110 1769 1
110 1849 1
110 1920 1
110 1939 1
111 7 1
111 19 1
111 20 1
111 322 1
111 402 1
111 413 1
111 2000 1
112 3 1
112 18 1
112 95 1
112 330 1
112 486 1
112 758 1
112 932 1
112 1370 1
112 1585 1
112 1942 1
113 59 1
113 522 1
113 720 1
113 1058 1
113 1519 1
113 1520 1
113 2016 1
114 111 1
114 420 1
114 614 1
114 704 1
114 820 1
114 837 1
114 979 1
114 1069 1
114 1183 1
114 1386 1
114 1564 1
114 1628 1
114 1960 1
115 186 1
115 542 1
115 813 1
115 861 1
115 907 1
115 936 1
115 1009 1
115 1077 1
115 1091 1
115 1096 1
115 1152 1
115 1186 1
115 1222 1
115 1319 1
115 1325 1
115 1349 1
115 1449 1
115 1475 1
115 1588 1
115 1594 1
115 1598 1
115 1686 1
115 1989 1
116 46 1
116 82 1
116 142 1
116 167 1
116 182 1
116 202 1
116 208 1
116 334 1
116 406 1
116 464 1
116 467 1
116 483 1
116 541 1
116 554 1
116 605 1
116 618 1
116 630 1
116 662 1
116 779 1
116 786 1
116 828 1
116 832 1
116 842 1
116 843 1
116 975 1
116 1062 1
116 1121 1
116 1156 1
116 1195 1
116 1233 1
116 1238 1
116 1239 1
116 1277 1
116 1436 1
116 1602 1
116 1637 1
116 1659 1
116 1827 1
116 1837 1
116 1925 1
117 18 1
117 121 1
117 126 1
117 135 1
117 172 1
117 228 1
117 252 1
117 317 1
117 321 1
117 352 1
117 445 1
117 551 1
117 577 1
117 624 1
117 705 1
117 747 1
117 760 1
117 768 1
117 812 1
117 946 1
117 958 1
117 1056 1
117 1122 1
117 1209 1
117 1220 1
117 1268 1
117 1326 1
117 1329 1
117 1463 1
117 1469 1
117 1492 1
117 1500 1
117 1502 1
117 1507 1
117 1625 1
117 1743 1
117 1791 1
117 1867 1
117 1881 1
117 1904 1
117 1912 1
117 1923 1
117 1974 1
117 2017 1
118 27 1
118 63 1
118 75 1
118 353 1
118 393 1
118 431 1
118 509 1
118 516 1
118 556 1
118 579 1
118 582 1
118 645 1
118 718 1
118 788 1
118 808 1
118 869 1
118 886 1
118 890 1
118 968 1
118 982 1
118 1024 1
118 1130 1
118 1140 1
118 1141 1
118 1143 1
118 1162 1
118 1402 1
118 1429 1
118 1442 1
118 1457 1
118 1482 1
118 1537 1
118 1542 1
118 1652 1
118 1671 1
118 1677 1
118 1703 1
118 1717 1
118 1739 1
118 1795 1
118 1910 1
118 1937 1
118 1957 1
118 1970 1
119 2 1
119 10 1
119 136 1
119 155 1
119 253 1
119 267 1
119 286 1
119 345 1
119 488 1
119 802 1
119 817 1
119 955 1
119 964 1
119 967 1
119 1014 1
119 1036 1
119 1132 1
119 1134 1
119 1269 1
119 1359 1
119 1456 1
119 1529 1
119 1552 1
119 1568 1
119 1587 1
119 1621 1
119 1719 1
119 1790 1
119 1853 1
119 1858 1
119 1891 1
119 1940 1
120 1 1
120 30 1
120 139 1
120 254 1
120 333 1
120 372 1
120 408 1
120 444 1
120 478 1
120 770 1
120 774 1
120 775 1
120 850 1
120 854 1
120 914 1
120 996 1
120 1045 1
120 1049 1
120 1065 1
120 1145 1
120 1229 1
120 1312 1
120 1381 1
120 1418 1
120 1428 1
120 1538 1
120 1696 1
120 1754 1
120 1768 1
120 1783 1
120 1810 1
120 1814 1
120 1907 1
120 1941 1
121 218 1
121 290 1
121 557 1
121 565 1
121 566 1
121 587 1
121 651 1
121 945 1
121 1102 1
121 1178 1
121 1354 1
121 1416 1
121 1459 1
121 1483 1
121 1536 1
121 1612 1
121 1707 1
121 1730 1
121 1785 1
121 1830 1
121 1916 1
121 1961 1
122 13 1
122 15 1
122 64 1
122 67 1
122 255 1
122 472 1
122 748 1
122 925 1
122 966 1
122 1087 1
122 1115 1
122 1261 1
122 1311 1
122 1597 1
122 1699 1
123 29 1
123 211 1
123 281 1
123 765 1
123 782 1
123 857 1
123 915 1
123 1142 1
123 1172 1
123 1210 1
123 1624 1
124 35 1
124 547 1
124 713 1
124 941 1
124 1230 1
124 1236 1
124 1369 1
124 1714 1
124 1732 1
124 1736 1
125 68 1
125 532 1
125 643 1
125 731 1
125 921 1
125 1318 1
126 12 1
126 416 1
126 528 1
126 1337 1
126 1645 1
126 1994 1
127 110 1
127 1378 1
127 1581 1
127 1712 1
128 888 1
129 17 1
129 24 1
129 340 1
129 688 1
129 870 1
129 1263 1
129 1351 1
129 1387 1
129 1419 1
129 1437 1
129 1638 1
129 1678 1
130 10 1
130 78 1
130 80 1
130 499 1
130 841 1
130 1315 1
130 1372 1
130 1632 1
130 1799 1
131 20 1
131 130 1
131 348 1
131 374 1
131 389 1
131 798 1
131 1035 1
131 1098 1
131 1198 1
131 1241 1
131 1278 1
131 1293 1
131 1400 1
131 1806 1
131 1812 1
131 1898 1
132 27 1
132 85 1
132 223 1
132 341 1
132 465 1
132 539 1
132 726 1
132 732 1
132 801 1
132 845 1
132 893 1
132 909 1
132 918 1
132 999 1
132 1051 1
132 1163 1
132 1205 1
132 1368 1
132 1518 1
132 1526 1
132 1532 1
132 1636 1
132 1683 1
132 1992 1
132 2044 1
133 10 1
133 47 1
133 124 1
133 149 1
133 220 1
133 456 1
133 687 1
133 740 1
133 751 1
133 898 1
133 923 1
133 1003 1
133 1112 1
133 1223 1
133 1243 1
133 1316 1
133 1388 1
133 1417 1
133 1533 1
133 1634 1
133 1758 1
133 1762 1
133 1835 1
133 1872 1
133 1885 1
133 2040 1
134 38 1
134 133 1
134 181 1
134 187 1
134 381 1
134 388 1
134 608 1
134 664 1
134 753 1
134 1012 1
134 1066 1
134 1083 1
134 1146 1
134 1390 1
134 1698 1
134 1763 1
134 1987 1
135 5 1
135 214 1
135 908 1
135 995 1
135 1226 1
135 1235 1
135 1348 1
135 1583 1
135 1808 1
135 1868 1
135 1905 1
136 14 1
136 20 1
136 295 1
136 366 1
136 641 1
136 961 1
136 1023 1
136 1275 1
136 1576 1
137 1 1
137 41 1
137 439 1
137 692 1
137 1361 1
137 1643 1
138 16 1
138 168 1
138 294 1
138 1342 1
138 1509 1
138 2030 1
139 243 1
139 930 1
139 1627 1
139 1965 1
140 192 1
140 682 1
140 1139 1
140 1608 1
140 1765 1
140 1860 1
141 40 1
141 1273 1
142 20 1
142 21 1
142 71 1
142 163 1
142 1633 1
143 872 1
143 1184 1
144 11 1
144 35 1
145 34 1
145 36 1
145 904 1
145 1000 1
146 215 1
146 270 1
146 500 1
146 735 1
146 838 1
146 879 1
146 1995 1
147 466 1
147 521 1
147 1487 1
147 1822 1
148 476 1
148 515 1
148 1144 1
148 1221 1
148 1232 1
148 1401 1
148 1606 1
148 1613 1
148 2025 1
149 7 1
149 370 1
149 520 1
149 844 1
149 1044 1
149 1393 1
149 1503 1
150 21 1
150 23 1
150 669 1
150 1567 1
151 400 1
151 627 1
151 806 1
151 1037 1
152 977 1
152 2042 1
155 227 1
155 887 1
156 1211 1
157 1993 1
158 242 1
158 1854 1
159 94 1
159 1053 1
159 1465 1
159 1968 1
160 695 1
160 1280 1
160 1511 1
161 151 1
161 508 1
161 1196 1
161 1252 1
161 1470 1
161 1700 1
161 1750 1
162 84 1
162 190 1
162 365 1
162 485 1
162 553 1
162 721 1
162 814 1
162 821 1
162 1031 1
162 1086 1
162 1412 1
162 1846 1
163 112 1
163 1873 1
163 1964 1
164 1893 1
164 2032 1
165 161 1
165 221 1
165 288 1
165 1019 1
165 1265 1
165 1450 1
165 1716 1
166 371 1
166 583 1
166 1546 1
166 1861 1
166 1900 1
166 1952 1
167 672 1
167 1247 1
167 1438 1
168 1100 1
170 723 1
171 1914 1
172 25 1
172 283 1
172 957 1
172 1284 1
173 326 1
173 401 1
173 988 1
174 309 1
174 827 1
174 970 1
174 998 1
174 1490 1
174 1539 1
174 1577 1
174 1839 1
175 57 1
175 344 1
175 425 1
175 513 1
175 905 1
175 951 1
175 994 1
175 1074 1
175 1088 1
175 1160 1
175 1289 1
175 1336 1
175 1545 1
175 1748 1
175 1865 1
175 1971 1
176 62 1
176 87 1
176 113 1
176 115 1
176 206 1
176 289 1
176 293 1
176 356 1
176 357 1
176 382 1
176 484 1
176 644 1
176 685 1
176 741 1
176 794 1
176 873 1
176 976 1
176 1001 1
176 1110 1
176 1149 1
176 1296 1
176 1356 1
176 1797 1
176 1998 1
176 2010 1
177 251 1
177 332 1
177 477 1
177 647 1
177 649 1
177 684 1
177 699 1
177 831 1
177 1010 1
177 1050 1
177 1054 1
177 1090 1
177 1148 1
177 1191 1
177 1213 1
177 1228 1
177 1295 1
177 1335 1
177 1420 1
177 1440 1
177 1443 1
177 1445 1
177 1512 1
177 1553 1
177 1820 1
177 1840 1
177 1975 1
178 179 1
178 193 1
178 237 1
178 331 1
178 442 1
178 549 1
178 638 1
178 650 1
178 725 1
178 730 1
178 790 1
178 883 1
178 974 1
178 980 1
178 1017 1
178 1027 1
178 1061 1
178 1135 1
178 1343 1
178 1488 1
178 1658 1
178 1708 1
178 1726 1
178 1731 1
178 1770 1
178 1890 1
178 1899 1
179 323 1
179 482 1
179 616 1
179 772 1
179 785 1
179 862 1
179 926 1
179 1117 1
179 1153 1
179 1216 1
179 1320 1
179 1375 1
179 1711 1
179 1746 1
179 2026 1
180 92 1
180 259 1
180 480 1
180 693 1
180 729 1
180 777 1
180 800 1
180 1127 1
180 1131 1
180 1338 1
180 1389 1
180 1430 1
180 1522 1
180 1557 1
180 1906 1
181 506 1
181 722 1
181 910 1
181 1409 1
181 1530 1
181 1903 1
181 2033 1
182 241 1
182 318 1
182 335 1
182 405 1
182 510 1
182 810 1
182 1474 1
182 1811 1
182 1934 1
183 195 1
183 453 1
184 1997 1
185 384 1
185 455 1
185 1832 1
186 1015 1
186 1713 1
187 22 1
187 99 1
188 1227 1
188 1554 1
189 1007 1
189 1573 1
189 1666 1
190 108 1
190 523 1
190 591 1
190 745 1
190 756 1
190 761 1
190 804 1
190 1033 1
190 1039 1
190 1046 1
190 1271 1
190 1310 1
190 1350 1
190 1399 1
190 1406 1
190 1498 1
190 1599 1
190 1649 1
190 1655 1
190 1847 1
190 1864 1
191 83 1
191 175 1
191 245 1
191 470 1
191 479 1
191 602 1
191 667 1
191 865 1
191 944 1
191 1093 1
191 1101 1
191 1161 1
191 1180 1
191 1422 1
191 1481 1
191 1579 1
191 1680 1
191 1687 1
191 1701 1
191 1706 1
191 1742 1
191 1764 1
191 1775 1
191 1794 1
191 1859 1
191 1945 1
191 1949 1
191 2013 1
192 51 1
192 86 1
192 191 1
192 285 1
192 291 1
192 325 1
192 351 1
192 358 1
192 410 1
192 462 1
192 535 1
192 576 1
192 632 1
192 700 1
192 703 1
192 708 1
192 711 1
192 776 1
192 931 1
192 1188 1
192 1250 1
192 1294 1
192 1341 1
192 1376 1
192 1408 1
192 1591 1
192 1682 1
192 1735 1
192 1760 1
192 1789 1
192 1809 1
192 1936 1
192 1955 1
192 1977 1
192 2034 1
193 165 1
193 169 1
193 207 1
193 268 1
193 279 1
193 299 1
193 339 1
193 385 1
193 473 1
193 749 1
193 757 1
193 795 1
193 849 1
193 1047 1
193 1081 1
193 1120 1
193 1126 1
193 1355 1
193 1589 1
193 1629 1
193 1724 1
193 1725 1
193 1821 1
193 1831 1
193 1855 1
193 1862 1
193 1932 1
193 1947 1
193 2036 1
194 54 1
194 158 1
194 174 1
194 180 1
194 264 1
194 424 1
194 460 1
194 571 1
194 573 1
194 696 1
194 728 1
194 815 1
194 875 1
194 985 1
194 1254 1
194 1259 1
194 1302 1
194 1331 1
194 1371 1
194 1435 1
194 1439 1
194 1479 1
194 1662 1
194 1697 1
194 1773 1
194 1803 1
194 1807 1
194 1843 1
194 2019 1
195 184 1
195 233 1
195 301 1
195 417 1
195 487 1
195 637 1
195 666 1
195 681 1
195 783 1
195 1169 1
195 1187 1
195 1189 1
195 1392 1
195 1828 1
195 1879 1
195 1976 1
195 1991 1
196 574 1
196 590 1
196 675 1
196 860 1
196 1225 1
196 1297 1
196 1410 1
196 1737 1
196 1815 1
196 1972 1
197 350 1
197 474 1
197 816 1
197 1060 1
197 1124 1
197 1190 1
197 1217 1
197 1779 1
197 2047 1
198 313 1
198 884 1
198 1688 1
199 1125 1
199 1574 1
199 1787 1
200 114 1
200 300 1
200 762 1
200 822 1
200 919 1
200 1200 1
200 1298 1
201 131 1
201 603 1
201 894 1
202 712 1
202 1340 1
203 91 1
203 1119 1
203 1215 1
203 1889 1
203 1938 1
203 2038 1
204 1240 1
204 1382 1
205 219 1
205 336 1
205 375 1
205 440 1
205 538 1
205 567 1
205 750 1
205 948 1
205 986 1
205 1042 1
205 1580 1
205 1804 1
205 1871 1
205 1882 1
205 1929 1
205 1981 1
206 97 1
206 138 1
206 153 1
206 154 1
206 248 1
206 312 1
206 387 1
206 502 1
206 507 1
206 623 1
206 652 1
206 781 1
206 859 1
206 913 1
206 922 1
206 953 1
206 992 1
206 1107 1
206 1214 1
206 1689 1
206 1755 1
206 1805 1
206 1841 1
206 1842 1
206 1851 1
206 2048 1
207 37 1
207 125 1
207 212 1
207 244 1
207 250 1
207 490 1
207 527 1
207 597 1
207 621 1
207 639 1
207 655 1
207 674 1
207 680 1
207 792 1
207 937 1
207 1099 1
207 1166 1
207 1307 1
207 1473 1
207 1513 1
207 1566 1
207 1582 1
207 1728 1
207 1816 1
207 1896 1
208 53 1
208 70 1
208 116 1
208 134 1
208 198 1
208 216 1
208 240 1
208 412 1
208 449 1
208 475 1
208 595 1
208 727 1
208 764 1
208 880 1
208 891 1
208 916 1
208 934 1
208 952 1
208 1005 1
208 1016 1
208 1064 1
208 1084 1
208 1106 1
208 1192 1
208 1317 1
208 1424 1
208 1433 1
208 1441 1
208 1458 1
208 1575 1
208 1641 1
208 1646 1
208 1648 1
208 1669 1
208 1702 1
208 1729 1
208 1745 1
208 1950 1
209 100 1
209 127 1
209 197 1
209 236 1
209 284 1
209 305 1
209 316 1
209 391 1
209 495 1
209 534 1
209 601 1
209 642 1
209 738 1
209 752 1
209 754 1
209 839 1
209 866 1
209 1202 1
209 1224 1
209 1313 1
209 1328 1
209 1722 1
209 2015 1
209 2027 1
210 122 1
210 170 1
210 278 1
210 303 1
210 373 1
210 433 1
210 450 1
210 531 1
210 658 1
210 661 1
210 973 1
210 1040 1
210 1246 1
210 1264 1
210 1309 1
210 1363 1
210 1431 1
210 1544 1
210 1548 1
210 1592 1
210 1595 1
210 1834 1
210 1962 1
210 1967 1
211 269 1
211 415 1
211 459 1
211 561 1
211 654 1
211 899 1
211 1245 1
211 1323 1
211 1346 1
211 1365 1
211 1504 1
211 1525 1
211 1572 1
211 1635 1
211 1798 1
211 1866 1
212 234 1
212 383 1
212 501 1
212 584 1
212 1290 1
212 1314 1
212 1880 1
212 1921 1
212 2012 1
213 411 1
213 441 1
213 737 1
213 811 1
213 1255 1
213 1514 1
213 1555 1
213 1663 1
214 101 1
214 314 1
214 1262 1
214 1877 1
214 2008 1
215 140 1
215 1611 1
215 1675 1
216 427 1
216 1021 1
216 1181 1
216 1374 1
216 1396 1
216 1494 1
216 1710 1
217 306 1
217 997 1
217 1030 1
217 1996 1
218 990 1
218 1549 1
220 49 1
220 196 1
220 239 1
220 260 1
220 364 1
220 505 1
220 959 1
220 1610 1
220 1617 1
221 43 1
221 137 1
221 204 1
221 229 1
221 346 1
221 677 1
221 707 1
221 963 1
221 1113 1
221 1248 1
221 1380 1
221 1496 1
221 1524 1
221 1603 1
221 1656 1
221 1966 1
221 1980 1
222 117 1
222 209 1
222 302 1
222 426 1
222 504 1
222 511 1
222 525 1
222 526 1
222 598 1
222 613 1
222 716 1
222 736 1
222 834 1
222 928 1
222 935 1
222 969 1
222 1070 1
222 1129 1
222 1176 1
222 1249 1
222 1256 1
222 1286 1
222 1303 1
222 1306 1
222 1367 1
222 1384 1
222 1404 1
222 1485 1
222 1570 1
222 1630 1
222 1640 1
222 1902 1
223 50 1
223 88 1
223 159 1
223 276 1
223 310 1
223 319 1
223 359 1
223 363 1
223 369 1
223 421 1
223 452 1
223 454 1
223 469 1
223 471 1
223 512 1
223 537 1
223 555 1
223 856 1
223 1004 1
223 1109 1
223 1272 1
223 1279 1
223 1344 1
223 1358 1
223 1427 1
223 1681 1
223 1786 1
223 1819 1
223 1933 1
223 1954 1
224 58 1
224 178 1
224 246 1
224 249 1
224 257 1
224 407 1
224 422 1
224 552 1
224 569 1
224 676 1
224 824 1
224 851 1
224 897 1
224 900 1
224 902 1
224 947 1
224 978 1
224 1055 1
224 1059 1
224 1071 1
224 1138 1
224 1168 1
224 1274 1
224 1322 1
224 1327 1
224 1478 1
224 1727 1
224 1766 1
224 1813 1
224 1887 1
224 1897 1
224 1982 1
225 105 1
225 496 1
225 657 1
225 714 1
225 1025 1
225 1182 1
225 1206 1
225 1281 1
225 1300 1
225 1347 1
225 1414 1
225 1486 1
225 1604 1
225 1772 1
225 1777 1
225 1913 1
225 1946 1
225 1951 1
225 2007 1
226 28 1
226 144 1
226 157 1
226 258 1
226 463 1
226 518 1
226 570 1
226 620 1
226 625 1
226 787 1
226 809 1
226 938 1
226 984 1
226 1836 1
226 1883 1
226 1983 1
227 548 1
227 578 1
227 793 1
227 846 1
227 881 1
227 954 1
227 1079 1
227 1201 1
227 1253 1
227 1468 1
227 1560 1
227 1569 1
227 1654 1
227 1691 1
227 1747 1
227 1753 1
227 1829 1
227 1895 1
227 1901 1
227 1979 1
228 435 1
228 600 1
228 611 1
228 640 1
228 673 1
228 1179 1
228 1426 1
228 1517 1
228 1761 1
228 1788 1
228 1833 1
228 1856 1
228 1874 1
228 1944 1
229 311 1
229 607 1
229 653 1
229 784 1
229 823 1
229 993 1
229 1413 1
229 1540 1
229 1667 1
229 1734 1
229 1915 1
230 106 1
230 987 1
230 1020 1
230 1242 1
230 1321 1
230 1679 1
230 1928 1
230 2003 1
231 1080 1
231 1460 1
231 1534 1
231 1715 1
232 203 1
232 691 1
232 1690 1
233 183 1
233 379 1
233 481 1
233 805 1
233 1103 1
234 1237 1
234 1446 1
234 2029 1
235 256 1
235 1824 1
235 1876 1
236 679 1
236 1116 1
236 1405 1
236 1493 1
236 1930 1
236 2037 1
237 145 1
237 338 1
237 342 1
237 734 1
237 882 1
237 933 1
237 1038 1
237 1097 1
237 1173 1
237 1395 1
237 1506 1
237 1510 1
237 1541 1
237 1969 1
237 2020 1
238 72 1
238 292 1
238 347 1
238 380 1
238 458 1
238 585 1
238 594 1
238 633 1
238 778 1
238 826 1
238 829 1
238 1073 1
238 1324 1
238 1353 1
238 1454 1
238 1558 1
238 1614 1
238 1642 1
238 1661 1
238 1984 1
238 2024 1
239 31 1
239 48 1
239 96 1
239 123 1
239 194 1
239 224 1
239 277 1
239 386 1
239 396 1
239 429 1
239 451 1
239 493 1
239 536 1
239 543 1
239 631 1
239 671 1
239 789 1
239 878 1
239 942 1
239 962 1
239 981 1
239 1008 1
239 1018 1
239 1094 1
239 1150 1
239 1157 1
239 1364 1
239 1471 1
239 1472 1
239 1480 1
239 1484 1
239 1527 1
239 1619 1
239 1639 1
239 1744 1
239 1884 1
239 1909 1
239 1956 1
239 1985 1
239 2041 1
240 65 1
240 74 1
240 102 1
240 147 1
240 231 1
240 297 1
240 362 1
240 430 1
240 619 1
240 663 1
240 743 1
240 833 1
240 852 1
240 960 1
240 1009 1
240 1034 1
240 1089 1
240 1095 1
240 1154 1
240 1158 1
240 1292 1
240 1334 1
240 1373 1
240 1423 1
240 1444 1
240 1447 1
240 1491 1
240 1505 1
240 1523 1
240 1615 1
240 1693 1
240 1751 1
240 1783 1
240 1790 1
240 1826 1
240 1926 1
240 2014 1
240 2035 1
241 81 1
241 107 1
241 201 1
241 398 1
241 432 1
241 489 1
241 604 1
241 626 1
241 780 1
241 835 1
241 871 1
241 911 1
241 1156 1
241 1207 1
241 1231 1
241 1234 1
241 1287 1
241 1301 1
241 1464 1
241 1922 1
242 139 1
242 148 1
242 307 1
242 343 1
242 428 1
242 438 1
242 529 1
242 544 1
242 568 1
242 622 1
242 628 1
242 648 1
242 698 1
242 717 1
242 769 1
242 825 1
242 1155 1
242 1186 1
242 1212 1
242 1219 1
242 1258 1
242 1499 1
242 1562 1
242 1621 1
242 1720 1
242 1769 1
242 1823 1
242 1907 1
243 185 1
243 271 1
243 486 1
243 629 1
243 767 1
243 855 1
243 895 1
243 1175 1
243 1357 1
243 1477 1
243 1801 1
243 1918 1
243 2039 1
244 44 1
244 79 1
244 90 1
244 200 1
244 402 1
244 461 1
244 771 1
244 819 1
244 840 1
244 890 1
244 1164 1
244 1197 1
244 1455 1
244 1547 1
244 1556 1
244 1651 1
244 1673 1
244 1888 1
245 89 1
245 308 1
245 328 1
245 517 1
245 530 1
245 558 1
245 820 1
245 1863 1
245 2002 1
246 52 1
246 150 1
246 329 1
246 686 1
246 798 1
246 1308 1
246 1467 1
246 1476 1
246 1778 1
247 45 1
247 210 1
247 606 1
247 768 1
247 1448 1
247 1752 1
247 1784 1
248 77 1
248 1123 1
248 1128 1
248 1685 1
248 1911 1
248 2045 1
249 162 1
249 1605 1
249 1668 1
249 1990 1
250 55 1
250 715 1
250 1114 1
250 1304 1
250 1516 1
251 744 1
251 936 1
252 559 1
252 562 1
252 876 1
252 1048 1
252 1067 1
252 1085 1
252 1137 1
252 1165 1
252 1377 1
252 1652 1
252 1927 1
253 56 1
253 118 1
253 593 1
253 719 1
253 791 1
253 920 1
253 1520 1
253 1596 1
254 390 1
254 397 1
254 414 1
254 434 1
254 581 1
254 586 1
254 609 1
254 634 1
254 665 1
254 709 1
254 773 1
254 836 1
254 903 1
254 917 1
254 924 1
254 965 1
254 1043 1
254 1075 1
254 1159 1
254 1199 1
254 1497 1
254 1644 1
254 1792 1
254 1848 1
255 171 1
255 273 1
255 361 1
255 377 1
255 472 1
255 564 1
255 580 1
255 588 1
255 731 1
255 739 1
255 755 1
255 763 1
255 868 1
255 906 1
255 971 1
255 1011 1
255 1041 1
255 1167 1
255 1170 1
255 1266 1
255 1291 1
255 1345 1
255 1379 1
255 1383 1
255 1415 1
255 1432 1
255 1495 1
255 1563 1
255 1600 1
255 1609 1
255 1650 1
255 1686 1
255 1756 1
255 1948 1
255 1953 1
255 1999 1
256 173 1
256 220 1
256 287 1
256 349 1
256 355 1
256 614 1
256 617 1
256 697 1
256 702 1
256 759 1
256 912 1
256 927 1
256 955 1
256 983 1
256 991 1
256 1026 1
256 1028 1
256 1092 1
256 1204 1
256 1208 1
256 1283 1
256 1299 1
256 1519 1
256 1543 1
256 1551 1
256 1584 1
256 1586 1
256 1601 1
256 1607 1
256 1625 1
256 1670 1
256 1718 1
256 1771 1
256 1780 1
256 1785 1
256 1870 1
256 1886 1
256 1970 1
257 93 1
257 104 1
257 226 1
257 261 1
257 275 1
257 457 1
257 509 1
257 550 1
257 577 1
257 579 1
257 659 1
257 803 1
257 848 1
257 863 1
257 982 1
257 1002 1
257 1049 1
257 1108 1
257 1141 1
257 1267 1
257 1329 1
257 1352 1
257 1360 1
257 1370 1
257 1411 1
257 1466 1
257 1616 1
257 1733 1
257 1768 1
257 1774 1
257 1781 1
257 1881 1
257 1925 1
258 119 1
258 156 1
258 218 1
258 388 1
258 392 1
258 636 1
258 690 1
258 843 1
258 854 1
258 1069 1
258 1220 1
258 1394 1
258 1398 1
258 1403 1
258 1705 1
258 1709 1
258 1767 1
258 1791 1
258 1825 1
258 1917 1
259 69 1
259 189 1
259 589 1
259 751 1
259 858 1
259 939 1
259 961 1
259 1006 1
259 1183 1
259 1194 1
259 1251 1
259 1351 1
259 1362 1
259 1501 1
259 1622 1
259 1703 1
259 1717 1
259 1740 1
259 1795 1
259 1810 1
259 1849 1
260 129 1
260 188 1
260 255 1
260 393 1
260 519 1
260 630 1
260 797 1
260 830 1
260 847 1
260 867 1
260 1082 1
260 1122 1
260 1136 1
260 1489 1
260 1507 1
260 1593 1
260 1796 1
260 1838 1
260 1978 1
260 2000 1
261 73 1
261 333 1
261 807 1
261 1104 1
261 1664 1
261 1782 1
262 1260 1
262 1421 1
262 1594 1
263 779 1
263 989 1
263 1366 1
264 274 1
264 720 1
264 972 1
264 1453 1
264 1535 1
264 1721 1
265 128 1
265 266 1
265 317 1
265 1509 1
265 1684 1
265 1988 1
265 2006 1
265 2031 1
266 235 1
266 378 1
266 419 1
266 448 1
266 929 1
266 945 1
266 1091 1
266 1185 1
267 143 1
267 710 1
267 1226 1
267 1698 1
267 1741 1
268 59 1
268 403 1
268 420 1
268 436 1
268 516 1
268 651 1
268 1078 1
268 1623 1
269 42 1
269 60 1
269 109 1
269 120 1
269 262 1
269 612 1
269 660 1
269 694 1
269 733 1
269 766 1
269 774 1
269 885 1
269 946 1
269 1118 1
269 1171 1
269 1333 1
269 1339 1
269 1451 1
269 1457 1
269 1461 1
269 1538 1
269 1665 1
269 1676 1
269 1749 1
269 1818 1
269 1827 1
269 1837 1
269 1857 1
269 1892 1
269 1931 1
269 1959 1
269 2009 1
270 39 1
270 98 1
270 186 1
270 352 1
270 418 1
270 533 1
270 546 1
270 592 1
270 610 1
270 645 1
270 808 1
270 853 1
270 874 1
270 901 1
270 932 1
270 958 1
270 968 1
270 1063 1
270 1121 1
270 1130 1
270 1152 1
270 1177 1
270 1195 1
270 1277 1
270 1400 1
270 1429 1
270 1475 1
270 1564 1
270 1568 1
270 1657 1
270 1677 1
270 1800 1
270 1875 1
270 1942 1
270 1958 1
270 2005 1
270 2046 1
271 95 1
271 152 1
271 166 1
271 272 1
271 298 1
271 327 1
271 354 1
271 368 1
271 374 1
271 395 1
271 399 1
271 444 1
271 492 1
271 494 1
271 514 1
271 615 1
271 618 1
271 670 1
271 812 1
271 828 1
271 864 1
271 1076 1
271 1178 1
271 1244 1
271 1257 1
271 1285 1
271 1348 1
271 1385 1
271 1419 1
271 1463 1
271 1515 1
271 1561 1
271 1571 1
271 1612 1
271 1620 1
271 1647 1
271 1674 1
271 1738 1
271 1758 1
271 1817 1
271 1844 1
271 1850 1
271 1869 1
271 1894 1
271 1923 1
271 1924 1
271 1963 1
271 1974 1
272 66 1
272 103 1
272 163 1
272 177 1
272 282 1
272 286 1
272 360 1
272 376 1
272 409 1
272 467 1
272 503 1
272 524 1
272 582 1
272 656 1
272 687 1
272 724 1
272 813 1
272 832 1
272 842 1
272 861 1
272 877 1
272 889 1
272 892 1
272 907 1
272 1023 1
272 1198 1
272 1229 1
272 1305 1
272 1311 1
272 1319 1
272 1326 1
272 1337 1
272 1391 1
272 1550 1
272 1578 1
272 1653 1
272 1694 1
272 1732 1
272 1759 1
272 1912 1
272 1919 1
272 1973 1
272 1989 1
273 26 1
273 75 1
273 172 1
273 199 1
273 334 1
273 340 1
273 406 1
273 416 1
273 431 1
273 447 1
273 483 1
273 497 1
273 541 1
273 572 1
273 646 1
273 746 1
273 786 1
273 818 1
273 850 1
273 1077 1
273 1087 1
273 1282 1
273 1386 1
273 1397 1
273 1407 1
273 1723 1
273 1986 1
274 202 1
274 217 1
274 230 1
274 280 1
274 413 1
274 423 1
274 488 1
274 540 1
274 664 1
274 683 1
274 758 1
274 775 1
274 788 1
274 799 1
274 869 1
274 893 1
274 956 1
274 1032 1
274 1051 1
274 1065 1
274 1068 1
274 1105 1
274 1174 1
274 1354 1
274 1378 1
274 1449 1
274 1585 1
274 1590 1
274 1624 1
274 1692 1
274 1757 1
274 1878 1
274 1891 1
274 1920 1
274 1935 1
274 1960 1
275 142 1
275 208 1
275 587 1
275 662 1
275 705 1
275 706 1
275 1012 1
275 1269 1
275 1434 1
275 1521 1
275 1587 1
275 1707 1
276 304 1
276 353 1
276 394 1
276 975 1
276 1132 1
276 1145 1
276 1222 1
276 1369 1
276 1372 1
276 1536 1
276 1565 1
276 1588 1
276 1638 1
276 1793 1
277 32 1
277 668 1
277 770 1
277 1359 1
277 1502 1
277 1628 1
277 1632 1
277 1672 1
277 2011 1
278 247 1
278 542 1
278 1211 1
278 1508 1
279 141 1
279 1143 1
280 24 1
280 320 1
280 1036 1
280 1939 1
281 41 1
281 443 1
281 688 1
281 1209 1
281 1425 1
281 1994 1
282 557 1
282 801 1
282 1332 1
283 30 1
283 213 1
283 464 1
283 635 1
283 1597 1
283 1618 1
283 1636 1
283 2043 1
284 281 1
284 324 1
284 372 1
284 446 1
284 491 1
284 914 1
284 943 1
284 949 1
284 1066 1
284 1133 1
284 1147 1
284 1270 1
284 1695 1
284 1696 1
284 1802 1
284 1910 1
284 2004 1
284 2021 1
284 2023 1
285 63 1
285 67 1
285 136 1
285 228 1
285 254 1
285 267 1
285 560 1
285 563 1
285 930 1
285 995 1
285 999 1
285 1052 1
285 1056 1
285 1203 1
285 1223 1
285 1268 1
285 1315 1
285 1325 1
285 1330 1
285 1402 1
285 1418 1
285 1442 1
285 1459 1
285 1492 1
285 1500 1
285 1528 1
285 1537 1
285 1671 1
285 1743 1
285 1814 1
285 1852 1
285 1941 1
285 2016 1
286 16 1
286 61 1
286 76 1
286 110 1
286 160 1
286 205 1
286 211 1
286 253 1
286 265 1
286 296 1
286 367 1
286 404 1
286 468 1
286 718 1
286 726 1
286 796 1
286 802 1
286 841 1
286 950 1
286 1024 1
286 1058 1
286 1096 1
286 1111 1
286 1134 1
286 1162 1
286 1263 1
286 1452 1
286 1529 1
286 1533 1
286 1581 1
286 1598 1
286 1602 1
286 1626 1
286 1631 1
286 1659 1
286 1683 1
286 1704 1
286 1719 1
286 1762 1
286 1808 1
286 1872 1
286 1916 1
286 1943 1
286 1957 1
286 2017 1
287 64 1
287 82 1
287 155 1
287 176 1
287 182 1
287 263 1
287 315 1
287 337 1
287 498 1
287 599 1
287 605 1
287 624 1
287 643 1
287 678 1
287 870 1
287 996 1
287 1022 1
287 1035 1
287 1072 1
287 1112 1
287 1218 1
287 1238 1
287 1261 1
287 1273 1
287 1469 1
287 1730 1
287 1776 1
287 1830 1
287 1867 1
287 2028 1
288 78 1
288 124 1
288 132 1
288 133 1
288 164 1
288 223 1
288 238 1
288 290 1
288 381 1
288 389 1
288 437 1
288 445 1
288 551 1
288 575 1
288 596 1
288 701 1
288 713 1
288 742 1
288 747 1
288 782 1
288 817 1
288 898 1
288 977 1
288 1057 1
288 1193 1
288 1278 1
288 1288 1
288 1349 1
288 1416 1
288 1583 1
288 1608 1
288 1699 1
288 1845 1
288 1904 1
288 1937 1
288 1993 1
288 2001 1
288 2018 1
289 135 1
289 232 1
289 401 1
289 732 1
289 765 1
289 921 1
289 1014 1
289 1053 1
289 1146 1
289 1163 1
289 1210 1
289 1633 1
289 1987 1
290 47 1
290 121 1
290 322 1
290 348 1
290 439 1
290 521 1
290 1275 1
290 1276 1
290 1417 1
290 1559 1
290 1739 1
290 1908 1
290 2025 1
291 80 1
291 845 1
291 1316 1
291 1318 1
291 1438 1
291 1754 1
291 1835 1
291 1858 1
292 126 1
292 222 1
292 330 1
292 370 1
292 1003 1
292 1013 1
292 1905 1
292 1961 1
293 748 1
293 1102 1
293 1637 1
294 1115 1
294 1483 1
294 1576 1
294 1712 1
295 111 1
295 1853 1
295 1860 1
296 85 1
296 1763 1
297 168 1
297 465 1
297 1029 1
297 1456 1
298 192 1
298 225 1
298 566 1
298 753 1
298 872 1
298 896 1
298 1045 1
298 1243 1
298 1368 1
299 9 1
299 215 1
299 252 1
299 522 1
299 760 1
299 844 1
299 941 1
299 964 1
299 1151 1
299 1172 1
299 1361 1
299 1531 1
299 1678 1
299 1714 1
299 1885 1
299 1940 1
299 2022 1
300 321 1
300 341 1
300 345 1
300 499 1
300 532 1
300 545 1
300 547 1
300 554 1
300 565 1
300 689 1
300 886 1
300 888 1
300 923 1
300 1140 1
300 1232 1
300 1381 1
300 1387 1
300 1390 1
300 1552 1
300 1822 1
300 2030 1
301 12 1
301 146 1
301 294 1
301 478 1
301 508 1
301 608 1
301 857 1
301 908 1
301 940 1
301 1083 1
301 1160 1
301 1233 1
301 1312 1
301 1412 1
301 1428 1
301 1436 1
301 1606 1
301 1660 1
301 1806 1
301 1868 1
301 1995 1
302 8 1
302 46 1
302 243 1
302 366 1
302 669 1
302 838 1
302 966 1
302 979 1
302 1236 1
302 1406 1
302 1518 1
302 1613 1
302 1634 1
303 181 1
303 693 1
303 918 1
303 1017 1
303 1098 1
303 1144 1
303 1205 1
303 1335 1
303 1462 1
303 1799 1
303 2040 1
304 6 1
304 523 1
304 641 1
304 704 1
304 909 1
304 1239 1
304 1241 1
304 1252 1
304 1737 1
305 187 1
305 190 1
305 515 1
305 583 1
305 1342 1
305 1437 1
305 1992 1
306 295 1
306 553 1
306 723 1
306 1388 1
306 1765 1
306 1812 1
307 672 1
307 1001 1
307 1422 1
307 1532 1
308 466 1
308 692 1
308 967 1
308 1139 1
309 740 1
310 500 1
311 161 1
311 167 1
311 1265 1
311 1293 1
311 1873 1
312 837 1
312 1401 1
313 456 1
313 1000 1
313 1658 1
314 149 1
314 214 1
314 528 1
314 814 1
314 915 1
314 1230 1
314 1482 1
314 1542 1
314 1627 1
315 94 1
315 130 1
315 151 1
315 270 1
315 925 1
315 1007 1
315 1142 1
315 1341 1
315 1487 1
315 1750 1
316 191 1
316 331 1
316 408 1
316 411 1
316 556 1
316 806 1
316 879 1
316 1050 1
316 1054 1
316 1221 1
316 1643 1
316 1890 1
316 1898 1
316 2010 1
316 2032 1
317 71 1
317 86 1
317 87 1
317 92 1
317 227 1
317 539 1
317 899 1
317 1125 1
317 1184 1
317 1280 1
317 1343 1
317 1470 1
317 1736 1
318 17 1
318 242 1
318 655 1
318 926 1
318 988 1
318 1062 1
318 1196 1
318 1526 1
318 1645 1
319 38 1
319 40 1
319 510 1
319 1840 1
319 1865 1
320 383 1
320 520 1
320 1465 1
321 18 1
321 400 1
321 484 1
321 647 1
321 873 1
321 919 1
321 1323 1
321 1503 1
321 1716 1
322 1353 1
322 1488 1
322 2042 1
323 206 1
323 356 1
323 735 1
323 2044 1
324 485 1
324 777 1
324 887 1
324 1903 1
325 288 1
326 84 1
326 442 1
327 591 1
327 905 1
327 1235 1
328 1 1
328 11 1
328 241 1
328 1148 1
328 1247 1
329 34 1
329 283 1
329 616 1
329 703 1
329 721 1
329 1336 1
329 1399 1
330 112 1
330 221 1
330 382 1
330 590 1
330 1021 1
330 1037 1
330 1088 1
330 1474 1
330 1549 1
330 1742 1
331 19 1
331 344 1
331 385 1
331 433 1
331 904 1
331 944 1
331 1016 1
331 1019 1
331 1027 1
331 1169 1
331 1271 1
331 1392 1
331 1420 1
331 1539 1
331 1546 1
331 1811 1
331 1832 1
331 1997 1
332 23 1
332 25 1
332 216 1
332 316 1
332 513 1
332 571 1
332 745 1
332 804 1
332 938 1
332 1254 1
332 1389 1
332 1440 1
332 1599 1
332 1787 1
332 2019 1
333 33 1
333 113 1
333 174 1
333 248 1
333 300 1
333 357 1
333 417 1
333 902 1
333 910 1
333 1060 1
333 1367 1
333 1450 1
333 1512 1
333 1976 1
334 51 1
334 134 1
334 364 1
334 576 1
334 675 1
334 711 1
334 730 1
334 761 1
334 781 1
334 1010 1
334 1255 1
334 1289 1
334 1393 1
334 1445 1
334 1582 1
334 1700 1
334 1901 1
334 2036 1
335 108 1
335 122 1
335 268 1
335 301 1
335 476 1
335 684 1
335 729 1
335 821 1
335 1846 1
335 1861 1
335 1936 1
335 1998 1
335 2013 1
336 57 1
336 326 1
336 487 1
336 785 1
336 1227 1
336 1430 1
336 2034 1
337 101 1
337 178 1
337 365 1
337 725 1
337 957 1
337 980 1
337 1764 1
338 570 1
338 1216 1
338 1680 1
338 1950 1
339 695 1
339 762 1
339 1131 1
339 1496 1
339 1981 1
340 7 1
340 158 1
340 679 1
340 1042 1
340 1706 1
340 1775 1
341 862 1
341 1295 1
341 1595 1
342 650 1
343 794 1
343 1086 1
343 1284 1
343 1971 1
344 68 1
344 251 1
344 574 1
344 931 1
344 1061 1
344 1090 1
344 1350 1
344 1708 1
344 1770 1
344 1809 1
345 13 1
345 279 1
345 293 1
345 309 1
345 371 1
345 425 1
345 460 1
345 470 1
345 477 1
345 601 1
345 649 1
345 822 1
345 976 1
345 994 1
345 998 1
345 1044 1
345 1117 1
345 1127 1
345 1191 1
345 1649 1
345 1746 1
345 1820 1
345 1893 1
345 1900 1
345 1945 1
345 1965 1
346 384 1
346 387 1
346 638 1
346 750 1
346 776 1
346 815 1
346 913 1
346 1031 1
346 1033 1
346 1215 1
346 1264 1
346 1498 1
346 1522 1
346 1555 1
346 1577 1
346 1689 1
346 1697 1
346 1748 1
346 1794 1
346 1803 1
346 1841 1
346 1952 1
346 1975 1
347 2 1
347 37 1
347 138 1
347 233 1
347 237 1
347 239 1
347 285 1
347 339 1
347 358 1
347 490 1
347 548 1
347 549 1
347 674 1
347 682 1
347 708 1
347 741 1
347 810 1
347 865 1
347 985 1
347 1166 1
347 1296 1
347 1331 1
347 1376 1
347 1408 1
347 1410 1
347 1441 1
347 1494 1
347 1525 1
347 1655 1
347 1688 1
347 1773 1
347 1777 1
347 1797 1
347 1855 1
347 1928 1
348 21 1
348 179 1
348 184 1
348 195 1
348 244 1
348 323 1
348 336 1
348 473 1
348 495 1
348 573 1
348 627 1
348 632 1
348 644 1
348 712 1
348 754 1
348 793 1
348 833 1
348 883 1
348 984 1
348 1074 1
348 1081 1
348 1099 1
348 1248 1
348 1404 1
348 1511 1
348 1662 1
348 1666 1
348 1682 1
348 1711 1
348 1747 1
348 1816 1
348 1859 1
348 1934 1
348 1949 1
349 15 1
349 22 1
349 44 1
349 99 1
349 204 1
349 212 1
349 319 1
349 375 1
349 440 1
349 737 1
349 757 1
349 772 1
349 875 1
349 1126 1
349 1176 1
349 1225 1
349 1298 1
349 1557 1
349 1591 1
349 1629 1
349 1710 1
349 1729 1
349 1807 1
349 1821 1
349 1834 1
349 1964 1
350 289 1
350 306 1
350 313 1
350 391 1
350 459 1
350 860 1
350 1113 1
350 1188 1
350 1228 1
350 1567 1
350 1573 1
350 1731 1
350 1847 1
351 88 1
351 97 1
351 325 1
351 475 1
351 531 1
351 621 1
351 637 1
351 642 1
351 953 1
351 1187 1
351 1192 1
351 1214 1
351 1294 1
351 1321 1
351 1435 1
351 1490 1
351 1630 1
351 1635 1
351 1760 1
351 1914 1
351 1938 1
351 2020 1
352 449 1
352 482 1
352 569 1
352 623 1
352 676 1
352 827 1
352 891 1
352 1046 1
352 1093 1
352 1100 1
352 1213 1
352 1217 1
352 1443 1
352 1481 1
352 1517 1
352 1663 1
352 1755 1
352 1979 1
353 127 1
353 259 1
353 1611 1
354 1477 1
354 1897 1
354 1899 1
354 1944 1
354 2026 1
355 496 1
355 1356 1
355 2041 1
356 207 1
356 474 1
356 1047 1
356 1149 1
356 1789 1
356 1921 1
357 1380 1
358 303 1
358 667 1
358 795 1
358 951 1
358 2038 1
359 240 1
359 415 1
359 455 1
359 1346 1
360 49 1
360 193 1
360 480 1
360 1338 1
360 1842 1
360 1854 1
360 1889 1
361 116 1
361 131 1
361 175 1
361 407 1
361 722 1
361 728 1
361 738 1
361 952 1
361 992 1
361 1084 1
361 1124 1
361 1224 1
361 1317 1
361 1320 1
361 1766 1
361 1839 1
361 1932 1
361 1947 1
361 2027 1
362 4 1
362 29 1
362 74 1
362 105 1
362 125 1
362 165 1
362 198 1
362 245 1
362 312 1
362 332 1
362 351 1
362 379 1
362 410 1
362 421 1
362 507 1
362 535 1
362 603 1
362 640 1
362 658 1
362 696 1
362 783 1
362 790 1
362 859 1
362 970 1
362 1138 1
362 1153 1
362 1161 1
362 1256 1
362 1302 1
362 1314 1
362 1355 1
362 1548 1
362 1727 1
362 1828 1
362 1877 1
362 1880 1
363 14 1
363 36 1
363 100 1
363 153 1
363 209 1
363 219 1
363 350 1
363 424 1
363 426 1
363 458 1
363 462 1
363 505 1
363 613 1
363 652 1
363 698 1
363 811 1
363 947 1
363 948 1
363 969 1
363 1038 1
363 1101 1
363 1119 1
363 1237 1
363 1242 1
363 1297 1
363 1424 1
363 1431 1
363 1433 1
363 1473 1
363 1545 1
363 1579 1
363 1604 1
363 1610 1
363 1648 1
363 1831 1
363 1871 1
363 1966 1
364 5 1
364 35 1
364 53 1
364 54 1
364 115 1
364 236 1
364 299 1
364 335 1
364 405 1
364 412 1
364 527 1
364 552 1
364 680 1
364 784 1
364 829 1
364 834 1
364 959 1
364 1071 1
364 1180 1
364 1200 1
364 1250 1
364 1262 1
364 1309 1
364 1375 1
364 1447 1
364 1484 1
364 1572 1
364 1656 1
364 1722 1
364 1745 1
364 1813 1
364 1851 1
364 2015 1
364 2047 1
364 2048 1
365 27 1
365 89 1
365 291 1
365 435 1
365 450 1
365 561 1
365 792 1
365 856 1
365 866 1
365 1106 1
365 1135 1
365 1300 1
365 1307 1
365 1322 1
365 1382 1
365 1603 1
365 1646 1
365 1726 1
365 1930 1
366 250 1
366 260 1
366 715 1
366 897 1
366 937 1
366 1259 1
366 1328 1
366 1365 1
366 1413 1
366 1725 1
366 1929 1
366 1955 1
367 197 1
367 362 1
367 396 1
367 453 1
367 578 1
367 677 1
367 744 1
367 800 1
367 824 1
367 1039 1
367 1110 1
367 1340 1
367 1374 1
367 1479 1
367 1687 1
367 1728 1
368 256 1
368 292 1
368 654 1
368 1123 1
368 1290 1
368 1679 1
368 1984 1
368 2033 1
369 1513 1
369 1530 1
369 1592 1
369 1862 1
369 1866 1
369 2008 1
370 70 1
370 314 1
370 567 1
370 685 1
370 1279 1
371 20 1
371 764 1
371 1157 1
371 1395 1
371 1790 1
372 199 1
372 471 1
372 852 1
372 1566 1
372 1864 1
373 894 1
373 1691 1
373 1735 1
374 816 1
374 922 1
374 990 1
374 1409 1
374 1575 1
374 1843 1
375 83 1
375 752 1
375 974 1
375 1120 1
375 1504 1
375 1968 1
376 264 1
376 359 1
376 369 1
376 1524 1
376 1553 1
376 1617 1
376 1779 1
376 1879 1
376 1913 1
376 2045 1
377 3 1
377 43 1
377 50 1
377 62 1
377 318 1
377 346 1
377 454 1
377 506 1
377 526 1
377 537 1
377 602 1
377 607 1
377 831 1
377 880 1
377 884 1
377 963 1
377 1128 1
377 1206 1
377 1219 1
377 1364 1
377 1427 1
377 1641 1
377 1654 1
377 1669 1
377 1675 1
377 1701 1
377 1805 1
377 1967 1
377 1996 1
378 10 1
378 65 1
378 117 1
378 148 1
378 159 1
378 196 1
378 258 1
378 451 1
378 594 1
378 598 1
378 625 1
378 826 1
378 900 1
378 993 1
378 997 1
378 1103 1
378 1107 1
378 1109 1
378 1189 1
378 1190 1
378 1240 1
378 1245 1
378 1334 1
378 1426 1
378 1468 1
378 1472 1
378 1485 1
378 1972 1
378 1982 1
379 26 1
379 81 1
379 102 1
379 427 1
379 479 1
379 639 1
379 661 1
379 825 1
379 881 1
379 916 1
379 962 1
379 1303 1
379 1306 1
379 1310 1
379 1371 1
379 1439 1
379 1560 1
379 1702 1
379 1715 1
379 1772 1
379 1786 1
379 1826 1
379 1874 1
379 1876 1
379 1977 1
379 2012 1
380 200 1
380 234 1
380 278 1
380 308 1
380 429 1
380 511 1
380 525 1
380 555 1
380 584 1
380 597 1
380 714 1
380 954 1
380 1015 1
380 1025 1
380 1055 1
380 1249 1
380 1313 1
380 1421 1
380 1476 1
380 1491 1
380 1497 1
380 1506 1
380 1640 1
380 1798 1
380 1896 1
380 1933 1
381 145 1
381 229 1
381 310 1
381 347 1
381 452 1
381 593 1
381 600 1
381 620 1
381 633 1
381 653 1
381 666 1
381 707 1
381 767 1
381 787 1
381 1150 1
381 1286 1
381 1505 1
381 1600 1
381 1713 1
381 1823 1
381 1829 1
381 1833 1
381 1895 1
381 1902 1
381 2029 1
382 52 1
382 114 1
382 276 1
382 363 1
382 373 1
382 438 1
382 469 1
382 536 1
382 648 1
382 691 1
382 809 1
382 890 1
382 1164 1
382 1186 1
382 1202 1
383 123 1
383 297 1
383 839 1
383 871 1
383 987 1
383 1070 1
383 1137 1
383 1534 1
383 1554 1
383 1570 1
383 1601 1
383 1769 1
383 1771 1
384 1231 1
384 1460 1
384 1562 1
384 1883 1
384 1980 1
384 2007 1
385 717 1
385 1030 1
385 1384 1
385 1783 1
386 657 1
386 791 1
386 1008 1
386 1040 1
386 1129 1
386 1344 1
387 188 1
387 441 1
387 1064 1
387 1272 1
387 1836 1
388 154 1
388 402 1
388 501 1
388 934 1
389 700 1
389 1458 1
390 749 1
390 1292 1
391 169 1
391 224 1
391 823 1
391 935 1
391 936 1
391 965 1
391 1358 1
391 1580 1
391 1690 1
392 31 1
392 140 1
392 518 1
392 622 1
392 673 1
392 681 1
392 699 1
392 778 1
392 928 1
392 1004 1
392 1308 1
392 1347 1
392 1543 1
392 1574 1
392 1661 1
392 1792 1
393 58 1
393 77 1
393 249 1
393 269 1
393 284 1
393 504 1
393 529 1
393 530 1
393 577 1
393 619 1
393 756 1
393 1020 1
393 1179 1
393 1181 1
393 1201 1
393 1281 1
393 1446 1
393 1493 1
393 1499 1
393 1541 1
393 1544 1
393 1547 1
393 1642 1
393 1804 1
393 1824 1
393 1884 1
393 1915 1
393 1946 1
393 1991 1
394 48 1
394 56 1
394 106 1
394 128 1
394 144 1
394 170 1
394 305 1
394 377 1
394 448 1
394 502 1
394 562 1
394 564 1
394 686 1
394 734 1
394 755 1
394 768 1
394 805 1
394 878 1
394 920 1
394 960 1
394 986 1
394 1018 1
394 1079 1
394 1104 1
394 1173 1
394 1246 1
394 1327 1
394 1523 1
394 1615 1
394 1667 1
394 1668 1
394 1724 1
394 1882 1
394 1917 1
395 96 1
395 180 1
395 210 1
395 231 1
395 311 1
395 386 1
395 461 1
395 489 1
395 543 1
395 546 1
395 585 1
395 631 1
395 710 1
395 739 1
395 927 1
395 1034 1
395 1097 1
395 1363 1
395 1463 1
395 1464 1
395 1478 1
395 1761 1
395 1926 1
395 1953 1
395 1983 1
396 201 1
396 338 1
396 420 1
396 497 1
396 509 1
396 604 1
396 671 1
396 716 1
396 933 1
396 1026 1
396 1159 1
396 1287 1
396 1304 1
396 1345 1
396 1466 1
396 1607 1
396 1788 1
396 1838 1
396 1906 1
396 1907 1
396 1918 1
396 1922 1
396 1969 1
396 1985 1
396 2039 1
397 183 1
397 361 1
397 388 1
397 432 1
397 481 1
397 558 1
397 589 1
397 611 1
397 789 1
397 849 1
397 903 1
397 924 1
397 1207 1
397 1253 1
397 1444 1
397 1448 1
397 1686 1
397 2006 1
398 107 1
398 493 1
398 663 1
398 743 1
398 867 1
398 1116 1
398 1753 1
398 1793 1
399 147 1
399 266 1
399 1354 1
399 1752 1
399 1911 1
399 2003 1
400 302 1
400 342 1
400 736 1
400 1734 1
400 1954 1
400 1962 1
400 1973 1
401 95 1
401 763 1
401 1514 1
401 1778 1
401 1970 1
402 118 1
402 436 1
402 1095 1
402 1222 1
402 1495 1
402 1818 1
403 286 1
403 1383 1
403 1888 1
403 1956 1
404 1154 1
404 1274 1
405 1080 1
405 1569 1
405 1909 1
406 90 1
406 246 1
406 257 1
406 463 1
406 1558 1
406 1744 1
406 2024 1
407 143 1
407 534 1
407 854 1
407 1067 1
407 1165 1
407 1301 1
407 1396 1
407 1423 1
407 1815 1
407 1887 1
408 91 1
408 157 1
408 162 1
408 185 1
408 277 1
408 307 1
408 430 1
408 568 1
408 595 1
408 694 1
408 709 1
408 719 1
408 836 1
408 840 1
408 1009 1
408 1094 1
408 1114 1
408 1260 1
408 1351 1
408 1394 1
408 1451 1
408 1480 1
408 1507 1
408 1540 1
408 1614 1
408 1625 1
408 1639 1
408 1693 1
408 1709 1
408 1780 1
408 1870 1
408 1912 1
409 59 1
409 150 1
409 156 1
409 194 1
409 203 1
409 380 1
409 422 1
409 544 1
409 614 1
409 617 1
409 629 1
409 683 1
409 882 1
409 907 1
409 942 1
409 958 1
409 978 1
409 981 1
409 1075 1
409 1085 1
409 1183 1
409 1269 1
409 1299 1
409 1359 1
409 1414 1
409 1432 1
409 1486 1
409 1644 1
409 1650 1
409 1677 1
409 1723 1
409 1740 1
409 1844 1
409 1848 1
409 1886 1
409 1948 1
409 2014 1
410 172 1
410 378 1
410 390 1
410 393 1
410 541 1
410 606 1
410 727 1
410 846 1
410 851 1
410 895 1
410 906 1
410 961 1
410 1005 1
410 1212 1
410 1229 1
410 1291 1
410 1324 1
410 1352 1
410 1385 1
410 1471 1
410 1501 1
410 1519 1
410 1586 1
410 1619 1
410 1621 1
410 1681 1
410 1684 1
410 1801 1
410 1810 1
410 1837 1
410 1849 1
411 55 1
411 72 1
411 103 1
411 137 1
411 220 1
411 486 1
411 559 1
411 586 1
411 588 1
411 769 1
411 779 1
411 799 1
411 1011 1
411 1043 1
411 1156 1
411 1258 1
411 1266 1
411 1403 1
411 1455 1
411 1475 1
411 1561 1
411 1589 1
411 1651 1
411 1685 1
411 1739 1
411 1951 1
411 1974 1
411 2046 1
412 32 1
412 173 1
412 255 1
412 271 1
412 274 1
412 368 1
412 491 1
412 519 1
412 609 1
412 780 1
412 820 1
412 929 1
412 1048 1
412 1049 1
412 1082 1
412 1091 1
412 1182 1
412 1257 1
412 1325 1
412 1492 1
412 1537 1
412 1563 1
412 1596 1
412 1616 1
412 1652 1
412 1784 1
412 1830 1
412 1850 1
412 1931 1
412 1959 1
412 1999 1
413 63 1
413 186 1
413 208 1
413 235 1
413 413 1
413 538 1
413 580 1
413 759 1
413 850 1
413 1059 1
413 1339 1
413 1357 1
413 1623 1
413 1721 1
413 1774 1
413 1781 1
413 1796 1
413 1822 1
413 1856 1
414 75 1
414 119 1
414 129 1
414 222 1
414 512 1
414 615 1
414 1234 1
414 1244 1
414 1315 1
414 1535 1
414 1588 1
414 1622 1
414 1665 1
415 133 1
415 205 1
415 431 1
415 517 1
415 870 1
415 1069 1
415 1073 1
415 1673 1
415 1819 1
415 1869 1
416 409 1
416 982 1
416 1349 1
416 1704 1
416 1705 1
416 1825 1
416 1857 1
416 1881 1
417 202 1
417 273 1
417 444 1
417 1092 1
417 1520 1
418 618 1
418 659 1
418 1175 1
418 1283 1
418 1516 1
418 1738 1
418 2035 1
419 646 1
419 989 1
419 1063 1
419 1263 1
420 1754 1
421 434 1
421 533 1
421 788 1
421 858 1
422 317 1
422 581 1
422 660 1
422 983 1
422 1199 1
422 1454 1
422 1556 1
423 69 1
423 428 1
423 514 1
423 634 1
423 733 1
423 746 1
423 751 1
423 773 1
423 797 1
423 847 1
423 876 1
423 911 1
423 1407 1
423 1467 1
423 1707 1
423 1720 1
423 1795 1
424 39 1
424 79 1
424 329 1
424 333 1
424 374 1
424 472 1
424 550 1
424 582 1
424 626 1
424 690 1
424 807 1
424 808 1
424 843 1
424 1108 1
424 1168 1
424 1177 1
424 1360 1
424 1594 1
424 1664 1
424 1703 1
424 1925 1
424 1990 1
425 28 1
425 45 1
425 60 1
425 98 1
425 349 1
425 445 1
425 457 1
425 628 1
425 697 1
425 758 1
425 798 1
425 835 1
425 864 1
425 877 1
425 901 1
425 912 1
425 946 1
425 991 1
425 995 1
425 1058 1
425 1065 1
425 1141 1
425 1194 1
425 1195 1
425 1329 1
425 1378 1
425 1449 1
425 1510 1
425 1527 1
425 1717 1
425 1782 1
425 1960 1
425 2016 1
426 93 1
426 120 1
426 252 1
426 327 1
426 414 1
426 488 1
426 524 1
426 540 1
426 579 1
426 702 1
426 720 1
426 830 1
426 841 1
426 855 1
426 971 1
426 1032 1
426 1076 1
426 1089 1
426 1136 1
426 1152 1
426 1211 1
426 1220 1
426 1305 1
426 1311 1
426 1319 1
426 1397 1
426 1457 1
426 1568 1
426 1584 1
426 1628 1
426 1670 1
426 1751 1
426 1863 1
426 1894 1
426 1942 1
426 2005 1
427 139 1
427 645 1
427 651 1
427 813 1
427 828 1
427 869 1
427 950 1
427 972 1
427 973 1
427 1014 1
427 1083 1
427 1121 1
427 1143 1
427 1155 1
427 1178 1
427 1402 1
427 1419 1
427 1429 1
427 1733 1
427 1785 1
427 2002 1
428 66 1
428 328 1
428 560 1
428 612 1
428 701 1
428 868 1
428 893 1
428 1158 1
428 1372 1
428 1459 1
428 1469 1
428 1508 1
428 1509 1
428 1624 1
428 1657 1
428 1695 1
428 1698 1
428 1714 1
428 1757 1
428 1791 1
429 152 1
429 223 1
429 280 1
429 298 1
429 341 1
429 885 1
429 1112 1
429 1204 1
429 1251 1
429 1277 1
429 1333 1
429 1386 1
429 1461 1
429 1578 1
429 1585 1
429 1732 1
429 1749 1
429 1756 1
429 1767 1
429 1872 1
429 1875 1
429 2009 1
430 80 1
430 110 1
430 171 1
430 282 1
430 330 1
430 398 1
430 447 1
430 483 1
430 747 1
430 1036 1
430 1072 1
430 1078 1
430 1174 1
430 1940 1
431 272 1
431 315 1
431 360 1
431 945 1
431 1041 1
431 1632 1
432 372 1
432 404 1
432 406 1
432 630 1
432 635 1
432 845 1
432 1185 1
432 1411 1
432 1602 1
432 1919 1
433 104 1
433 166 1
433 774 1
434 109 1
434 262 1
434 770 1
434 1674 1
434 1763 1
434 1924 1
434 1963 1
435 917 1
435 1163 1
436 668 1
436 832 1
436 863 1
436 956 1
436 1053 1
436 1057 1
436 1800 1
437 395 1
437 423 1
437 812 1
437 1162 1
437 1696 1
437 1920 1
437 1941 1
438 261 1
438 397 1
438 968 1
438 1170 1
438 1197 1
438 1278 1
438 1362 1
438 1538 1
438 1571 1
438 1878 1
439 141 1
439 343 1
439 352 1
439 521 1
439 563 1
439 665 1
439 1620 1
439 1741 1
439 1814 1
439 1939 1
440 228 1
440 418 1
440 464 1
440 516 1
440 557 1
440 624 1
440 664 1
440 687 1
440 766 1
440 999 1
440 1024 1
440 1122 1
440 1261 1
440 1267 1
440 1370 1
440 1398 1
440 1536 1
440 1550 1
440 1768 1
440 1989 1
441 24 1
441 42 1
441 182 1
441 275 1
441 287 1
441 294 1
441 334 1
441 354 1
441 416 1
441 522 1
441 705 1
441 726 1
441 731 1
441 803 1
441 818 1
441 848 1
441 1028 1
441 1035 1
441 1045 1
441 1077 1
441 1167 1
441 1268 1
441 1366 1
441 1369 1
441 1373 1
441 1400 1
441 1489 1
441 1551 1
441 1593 1
441 1612 1
441 1758 1
441 1827 1
441 2000 1
441 2011 1
442 16 1
442 67 1
442 73 1
442 192 1
442 215 1
442 243 1
442 304 1
442 376 1
442 419 1
442 465 1
442 508 1
442 587 1
442 806 1
442 842 1
442 892 1
442 914 1
442 1006 1
442 1105 1
442 1132 1
442 1145 1
442 1160 1
442 1198 1
442 1500 1
442 1528 1
442 1533 1
442 1559 1
442 1564 1
442 1776 1
442 1817 1
442 1988 1
443 6 1
443 168 1
443 253 1
443 399 1
443 494 1
443 498 1
443 643 1
443 748 1
443 861 1
443 889 1
443 898 1
443 1017 1
443 1056 1
443 1066 1
443 1068 1
443 1134 1
443 1205 1
443 1337 1
443 1377 1
443 1406 1
443 1415 1
443 1653 1
443 1958 1
444 124 1
444 213 1
444 226 1
444 267 1
444 353 1
444 392 1
444 403 1
444 503 1
444 572 1
444 688 1
444 775 1
444 921 1
444 1023 1
444 1087 1
444 1232 1
444 1285 1
444 1587 1
444 1762 1
444 1892 1
444 1916 1
445 290 1
445 389 1
445 439 1
445 608 1
445 1379 1
445 1626 1
445 1802 1
445 1923 1
446 155 1
446 401 1
446 443 1
446 542 1
446 605 1
446 670 1
446 819 1
446 872 1
446 932 1
446 949 1
446 1012 1
446 1133 1
446 1438 1
446 1609 1
446 1638 1
446 1730 1
446 1867 1
447 265 1
447 281 1
447 706 1
447 1252 1
447 1270 1
447 1636 1
448 111 1
448 217 1
448 355 1
448 1904 1
448 2021 1
449 30 1
449 874 1
449 1003 1
449 1238 1
449 1282 1
450 85 1
450 1719 1
450 2004 1
450 2031 1
451 1659 1
452 47 1
452 321 1
452 975 1
452 1226 1
452 1418 1
452 1597 1
453 296 1
453 1050 1
453 1422 1
453 1425 1
454 460 1
454 599 1
454 771 1
454 801 1
454 853 1
454 1102 1
454 1368 1
454 1434 1
454 1598 1
454 1647 1
454 1852 1
454 1987 1
455 136 1
455 176 1
455 238 1
455 446 1
455 1002 1
455 1118 1
455 1405 1
455 1515 1
455 1605 1
455 1613 1
455 1633 1
455 1808 1
455 1978 1
456 61 1
456 121 1
456 295 1
456 340 1
456 370 1
456 394 1
456 596 1
456 610 1
456 636 1
456 713 1
456 786 1
456 923 1
456 930 1
456 1130 1
456 1203 1
456 1348 1
456 1502 1
456 1529 1
456 1565 1
456 1583 1
456 1676 1
456 1683 1
456 1694 1
456 1699 1
456 1853 1
456 1860 1
456 1905 1
456 1993 1
456 2043 1
457 9 1
457 41 1
457 232 1
457 324 1
457 348 1
457 485 1
457 510 1
457 656 1
457 669 1
457 678 1
457 802 1
457 939 1
457 1029 1
457 1115 1
457 1208 1
457 1223 1
457 1316 1
457 1330 1
457 1412 1
457 1521 1
457 1606 1
457 1618 1
457 1672 1
457 1743 1
457 1799 1
457 1835 1
457 1910 1
457 1957 1
457 2018 1
458 8 1
458 142 1
458 146 1
458 163 1
458 189 1
458 211 1
458 218 1
458 765 1
458 777 1
458 943 1
458 955 1
458 1052 1
458 1171 1
458 1275 1
458 1288 1
458 1342 1
458 1361 1
458 1428 1
458 1453 1
458 1581 1
458 1631 1
458 1712 1
458 1845 1
458 1858 1
458 1937 1
459 12 1
459 344 1
459 782 1
459 857 1
459 905 1
459 1051 1
459 1151 1
459 1456 1
459 1637 1
459 1759 1
459 2010 1
459 2025 1
459 2037 1
460 76 1
460 132 1
460 181 1
460 288 1
460 468 1
460 941 1
460 1196 1
460 1318 1
460 1608 1
461 38 1
461 78 1
461 151 1
461 191 1
461 467 1
461 499 1
461 821 1
461 838 1
461 1096 1
461 1236 1
461 1335 1
461 1885 1
461 1908 1
461 1961 1
461 1986 1
461 2001 1
462 64 1
462 263 1
462 337 1
462 437 1
462 551 1
462 575 1
462 1022 1
462 1483 1
462 1943 1
462 2030 1
463 204 1
463 1518 1
463 1736 1
464 254 1
464 760 1
464 2017 1
465 554 1
465 689 1
465 723 1
465 1239 1
465 1276 1
466 160 1
466 251 1
466 367 1
466 814 1
467 230 1
467 753 1
467 1718 1
468 87 1
468 320 1
468 478 1
468 553 1
468 718 1
468 1634 1
469 177 1
469 345 1
469 662 1
469 785 1
469 888 1
469 909 1
469 1193 1
469 1452 1
469 2022 1
470 247 1
470 565 1
470 592 1
470 1007 1
470 1172 1
470 1416 1
470 1487 1
470 1765 1
471 82 1
471 190 1
471 366 1
471 642 1
471 672 1
471 692 1
471 693 1
471 742 1
471 796 1
471 879 1
471 887 1
471 940 1
471 977 1
471 1146 1
471 1147 1
471 1218 1
471 1243 1
471 1332 1
471 1381 1
471 1401 1
471 1436 1
471 1576 1
471 1891 1
471 1935 1
471 1992 1
472 7 1
472 94 1
472 164 1
472 221 1
472 322 1
472 523 1
472 583 1
472 704 1
472 740 1
472 966 1
472 1013 1
472 1098 1
472 1111 1
472 1210 1
472 1280 1
472 1312 1
472 1326 1
472 1470 1
472 1482 1
472 1552 1
472 1868 1
472 2023 1
473 19 1
473 86 1
473 135 1
473 161 1
473 300 1
473 326 1
473 433 1
473 873 1
473 896 1
473 918 1
473 1001 1
473 1019 1
473 1233 1
473 1241 1
473 1293 1
473 1388 1
473 1750 1
473 1890 1
473 1927 1
474 122 1
474 331 1
474 382 1
474 466 1
474 556 1
474 573 1
474 641 1
474 724 1
474 729 1
474 951 1
474 1148 1
474 1343 1
474 1503 1
474 1512 1
474 1599 1
474 1658 1
474 1660 1
474 1716 1
474 1994 1
475 62 1
475 126 1
475 356 1
475 411 1
475 545 1
475 899 1
475 1265 1
475 1392 1
475 1417 1
475 1474 1
475 1643 1
475 1806 1
476 187 1
476 206 1
476 492 1
476 1295 1
476 1367 1
476 1442 1
476 1526 1
476 1532 1
476 1645 1
477 53 1
477 528 1
477 590 1
477 957 1
477 1209 1
477 1273 1
477 1488 1
477 1531 1
477 1678 1
477 1812 1
477 1873 1
478 84 1
478 735 1
478 844 1
478 925 1
478 988 1
478 1125 1
479 732 1
479 926 1
479 1542 1
479 1582 1
479 1692 1
479 1880 1
480 381 1
480 711 1
480 2032 1
481 817 1
481 1590 1
481 1671 1
481 1840 1
482 40 1
482 576 1
482 833 1
482 1259 1
483 804 1
483 1140 1
483 1216 1
483 1341 1
483 1390 1
484 241 1
484 964 1
484 1221 1
484 1302 1
484 1549 1
485 17 1
485 270 1
485 745 1
485 761 1
485 967 1
485 1440 1
485 1737 1
486 301 1
486 532 1
486 837 1
486 883 1
486 1142 1
486 1247 1
486 1391 1
486 1777 1
486 1811 1
486 1865 1
486 2040 1
487 46 1
487 92 1
487 130 1
487 357 1
487 650 1
487 695 1
487 725 1
487 862 1
487 902 1
487 904 1
487 908 1
487 1088 1
487 1131 1
487 1144 1
487 1215 1
487 1445 1
487 1688 1
487 1807 1
487 2028 1
488 18 1
488 138 1
488 149 1
488 167 1
488 364 1
488 383 1
488 515 1
488 616 1
488 632 1
488 684 1
488 712 1
488 781 1
488 938 1
488 979 1
488 1000 1
488 1296 1
488 1297 1
488 1353 1
488 1490 1
488 1697 1
489 51 1
489 216 1
489 520 1
489 730 1
489 886 1
489 996 1
489 1016 1
489 1328 1
489 1350 1
489 1420 1
489 1900 1
489 1903 1
489 1936 1
489 1981 1
489 2013 1
489 2034 1
490 11 1
490 214 1
490 225 1
490 242 1
490 336 1
490 470 1
490 500 1
490 539 1
490 566 1
490 913 1
490 1021 1
490 1039 1
490 1119 1
490 1235 1
490 1408 1
490 1748 1
490 1897 1
490 2044 1
491 15 1
491 846 1
491 915 1
491 1027 1
491 1149 1
491 1437 1
491 1663 1
491 1747 1
492 68 1
492 323 1
492 547 1
492 1037 1
492 1060 1
492 1230 1
492 1336 1
492 1462 1
493 25 1
493 794 1
493 1517 1
493 1949 1
493 1975 1
494 101 1
494 1038 1
494 1755 1
495 1124 1
495 1579 1
495 1995 1
496 178 1
496 772 1
496 776 1
497 34 1
497 1399 1
497 1435 1
497 1803 1
498 44 1
498 113 1
498 365 1
499 408 1
499 496 1
499 1279 1
499 1898 1
500 23 1
500 88 1
500 158 1
500 174 1
500 268 1
500 860 1
500 919 1
500 1200 1
500 1228 1
500 1255 1
500 1264 1
500 1680 1
500 1866 1
500 1997 1
501 239 1
501 371 1
501 400 1
501 476 1
501 571 1
501 790 1
501 1054 1
501 1086 1
501 1139 1
501 1450 1
501 1477 1
501 1630 1
501 1635 1
501 1775 1
501 1789 1
501 1846 1
501 1947 1
501 1965 1
501 1998 1
501 2036 1
502 71 1
502 134 1
502 325 1
502 449 1
502 649 1
502 655 1
502 752 1
502 793 1
502 998 1
502 1042 1
502 1387 1
502 1393 1
502 1711 1
502 1729 1
502 1746 1
503 89 1
503 112 1
503 233 1
503 299 1
503 373 1
503 407 1
503 484 1
503 570 1
503 601 1
503 679 1
503 737 1
503 984 1
503 1061 1
503 1117 1
503 1180 1
503 1284 1
503 1832 1
503 1950 1
503 1971 1
504 2 1
504 52 1
504 240 1
504 417 1
504 677 1
504 698 1
504 757 1
504 910 1
504 974 1
504 1123 1
504 1166 1
504 1188 1
504 1192 1
504 1242 1
504 1292 1
504 1323 1
504 1430 1
504 1511 1
504 1525 1
504 1742 1
504 1770 1
504 1797 1
504 1842 1
504 1945 1
504 1966 1
504 2015 1
504 2042 1
505 20 1
505 284 1
505 387 1
505 415 1
505 425 1
505 487 1
505 527 1
505 623 1
505 682 1
505 762 1
505 865 1
505 985 1
505 1044 1
505 1271 1
505 1498 1
505 1513 1
505 1546 1
505 1573 1
505 1666 1
505 1710 1
505 1833 1
505 1841 1
505 1859 1
505 1893 1
505 1934 1
505 2019 1
506 57 1
506 200 1
506 264 1
506 455 1
506 477 1
506 640 1
506 728 1
506 994 1
506 1033 1
506 1214 1
506 1478 1
506 1496 1
506 1595 1
506 1629 1
506 1764 1
506 1952 1
507 384 1
507 505 1
507 637 1
507 931 1
507 1062 1
507 1074 1
507 1084 1
507 1248 1
507 1298 1
507 1441 1
507 1787 1
507 1964 1
507 1967 1
508 33 1
508 99 1
508 279 1
508 283 1
508 1331 1
508 1443 1
508 1656 1
508 2020 1
509 421 1
509 458 1
509 976 1
509 993 1
509 1093 1
509 1254 1
509 1481 1
509 1938 1
510 266 1
510 627 1
510 815 1
510 969 1
510 1473 1
510 1555 1
511 115 1
511 442 1
511 811 1
511 1687 1
511 1794 1
512 827 1
512 1376 1
513 602 1
513 1465 1
513 1820 1
514 100 1
514 309 1
514 375 1
514 741 1
514 1911 1
515 259 1
515 722 1
515 1187 1
515 1557 1
515 1831 1
515 1928 1
515 1976 1
516 195 1
516 303 1
516 490 1
516 569 1
516 591 1
516 647 1
516 992 1
516 1126 1
516 1227 1
516 1468 1
516 1577 1
516 1649 1
516 1836 1
517 188 1
517 237 1
517 248 1
517 316 1
517 549 1
517 561 1
517 675 1
517 680 1
517 875 1
517 953 1
517 1010 1
517 1099 1
517 1161 1
517 1317 1
517 1346 1
517 1592 1
517 1627 1
517 1731 1
517 1834 1
517 1861 1
517 1930 1
517 1979 1
518 108 1
518 165 1
518 198 1
518 339 1
518 350 1
518 379 1
518 459 1
518 482 1
518 513 1
518 535 1
518 652 1
518 658 1
518 944 1
518 948 1
518 1101 1
518 1138 1
518 1212 1
518 1225 1
518 1289 1
518 1340 1
518 1494 1
518 1567 1
518 1575 1
518 1760 1
518 1798 1
518 1816 1
518 1829 1
518 1847 1
518 1854 1
518 1944 1
518 2038 1
519 49 1
519 65 1
519 179 1
519 193 1
519 289 1
519 314 1
519 396 1
519 412 1
519 435 1
519 506 1
519 530 1
519 603 1
519 638 1
519 866 1
519 891 1
519 947 1
519 1030 1
519 1046 1
519 1071 1
519 1169 1
519 1320 1
519 1356 1
519 1404 1
519 1421 1
519 1433 1
519 1522 1
519 1539 1
519 1591 1
519 1706 1
519 1722 1
519 1876 1
519 1895 1
519 1914 1
520 74 1
520 131 1
520 175 1
520 207 1
520 234 1
520 244 1
520 305 1
520 319 1
520 410 1
520 424 1
520 426 1
520 453 1
520 474 1
520 548 1
520 574 1
520 691 1
520 708 1
520 784 1
520 831 1
520 970 1
520 1106 1
520 1127 1
520 1206 1
520 1224 1
520 1237 1
520 1256 1
520 1314 1
520 1524 1
520 1889 1
520 1932 1
520 2039 1
521 13 1
521 21 1
521 97 1
521 209 1
521 258 1
521 369 1
521 391 1
521 480 1
521 511 1
521 593 1
521 621 1
521 633 1
521 703 1
521 810 1
521 826 1
521 856 1
521 890 1
521 929 1
521 959 1
521 1055 1
521 1090 1
521 1097 1
521 1153 1
521 1191 1
521 1213 1
521 1338 1
521 1447 1
521 1484 1
521 1563 1
521 1570 1
521 1735 1
521 1855 1
521 1968 1
521 1984 1
522 50 1
522 153 1
522 456 1
522 567 1
522 671 1
522 676 1
522 990 1
522 1354 1
522 1355 1
522 1410 1
522 1424 1
522 1689 1
522 1744 1
522 1821 1
522 1864 1
522 1877 1
522 1899 1
523 5 1
523 250 1
523 256 1
523 335 1
523 385 1
523 619 1
523 1648 1
523 1773 1
524 537 1
524 754 1
524 1790 1
524 1837 1
525 462 1
525 1114 1
525 2006 1
526 525 1
526 1186 1
526 1300 1
527 37 1
527 313 1
527 962 1
527 1726 1
527 1727 1
528 767 1
528 1685 1
529 306 1
529 738 1
529 1260 1
529 1548 1
529 1611 1
530 3 1
530 43 1
530 714 1
530 1566 1
530 1783 1
530 1843 1
531 555 1
531 750 1
531 1081 1
531 1662 1
531 1901 1
531 1956 1
532 81 1
532 105 1
532 212 1
532 219 1
532 276 1
532 285 1
532 291 1
532 451 1
532 454 1
532 495 1
532 497 1
532 644 1
532 667 1
532 721 1
532 791 1
532 792 1
532 884 1
532 1113 1
532 1217 1
532 1262 1
532 1303 1
532 1322 1
532 1374 1
532 1380 1
532 1603 1
532 1604 1
532 1646 1
532 1766 1
532 1929 1
533 1 1
533 26 1
533 27 1
533 102 1
533 116 1
533 125 1
533 148 1
533 245 1
533 293 1
533 450 1
533 531 1
533 613 1
533 654 1
533 715 1
533 744 1
533 809 1
533 881 1
533 980 1
533 1109 1
533 1325 1
533 1334 1
533 1375 1
533 1431 1
533 1505 1
533 1530 1
533 1617 1
533 1823 1
533 1851 1
533 1862 1
533 1972 1
533 2045 1
534 14 1
534 29 1
534 58 1
534 83 1
534 96 1
534 169 1
534 184 1
534 224 1
534 351 1
534 358 1
534 362 1
534 429 1
534 536 1
534 562 1
534 584 1
534 594 1
534 597 1
534 743 1
534 764 1
534 783 1
534 859 1
534 916 1
534 937 1
534 952 1
534 965 1
534 1011 1
534 1135 1
534 1137 1
534 1157 1
534 1240 1
534 1250 1
534 1324 1
534 1371 1
534 1382 1
534 1491 1
534 1504 1
534 1562 1
534 1640 1
534 1691 1
534 1701 1
534 1734 1
534 1745 1
534 1772 1
534 1779 1
534 1792 1
534 1882 1
534 1896 1
535 70 1
535 236 1
535 302 1
535 312 1
535 332 1
535 363 1
535 438 1
535 501 1
535 507 1
535 509 1
535 526 1
535 578 1
535 607 1
535 653 1
535 685 1
535 816 1
535 824 1
535 825 1
535 849 1
535 852 1
535 986 1
535 1079 1
535 1100 1
535 1395 1
535 1426 1
535 1479 1
535 1661 1
535 1700 1
535 1761 1
535 1871 1
535 2027 1
536 10 1
536 22 1
536 127 1
536 147 1
536 159 1
536 201 1
536 203 1
536 227 1
536 409 1
536 657 1
536 674 1
536 686 1
536 696 1
536 768 1
536 877 1
536 963 1
536 1026 1
536 1128 1
536 1129 1
536 1308 1
536 1364 1
536 1389 1
536 1596 1
536 1725 1
536 1805 1
536 1813 1
536 1828 1
536 1883 1
536 1921 1
536 1922 1
536 1982 1
536 2033 1
536 2048 1
537 128 1
537 215 1
537 359 1
537 386 1
537 427 1
537 436 1
537 598 1
537 897 1
537 906 1
537 927 1
537 1064 1
537 1103 1
537 1108 1
537 1344 1
537 1409 1
537 1411 1
537 1472 1
537 1600 1
537 1601 1
537 1677 1
537 1810 1
537 1838 1
537 1870 1
537 1909 1
537 1969 1
537 2012 1
537 2047 1
538 150 1
538 308 1
538 770 1
538 795 1
538 834 1
538 1150 1
538 1310 1
538 1654 1
538 1839 1
538 1962 1
539 420 1
539 552 1
539 880 1
539 894 1
539 1018 1
539 1202 1
539 1309 1
539 1427 1
540 717 1
540 1306 1
540 1983 1
541 2007 1
542 145 1
542 1085 1
542 1294 1
543 231 1
543 255 1
543 1702 1
543 1809 1
544 106 1
544 1321 1
544 1413 1
544 1879 1
544 1918 1
545 473 1
545 1365 1
545 1545 1
546 4 1
546 475 1
546 1107 1
546 1553 1
546 1554 1
546 1708 1
546 1977 1
547 196 1
547 346 1
547 504 1
547 577 1
547 589 1
547 620 1
547 987 1
547 1245 1
547 1497 1
547 1543 1
547 1572 1
547 1610 1
547 1668 1
547 1682 1
547 1926 1
547 1954 1
548 31 1
548 54 1
548 123 1
548 186 1
548 292 1
548 440 1
548 471 1
548 559 1
548 585 1
548 639 1
548 648 1
548 839 1
548 997 1
548 1031 1
548 1092 1
548 1179 1
548 1184 1
548 1189 1
548 1290 1
548 1485 1
548 1495 1
548 1607 1
548 1642 1
548 1715 1
548 1728 1
548 1780 1
549 117 1
549 140 1
549 144 1
549 197 1
549 260 1
549 297 1
549 307 1
549 402 1
549 405 1
549 441 1
549 543 1
549 595 1
549 600 1
549 673 1
549 716 1
549 734 1
549 739 1
549 787 1
549 789 1
549 823 1
549 900 1
549 922 1
549 954 1
549 1025 1
549 1065 1
549 1120 1
549 1173 1
549 1190 1
549 1246 1
549 1253 1
549 1384 1
549 1385 1
549 1439 1
549 1499 1
549 1541 1
549 1560 1
549 1679 1
549 1724 1
549 1826 1
549 1917 1
549 2008 1
549 2026 1
550 48 1
550 249 1
550 361 1
550 461 1
550 479 1
550 518 1
550 544 1
550 557 1
550 564 1
550 614 1
550 625 1
550 694 1
550 800 1
550 934 1
550 936 1
550 961 1
550 1059 1
550 1080 1
550 1339 1
550 1475 1
550 1476 1
550 1580 1
550 1655 1
550 1669 1
550 1675 1
550 1686 1
550 1690 1
550 1713 1
550 1778 1
550 1824 1
550 1902 1
550 1955 1
550 1959 1
550 1980 1
550 1996 1
551 114 1
551 347 1
551 452 1
551 529 1
551 700 1
551 822 1
551 829 1
551 878 1
551 935 1
551 1068 1
551 1121 1
551 1181 1
551 1258 1
551 1286 1
551 1352 1
551 1414 1
551 1455 1
551 1463 1
551 1544 1
551 1574 1
551 1588 1
551 1933 1
552 286 1
552 622 1
552 858 1
552 1008 1
552 1104 1
552 1281 1
552 1291 1
552 1358 1
552 1396 1
552 1523 1
552 1547 1
552 1628 1
552 1639 1
552 1707 1
552 1849 1
553 222 1
553 617 1
553 702 1
553 719 1
553 854 1
553 1075 1
553 1095 1
553 1219 1
553 1359 1
554 342 1
554 867 1
554 1159 1
554 1347 1
554 1444 1
554 1520 1
554 1774 1
554 1894 1
554 2041 1
555 59 1
555 162 1
556 257 1
556 430 1
556 666 1
556 928 1
556 1110 1
556 1480 1
557 517 1
557 1047 1
557 1507 1
557 1753 1
557 1767 1
557 1819 1
557 1822 1
557 1907 1
558 90 1
558 1004 1
558 1207 1
558 1337 1
558 1345 1
558 1446 1
559 1053 1
559 1272 1
559 1287 1
559 1869 1
560 35 1
560 45 1
560 377 1
560 882 1
560 1313 1
560 1501 1
560 1985 1
561 895 1
561 1015 1
561 1493 1
561 1519 1
561 1951 1
561 2024 1
562 469 1
562 502 1
562 747 1
562 958 1
562 1506 1
562 1641 1
562 2002 1
562 2003 1
563 36 1
563 118 1
563 119 1
563 154 1
563 172 1
563 493 1
563 568 1
563 699 1
563 749 1
563 903 1
563 1009 1
563 1091 1
563 1154 1
563 1201 1
563 1357 1
563 1471 1
563 1527 1
563 1540 1
563 1616 1
563 1667 1
563 1673 1
563 1695 1
563 1721 1
563 1752 1
563 1781 1
563 1848 1
564 32 1
564 95 1
564 129 1
564 156 1
564 171 1
564 269 1
564 310 1
564 463 1
564 491 1
564 534 1
564 604 1
564 799 1
564 1036 1
564 1094 1
564 1176 1
564 1177 1
564 1199 1
564 1304 1
564 1307 1
564 1394 1
564 1448 1
564 1460 1
564 1625 1
564 1788 1
564 1906 1
564 1991 1
564 2014 1
564 2029 1
565 75 1
565 80 1
565 137 1
565 229 1
565 274 1
565 380 1
565 428 1
565 448 1
565 681 1
565 683 1
565 710 1
565 736 1
565 755 1
565 868 1
565 920 1
565 1040 1
565 1067 1
565 1136 1
565 1249 1
565 1301 1
565 1327 1
565 1383 1
565 1458 1
565 1569 1
565 1665 1
565 1970 1
565 1990 1
566 157 1
566 210 1
566 318 1
566 378 1
566 489 1
566 659 1
566 661 1
566 663 1
566 668 1
566 720 1
566 808 1
566 871 1
566 1351 1
566 1451 1
566 1593 1
566 1681 1
566 1804 1
567 393 1
567 431 1
567 483 1
567 615 1
567 769 1
567 869 1
567 911 1
567 924 1
567 1034 1
567 1089 1
567 1164 1
567 1315 1
567 1329 1
567 1623 1
567 1693 1
567 1769 1
567 1776 1
567 1874 1
567 1946 1
567 2046 1
568 56 1
568 133 1
568 311 1
568 388 1
568 422 1
568 546 1
568 631 1
568 731 1
568 763 1
568 850 1
568 933 1
568 1056 1
568 1152 1
568 1165 1
568 1195 1
568 1266 1
568 1509 1
568 1739 1
569 273 1
569 354 1
569 355 1
569 588 1
569 830 1
569 1076 1
569 1155 1
569 1211 1
569 1372 1
569 1614 1
569 1881 1
569 1925 1
570 413 1
570 445 1
570 820 1
570 912 1
570 971 1
570 983 1
570 1429 1
570 1615 1
570 1620 1
570 1622 1
570 1652 1
570 1815 1
570 1886 1
571 612 1
571 805 1
571 1432 1
571 1598 1
571 1844 1
572 558 1
573 185 1
573 235 1
573 1457 1
573 1771 1
573 1857 1
574 152 1
574 390 1
574 1234 1
576 183 1
576 277 1
576 1048 1
576 1516 1
576 1561 1
576 1704 1
577 317 1
577 521 1
577 847 1
577 1587 1
577 1723 1
577 1795 1
577 1953 1
578 333 1
578 338 1
578 582 1
578 798 1
578 978 1
578 1020 1
578 1183 1
578 1423 1
578 1464 1
578 1624 1
578 1887 1
578 1888 1
578 1941 1
579 107 1
579 170 1
579 246 1
579 278 1
579 418 1
579 485 1
579 580 1
579 773 1
579 797 1
579 807 1
579 876 1
579 989 1
579 1141 1
579 1156 1
579 1274 1
579 1319 1
579 1378 1
579 1403 1
579 1467 1
579 1535 1
579 1619 1
579 1709 1
579 1714 1
579 1793 1
579 1801 1
579 1884 1
579 1913 1
579 1915 1
579 2016 1
579 2035 1
580 103 1
580 252 1
580 271 1
580 329 1
580 360 1
580 488 1
580 690 1
580 778 1
580 779 1
580 780 1
580 836 1
580 841 1
580 863 1
580 872 1
580 956 1
580 960 1
580 1041 1
580 1045 1
580 1063 1
580 1070 1
580 1143 1
580 1158 1
580 1185 1
580 1222 1
580 1454 1
580 1508 1
580 1586 1
580 1705 1
580 1754 1
580 1931 1
580 1948 1
581 55 1
581 98 1
581 220 1
581 298 1
581 406 1
581 645 1
581 646 1
581 709 1
581 748 1
581 758 1
581 774 1
581 893 1
581 1005 1
581 1017 1
581 1023 1
581 1058 1
581 1069 1
581 1168 1
581 1204 1
581 1231 1
581 1333 1
581 1419 1
581 1486 1
581 1584 1
581 1589 1
581 1738 1
581 1825 1
581 1999 1
582 69 1
582 72 1
582 139 1
582 143 1
582 180 1
582 213 1
582 272 1
582 368 1
582 374 1
582 432 1
582 486 1
582 538 1
582 540 1
582 541 1
582 626 1
582 687 1
582 697 1
582 840 1
582 898 1
582 907 1
582 942 1
582 1163 1
582 1194 1
582 1283 1
582 1377 1
582 1514 1
582 1674 1
582 1720 1
582 1791 1
583 63 1
583 79 1
583 262 1
583 481 1
583 751 1
583 832 1
583 851 1
583 870 1
583 901 1
583 1205 1
583 1278 1
583 1407 1
583 1521 1
583 1568 1
583 1644 1
583 1751 1
584 60 1
584 202 1
584 208 1
584 519 1
584 628 1
584 701 1
584 733 1
584 1078 1
584 1311 1
584 1398 1
584 1538 1
584 1703 1
584 1768 1
584 1940 1
585 226 1
585 514 1
585 855 1
585 981 1
585 1732 1
586 943 1
586 1043 1
586 1229 1
586 1632 1
586 1986 1
586 2005 1
587 330 1
587 341 1
587 1087 1
588 28 1
588 1032 1
589 759 1
589 1182 1
589 1282 1
589 1657 1
590 120 1
590 223 1
590 1556 1
590 1814 1
590 2009 1
591 181 1
591 1049 1
591 1872 1
591 1942 1
592 467 1
592 533 1
592 727 1
592 848 1
592 1216 1
592 1550 1
592 1650 1
592 1785 1
593 67 1
593 104 1
593 199 1
593 707 1
593 756 1
593 812 1
593 1133 1
593 1349 1
593 1534 1
593 1651 1
593 1684 1
593 1717 1
593 1756 1
593 1784 1
594 30 1
594 77 1
594 93 1
594 182 1
594 261 1
594 294 1
594 315 1
594 372 1
594 395 1
594 434 1
594 457 1
594 472 1
594 512 1
594 563 1
594 579 1
594 618 1
594 630 1
594 634 1
594 688 1
594 775 1
594 828 1
594 843 1
594 999 1
594 1057 1
594 1072 1
594 1170 1
594 1220 1
594 1299 1
594 1363 1
594 1466 1
594 1564 1
594 1740 1
594 1782 1
594 1818 1
594 1916 1
594 1973 1
594 1974 1
595 110 1
595 243 1
595 275 1
595 349 1
595 376 1
595 398 1
595 494 1
595 605 1
595 609 1
595 629 1
595 726 1
595 788 1
595 806 1
595 853 1
595 1073 1
595 1112 1
595 1116 1
595 1257 1
595 1263 1
595 1461 1
595 1489 1
595 1533 1
595 1558 1
595 1571 1
595 1597 1
595 1698 1
595 1763 1
595 1830 1
595 1850 1
595 1904 1
595 2043 1
596 141 1
596 343 1
596 560 1
596 586 1
596 635 1
596 643 1
596 885 1
596 995 1
596 1001 1
596 1050 1
596 1083 1
596 1140 1
596 1178 1
596 1252 1
596 1269 1
596 1418 1
596 1510 1
596 1537 1
596 1663 1
596 1670 1
596 1741 1
596 1757 1
596 1800 1
596 1802 1
596 1920 1
597 6 1
597 230 1
597 281 1
597 352 1
597 599 1
597 624 1
597 664 1
597 932 1
597 1035 1
597 1197 1
597 1386 1
597 1405 1
597 1434 1
597 1474 1
597 1733 1
597 1749 1
597 1796 1
597 1860 1
597 1912 1
597 1958 1
597 1989 1
597 1993 1
598 24 1
598 401 1
598 444 1
598 611 1
598 838 1
598 889 1
598 914 1
598 950 1
598 991 1
598 1238 1
598 1251 1
598 1559 1
598 1608 1
598 1637 1
598 1664 1
598 1759 1
598 1852 1
598 1960 1
599 62 1
599 439 1
599 656 1
599 713 1
599 864 1
599 968 1
599 1162 1
599 1198 1
599 1261 1
599 1400 1
599 1536 1
599 1633 1
599 1638 1
599 1683 1
599 1863 1
600 328 1
600 382 1
600 587 1
600 723 1
600 874 1
600 1122 1
600 1175 1
600 1196 1
600 1425 1
600 1602 1
601 66 1
601 82 1
601 356 1
601 892 1
601 1621 1
601 1827 1
602 136 1
602 287 1
602 1483 1
602 1585 1
602 1856 1
602 1924 1
603 340 1
603 606 1
603 753 1
603 1360 1
603 1551 1
604 76 1
604 414 1
604 946 1
604 1105 1
604 1647 1
604 1659 1
605 61 1
605 206 1
605 404 1
605 542 1
605 909 1
605 1130 1
605 1370 1
605 1762 1
605 1988 1
606 510 1
606 522 1
606 1102 1
607 109 1
607 608 1
607 945 1
607 1160 1
607 1270 1
607 1565 1
607 1892 1
607 1963 1
608 265 1
608 416 1
608 842 1
608 1014 1
608 1145 1
608 1174 1
608 1277 1
608 1362 1
608 1459 1
608 1500 1
608 1636 1
608 1786 1
608 1939 1
608 2011 1
609 38 1
609 91 1
609 194 1
609 205 1
609 397 1
609 665 1
609 861 1
609 972 1
609 1024 1
609 1066 1
609 1077 1
609 1115 1
609 1167 1
609 1223 1
609 1232 1
609 1244 1
609 1268 1
609 1469 1
609 1653 1
609 1696 1
609 1719 1
609 1758 1
610 39 1
610 168 1
610 228 1
610 280 1
610 399 1
610 464 1
610 465 1
610 765 1
610 801 1
610 1022 1
610 1052 1
610 1267 1
610 1578 1
610 1875 1
611 64 1
611 146 1
611 353 1
611 370 1
611 572 1
611 610 1
611 651 1
611 760 1
611 973 1
611 982 1
611 1028 1
611 1233 1
611 1402 1
611 1412 1
611 1492 1
611 1515 1
611 1594 1
611 2000 1
611 2018 1
612 161 1
612 251 1
612 295 1
612 296 1
612 327 1
612 508 1
612 596 1
612 662 1
612 745 1
612 835 1
612 873 1
612 941 1
612 1275 1
612 1330 1
612 1436 1
612 1612 1
612 1660 1
612 1736 1
612 1799 1
612 1867 1
612 1878 1
613 16 1
613 73 1
613 111 1
613 288 1
613 419 1
613 503 1
613 547 1
613 550 1
613 581 1
613 1012 1
613 1125 1
613 1151 1
613 1203 1
613 1208 1
613 1285 1
613 1626 1
613 1676 1
613 1694 1
613 2004 1
614 211 1
614 282 1
614 437 1
614 735 1
614 813 1
614 930 1
614 1134 1
614 1209 1
614 1297 1
614 1312 1
614 1470 1
614 1605 1
614 1618 1
614 1743 1
614 1853 1
614 1905 1
615 155 1
615 524 1
615 705 1
615 740 1
615 803 1
615 818 1
615 857 1
615 949 1
615 1438 1
615 1449 1
615 1581 1
615 1923 1
616 160 1
616 394 1
616 443 1
616 447 1
616 1808 1
616 1891 1
617 192 1
617 217 1
617 253 1
617 304 1
617 693 1
617 845 1
617 1305 1
617 1428 1
617 1583 1
618 34 1
618 689 1
618 1166 1
618 1368 1
618 1987 1
619 1456 1
619 1529 1
619 1576 1
621 478 1
621 746 1
621 1817 1
621 2022 1
622 9 1
622 334 1
622 392 1
622 1366 1
622 1397 1
623 348 1
623 389 1
623 423 1
623 742 1
623 1003 1
623 1006 1
623 1082 1
623 1132 1
623 1373 1
624 173 1
624 218 1
624 290 1
624 337 1
624 678 1
624 718 1
624 923 1
624 1361 1
624 1422 1
624 1672 1
624 1716 1
624 2021 1
625 122 1
625 176 1
625 267 1
625 324 1
625 460 1
625 660 1
625 902 1
625 917 1
625 966 1
625 1379 1
625 1406 1
625 1678 1
625 1730 1
625 1995 1
625 2001 1
625 2037 1
626 19 1
626 85 1
626 190 1
626 247 1
626 254 1
626 403 1
626 468 1
626 528 1
626 636 1
626 672 1
626 802 1
626 940 1
626 955 1
626 1051 1
626 1088 1
626 1097 1
626 1171 1
626 1210 1
626 1239 1
626 1342 1
626 1606 1
626 1868 1
626 1910 1
626 1937 1
627 232 1
627 263 1
627 300 1
627 446 1
627 712 1
627 777 1
627 833 1
627 879 1
627 899 1
627 975 1
627 1265 1
627 1288 1
627 1415 1
627 1502 1
627 1503 1
628 12 1
628 41 1
628 42 1
628 166 1
628 221 1
628 238 1
628 299 1
628 516 1
628 692 1
628 706 1
628 821 1
628 883 1
628 1002 1
628 1280 1
628 1318 1
628 1369 1
628 1452 1
628 1488 1
628 1609 1
628 1718 1
628 1748 1
628 1858 1
628 1981 1
628 2025 1
628 2030 1
629 47 1
629 124 1
629 499 1
629 565 1
629 669 1
629 939 1
629 1236 1
629 1241 1
629 1367 1
629 1765 1
629 1866 1
630 132 1
630 163 1
630 364 1
630 915 1
630 996 1
630 1007 1
630 1453 1
630 1835 1
630 1873 1
630 1919 1
630 2023 1
631 320 1
631 345 1
631 573 1
631 1074 1
631 1193 1
631 1226 1
631 1750 1
631 1890 1
631 2010 1
631 2031 1
631 2032 1
632 819 1
632 918 1
632 1126 1
632 1293 1
632 1631 1
632 1880 1
632 1992 1
633 52 1
633 241 1
633 1013 1
633 1613 1
633 1783 1
633 1836 1
634 191 1
634 642 1
634 1957 1
634 2034 1
635 8 1
635 1214 1
636 988 1
636 1634 1
636 1645 1
637 53 1
637 670 1
637 888 1
638 1029 1
638 1146 1
638 1552 1
638 1885 1
639 189 1
639 704 1
639 766 1
639 887 1
639 1416 1
639 1528 1
639 1889 1
639 1978 1
640 94 1
640 151 1
640 187 1
640 344 1
640 433 1
640 576 1
640 725 1
640 761 1
640 905 1
640 977 1
640 1335 1
640 1343 1
640 1549 1
640 1658 1
640 1699 1
640 1840 1
640 1865 1
641 87 1
641 88 1
641 142 1
641 301 1
641 331 1
641 336 1
641 523 1
641 545 1
641 553 1
641 575 1
641 650 1
641 804 1
641 926 1
641 1061 1
641 1111 1
641 1118 1
641 1332 1
641 1381 1
641 1635 1
641 1812 1
641 1943 1
642 18 1
642 25 1
642 78 1
642 121 1
642 366 1
642 383 1
642 411 1
642 442 1
642 556 1
642 590 1
642 679 1
642 715 1
642 771 1
642 796 1
642 921 1
642 1016 1
642 1296 1
642 1348 1
642 1526 1
642 1643 1
642 1688 1
642 1777 1
642 1971 1
643 11 1
643 86 1
643 164 1
643 204 1
643 323 1
643 384 1
643 583 1
643 730 1
643 782 1
643 1096 1
643 1142 1
643 1149 1
643 1292 1
643 1390 1
643 1435 1
643 1440 1
643 1442 1
643 1582 1
643 1599 1
643 1737 1
643 1927 1
643 1975 1
644 113 1
644 138 1
644 240 1
644 498 1
644 551 1
644 708 1
644 817 1
644 1131 1
644 1147 1
644 1215 1
644 1247 1
644 1259 1
644 1302 1
644 1356 1
644 1450 1
645 7 1
645 381 1
645 786 1
645 957 1
645 1221 1
645 1498 1
645 1512 1
645 1517 1
645 1936 1
646 17 1
646 84 1
646 126 1
646 554 1
646 1755 1
647 535 1
647 728 1
647 1341 1
648 314 1
648 640 1
648 1697 1
648 1770 1
648 1831 1
648 1935 1
649 130 1
649 321 1
649 408 1
649 532 1
649 844 1
649 1119 1
649 1326 1
649 1806 1
650 134 1
650 1038 1
651 44 1
651 270 1
652 74 1
652 326 1
652 466 1
652 729 1
653 357 1
653 492 1
653 671 1
653 1021 1
653 1392 1
653 1671 1
654 632 1
654 1388 1
654 1401 1
654 1590 1
654 1803 1
654 2040 1
655 135 1
655 266 1
655 515 1
655 695 1
655 837 1
655 1098 1
655 1099 1
655 1295 1
655 1391 1
655 1417 1
655 1430 1
655 1532 1
655 1742 1
655 1787 1
655 1811 1
656 23 1
656 46 1
656 92 1
656 149 1
656 174 1
656 178 1
656 284 1
656 303 1
656 373 1
656 649 1
656 776 1
656 794 1
656 814 1
656 846 1
656 886 1
656 925 1
656 931 1
656 967 1
656 1027 1
656 1054 1
656 1060 1
656 1114 1
656 1148 1
656 1255 1
656 1264 1
656 1350 1
656 1487 1
656 1490 1
656 1511 1
656 1518 1
656 1579 1
656 1729 1
656 1746 1
656 1949 1
656 1997 1
656 2017 1
656 2019 1
657 13 1
657 68 1
657 131 1
657 216 1
657 325 1
657 365 1
657 367 1
657 371 1
657 449 1
657 477 1
657 482 1
657 623 1
657 724 1
657 737 1
657 757 1
657 764 1
657 810 1
657 862 1
657 910 1
657 938 1
657 951 1
657 964 1
657 1086 1
657 1144 1
657 1172 1
657 1235 1
657 1462 1
657 1525 1
657 1542 1
657 1555 1
657 1567 1
657 1775 1
657 1797 1
657 1798 1
657 1807 1
658 2 1
658 101 1
658 319 1
658 359 1
658 539 1
658 592 1
658 652 1
658 703 1
658 717 1
658 762 1
658 785 1
658 793 1
658 913 1
658 1019 1
658 1037 1
658 1046 1
658 1192 1
658 1228 1
658 1243 1
658 1250 1
658 1276 1
658 1298 1
658 1336 1
658 1355 1
658 1399 1
658 1557 1
658 1588 1
658 1680 1
658 1692 1
658 1706 1
658 1760 1
658 1984 1
658 1998 1
659 21 1
659 177 1
659 233 1
659 386 1
659 387 1
659 400 1
659 476 1
659 484 1
659 520 1
659 641 1
659 959 1
659 974 1
659 1033 1
659 1039 1
659 1067 1
659 1117 1
659 1127 1
659 1273 1
659 1328 1
659 1331 1
659 1408 1
659 1629 1
659 1773 1
659 1845 1
659 1846 1
659 1898 1
659 1900 1
659 1928 1
659 2036 1
660 268 1
660 412 1
660 415 1
660 417 1
660 1000 1
660 1494 1
660 1573 1
660 1604 1
660 1897 1
660 2006 1
661 15 1
661 40 1
661 285 1
661 601 1
661 908 1
661 1189 1
661 1254 1
661 1256 1
661 1468 1
661 1481 1
661 1820 1
662 71 1
662 559 1
662 677 1
662 790 1
662 880 1
662 1320 1
662 2028 1
663 691 1
663 721 1
663 752 1
663 824 1
663 1180 1
663 1443 1
664 26 1
664 322 1
664 480 1
664 890 1
664 896 1
664 1686 1
665 407 1
665 506 1
665 1445 1
665 1531 1
666 175 1
666 455 1
666 1437 1
666 1829 1
666 1966 1
667 279 1
667 647 1
667 1123 1
667 1124 1
667 1308 1
667 1322 1
667 1601 1
667 1847 1
668 89 1
668 158 1
668 698 1
668 722 1
668 919 1
668 1646 1
669 638 1
669 676 1
669 738 1
669 772 1
669 979 1
669 1213 1
669 1479 1
669 1789 1
669 1908 1
669 1961 1
670 100 1
670 108 1
670 179 1
670 200 1
670 500 1
670 570 1
670 655 1
670 711 1
670 784 1
670 860 1
670 1188 1
670 1218 1
670 1242 1
670 1353 1
670 1420 1
670 1513 1
670 1666 1
670 1747 1
670 1772 1
670 1893 1
670 1903 1
670 1950 1
671 37 1
671 112 1
671 209 1
671 283 1
671 350 1
671 421 1
671 487 1
671 490 1
671 616 1
671 658 1
671 781 1
671 875 1
671 904 1
671 976 1
671 1081 1
671 1084 1
671 1106 1
671 1260 1
671 1316 1
671 1324 1
671 1478 1
671 1496 1
671 1577 1
671 1649 1
671 1656 1
671 1712 1
671 1766 1
671 1816 1
671 1859 1
671 1938 1
671 2013 1
672 195 1
672 255 1
672 335 1
672 375 1
672 505 1
672 571 1
672 602 1
672 603 1
672 619 1
672 627 1
672 684 1
672 732 1
672 947 1
672 1161 1
672 1181 1
672 1317 1
672 1374 1
672 1380 1
672 1421 1
672 1473 1
672 1546 1
672 1794 1
672 1821 1
672 1834 1
672 1851 1
672 1882 1
672 1895 1
672 1914 1
672 1947 1
672 1994 1
672 2015 1
672 2042 1
673 99 1
673 116 1
673 153 1
673 207 1
673 225 1
673 237 1
673 244 1
673 458 1
673 470 1
673 577 1
673 633 1
673 644 1
673 714 1
673 827 1
673 969 1
673 990 1
673 992 1
673 1011 1
673 1169 1
673 1187 1
673 1284 1
673 1384 1
673 1497 1
673 1501 1
673 1548 1
673 1595 1
673 1710 1
673 1764 1
673 1843 1
673 1876 1
673 1965 1
674 51 1
674 169 1
674 459 1
674 637 1
674 667 1
674 811 1
674 884 1
674 894 1
674 994 1
674 1010 1
674 1044 1
674 1093 1
674 1139 1
674 1164 1
674 1340 1
674 1354 1
674 1393 1
674 1433 1
674 1477 1
674 1482 1
674 1562 1
674 1630 1
674 1677 1
674 1682 1
674 1725 1
674 1805 1
674 1899 1
674 1930 1
674 2048 1
675 1 1
675 256 1
675 391 1
675 561 1
675 682 1
675 754 1
675 953 1
675 998 1
675 1376 1
675 1431 1
675 1539 1
675 1731 1
675 1837 1
675 1869 1
675 1870 1
675 1911 1
675 1976 1
676 57 1
676 172 1
676 250 1
676 409 1
676 462 1
676 961 1
676 993 1
676 1042 1
676 1271 1
676 1447 1
676 1465 1
676 1591 1
676 1726 1
676 1842 1
676 1907 1
676 2033 1
677 198 1
677 214 1
677 289 1
677 410 1
677 530 1
677 1321 1
677 1711 1
677 1841 1
678 27 1
678 125 1
678 312 1
678 316 1
678 970 1
678 1055 1
678 1441 1
678 1864 1
678 1990 1
679 234 1
679 242 1
679 952 1
679 1138 1
679 1300 1
679 1617 1
679 1667 1
679 1861 1
679 1967 1
680 549 1
680 700 1
680 1062 1
680 1691 1
681 339 1
681 1240 1
682 193 1
682 245 1
682 675 1
682 2044 1
683 58 1
683 566 1
683 696 1
683 1026 1
683 1563 1
683 1687 1
684 167 1
684 377 1
684 891 1
684 1524 1
684 1727 1
684 1838 1
685 165 1
685 269 1
685 425 1
685 574 1
685 768 1
685 985 1
685 1279 1
685 1395 1
686 50 1
686 97 1
686 525 1
686 567 1
686 569 1
686 621 1
686 741 1
686 767 1
686 815 1
686 831 1
686 948 1
686 1030 1
686 1212 1
686 1227 1
686 1484 1
686 1570 1
686 1701 1
686 1735 1
686 1832 1
686 1833 1
687 65 1
687 114 1
687 115 1
687 128 1
687 260 1
687 307 1
687 435 1
687 438 1
687 496 1
687 562 1
687 594 1
687 743 1
687 866 1
687 1092 1
687 1100 1
687 1108 1
687 1200 1
687 1237 1
687 1289 1
687 1346 1
687 1365 1
687 1404 1
687 1566 1
687 1596 1
687 1654 1
687 1661 1
687 1722 1
687 1734 1
687 1790 1
687 1855 1
687 1932 1
687 1945 1
687 1968 1
688 49 1
688 70 1
688 102 1
688 117 1
688 156 1
688 309 1
688 369 1
688 427 1
688 513 1
688 526 1
688 591 1
688 933 1
688 936 1
688 963 1
688 1113 1
688 1153 1
688 1191 1
688 1245 1
688 1303 1
688 1314 1
688 1323 1
688 1347 1
688 1371 1
688 1427 1
688 1648 1
688 1685 1
688 1877 1
689 222 1
689 236 1
689 363 1
689 474 1
689 497 1
689 507 1
689 531 1
689 674 1
689 783 1
689 791 1
689 856 1
689 944 1
689 1206 1
689 1339 1
689 1495 1
689 1553 1
689 1611 1
689 1879 1
689 1901 1
689 1918 1
689 1934 1
689 1952 1
689 1964 1
689 1979 1
689 2038 1
690 123 1
690 188 1
690 231 1
690 358 1
690 378 1
690 816 1
690 878 1
690 1101 1
690 1217 1
690 1385 1
690 1522 1
690 1779 1
690 1824 1
690 1862 1
690 1896 1
691 3 1
691 144 1
691 219 1
691 379 1
691 426 1
691 429 1
691 436 1
691 495 1
691 536 1
691 593 1
691 598 1
691 906 1
691 1225 1
691 1668 1
691 1708 1
691 1922 1
691 1944 1
691 1954 1
691 1983 1
692 33 1
692 147 1
692 264 1
692 750 1
692 865 1
692 1325 1
692 1541 1
692 1753 1
693 10 1
693 744 1
693 852 1
693 1543 1
693 1593 1
693 1810 1
694 293 1
694 362 1
694 653 1
694 1352 1
694 1744 1
694 1854 1
694 1982 1
694 2007 1
695 313 1
695 454 1
695 509 1
695 787 1
695 792 1
695 849 1
695 984 1
695 1103 1
695 1107 1
695 1545 1
695 1780 1
695 1839 1
696 424 1
696 456 1
696 1306 1
697 1823 1
697 1956 1
698 308 1
698 1224 1
698 1504 1
698 1662 1
698 2039 1
699 258 1
699 527 1
699 1018 1
699 1689 1
699 1962 1
700 105 1
700 259 1
700 453 1
700 544 1
700 1059 1
700 1065 1
700 1094 1
700 1345 1
700 1426 1
700 1507 1
701 148 1
701 239 1
701 306 1
701 396 1
701 511 1
701 537 1
701 854 1
701 881 1
701 897 1
701 1179 1
701 1364 1
701 1389 1
701 2041 1
702 43 1
702 54 1
702 95 1
702 106 1
702 127 1
702 140 1
702 224 1
702 450 1
702 475 1
702 504 1
702 548 1
702 639 1
702 789 1
702 795 1
702 809 1
702 927 1
702 929 1
702 965 1
702 1031 1
702 1071 1
702 1085 1
702 1344 1
702 1424 1
702 1572 1
702 1575 1
702 1600 1
702 1610 1
702 1702 1
702 1776 1
702 1849 1
702 1909 1
702 1972 1
702 2002 1
702 2045 1
702 2047 1
703 5 1
703 45 1
703 159 1
703 448 1
703 473 1
703 620 1
703 654 1
703 673 1
703 739 1
703 770 1
703 916 1
703 1104 1
703 1121 1
703 1150 1
703 1186 1
703 1375 1
703 1409 1
703 1603 1
703 1640 1
703 1761 1
703 1822 1
703 1871 1
703 1883 1
703 1921 1
703 2012 1
704 29 1
704 186 1
704 212 1
704 249 1
704 445 1
704 451 1
704 589 1
704 607 1
704 614 1
704 648 1
704 825 1
704 1157 1
704 1173 1
704 1246 1
704 1248 1
704 1281 1
704 1313 1
704 1357 1
704 1387 1
704 1472 1
704 1505 1
704 1544 1
704 1560 1
704 1592 1
704 1620 1
704 1695 1
704 1715 1
704 1926 1
704 1969 1
704 2024 1
704 2027 1
705 4 1
705 31 1
705 36 1
705 81 1
705 227 1
705 274 1
705 297 1
705 351 1
705 585 1
705 686 1
705 716 1
705 826 1
705 834 1
705 839 1
705 934 1
705 962 1
705 1079 1
705 1120 1
705 1135 1
705 1230 1
705 1337 1
705 1338 1
705 1700 1
705 1778 1
705 1980 1
706 223 1
706 257 1
706 543 1
706 584 1
706 850 1
706 1015 1
706 1309 1
706 1411 1
706 1724 1
706 1813 1
706 1828 1
707 162 1
707 302 1
707 719 1
707 720 1
707 987 1
707 1089 1
707 1090 1
707 1128 1
707 1258 1
707 1792 1
707 1977 1
708 72 1
708 150 1
708 479 1
708 555 1
708 628 1
708 680 1
708 1025 1
708 1480 1
708 1826 1
708 2020 1
709 471 1
709 588 1
709 1137 1
709 1202 1
709 1262 1
709 1527 1
709 1985 1
710 262 1
710 736 1
710 882 1
710 1080 1
710 1519 1
711 59 1
711 518 1
711 755 1
711 997 1
711 1485 1
711 1929 1
712 83 1
712 1294 1
712 1530 1
712 1707 1
712 2008 1
713 980 1
713 1040 1
713 1110 1
713 1190 1
713 1455 1
713 1493 1
713 1884 1
714 56 1
714 517 1
714 613 1
714 617 1
714 800 1
714 1414 1
714 1917 1
715 248 1
715 540 1
715 747 1
715 1439 1
716 48 1
716 286 1
716 402 1
716 440 1
716 578 1
716 685 1
716 823 1
716 858 1
716 869 1
716 903 1
716 937 1
716 1091 1
716 1109 1
716 1129 1
716 1580 1
716 1679 1
716 1752 1
716 1894 1
717 96 1
717 201 1
717 276 1
717 332 1
717 521 1
717 557 1
717 734 1
717 900 1
717 928 1
717 1036 1
717 1053 1
717 1068 1
717 1219 1
717 1358 1
717 1382 1
717 1396 1
717 1475 1
717 1499 1
717 1690 1
718 80 1
718 129 1
718 310 1
718 346 1
718 354 1
718 361 1
718 405 1
718 428 1
718 431 1
718 452 1
718 469 1
718 529 1
718 564 1
718 600 1
718 659 1
718 773 1
718 797 1
718 1145 1
718 1154 1
718 1195 1
718 1201 1
718 1204 1
718 1287 1
718 1290 1
718 1329 1
718 1359 1
718 1471 1
718 1476 1
718 1607 1
718 1627 1
718 1665 1
718 1673 1
718 1774 1
718 1781 1
718 1804 1
718 1881 1
718 1933 1
718 1970 1
718 2014 1
719 118 1
719 145 1
719 183 1
719 272 1
719 292 1
719 374 1
719 731 1
719 859 1
719 895 1
719 958 1
719 1307 1
719 1351 1
719 1410 1
719 1423 1
719 1446 1
719 1516 1
719 1523 1
719 1616 1
719 1623 1
719 1625 1
719 1652 1
719 1655 1
719 1675 1
719 1745 1
719 1955 1
719 1959 1
719 1996 1
719 2003 1
719 2026 1
719 2029 1
720 157 1
720 170 1
720 171 1
720 196 1
720 273 1
720 305 1
720 355 1
720 380 1
720 501 1
720 668 1
720 954 1
720 1008 1
720 1095 1
720 1291 1
720 1467 1
720 1547 1
720 1568 1
720 1669 1
720 1703 1
720 1874 1
721 79 1
721 154 1
721 213 1
721 342 1
721 489 1
721 643 1
721 758 1
721 922 1
721 1004 1
721 1143 1
721 1155 1
721 1222 1
721 1429 1
721 1520 1
721 1642 1
721 1925 1
722 75 1
722 385 1
722 867 1
722 1075 1
722 1159 1
722 1536 1
722 1569 1
722 1713 1
722 1728 1
722 1788 1
722 1951 1
723 133 1
723 271 1
723 318 1
723 418 1
723 625 1
723 924 1
723 1915 1
724 483 1
724 830 1
724 1491 1
724 1825 1
724 1946 1
724 1993 1
725 90 1
725 137 1
725 215 1
725 534 1
725 1272 1
725 1628 1
725 1941 1
726 291 1
726 651 1
726 681 1
726 983 1
726 1304 1
726 1767 1
727 1333 1
728 413 1
728 568 1
728 1857 1
729 986 1
729 1047 1
729 1283 1
729 1377 1
729 1886 1
730 20 1
730 184 1
730 197 1
730 666 1
730 690 1
730 1403 1
730 1535 1
730 1574 1
731 103 1
731 347 1
731 441 1
731 461 1
731 597 1
731 799 1
731 822 1
731 871 1
731 1184 1
731 1253 1
731 1509 1
731 1793 1
732 32 1
732 420 1
732 493 1
732 502 1
732 748 1
732 920 1
732 935 1
732 1034 1
732 1041 1
732 1152 1
732 1367 1
732 1372 1
732 1738 1
732 1800 1
732 1920 1
733 14 1
733 22 1
733 30 1
733 277 1
733 390 1
733 422 1
733 463 1
733 485 1
733 491 1
733 580 1
733 612 1
733 615 1
733 622 1
733 663 1
733 694 1
733 699 1
733 805 1
733 820 1
733 872 1
733 874 1
733 911 1
733 1170 1
733 1211 1
733 1315 1
733 1419 1
733 1432 1
733 1444 1
733 1457 1
733 1464 1
733 1469 1
733 1554 1
733 1584 1
733 1624 1
733 1632 1
733 1721 1
733 1751 1
733 1802 1
733 1809 1
734 69 1
734 203 1
734 229 1
734 388 1
734 406 1
734 630 1
734 683 1
734 702 1
734 710 1
734 751 1
734 847 1
734 855 1
734 877 1
734 978 1
734 1020 1
734 1076 1
734 1136 1
734 1185 1
734 1249 1
734 1407 1
734 1448 1
734 1506 1
734 1521 1
734 1614 1
734 1639 1
734 1641 1
734 1723 1
734 1844 1
734 1906 1
734 1913 1
734 2016 1
735 93 1
735 467 1
735 488 1
735 552 1
735 701 1
735 807 1
735 863 1
735 1069 1
735 1174 1
735 1199 1
735 1301 1
735 1319 1
735 1327 1
735 1378 1
735 1609 1
735 1819 1
735 1887 1
735 1924 1
736 235 1
736 311 1
736 595 1
736 604 1
736 709 1
736 769 1
736 778 1
736 971 1
736 1310 1
736 1768 1
736 1815 1
736 1942 1
736 1948 1
736 1974 1
737 35 1
737 265 1
737 626 1
737 646 1
737 779 1
737 942 1
737 1056 1
737 1064 1
737 1156 1
737 1165 1
737 1451 1
737 1586 1
737 1636 1
737 1795 1
738 181 1
738 341 1
738 472 1
738 546 1
738 1176 1
738 1177 1
738 1704 1
738 1872 1
738 1931 1
739 67 1
739 252 1
739 356 1
739 780 1
739 798 1
739 876 1
739 893 1
739 960 1
739 1229 1
739 1251 1
739 1261 1
739 1434 1
739 1589 1
739 1598 1
739 1657 1
740 836 1
740 1394 1
740 1534 1
740 1848 1
741 765 1
741 1070 1
741 1158 1
741 1940 1
742 182 1
742 1564 1
743 1197 1
743 1991 1
743 2035 1
744 119 1
744 1801 1
745 98 1
745 631 1
745 1615 1
745 1693 1
746 246 1
746 261 1
746 338 1
746 788 1
746 829 1
746 1266 1
746 1460 1
746 1538 1
746 1852 1
746 1902 1
747 253 1
747 278 1
747 317 1
747 582 1
747 645 1
747 749 1
747 912 1
747 943 1
747 1183 1
747 1257 1
747 1274 1
747 1278 1
747 1286 1
747 1334 1
747 1514 1
747 1550 1
747 1587 1
747 1619 1
747 1705 1
747 1720 1
747 1756 1
748 60 1
748 430 1
748 481 1
748 486 1
748 514 1
748 519 1
748 707 1
748 723 1
748 727 1
748 733 1
748 756 1
748 832 1
748 843 1
748 868 1
748 873 1
748 901 1
748 1001 1
748 1017 1
748 1063 1
748 1162 1
748 1216 1
748 1263 1
748 1299 1
748 1361 1
748 1383 1
748 1458 1
749 61 1
749 107 1
749 192 1
749 208 1
749 328 1
749 634 1
749 697 1
749 870 1
749 1035 1
749 1045 1
749 1058 1
749 1234 1
749 1413 1
749 1556 1
749 1622 1
749 1651 1
749 1681 1
749 1698 1
749 1709 1
749 1757 1
749 1784 1
749 1958 1
749 2004 1
749 2005 1
749 2009 1
749 2046 1
750 82 1
750 202 1
750 220 1
750 315 1
750 414 1
750 618 1
750 818 1
750 828 1
750 907 1
750 950 1
750 989 1
750 1009 1
750 1024 1
750 1194 1
750 1270 1
750 1418 1
750 1510 1
750 1540 1
750 1565 1
750 1674 1
750 1684 1
750 1785 1
750 1890 1
750 1892 1
750 1953 1
750 2048 0
