1 62 1
1 413 1
1 531 1
1 613 1
1 855 1
1 882 1
1 946 1
1 1296 1
1 1329 1
1 1342 1
1 1856 1
2 6 1
2 7 1
2 315 1
2 517 1
2 770 1
2 990 1
2 1173 1
2 1422 1
2 1923 1
3 25 1
3 34 1
3 38 1
3 471 1
3 583 1
3 1339 1
4 18 1
4 28 1
4 202 1
4 631 1
4 748 1
4 1151 1
4 1254 1
4 1452 1
4 1477 1
5 40 1
5 493 1
5 1063 1
5 1551 1
5 1587 1
5 2017 1
6 26 1
6 31 1
6 101 1
6 967 1
6 1675 1
7 376 1
7 1540 1
8 1163 1
8 1697 1
9 749 1
9 1771 1
10 1134 1
10 1273 1
10 1323 1
10 1498 1
10 1628 1
11 45 1
11 283 1
11 627 1
11 900 1
11 1318 1
11 1405 1
11 1661 1
11 1952 1
11 1978 1
11 2024 1
12 7 1
12 11 1
12 233 1
12 314 1
12 329 1
12 346 1
12 390 1
12 420 1
12 553 1
12 684 1
12 930 1
12 1039 1
12 1054 1
12 1168 1
12 1388 1
13 10 1
13 33 1
13 265 1
13 437 1
13 447 1
13 485 1
13 575 1
13 711 1
13 773 1
13 922 1
13 949 1
13 1073 1
13 1997 1
14 1 1
14 24 1
14 37 1
14 98 1
14 220 1
14 304 1
14 411 1
14 439 1
14 534 1
14 628 1
14 682 1
14 780 1
14 890 1
14 945 1
14 979 1
14 1068 1
14 1155 1
14 1592 1
14 1636 1
14 1693 1
14 1740 1
14 1741 1
14 1930 1
15 13 1
15 109 1
15 149 1
15 237 1
15 260 1
15 287 1
15 365 1
15 417 1
15 561 1
15 758 1
15 760 1
15 876 1
15 1110 1
15 1203 1
15 1222 1
15 1281 1
15 1431 1
15 1453 1
15 1520 1
15 1531 1
15 1639 1
15 1794 1
15 1844 1
15 1897 1
15 2033 1
16 6 1
16 20 1
16 32 1
16 73 1
16 114 1
16 155 1
16 274 1
16 278 1
16 367 1
16 389 1
16 663 1
16 824 1
16 835 1
16 987 1
16 1008 1
16 1036 1
16 1104 1
16 1116 1
16 1165 1
16 1338 1
16 1396 1
16 1398 1
16 1434 1
16 1442 1
16 1468 1
16 1500 1
16 1550 1
16 1654 1
16 1668 1
16 1772 1
16 1887 1
16 1896 1
16 1965 1
17 137 1
17 159 1
17 584 1
17 822 1
17 1292 1
17 1374 1
17 1467 1
17 1590 1
17 1729 1
17 1752 1
17 2037 1
18 32 1
18 156 1
18 196 1
18 394 1
18 565 1
18 688 1
18 1215 1
18 1599 1
18 1892 1
18 1951 1
19 13 1
19 34 1
19 266 1
19 505 1
19 650 1
19 1289 1
19 1742 1
19 1945 1
19 1999 1
20 15 1
20 940 1
20 1117 1
20 1487 1
20 1512 1
20 1549 1
20 1846 1
21 31 1
21 35 1
21 181 1
21 676 1
21 776 1
21 885 1
21 1732 1
21 1737 1
21 1746 1
21 2004 1
22 1578 1
22 1790 1
24 336 1
25 10 1
25 40 1
25 649 1
25 1164 1
26 330 1
26 1071 1
26 2032 1
27 1 1
27 41 1
27 208 1
27 632 1
27 849 1
27 1191 1
27 1216 1
27 1850 1
28 321 1
28 503 1
28 504 1
28 556 1
28 641 1
28 720 1
28 795 1
28 845 1
28 891 1
28 1125 1
28 1272 1
28 1447 1
28 1734 1
28 1770 1
28 1809 1
28 1847 1
29 15 1
29 55 1
29 224 1
29 387 1
29 528 1
29 608 1
29 638 1
29 679 1
29 703 1
29 805 1
29 868 1
29 1027 1
29 1194 1
29 1382 1
29 1470 1
29 1495 1
29 1508 1
29 1555 1
29 1557 1
29 1577 1
29 1842 1
29 1929 1
29 1940 1
29 1983 1
30 14 1
30 124 1
30 125 1
30 146 1
30 172 1
30 173 1
30 222 1
30 271 1
30 276 1
30 297 1
30 434 1
30 472 1
30 623 1
30 699 1
30 901 1
30 1034 1
30 1064 1
30 1294 1
30 1384 1
30 1573 1
30 1641 1
30 1773 1
30 1914 1
30 1941 1
31 71 1
31 112 1
31 267 1
31 295 1
31 356 1
31 364 1
31 435 1
31 443 1
31 570 1
31 708 1
31 714 1
31 756 1
31 819 1
31 875 1
31 908 1
31 913 1
31 1002 1
31 1123 1
31 1179 1
31 1333 1
31 1403 1
31 1558 1
31 1606 1
31 1618 1
31 1646 1
31 1961 1
31 2038 1
32 4 1
32 8 1
32 63 1
32 66 1
32 167 1
32 214 1
32 243 1
32 309 1
32 332 1
32 377 1
32 609 1
32 621 1
32 799 1
32 818 1
32 860 1
32 1015 1
32 1017 1
32 1025 1
32 1080 1
32 1178 1
32 1371 1
32 1428 1
32 1439 1
32 1666 1
32 1672 1
32 1776 1
32 1795 1
33 176 1
33 186 1
33 511 1
33 578 1
33 666 1
33 706 1
33 736 1
33 912 1
33 1019 1
33 1219 1
33 1225 1
33 1313 1
33 1356 1
33 1377 1
33 1718 1
33 1986 1
34 25 1
34 35 1
34 70 1
34 418 1
34 463 1
34 887 1
34 903 1
34 1406 1
34 1485 1
34 2016 1
35 5 1
35 210 1
35 262 1
35 301 1
35 462 1
35 473 1
35 863 1
35 898 1
35 1359 1
35 1785 1
35 1882 1
35 2013 1
36 83 1
36 178 1
36 428 1
36 496 1
36 886 1
36 1139 1
36 1261 1
36 1326 1
36 1368 1
36 1389 1
36 1441 1
37 23 1
37 122 1
37 778 1
37 1343 1
37 1564 1
38 14 1
38 197 1
38 1510 1
39 19 1
39 29 1
39 1059 1
39 1609 1
39 1811 1
39 2012 1
40 26 1
40 28 1
40 169 1
40 357 1
40 1471 1
41 151 1
41 647 1
41 918 1
42 14 1
42 858 1
42 1248 1
43 123 1
43 520 1
43 577 1
43 1166 1
43 1637 1
44 368 1
44 494 1
44 704 1
44 821 1
44 1257 1
44 1301 1
44 1802 1
45 3 1
45 106 1
45 532 1
45 671 1
45 1190 1
45 1197 1
45 1332 1
45 1684 1
45 1690 1
45 1779 1
46 209 1
46 433 1
46 446 1
46 458 1
46 480 1
46 481 1
46 506 1
46 581 1
46 591 1
46 1004 1
46 1044 1
46 1078 1
46 1306 1
46 1872 1
46 1895 1
47 48 1
47 187 1
47 291 1
47 400 1
47 415 1
47 576 1
47 616 1
47 694 1
47 1111 1
47 1119 1
47 1158 1
47 1221 1
47 1399 1
47 1643 1
47 1670 1
47 1851 1
47 1877 1
48 39 1
48 52 1
48 95 1
48 183 1
48 204 1
48 547 1
48 585 1
48 675 1
48 872 1
48 873 1
48 909 1
48 936 1
48 1028 1
48 1067 1
48 1097 1
48 1556 1
48 1761 1
49 16 1
49 41 1
49 86 1
49 135 1
49 161 1
49 358 1
49 1022 1
49 1051 1
49 1058 1
49 1105 1
49 1124 1
49 1410 1
49 1449 1
50 133 1
50 227 1
50 239 1
50 701 1
50 826 1
50 850 1
50 929 1
50 955 1
50 1146 1
50 1376 1
50 1391 1
50 1417 1
51 3 1
51 8 1
51 307 1
51 497 1
51 620 1
51 1050 1
51 1083 1
51 1935 1
52 9 1
52 20 1
52 67 1
52 738 1
52 927 1
52 928 1
52 1954 1
53 20 1
53 1372 1
53 1479 1
53 1769 1
54 8 1
54 11 1
54 13 1
54 37 1
54 225 1
54 469 1
55 7 1
55 9 1
55 17 1
55 23 1
55 28 1
55 216 1
56 7 1
56 414 1
56 689 1
56 752 1
56 941 1
56 1798 1
57 25 1
57 36 1
57 119 1
57 247 1
57 1859 1
58 24 1
58 30 1
58 381 1
58 1710 1
58 1774 1
59 1325 1
59 1451 1
59 2031 1
60 5 1
60 28 1
60 34 1
60 846 1
60 1108 1
60 1319 1
60 1629 1
60 1633 1
61 229 1
61 840 1
61 847 1
61 1598 1
61 1981 1
62 4 1
62 384 1
62 519 1
62 1060 1
62 1298 1
62 1679 1
63 79 1
63 232 1
63 236 1
63 710 1
63 879 1
63 952 1
63 1288 1
63 1357 1
63 1808 1
64 217 1
64 643 1
64 662 1
64 788 1
64 1032 1
64 1089 1
64 1655 1
64 1706 1
64 2025 1
64 2047 1
65 310 1
65 1370 1
65 1819 1
66 21 1
66 31 1
66 255 1
66 1956 1
67 113 1
67 128 1
67 1275 1
67 1491 1
68 36 1
68 509 1
68 1728 1
69 249 1
69 312 1
70 1630 1
71 412 1
71 440 1
71 753 1
72 14 1
72 976 1
73 1009 1
73 1297 1
73 2014 1
74 11 1
74 179 1
74 231 1
74 1750 1
75 5 1
75 27 1
75 39 1
75 1647 1
76 692 1
76 1572 1
76 1971 1
77 16 1
77 28 1
77 38 1
77 456 1
77 595 1
77 625 1
77 1685 1
77 1932 1
78 30 1
78 68 1
78 270 1
78 732 1
78 861 1
78 1830 1
79 7 1
79 102 1
79 331 1
79 1241 1
79 1674 1
79 1747 1
79 1807 1
79 1948 1
80 5 1
80 10 1
80 241 1
80 344 1
80 1018 1
80 1263 1
81 22 1
81 33 1
81 461 1
81 768 1
81 948 1
81 1330 1
81 1695 1
82 263 1
82 746 1
82 1970 1
83 69 1
84 5 1
84 30 1
84 1264 1
85 41 1
86 7 1
86 11 1
86 32 1
86 449 1
86 841 1
88 9 1
88 27 1
88 39 1
88 40 1
88 429 1
88 1057 1
89 963 1
89 1014 1
89 1454 1
90 5 1
90 8 1
90 615 1
90 661 1
90 980 1
90 1107 1
90 1480 1
91 5 1
91 37 1
91 56 1
91 94 1
91 261 1
91 540 1
91 614 1
91 1029 1
91 1424 1
92 1 1
92 35 1
92 184 1
92 299 1
92 546 1
92 606 1
92 629 1
92 825 1
92 838 1
92 1220 1
92 1251 1
92 1380 1
92 1438 1
92 1906 1
92 1972 1
93 29 1
93 328 1
93 404 1
93 737 1
93 1127 1
93 1175 1
93 1269 1
93 1277 1
93 1516 1
93 1865 1
94 5 1
94 453 1
94 467 1
94 512 1
94 590 1
94 809 1
94 1147 1
94 1148 1
94 1253 1
94 1660 1
94 1709 1
94 1806 1
94 1891 1
95 1 1
95 8 1
95 189 1
95 673 1
95 836 1
95 1093 1
95 1519 1
95 1683 1
95 1694 1
95 1826 1
96 13 1
96 19 1
96 20 1
96 282 1
96 719 1
96 1249 1
96 1739 1
96 1958 1
96 2030 1
97 53 1
97 657 1
97 1045 1
98 14 1
98 26 1
98 30 1
98 354 1
98 600 1
98 828 1
98 902 1
98 1559 1
98 1815 1
98 1829 1
98 2005 1
99 23 1
99 839 1
99 1833 1
100 205 1
100 792 1
100 1265 1
100 1463 1
100 1502 1
100 1993 1
101 20 1
101 22 1
102 6 1
102 1130 1
102 1141 1
102 1913 1
103 242 1
103 1605 1
104 37 1
104 476 1
104 761 1
105 640 1
105 1195 1
105 1235 1
105 1401 1
105 1546 1
105 1899 1
105 1933 1
105 2000 1
106 18 1
106 926 1
106 1118 1
106 1293 1
106 1722 1
106 1834 1
107 140 1
107 612 1
107 619 1
107 686 1
107 823 1
107 951 1
107 1334 1
107 1341 1
107 1908 1
107 2026 1
107 2046 1
108 353 1
108 475 1
108 774 1
108 1196 1
108 1482 1
108 1645 1
108 1857 1
108 1967 1
108 1974 1
109 10 1
109 116 1
109 374 1
109 551 1
109 559 1
109 733 1
109 802 1
109 867 1
109 893 1
109 904 1
109 996 1
109 1177 1
109 1226 1
109 1303 1
109 1358 1
109 1615 1
109 1744 1
109 1803 1
109 1813 1
109 1858 1
109 1962 1
109 1979 1
109 2015 1
110 16 1
110 654 1
110 757 1
110 982 1
110 1138 1
110 1320 1
110 1432 1
110 1547 1
110 1566 1
110 1622 1
110 1642 1
110 1673 1
110 1726 1
110 1947 1
111 6 1
111 9 1
111 26 1
111 185 1
111 253 1
111 787 1
111 1113 1
111 1503 1
111 1664 1
111 1757 1
111 2029 1
112 9 1
112 488 1
112 501 1
112 594 1
112 668 1
112 910 1
112 978 1
112 1020 1
112 1181 1
112 1852 1
112 1977 1
113 1 1
113 82 1
113 351 1
113 548 1
113 829 1
113 856 1
113 1021 1
113 1354 1
113 1949 1
114 313 1
114 934 1
115 3 1
115 154 1
115 655 1
115 897 1
115 1489 1
115 1902 1
116 502 1
116 587 1
116 842 1
116 937 1
116 1648 1
116 1855 1
117 20 1
117 23 1
117 131 1
117 1228 1
118 41 1
118 1335 1
118 1366 1
118 1457 1
119 8 1
119 24 1
119 333 1
119 1472 1
120 16 1
120 160 1
120 1437 1
120 1525 1
120 1651 1
120 1733 1
120 1816 1
121 3 1
121 37 1
121 195 1
121 459 1
121 626 1
121 653 1
122 61 1
122 339 1
122 1012 1
122 1402 1
122 1823 1
123 409 1
123 442 1
123 635 1
123 1024 1
123 1514 1
124 12 1
124 75 1
124 235 1
124 343 1
124 490 1
124 729 1
124 767 1
124 924 1
124 1149 1
124 1266 1
124 1395 1
124 1804 1
124 1831 1
124 2045 1
125 2 1
125 65 1
125 478 1
125 806 1
125 832 1
125 862 1
125 866 1
125 965 1
125 1046 1
125 1076 1
125 1223 1
125 1245 1
125 1481 1
125 1791 1
125 1871 1
125 1922 1
125 1982 1
126 28 1
126 141 1
126 168 1
126 455 1
126 525 1
126 566 1
126 775 1
126 1436 1
126 1513 1
126 1751 1
126 1905 1
126 1911 1
126 2034 1
127 4 1
127 182 1
127 363 1
127 402 1
127 451 1
127 521 1
127 563 1
127 568 1
127 700 1
127 1156 1
127 1170 1
127 1171 1
127 1213 1
127 1458 1
127 1515 1
127 1518 1
127 2035 1
128 17 1
128 129 1
128 139 1
128 143 1
128 207 1
128 300 1
128 484 1
128 1096 1
128 1348 1
128 1430 1
128 1968 1
129 38 1
129 41 1
129 538 1
129 765 1
129 848 1
129 892 1
129 1011 1
129 1311 1
129 1867 1
129 1900 1
129 1939 1
129 1989 1
130 695 1
130 888 1
130 1086 1
130 1205 1
131 397 1
131 884 1
131 1889 1
132 11 1
132 728 1
133 21 1
133 750 1
133 796 1
133 1098 1
133 1445 1
134 500 1
134 763 1
134 1026 1
134 1120 1
135 1878 1
136 39 1
136 290 1
136 789 1
137 355 1
137 680 1
137 1653 1
138 14 1
138 21 1
138 395 1
138 431 1
138 470 1
138 1302 1
139 4 1
139 105 1
139 190 1
139 246 1
139 1114 1
139 1150 1
139 1259 1
139 1976 1
140 100 1
140 219 1
140 541 1
140 1049 1
140 1172 1
140 1589 1
140 1866 1
140 1910 1
141 11 1
141 14 1
141 150 1
141 544 1
141 727 1
141 794 1
141 1003 1
141 1010 1
141 1433 1
141 1453 1
141 1574 1
142 7 1
142 252 1
142 466 1
142 492 1
142 516 1
142 652 1
142 932 1
142 957 1
142 1233 1
142 1236 1
143 7 1
143 39 1
143 84 1
143 99 1
143 962 1
143 1070 1
143 1533 1
143 1601 1
143 1632 1
143 1886 1
143 1918 1
144 16 1
144 281 1
144 385 1
144 518 1
144 573 1
144 844 1
144 950 1
144 964 1
144 999 1
144 1043 1
144 1077 1
144 1262 1
144 1473 1
144 1735 1
144 1764 1
144 1888 1
144 1988 1
145 188 1
145 702 1
145 953 1
145 983 1
145 1998 1
145 2011 1
146 2 1
146 15 1
146 194 1
146 651 1
146 1100 1
146 1132 1
146 1204 1
146 1355 1
146 1714 1
146 1838 1
147 1378 1
147 2019 1
148 16 1
148 23 1
148 302 1
148 933 1
148 1207 1
148 1285 1
148 1526 1
149 4 1
149 14 1
149 1853 1
149 1873 1
150 20 1
150 865 1
150 1568 1
150 1719 1
151 644 1
151 981 1
152 259 1
152 691 1
152 1030 1
152 1117 1
152 1667 1
152 1724 1
153 279 1
153 349 1
153 791 1
153 813 1
153 1157 1
153 1864 1
154 986 1
154 1960 1
155 47 1
155 264 1
155 572 1
155 716 1
155 992 1
155 1937 1
156 88 1
156 157 1
156 1176 1
156 1209 1
156 1576 1
156 1800 1
156 1879 1
157 942 1
157 1188 1
157 1362 1
157 1712 1
158 244 1
158 277 1
158 1252 1
158 1363 1
158 1548 1
158 1708 1
158 1723 1
158 1787 1
158 1925 1
159 432 1
159 468 1
159 834 1
159 973 1
159 1081 1
159 1367 1
159 1443 1
159 1805 1
159 1870 1
159 1995 1
159 2040 1
160 273 1
160 498 1
160 499 1
160 593 1
160 919 1
160 1031 1
160 1097 1
160 1106 1
160 1198 1
160 1231 1
160 1278 1
160 1385 1
161 121 1
161 361 1
161 438 1
161 630 1
161 741 1
161 1062 1
161 1232 1
161 1409 1
161 1490 1
161 1665 1
162 90 1
162 386 1
162 460 1
162 717 1
162 880 1
162 915 1
162 1126 1
162 1553 1
162 1720 1
163 306 1
163 317 1
163 627 1
163 730 1
163 739 1
163 766 1
163 827 1
163 906 1
163 1447 1
163 1460 1
164 372 1
164 798 1
164 820 1
164 1136 1
164 1160 1
164 1187 1
164 1225 1
164 1284 1
164 1562 1
164 1748 1
165 72 1
165 311 1
165 530 1
165 721 1
165 1247 1
165 1283 1
165 1336 1
165 1721 1
166 777 1
166 975 1
166 1016 1
166 1353 1
167 598 1
167 1052 1
167 1499 1
167 1551 1
167 1924 1
168 853 1
168 1346 1
168 1484 1
168 1818 1
169 93 1
170 1705 1
171 405 1
172 298 1
172 712 1
172 1084 1
172 1393 1
172 1505 1
172 1536 1
173 117 1
173 211 1
173 408 1
173 874 1
173 1122 1
173 1299 1
173 1477 1
173 1530 1
173 1608 1
173 1762 1
173 1766 1
173 1953 1
174 74 1
174 142 1
174 162 1
174 325 1
174 477 1
174 830 1
174 987 1
174 1099 1
174 1133 1
174 1607 1
174 1701 1
175 258 1
175 393 1
175 588 1
175 618 1
175 641 1
175 667 1
175 1260 1
175 1291 1
175 1571 1
175 1588 1
175 1916 1
175 2008 1
176 49 1
176 97 1
176 335 1
176 417 1
176 436 1
176 452 1
176 483 1
176 817 1
176 958 1
176 1007 1
176 1129 1
176 1230 1
176 1310 1
176 1350 1
176 1423 1
176 1435 1
176 1561 1
176 1570 1
176 1596 1
176 1600 1
176 1616 1
176 1920 1
176 2009 1
177 166 1
177 191 1
177 208 1
177 212 1
177 245 1
177 491 1
177 495 1
177 557 1
177 579 1
177 639 1
177 658 1
177 685 1
177 793 1
177 795 1
177 855 1
177 923 1
177 989 1
177 1178 1
177 1180 1
177 1300 1
177 1408 1
177 1464 1
177 1678 1
177 1689 1
177 1820 1
177 2027 1
178 144 1
178 425 1
178 747 1
178 790 1
178 1072 1
178 1090 1
178 1101 1
178 1392 1
178 1418 1
178 1529 1
178 1617 1
178 1759 1
178 1926 1
178 2039 1
179 163 1
179 603 1
179 922 1
179 1189 1
179 1295 1
179 1327 1
179 1413 1
179 1421 1
179 1428 1
179 1587 1
179 1702 1
179 1854 1
180 427 1
180 487 1
180 663 1
180 810 1
180 849 1
180 882 1
180 1404 1
180 1427 1
180 1466 1
180 1492 1
180 1730 1
180 1861 1
180 1912 1
181 180 1
181 221 1
181 324 1
181 471 1
181 580 1
181 697 1
181 773 1
181 954 1
181 1182 1
181 1227 1
181 1379 1
181 1462 1
181 1614 1
181 1985 1
181 2020 1
182 448 1
182 560 1
182 1317 1
182 1440 1
182 1520 1
182 1532 1
182 1542 1
182 1848 1
182 1963 1
183 86 1
183 582 1
183 1193 1
183 1456 1
183 1552 1
183 1741 1
183 1952 1
184 251 1
184 350 1
184 956 1
184 1169 1
184 1386 1
184 1569 1
185 901 1
185 1079 1
185 1638 1
185 1839 1
186 289 1
186 1092 1
186 1340 1
186 1591 1
187 318 1
187 1691 1
188 296 1
188 633 1
189 1610 1
190 152 1
190 174 1
190 234 1
190 656 1
190 1015 1
190 1758 1
191 92 1
191 107 1
191 165 1
191 193 1
191 359 1
191 403 1
191 637 1
191 678 1
191 693 1
191 705 1
191 782 1
191 837 1
191 1001 1
191 1163 1
191 1309 1
191 1316 1
191 1365 1
191 1455 1
191 1595 1
191 1786 1
192 147 1
192 177 1
192 200 1
192 596 1
192 783 1
192 814 1
192 1094 1
192 1238 1
192 1322 1
192 1324 1
192 1476 1
192 1754 1
192 1793 1
192 1817 1
192 1863 1
192 2007 1
193 54 1
193 110 1
193 126 1
193 138 1
193 240 1
193 399 1
193 513 1
193 574 1
193 607 1
193 669 1
193 690 1
193 803 1
193 804 1
193 1041 1
193 1047 1
193 1082 1
193 1208 1
193 1237 1
193 1351 1
193 1704 1
193 1711 1
193 1760 1
193 1841 1
193 1868 1
193 1890 1
193 1894 1
193 1927 1
193 1986 1
193 2001 1
193 2021 1
193 2037 1
194 127 1
194 134 1
194 201 1
194 250 1
194 348 1
194 411 1
194 523 1
194 807 1
194 854 1
194 859 1
194 889 1
194 1013 1
194 1115 1
194 1140 1
194 1185 1
194 1308 1
194 1419 1
194 1504 1
194 1580 1
194 1611 1
194 1613 1
194 1700 1
194 1780 1
194 1996 1
194 2022 1
195 58 1
195 171 1
195 254 1
195 294 1
195 366 1
195 407 1
195 535 1
195 550 1
195 675 1
195 715 1
195 762 1
195 781 1
195 960 1
195 1034 1
195 1167 1
195 1279 1
195 1331 1
195 1575 1
195 1627 1
195 1658 1
195 1687 1
195 1778 1
195 1992 1
195 2028 1
196 145 1
196 327 1
196 418 1
196 450 1
196 529 1
196 687 1
196 709 1
196 785 1
196 815 1
196 925 1
196 1040 1
196 1304 1
196 1390 1
196 1578 1
196 1640 1
196 1656 1
196 1707 1
196 1765 1
196 1784 1
196 1862 1
196 1907 1
196 1938 1
197 55 1
197 286 1
197 390 1
197 410 1
197 493 1
197 531 1
197 543 1
197 555 1
197 670 1
197 674 1
197 751 1
197 833 1
197 891 1
197 1154 1
197 1286 1
197 1397 1
197 1461 1
197 1713 1
197 1875 1
197 1964 1
198 108 1
198 176 1
198 248 1
198 284 1
198 406 1
198 851 1
198 938 1
198 1448 1
198 1523 1
198 1563 1
198 1676 1
198 1901 1
199 63 1
199 228 1
199 345 1
199 391 1
199 564 1
199 660 1
199 1128 1
199 1337 1
199 1583 1
199 1680 1
199 1777 1
200 213 1
200 970 1
200 1509 1
200 1554 1
201 1828 1
202 419 1
202 539 1
202 1048 1
202 2036 1
203 89 1
203 995 1
203 1383 1
203 1746 1
204 43 1
204 514 1
204 944 1
204 1697 1
204 1738 1
205 725 1
206 285 1
206 707 1
206 797 1
206 1162 1
206 1715 1
207 382 1
207 772 1
207 885 1
207 1688 1
207 1717 1
208 342 1
208 935 1
208 1415 1
208 1416 1
208 1538 1
208 1671 1
208 1814 1
208 1884 1
209 73 1
209 268 1
209 334 1
209 380 1
209 515 1
209 545 1
209 554 1
209 569 1
209 602 1
209 617 1
209 1006 1
209 1184 1
209 1202 1
209 1240 1
209 1361 1
209 1394 1
209 1429 1
209 1506 1
209 1537 1
209 1560 1
209 1604 1
209 1698 1
209 2003 1
209 2023 1
210 78 1
210 115 1
210 159 1
210 275 1
210 283 1
210 322 1
210 357 1
210 394 1
210 465 1
210 472 1
210 510 1
210 542 1
210 589 1
210 592 1
210 722 1
210 724 1
210 811 1
210 968 1
210 1075 1
210 1206 1
210 1349 1
210 1541 1
210 1594 1
210 1657 1
210 1779 1
210 1796 1
210 1810 1
210 1874 1
210 2010 1
210 2033 1
211 57 1
211 119 1
211 175 1
211 203 1
211 204 1
211 352 1
211 370 1
211 371 1
211 383 1
211 401 1
211 421 1
211 424 1
211 439 1
211 507 1
211 536 1
211 575 1
211 646 1
211 665 1
211 744 1
211 769 1
211 959 1
211 1000 1
211 1023 1
211 1234 1
211 1364 1
211 1444 1
211 1488 1
211 1497 1
211 1511 1
211 1585 1
211 1609 1
211 1634 1
211 1789 1
211 1799 1
211 1849 1
211 1860 1
211 1934 1
211 2042 1
212 80 1
212 148 1
212 155 1
212 526 1
212 533 1
212 558 1
212 808 1
212 857 1
212 907 1
212 994 1
212 1145 1
212 1313 1
212 1494 1
212 1567 1
212 1593 1
212 1755 1
212 1978 1
213 187 1
213 263 1
213 373 1
213 416 1
213 527 1
213 599 1
213 920 1
213 1612 1
213 1732 1
213 1887 1
213 1892 1
213 1950 1
213 1973 1
213 2004 1
213 2018 1
214 271 1
214 426 1
214 628 1
214 881 1
214 896 1
214 1936 1
215 307 1
215 659 1
215 677 1
215 713 1
215 759 1
215 1056 1
215 1270 1
215 1434 1
215 1507 1
216 44 1
216 87 1
216 816 1
216 898 1
216 1068 1
216 1496 1
216 1522 1
217 198 1
217 238 1
217 819 1
217 863 1
217 943 1
217 1342 1
217 1959 1
219 1692 1
219 1991 1
220 336 1
220 735 1
220 743 1
220 1716 1
221 1387 1
223 648 1
223 1102 1
224 109 1
224 232 1
224 338 1
224 698 1
224 864 1
224 967 1
224 1246 1
224 1250 1
224 1381 1
224 1412 1
224 1446 1
224 1662 1
225 120 1
225 329 1
225 340 1
225 392 1
225 489 1
225 497 1
225 561 1
225 586 1
225 831 1
225 878 1
225 921 1
225 998 1
225 1055 1
225 1242 1
225 1782 1
225 1898 1
225 1946 1
225 1975 1
225 2043 1
226 51 1
226 118 1
226 170 1
226 269 1
226 280 1
226 314 1
226 454 1
226 479 1
226 597 1
226 672 1
226 688 1
226 753 1
226 877 1
226 961 1
226 979 1
226 1064 1
226 1179 1
226 1273 1
226 1287 1
226 1407 1
226 1414 1
226 1539 1
226 1573 1
226 1659 1
226 1666 1
226 1821 1
226 1903 1
226 1969 1
226 2016 1
227 64 1
227 132 1
227 226 1
227 262 1
227 316 1
227 320 1
227 341 1
227 398 1
227 441 1
227 486 1
227 534 1
227 556 1
227 645 1
227 784 1
227 852 1
227 875 1
227 916 1
227 1109 1
227 1186 1
227 1282 1
227 1314 1
227 1369 1
227 1465 1
227 1483 1
227 1619 1
227 1624 1
227 1802 1
227 1957 1
227 1994 1
228 85 1
228 114 1
228 229 1
228 256 1
228 305 1
228 522 1
228 562 1
228 642 1
228 683 1
228 701 1
228 843 1
228 947 1
228 1144 1
228 1255 1
228 1347 1
228 1373 1
228 1512 1
228 1545 1
228 1629 1
228 1725 1
228 1822 1
228 1827 1
228 1883 1
228 1915 1
229 243 1
229 304 1
229 415 1
229 443 1
229 445 1
229 473 1
229 613 1
229 624 1
229 681 1
229 800 1
229 801 1
229 1091 1
229 1103 1
229 1153 1
229 1307 1
229 1321 1
229 1452 1
229 1524 1
229 1540 1
229 1579 1
229 1625 1
229 1647 1
229 1740 1
229 1756 1
229 1845 1
229 1893 1
229 1942 1
230 309 1
230 583 1
230 1051 1
230 1677 1
230 1781 1
230 1997 1
231 413 1
231 745 1
231 917 1
231 988 1
231 1027 1
231 1263 1
231 1508 1
231 1631 1
231 1739 1
231 1931 1
232 91 1
232 196 1
232 375 1
232 576 1
232 740 1
232 1061 1
232 1703 1
232 1783 1
232 1929 1
233 684 1
233 1053 1
233 1501 1
234 312 1
235 169 1
235 1825 1
236 549 1
236 650 1
236 812 1
238 984 1
238 1388 1
238 1699 1
239 173 1
239 1788 1
240 42 1
240 111 1
240 506 1
240 567 1
240 734 1
240 876 1
240 977 1
240 1036 1
240 1218 1
240 1306 1
240 1339 1
240 1581 1
240 1649 1
240 1682 1
240 1767 1
240 1943 1
241 46 1
241 96 1
241 101 1
241 230 1
241 422 1
241 911 1
241 1008 1
241 1121 1
241 1155 1
241 1201 1
241 1274 1
241 1475 1
241 1621 1
241 1650 1
241 1654 1
241 1675 1
241 1790 1
241 1812 1
241 1832 1
241 1909 1
241 1984 1
242 112 1
242 130 1
242 136 1
242 149 1
242 199 1
242 360 1
242 464 1
242 524 1
242 621 1
242 634 1
242 711 1
242 723 1
242 770 1
242 786 1
242 860 1
242 894 1
242 912 1
242 1038 1
242 1142 1
242 1165 1
242 1203 1
242 1271 1
242 1375 1
242 1411 1
242 1431 1
242 1557 1
242 1590 1
242 1628 1
242 1669 1
242 1856 1
242 2002 1
243 50 1
243 60 1
243 83 1
243 178 1
243 210 1
243 315 1
243 503 1
243 508 1
243 552 1
243 610 1
243 666 1
243 780 1
243 903 1
243 1083 1
243 1143 1
243 1212 1
243 1214 1
243 1326 1
243 1441 1
243 1469 1
243 1498 1
243 1535 1
243 1696 1
243 1794 1
243 1830 1
243 1961 1
244 76 1
244 189 1
244 206 1
244 218 1
244 237 1
244 346 1
244 367 1
244 379 1
244 636 1
244 696 1
244 749 1
244 940 1
244 1211 1
244 1243 1
244 1301 1
244 1352 1
244 1486 1
244 1493 1
244 1644 1
244 1661 1
244 1736 1
244 1847 1
244 1928 1
244 2031 1
245 104 1
245 156 1
245 164 1
245 358 1
245 565 1
245 611 1
245 758 1
245 840 1
245 952 1
245 1066 1
245 1139 1
245 1192 1
245 1500 1
245 1626 1
245 1710 1
245 1718 1
245 1727 1
245 1743 1
245 1836 1
245 1951 1
246 103 1
246 106 1
246 167 1
246 260 1
246 293 1
246 303 1
246 347 1
246 760 1
246 1275 1
246 1292 1
246 1406 1
246 1528 1
246 1549 1
246 1768 1
246 2024 1
247 214 1
247 326 1
247 434 1
247 620 1
247 764 1
247 1035 1
247 1135 1
247 1517 1
247 1543 1
247 1633 1
247 1885 1
248 1333 1
248 1425 1
248 1906 1
249 192 1
249 755 1
249 868 1
249 883 1
249 1025 1
249 1074 1
249 1131 1
249 1478 1
249 1897 1
250 447 1
250 752 1
250 1073 1
250 1210 1
250 1288 1
250 1344 1
250 1881 1
251 1137 1
252 805 1
252 1921 1
253 969 1
254 1267 1
254 1840 1
255 754 1
255 1054 1
255 1426 1
255 2041 1
256 272 1
256 330 1
256 381 1
256 1095 1
256 1256 1
256 1521 1
256 1531 1
256 1623 1
257 474 1
257 742 1
257 1039 1
257 1042 1
257 1356 1
257 1420 1
257 1495 1
257 1564 1
257 1734 1
257 1749 1
257 1753 1
257 1980 1
257 2017 1
258 181 1
258 288 1
258 291 1
258 622 1
258 679 1
258 682 1
258 914 1
258 948 1
258 949 1
258 1033 1
258 1065 1
258 1069 1
258 1152 1
258 1159 1
258 1164 1
258 1229 1
258 1290 1
258 1328 1
258 1450 1
258 1527 1
258 1544 1
258 1597 1
258 1603 1
258 1772 1
258 1837 1
258 1844 1
259 52 1
259 215 1
259 266 1
259 287 1
259 364 1
259 1022 1
259 1087 1
259 1123 1
259 1124 1
259 1197 1
259 1216 1
259 1272 1
259 1376 1
259 1459 1
259 1479 1
259 1646 1
259 1686 1
259 1731 1
259 1917 1
259 1945 1
259 2006 1
260 66 1
260 70 1
260 128 1
260 247 1
260 295 1
260 323 1
260 400 1
260 463 1
260 511 1
260 547 1
260 570 1
260 578 1
260 638 1
260 850 1
260 931 1
260 966 1
260 990 1
260 1221 1
260 1368 1
260 1592 1
260 1652 1
260 1668 1
260 1771 1
260 1835 1
260 1850 1
260 2032 1
261 62 1
261 71 1
261 125 1
261 183 1
261 257 1
261 396 1
261 437 1
261 748 1
261 821 1
261 939 1
261 955 1
261 1059 1
261 1085 1
261 1105 1
261 1345 1
261 1470 1
261 1750 1
261 1798 1
261 2044 1
262 59 1
262 378 1
262 387 1
262 449 1
262 520 1
262 623 1
262 647 1
262 869 1
262 895 1
262 918 1
262 974 1
262 1004 1
262 1044 1
262 1550 1
262 1664 1
262 1877 1
263 137 1
263 172 1
263 274 1
263 457 1
263 553 1
263 929 1
263 1190 1
263 1384 1
263 1954 1
263 1990 1
264 788 1
264 826 1
264 871 1
264 1005 1
264 1417 1
264 1432 1
264 1663 1
264 1876 1
265 365 1
265 608 1
265 1125 1
265 1134 1
265 1315 1
265 1400 1
265 1674 1
265 1923 1
265 1987 1
266 216 1
266 321 1
266 581 1
266 1002 1
266 1276 1
266 1405 1
267 900 1
267 985 1
267 1558 1
269 604 1
270 1880 1
271 778 1
272 223 1
272 430 1
272 799 1
272 1112 1
272 1200 1
272 1904 1
272 1955 1
273 776 1
273 1371 1
273 1582 1
273 1775 1
274 77 1
274 292 1
274 319 1
274 389 1
274 485 1
274 494 1
274 779 1
274 946 1
274 976 1
274 1032 1
274 1158 1
274 1224 1
274 1281 1
274 1399 1
274 1487 1
274 1843 1
274 1941 1
274 2030 1
275 48 1
275 186 1
275 505 1
275 509 1
275 591 1
275 595 1
275 664 1
275 714 1
275 870 1
275 1254 1
275 1280 1
275 1312 1
275 1556 1
275 1606 1
275 1618 1
275 1842 1
275 1944 1
275 1965 1
276 81 1
276 98 1
276 446 1
276 600 1
276 718 1
276 818 1
276 905 1
276 936 1
276 1166 1
276 1168 1
276 1268 1
276 1311 1
276 1329 1
276 1681 1
276 1706 1
276 1728 1
276 1776 1
276 1785 1
276 1869 1
276 1914 1
276 2014 1
277 368 1
277 481 1
277 845 1
277 1104 1
277 1110 1
277 1146 1
277 1194 1
277 1377 1
277 1382 1
277 1584 1
277 1637 1
277 1801 1
277 1940 1
277 1971 1
278 202 1
278 500 1
278 537 1
278 676 1
278 704 1
278 1161 1
278 1296 1
278 1422 1
278 1439 1
278 1559 1
278 1636 1
278 1641 1
278 1808 1
278 1933 1
279 276 1
279 337 1
279 532 1
279 694 1
279 736 1
279 775 1
279 846 1
279 945 1
279 1217 1
279 2012 1
280 220 1
280 331 1
280 414 1
280 825 1
280 1577 1
280 1769 1
280 1774 1
280 1824 1
281 362 1
281 1451 1
281 1474 1
281 1792 1
282 133 1
282 1534 1
283 95 1
283 703 1
283 941 1
283 1093 1
283 1289 1
284 420 1
284 972 1
284 1318 1
284 1635 1
285 308 1
285 991 1
285 1305 1
286 720 1
286 858 1
286 899 1
286 1009 1
286 1449 1
287 444 1
288 517 1
288 1389 1
288 1515 1
288 1882 1
289 45 1
289 224 1
289 267 1
289 822 1
289 971 1
289 1174 1
289 1599 1
289 1763 1
289 1999 1
290 124 1
290 519 1
290 706 1
290 835 1
290 856 1
290 1088 1
290 1752 1
291 158 1
291 301 1
291 384 1
291 458 1
291 585 1
291 662 1
291 886 1
291 997 1
291 1151 1
291 1175 1
291 1297 1
291 1319 1
291 1709 1
291 1919 1
291 2038 1
292 67 1
292 233 1
292 354 1
292 792 1
292 873 1
292 1019 1
292 1063 1
292 1071 1
292 1244 1
292 1253 1
292 1261 1
292 1445 1
292 1679 1
292 2048 1
293 388 1
293 502 1
293 774 1
293 926 1
293 1141 1
293 1323 1
293 1398 1
293 1480 1
293 1642 1
293 1693 1
294 29 1
294 79 1
294 161 1
294 377 1
294 475 1
294 496 1
294 571 1
294 996 1
294 1463 1
294 1695 1
294 1974 1
294 1983 1
295 710 1
295 1343 1
295 1468 1
295 1833 1
295 1930 1
295 1966 1
296 1014 1
296 1089 1
296 1391 1
296 1471 1
296 1572 1
296 1815 1
297 94 1
297 116 1
297 824 1
297 913 1
297 1370 1
297 2000 1
298 689 1
298 1694 1
299 1277 1
299 1335 1
300 504 1
300 708 1
300 1067 1
300 1639 1
300 1770 1
301 185 1
301 699 1
301 1017 1
301 1690 1
302 1935 1
303 197 1
303 480 1
303 1215 1
303 1737 1
303 1797 1
304 1177 1
305 332 1
305 616 1
305 649 1
305 731 1
305 1519 1
305 1673 1
305 1742 1
305 1977 1
306 412 1
306 577 1
306 768 1
306 1107 1
306 1111 1
306 1119 1
306 1360 1
306 1410 1
306 1477 1
306 1565 1
306 1684 1
307 466 1
307 635 1
307 865 1
307 980 1
307 1058 1
307 2026 1
308 469 1
308 601 1
308 728 1
308 841 1
308 1122 1
308 1191 1
308 1269 1
308 1334 1
308 1357 1
308 1372 1
308 1620 1
308 1803 1
308 1872 1
308 1956 1
308 1958 1
308 1967 1
309 605 1
309 794 1
309 1028 1
309 1195 1
309 1278 1
309 1403 1
309 1430 1
309 1547 1
309 1602 1
309 1726 1
309 2009 1
309 2040 1
310 456 1
310 482 1
310 756 1
310 904 1
310 1241 1
310 1264 1
310 1566 1
310 1819 1
310 1865 1
311 146 1
311 609 1
311 643 1
311 829 1
311 847 1
311 930 1
311 937 1
311 1003 1
311 1108 1
311 1293 1
311 1358 1
311 1729 1
312 227 1
312 1325 1
312 1485 1
312 2035 1
313 351 1
313 423 1
313 584 1
313 1049 1
313 1303 1
313 1378 1
313 1510 1
313 1670 1
313 1939 1
314 182 1
314 207 1
314 270 1
314 1355 1
314 2013 1
315 1222 1
316 1257 1
316 1332 1
316 1949 1
317 110 1
317 265 1
319 194 1
319 299 1
320 451 1
320 1851 1
321 540 1
321 1467 1
321 1811 1
321 1864 1
321 1908 1
322 113 1
322 440 1
322 467 1
322 732 1
322 757 1
322 927 1
322 1057 1
322 1173 1
322 1226 1
322 1239 1
322 1555 1
322 1747 1
322 1838 1
323 75 1
323 435 1
323 453 1
323 763 1
323 839 1
323 867 1
323 1098 1
323 1149 1
323 1183 1
323 1338 1
323 1442 1
323 1667 1
323 1761 1
323 1970 1
324 209 1
324 231 1
324 279 1
324 361 1
324 544 1
324 631 1
324 675 1
324 695 1
324 1060 1
324 1078 1
324 1248 1
324 1458 1
324 1516 1
324 1605 1
324 1622 1
324 1722 1
325 3 1
325 93 1
325 168 1
325 282 1
325 297 1
325 369 1
325 459 1
325 702 1
325 861 1
325 1199 1
325 1437 1
325 1499 1
325 1655 1
325 1867 1
325 2005 1
326 58 1
326 259 1
326 566 1
326 614 1
326 671 1
326 705 1
326 743 1
326 798 1
326 887 1
326 1080 1
326 1116 1
326 1247 1
326 1409 1
326 1484 1
326 1857 1
327 235 1
327 612 1
327 644 1
327 654 1
327 993 1
327 1026 1
327 1072 1
327 1745 1
327 1963 1
328 429 1
328 461 1
328 733 1
328 771 1
328 879 1
328 1127 1
328 1220 1
328 1454 1
328 1787 1
328 1968 1
329 217 1
329 1115 1
329 1156 1
329 1648 1
329 1719 1
330 122 1
330 135 1
330 306 1
330 727 1
330 737 1
331 56 1
331 236 1
331 1185 1
331 1513 1
332 765 1
332 1245 1
333 462 1
333 490 1
333 1086 1
333 2025 1
334 374 1
334 625 1
334 1346 1
334 1440 1
334 2011 1
335 343 1
335 1924 1
336 278 1
337 105 1
337 1457 1
338 68 1
338 252 1
338 290 1
338 632 1
338 1096 1
338 1219 1
338 1424 1
338 1553 1
338 1643 1
339 40 1
339 376 1
339 587 1
339 606 1
339 686 1
339 897 1
339 1228 1
339 1359 1
339 1926 1
339 1995 1
340 154 1
340 492 1
340 629 1
340 655 1
340 750 1
340 893 1
340 1029 1
340 1076 1
340 1117 1
340 1350 1
340 1615 1
340 1735 1
340 1773 1
340 1795 1
340 1826 1
340 1855 1
340 1859 1
340 1981 1
340 2019 1
341 10 1
341 123 1
341 310 1
341 397 1
341 428 1
341 470 1
341 478 1
341 484 1
341 548 1
341 640 1
341 680 1
341 836 1
341 884 1
341 924 1
341 963 1
341 1176 1
341 1249 1
341 1285 1
341 1395 1
341 1608 1
341 1672 1
341 1714 1
341 1757 1
341 1834 1
341 1895 1
342 339 1
342 409 1
342 739 1
342 999 1
342 1031 1
342 1205 1
342 1291 1
342 1341 1
342 1589 1
342 1866 1
343 140 1
343 195 1
343 222 1
343 333 1
343 380 1
343 563 1
343 802 1
343 890 1
343 950 1
343 1050 1
343 1114 1
343 1147 1
343 1189 1
343 1235 1
343 1846 1
344 225 1
344 261 1
344 619 1
344 1730 1
344 1854 1
344 1901 1
344 1964 1
345 84 1
345 139 1
345 844 1
345 872 1
345 975 1
345 1181 1
345 1691 1
345 1831 1
345 1862 1
345 1889 1
346 72 1
346 726 1
346 1103 1
346 1120 1
346 1348 1
346 1380 1
346 1809 1
346 2047 1
347 239 1
347 998 1
347 1683 1
347 1823 1
348 402 1
348 700 1
348 1685 1
348 1988 1
349 1744 1
350 15 1
350 965 1
350 1213 1
351 340 1
351 953 1
351 1453 1
353 719 1
353 832 1
353 906 1
353 908 1
353 1258 1
353 1294 1
353 1804 1
353 1849 1
354 767 1
354 1807 1
354 1989 1
355 550 1
355 603 1
355 639 1
355 658 1
355 668 1
355 862 1
355 902 1
355 1037 1
355 1284 1
355 1436 1
355 1542 1
355 1873 1
356 32 1
356 47 1
356 141 1
356 160 1
356 317 1
356 477 1
356 512 1
356 641 1
356 848 1
356 909 1
356 934 1
356 962 1
356 1157 1
356 1324 1
356 1396 1
356 1723 1
356 1724 1
356 1733 1
356 1853 1
356 1905 1
356 1918 1
356 1960 1
356 1976 1
357 89 1
357 129 1
357 281 1
357 518 1
357 529 1
357 729 1
357 827 1
357 982 1
357 1018 1
357 1170 1
357 1172 1
357 1187 1
357 1230 1
357 1354 1
357 1401 1
357 1464 1
357 1472 1
357 1492 1
357 1568 1
357 1653 1
357 1813 1
357 1913 1
357 1993 1
358 88 1
358 255 1
358 349 1
358 573 1
358 627 1
358 661 1
358 789 1
358 809 1
358 813 1
358 828 1
358 874 1
358 1041 1
358 1106 1
358 1209 1
358 1373 1
358 1518 1
358 1576 1
358 1894 1
359 61 1
359 159 1
359 190 1
359 359 1
359 431 1
359 986 1
359 1010 1
359 1020 1
359 1562 1
359 1595 1
359 1861 1
359 1937 1
359 2021 1
360 54 1
360 455 1
360 499 1
360 516 1
360 593 1
360 594 1
360 652 1
360 866 1
360 957 1
360 1150 1
360 1171 1
360 1193 1
360 1461 1
360 1678 1
360 1868 1
361 2 1
361 289 1
361 313 1
361 1118 1
361 1207 1
361 1279 1
362 176 1
362 244 1
362 559 1
362 791 1
362 915 1
362 1079 1
362 1113 1
362 1413 1
362 1587 1
362 1609 1
362 1707 1
363 498 1
363 657 1
363 803 1
363 1473 1
363 1665 1
364 246 1
364 970 1
365 572 1
365 797 1
365 1743 1
366 298 1
366 590 1
366 592 1
366 615 1
366 1322 1
368 1888 1
369 820 1
369 923 1
369 1503 1
370 150 1
370 184 1
370 471 1
370 521 1
370 1385 1
370 1764 1
370 1902 1
371 13 1
371 22 1
371 153 1
371 211 1
371 219 1
371 393 1
371 692 1
371 928 1
371 1012 1
371 1043 1
371 1130 1
371 1148 1
371 1236 1
371 1251 1
371 1362 1
371 1427 1
371 1489 1
371 1806 1
371 1900 1
371 1916 1
372 5 1
372 300 1
372 344 1
372 353 1
372 363 1
372 408 1
372 425 1
372 530 1
372 853 1
372 933 1
372 951 1
372 1198 1
372 1320 1
372 1367 1
372 1536 1
372 1569 1
372 1705 1
372 1762 1
372 1878 1
372 2034 1
373 11 1
373 18 1
373 73 1
373 242 1
373 546 1
373 551 1
373 579 1
373 712 1
373 901 1
373 1126 1
373 1353 1
373 1416 1
373 1438 1
373 1444 1
373 1574 1
373 1720 1
373 1829 1
374 25 1
374 86 1
374 131 1
374 177 1
374 179 1
374 191 1
374 433 1
374 525 1
374 528 1
374 617 1
374 651 1
374 673 1
374 715 1
374 716 1
374 725 1
374 978 1
374 1046 1
374 1138 1
374 1225 1
374 1238 1
374 1252 1
374 1262 1
374 1300 1
374 1309 1
374 1349 1
374 1586 1
374 1627 1
374 1645 1
374 1910 1
375 20 1
375 82 1
375 238 1
375 405 1
375 468 1
375 541 1
375 637 1
375 660 1
375 773 1
375 892 1
375 954 1
375 1045 1
375 1265 1
375 1598 1
375 1805 1
375 1879 1
375 1998 1
375 2039 1
376 180 1
376 205 1
376 665 1
376 741 1
376 814 1
376 830 1
376 1374 1
376 1433 1
376 1443 1
376 1462 1
376 1741 1
376 2008 1
377 823 1
377 834 1
377 961 1
377 988 1
377 992 1
377 1153 1
377 1295 1
377 1408 1
377 1514 1
377 1969 1
378 249 1
378 403 1
378 487 1
378 535 1
378 656 1
378 932 1
378 1421 1
378 1481 1
378 1814 1
379 99 1
379 117 1
379 157 1
379 253 1
379 432 1
379 1298 1
380 78 1
380 90 1
380 293 1
380 1068 1
380 1133 1
380 1136 1
381 557 1
381 989 1
382 524 1
382 766 1
382 1084 1
383 142 1
383 891 1
384 65 1
384 1490 1
385 80 1
385 328 1
385 1591 1
386 241 1
386 355 1
386 1233 1
386 1242 1
387 264 1
387 746 1
387 838 1
387 1204 1
387 1526 1
387 2015 1
388 19 1
388 24 1
388 33 1
388 162 1
388 174 1
388 356 1
388 366 1
388 493 1
388 653 1
388 761 1
388 981 1
388 1188 1
388 1304 1
388 1363 1
388 1548 1
388 1570 1
388 1596 1
388 1766 1
388 1972 1
388 2045 1
389 28 1
389 166 1
389 208 1
389 357 1
389 386 1
389 787 1
389 793 1
389 983 1
389 1052 1
389 1196 1
389 1259 1
389 1392 1
389 1632 1
389 1658 1
389 1759 1
389 1848 1
389 1852 1
389 1891 1
389 1938 1
389 1962 1
390 12 1
390 336 1
390 488 1
390 598 1
390 1047 1
390 1062 1
390 1132 1
390 1180 1
390 1231 1
390 1302 1
390 1331 1
390 1423 1
390 1448 1
390 1466 1
390 1482 1
390 1610 1
390 1698 1
390 1701 1
390 1751 1
390 1863 1
390 1899 1
390 1920 1
390 1952 1
390 1973 1
391 37 1
391 53 1
391 63 1
391 762 1
391 1016 1
391 1169 1
391 1460 1
391 1651 1
391 1708 1
391 1858 1
391 1911 1
392 391 1
392 452 1
392 503 1
392 691 1
392 785 1
392 842 1
392 910 1
392 942 1
392 1425 1
392 1557 1
392 1656 1
392 1687 1
392 1786 1
392 1871 1
392 1898 1
392 1991 1
392 2033 1
393 30 1
393 118 1
393 713 1
393 1007 1
393 1154 1
393 1502 1
393 1525 1
393 1817 1
393 1896 1
393 2036 1
394 8 1
394 165 1
394 240 1
394 277 1
394 350 1
394 837 1
394 888 1
394 1129 1
394 1697 1
394 1982 1
395 143 1
395 163 1
395 690 1
395 1090 1
395 1208 1
395 1799 1
396 674 1
396 685 1
396 760 1
396 849 1
396 1337 1
396 1488 1
396 1491 1
397 385 1
397 392 1
397 1128 1
398 69 1
398 309 1
398 413 1
398 1638 1
398 1942 1
399 192 1
399 234 1
399 1099 1
399 1411 1
400 97 1
401 1447 1
401 1530 1
403 134 1
403 175 1
403 258 1
403 495 1
403 1959 1
404 49 1
404 100 1
404 404 1
404 562 1
404 626 1
404 667 1
404 800 1
404 854 1
404 914 1
404 922 1
404 925 1
404 1366 1
404 1780 1
404 1816 1
404 1886 1
404 1890 1
404 1979 1
405 23 1
405 221 1
405 250 1
405 251 1
405 419 1
405 501 1
405 938 1
405 1024 1
405 1081 1
405 1299 1
405 1383 1
405 1496 1
405 1754 1
405 1820 1
405 1845 1
405 1922 1
405 1927 1
405 1947 1
405 1953 1
405 1996 1
406 41 1
406 187 1
406 305 1
406 394 1
406 417 1
406 476 1
406 730 1
406 1021 1
406 1030 1
406 1070 1
406 1206 1
406 1266 1
406 1330 1
406 1412 1
406 1524 1
406 1760 1
406 1874 1
406 1985 1
407 263 1
407 395 1
407 399 1
407 436 1
407 751 1
407 795 1
407 1001 1
407 1163 1
407 1327 1
407 1435 1
407 1593 1
407 1756 1
407 1777 1
407 1812 1
407 1932 1
407 1948 1
408 91 1
408 383 1
408 424 1
408 454 1
408 759 1
408 973 1
408 1015 1
408 1083 1
408 1232 1
408 1585 1
408 1588 1
408 1839 1
409 151 1
409 256 1
409 410 1
409 442 1
409 448 1
409 539 1
409 555 1
409 684 1
409 721 1
409 1094 1
409 1101 1
409 1364 1
409 1386 1
409 1402 1
409 1418 1
410 271 1
410 342 1
410 1131 1
410 1361 1
410 1375 1
410 1748 1
410 1850 1
411 155 1
411 304 1
411 348 1
411 406 1
411 523 1
411 956 1
412 483 1
412 682 1
412 1082 1
413 558 1
413 1040 1
413 1711 1
414 4 1
414 9 1
414 127 1
414 772 1
414 1700 1
415 324 1
415 564 1
415 873 1
415 1011 1
416 416 1
416 630 1
416 786 1
417 817 1
417 1379 1
418 583 1
418 734 1
418 1283 1
418 1314 1
418 1579 1
418 1580 1
418 1601 1
418 1630 1
418 1793 1
419 85 1
419 438 1
419 711 1
419 2001 1
420 198 1
420 589 1
420 738 1
420 1034 1
420 1140 1
420 1419 1
420 1689 1
420 1712 1
420 1789 1
420 2042 1
421 145 1
421 147 1
421 152 1
421 421 1
421 569 1
421 599 1
421 697 1
421 783 1
421 804 1
421 964 1
421 1092 1
421 1352 1
421 1428 1
421 1614 1
421 1671 1
421 1791 1
421 1907 1
421 1990 1
422 51 1
422 294 1
422 334 1
422 371 1
422 398 1
422 513 1
422 534 1
422 552 1
422 582 1
422 688 1
422 811 1
422 875 1
422 1013 1
422 1316 1
422 1506 1
422 1657 1
422 1783 1
422 1800 1
422 1870 1
422 1943 1
422 2003 1
422 2041 1
423 6 1
423 27 1
423 213 1
423 325 1
423 677 1
423 855 1
423 878 1
423 1143 1
423 1465 1
423 1617 1
423 2029 1
424 171 1
424 215 1
424 320 1
424 472 1
424 531 1
424 568 1
424 790 1
424 1505 1
424 1552 1
424 1563 1
424 1564 1
424 1571 1
424 1594 1
424 1828 1
424 1875 1
425 285 1
425 370 1
425 510 1
425 864 1
425 946 1
425 1214 1
425 1255 1
425 1282 1
425 1390 1
425 1511 1
425 1537 1
425 1634 1
425 1652 1
425 1840 1
425 2018 1
426 119 1
426 596 1
426 722 1
426 1186 1
426 1351 1
426 1611 1
427 16 1
427 372 1
427 896 1
427 1317 1
428 280 1
428 1992 1
429 645 1
429 1509 1
429 1794 1
429 1925 1
430 1429 1
430 1497 1
431 636 1
431 806 1
432 1680 1
433 34 1
433 426 1
434 944 1
434 1073 1
435 39 1
435 575 1
435 687 1
435 1455 1
436 262 1
436 345 1
436 460 1
436 620 1
436 646 1
436 782 1
436 880 1
436 967 1
436 1160 1
436 1310 1
436 1558 1
436 1727 1
437 245 1
437 375 1
437 507 1
437 515 1
437 607 1
437 796 1
437 859 1
437 960 1
437 1006 1
437 1260 1
437 1306 1
437 1340 1
437 1404 1
437 1446 1
437 1459 1
437 1560 1
437 1578 1
437 1629 1
437 1677 1
437 1704 1
437 1716 1
437 1758 1
437 1802 1
437 1830 1
437 1841 1
437 2004 1
438 74 1
438 188 1
438 193 1
438 212 1
438 248 1
438 273 1
438 347 1
438 360 1
438 463 1
438 542 1
438 602 1
438 1100 1
438 1178 1
438 1192 1
438 1223 1
438 1393 1
438 1533 1
438 1544 1
438 1545 1
438 1619 1
438 1703 1
438 1740 1
438 1923 1
439 62 1
439 311 1
439 335 1
439 491 1
439 527 1
439 545 1
439 610 1
439 618 1
439 634 1
439 678 1
439 764 1
439 807 1
439 917 1
439 943 1
439 955 1
439 1025 1
439 1064 1
439 1321 1
439 1336 1
439 1483 1
439 1508 1
440 148 1
440 302 1
440 443 1
440 450 1
440 580 1
440 659 1
440 709 1
440 851 1
440 1055 1
440 1123 1
440 1179 1
440 1347 1
440 1641 1
441 21 1
441 200 1
441 533 1
441 769 1
441 1048 1
441 1365 1
441 1452 1
441 1504 1
441 1631 1
441 1675 1
441 1693 1
441 1718 1
441 1914 1
441 2010 1
441 2027 1
442 614 1
442 724 1
442 919 1
442 979 1
442 1721 1
442 1725 1
442 1797 1
442 1915 1
443 816 1
443 889 1
443 1494 1
443 1713 1
443 1917 1
443 2014 1
444 833 1
444 1887 1
445 26 1
446 717 1
446 1788 1
447 422 1
447 1986 1
449 114 1
449 940 1
449 1301 1
450 868 1
451 121 1
451 144 1
451 283 1
451 407 1
451 526 1
451 707 1
451 1342 1
451 1500 1
451 1573 1
451 1818 1
452 112 1
452 439 1
452 670 1
452 812 1
452 937 1
452 1042 1
452 1234 1
452 1286 1
452 1287 1
452 1308 1
452 1575 1
452 1600 1
452 1604 1
452 1778 1
452 1827 1
452 1883 1
452 2023 1
453 55 1
453 60 1
453 102 1
453 107 1
453 126 1
453 203 1
453 229 1
453 326 1
453 330 1
453 473 1
453 497 1
453 522 1
453 538 1
453 543 1
453 561 1
453 588 1
453 788 1
453 900 1
453 987 1
453 1075 1
453 1274 1
453 1475 1
453 1486 1
453 1550 1
453 1561 1
453 1661 1
453 1664 1
453 1734 1
453 1736 1
453 1903 1
453 2031 1
454 106 1
454 120 1
454 130 1
454 149 1
454 415 1
454 418 1
454 465 1
454 570 1
454 871 1
454 1004 1
454 1036 1
454 1039 1
454 1053 1
454 1102 1
454 1109 1
454 1112 1
454 1250 1
454 1281 1
454 1307 1
454 1391 1
454 1434 1
454 1519 1
454 1540 1
454 1554 1
454 1633 1
454 1660 1
454 1912 1
454 1928 1
454 1934 1
454 2037 1
455 427 1
455 464 1
455 744 1
455 780 1
455 869 1
455 885 1
455 911 1
455 984 1
455 1066 1
455 1125 1
455 1151 1
455 1612 1
455 1628 1
455 1676 1
455 1710 1
455 1732 1
455 1832 1
455 1838 1
455 1961 1
456 1 1
456 36 1
456 76 1
456 103 1
456 201 1
456 210 1
456 318 1
456 441 1
456 567 1
456 770 1
456 776 1
456 990 1
456 1288 1
456 1463 1
456 1476 1
456 1590 1
456 1603 1
456 1702 1
456 1763 1
456 2032 1
457 14 1
457 373 1
457 445 1
457 647 1
457 1621 1
457 1690 1
457 1822 1
457 1946 1
458 947 1
458 1051 1
458 1493 1
458 1738 1
458 1847 1
458 1951 1
459 101 1
459 1781 1
459 1877 1
460 565 1
460 810 1
460 840 1
460 1069 1
460 1836 1
461 1532 1
462 38 1
462 322 1
462 1538 1
463 505 1
463 669 1
463 1167 1
463 1184 1
463 1200 1
463 1246 1
463 1670 1
463 1717 1
465 1326 1
466 701 1
466 882 1
466 913 1
466 1397 1
467 132 1
467 216 1
467 218 1
467 949 1
467 958 1
467 1005 1
467 1027 1
467 1097 1
467 1240 1
467 1551 1
467 1581 1
467 1784 1
467 1892 1
467 1984 1
468 275 1
468 312 1
468 315 1
468 329 1
468 613 1
468 748 1
468 777 1
468 826 1
468 918 1
468 1038 1
468 1155 1
468 1217 1
468 1275 1
468 1426 1
468 1451 1
468 1592 1
468 1613 1
468 1626 1
468 1688 1
468 1715 1
468 1790 1
468 1909 1
468 1921 1
468 1955 1
469 42 1
469 98 1
469 116 1
469 136 1
469 170 1
469 228 1
469 232 1
469 237 1
469 269 1
469 511 1
469 536 1
469 693 1
469 784 1
469 819 1
469 857 1
469 1065 1
469 1339 1
469 1377 1
469 1415 1
469 1422 1
469 1474 1
469 1517 1
469 1523 1
469 1696 1
469 1821 1
469 1867 1
469 1978 1
470 52 1
470 284 1
470 307 1
470 382 1
470 411 1
470 628 1
470 650 1
470 735 1
470 929 1
470 974 1
470 1146 1
470 1165 1
470 1212 1
470 1227 1
470 1292 1
470 1387 1
470 1624 1
470 1785 1
470 2013 1
471 77 1
471 457 1
471 681 1
471 831 1
471 876 1
471 905 1
471 1312 1
471 1356 1
471 1406 1
471 1512 1
471 1546 1
471 1770 1
471 1779 1
471 1837 1
471 1980 1
471 2024 1
472 274 1
472 549 1
472 578 1
472 781 1
472 845 1
472 850 1
472 1399 1
472 1541 1
472 1649 1
472 1753 1
472 1771 1
472 1798 1
472 1801 1
472 1835 1
473 87 1
473 196 1
473 316 1
473 447 1
473 752 1
473 968 1
473 1056 1
473 1095 1
473 1175 1
473 1197 1
473 1567 1
474 183 1
474 331 1
474 449 1
474 672 1
474 794 1
474 881 1
474 995 1
474 1410 1
474 1616 1
475 226 1
475 453 1
475 749 1
475 778 1
475 1134 1
475 1686 1
475 1876 1
476 877 1
476 1035 1
476 1456 1
477 83 1
477 247 1
477 489 1
477 553 1
478 643 1
478 948 1
478 1152 1
479 821 1
480 1566 1
481 622 1
481 696 1
481 860 1
481 1510 1
482 486 1
482 894 1
482 1162 1
482 2022 1
483 104 1
483 390 1
483 437 1
483 514 1
483 642 1
483 666 1
483 756 1
483 815 1
483 1077 1
483 1085 1
483 1271 1
483 1534 1
483 1843 1
484 124 1
484 268 1
484 272 1
484 560 1
484 601 1
484 825 1
484 835 1
484 843 1
484 912 1
484 921 1
484 1000 1
484 1017 1
484 1144 1
484 1276 1
484 1369 1
484 1606 1
484 1637 1
484 1647 1
484 1742 1
484 1881 1
485 35 1
485 128 1
485 169 1
485 199 1
485 230 1
485 381 1
485 420 1
485 532 1
485 609 1
485 723 1
485 1343 1
485 1699 1
485 1772 1
485 1956 1
485 2044 1
486 181 1
486 214 1
486 341 1
486 343 1
486 352 1
486 708 1
486 714 1
486 740 1
486 753 1
486 883 1
486 1058 1
486 1161 1
486 1201 1
486 1221 1
486 1368 1
486 1414 1
486 1666 1
486 1739 1
486 1767 1
486 1931 1
486 2017 1
487 125 1
487 164 1
487 186 1
487 189 1
487 308 1
487 314 1
487 608 1
487 663 1
487 771 1
487 898 1
487 1061 1
487 1137 1
487 1210 1
487 1290 1
487 1381 1
487 1384 1
487 1445 1
487 1487 1
487 1531 1
487 1663 1
487 1825 1
487 1860 1
487 1987 1
488 303 1
488 508 1
488 591 1
488 648 1
488 915 1
488 1121 1
488 1256 1
488 1313 1
488 1583 1
488 1650 1
488 1755 1
488 1808 1
488 1950 1
489 45 1
489 48 1
489 79 1
489 243 1
489 745 1
489 1182 1
489 1371 1
489 1376 1
489 1437 1
489 1543 1
489 1556 1
489 1636 1
489 1644 1
489 2038 1
490 267 1
490 288 1
490 1049 1
490 1682 1
490 1967 1
491 92 1
491 296 1
491 1926 1
491 1940 1
491 1965 1
492 138 1
492 292 1
492 559 1
492 1194 1
493 993 1
493 1478 1
493 1527 1
494 206 1
494 916 1
494 1026 1
494 1280 1
496 297 1
496 920 1
496 1520 1
496 1994 1
497 1417 1
497 1441 1
497 1640 1
497 1945 1
498 137 1
498 624 1
498 935 1
498 1203 1
498 1267 1
498 1515 1
498 1893 1
499 64 1
499 156 1
499 506 1
499 556 1
499 903 1
499 977 1
499 1008 1
499 1145 1
499 1485 1
499 1501 1
499 2002 1
499 2043 1
500 167 1
500 358 1
500 547 1
500 595 1
500 736 1
500 758 1
500 799 1
500 959 1
500 1067 1
500 1202 1
500 1318 1
500 1323 1
500 1345 1
500 1388 1
500 1495 1
500 1507 1
500 1528 1
500 2007 1
501 67 1
501 259 1
501 295 1
501 346 1
501 400 1
501 574 1
501 638 1
501 679 1
501 710 1
501 718 1
501 747 1
501 824 1
501 852 1
501 1033 1
501 1054 1
501 1074 1
501 1139 1
501 1142 1
501 1244 1
501 1315 1
501 1522 1
501 1582 1
501 1669 1
501 1842 1
501 1904 1
501 1944 1
502 146 1
502 327 1
502 338 1
502 475 1
502 554 1
502 581 1
502 742 1
502 805 1
502 969 1
502 1166 1
502 1177 1
502 1211 1
502 1344 1
502 1529 1
502 1774 1
502 1792 1
502 1810 1
502 1929 1
502 1957 1
502 1999 1
502 2030 1
503 108 1
503 401 1
503 502 1
503 537 1
503 704 1
503 779 1
503 839 1
503 907 1
503 991 1
503 1057 1
503 1218 1
503 1400 1
503 1565 1
503 1623 1
503 1729 1
503 2028 1
504 172 1
504 194 1
504 217 1
504 287 1
504 384 1
504 474 1
504 683 1
504 939 1
504 966 1
504 971 1
504 1159 1
504 1389 1
504 1941 1
504 1974 1
504 2006 1
504 2020 1
505 57 1
505 290 1
505 870 1
505 1335 1
505 1584 1
505 1609 1
505 1662 1
505 1750 1
506 29 1
506 225 1
506 337 1
506 462 1
506 509 1
506 586 1
506 801 1
506 846 1
506 1954 1
507 71 1
507 520 1
507 1044 1
507 1254 1
507 1521 1
508 46 1
508 354 1
508 444 1
508 1539 1
508 1782 1
508 1983 1
509 84 1
509 109 1
509 1087 1
509 1270 1
509 1997 1
510 291 1
510 1479 1
511 941 1
512 1022 1
512 1164 1
512 1268 1
512 1293 1
512 1420 1
513 621 1
513 1237 1
514 430 1
514 720 1
514 755 1
514 1060 1
515 321 1
515 1394 1
515 1407 1
515 1884 1
515 2046 1
516 59 1
516 202 1
516 456 1
516 481 1
516 485 1
516 597 1
516 699 1
516 899 1
516 931 1
516 1105 1
516 1272 1
516 1297 1
516 1305 1
516 1599 1
516 1681 1
516 1765 1
516 1768 1
516 1856 1
516 1865 1
517 17 1
517 95 1
517 178 1
517 478 1
517 631 1
517 818 1
517 895 1
517 1063 1
517 1215 1
517 1241 1
517 1405 1
517 1450 1
517 1498 1
517 1625 1
517 1709 1
517 1815 1
517 1862 1
517 1949 1
517 1975 1
518 31 1
518 44 1
518 266 1
518 319 1
518 494 1
518 496 1
518 500 1
518 774 1
518 1032 1
518 1370 1
518 1880 1
519 7 1
519 168 1
519 254 1
519 368 1
519 482 1
519 571 1
519 775 1
519 856 1
519 908 1
519 1119 1
519 1762 1
519 1963 1
519 2012 1
520 66 1
520 223 1
520 396 1
520 945 1
520 1019 1
520 1273 1
520 1353 1
520 1654 1
520 1977 1
521 94 1
521 133 1
521 233 1
521 323 1
521 633 1
521 863 1
521 1086 1
521 1439 1
521 1685 1
521 1694 1
522 211 1
522 301 1
522 367 1
522 1239 1
522 1289 1
522 1674 1
523 260 1
523 414 1
523 480 1
523 1209 1
523 1303 1
523 1311 1
523 1642 1
523 1976 1
524 81 1
524 158 1
524 197 1
524 220 1
524 257 1
525 616 1
525 952 1
525 994 1
525 1635 1
525 1826 1
525 1906 1
526 276 1
526 980 1
526 1618 1
527 694 1
527 1093 1
527 1706 1
527 1995 1
528 1023 1
528 1605 1
529 604 1
529 1168 1
529 1885 1
530 676 1
530 1769 1
530 1966 1
531 185 1
531 317 1
531 585 1
531 841 1
531 1106 1
531 1120 1
531 1229 1
531 1589 1
531 1746 1
531 1749 1
532 434 1
532 519 1
532 706 1
532 768 1
532 847 1
532 848 1
532 884 1
532 1002 1
532 1107 1
532 1659 1
532 1747 1
532 1796 1
532 1882 1
532 1930 1
532 1936 1
533 43 1
533 182 1
533 286 1
533 374 1
533 517 1
533 649 1
533 727 1
533 1147 1
533 1158 1
533 1220 1
533 1243 1
533 1620 1
533 1719 1
534 166 1
534 364 1
534 365 1
534 451 1
534 728 1
534 976 1
534 1088 1
534 1141 1
534 1257 1
534 1396 1
534 1469 1
534 1679 1
534 1723 1
534 1958 1
534 1960 1
534 1970 1
535 191 1
535 332 1
535 644 1
535 680 1
535 732 1
535 1135 1
535 1173 1
535 1224 1
535 1278 1
535 1319 1
535 1786 1
535 1787 1
535 1864 1
535 1869 1
535 1971 1
536 479 1
536 544 1
536 1341 1
536 1409 1
536 1549 1
536 1646 1
536 1683 1
536 1775 1
536 1776 1
537 412 1
537 466 1
537 600 1
537 664 1
537 731 1
537 822 1
537 1009 1
537 1071 1
537 1191 1
537 1291 1
537 1477 1
537 1695 1
537 1803 1
537 1851 1
537 2048 1
538 70 1
538 611 1
538 623 1
538 1078 1
538 1872 1
538 2021 1
539 632 1
539 1380 1
539 1454 1
540 204 1
540 241 1
540 551 1
540 886 1
540 1627 1
540 1728 1
541 576 1
541 1003 1
541 1761 1
541 1985 1
542 754 1
542 1360 1
542 1401 1
542 1597 1
542 1741 1
542 1854 1
543 30 1
543 1115 1
543 2047 1
544 227 1
544 867 1
544 1334 1
545 1535 1
545 1722 1
546 113 1
546 743 1
546 1607 1
546 1692 1
546 2000 1
547 603 1
547 808 1
547 844 1
547 887 1
547 997 1
547 1029 1
547 1382 1
547 1468 1
547 1737 1
547 1919 1
548 111 1
548 289 1
548 333 1
548 435 1
548 985 1
548 1372 1
548 1513 1
548 1735 1
548 1897 1
549 10 1
549 96 1
549 490 1
549 654 1
549 655 1
549 661 1
549 689 1
549 703 1
549 726 1
549 820 1
549 865 1
549 1096 1
549 1248 1
549 1329 1
549 1499 1
549 1548 1
549 1553 1
549 1559 1
549 1684 1
549 1811 1
550 110 1
550 279 1
550 361 1
550 362 1
550 380 1
550 409 1
550 635 1
550 866 1
550 1028 1
550 1110 1
550 1111 1
550 1174 1
550 1213 1
550 1235 1
550 1403 1
550 1457 1
550 1935 1
551 88 1
551 187 1
551 363 1
551 389 1
551 423 1
551 612 1
551 625 1
551 996 1
551 1050 1
551 1104 1
551 1117 1
551 1190 1
551 1322 1
551 1333 1
551 1443 1
551 1577 1
551 1773 1
551 1844 1
552 173 1
552 195 1
552 207 1
552 504 1
552 1091 1
552 1332 1
552 1398 1
552 1530 1
552 1799 1
552 1833 1
552 1868 1
553 134 1
553 454 1
553 765 1
553 1099 1
553 1171 1
553 1471 1
553 1574 1
553 1648 1
554 115 1
554 163 1
554 235 1
554 579 1
554 829 1
554 934 1
554 1245 1
554 1285 1
554 1294 1
554 1467 1
555 150 1
555 1018 1
555 1308 1
555 1363 1
555 1385 1
555 1461 1
556 299 1
556 757 1
556 858 1
556 1059 1
556 1655 1
556 2005 1
556 2040 1
557 122 1
557 123 1
557 1338 1
557 1395 1
557 1525 1
557 1894 1
557 1900 1
558 498 1
558 791 1
559 950 1
559 1127 1
560 140 1
560 1697 1
561 250 1
561 492 1
561 658 1
561 1908 1
562 1156 1
562 1325 1
563 587 1
563 872 1
563 1358 1
563 1901 1
564 56 1
564 222 1
564 261 1
564 705 1
564 1284 1
564 1355 1
564 1673 1
564 1819 1
565 129 1
565 239 1
565 244 1
565 282 1
565 369 1
565 393 1
565 403 1
565 573 1
565 577 1
565 698 1
565 702 1
565 926 1
565 927 1
565 1031 1
565 1037 1
565 1157 1
565 1269 1
565 1639 1
565 1668 1
565 1757 1
565 1834 1
565 1902 1
565 1905 1
566 105 1
566 161 1
566 209 1
566 264 1
566 265 1
566 348 1
566 417 1
566 458 1
566 459 1
566 789 1
566 1124 1
566 1199 1
566 1296 1
567 386 1
567 467 1
567 572 1
567 584 1
567 686 1
567 767 1
567 890 1
567 1001 1
567 1189 1
567 1302 1
567 1408 1
567 1516 1
567 1542 1
567 1653 1
567 1809 1
568 165 1
568 566 1
568 719 1
568 909 1
568 1043 1
568 1068 1
568 1116 1
568 1183 1
568 1206 1
568 1328 1
568 1354 1
568 1413 1
568 1489 1
568 1608 1
568 1622 1
568 1698 1
568 1752 1
568 1899 1
569 32 1
569 277 1
569 351 1
569 617 1
569 620 1
569 688 1
569 793 1
569 940 1
569 1462 1
569 1470 1
569 1726 1
569 1839 1
570 58 1
570 484 1
570 530 1
570 874 1
570 998 1
570 1423 1
570 1435 1
570 1602 1
570 1677 1
570 1745 1
570 1937 1
570 2008 1
570 2016 1
571 964 1
571 1172 1
571 1264 1
571 1895 1
571 1932 1
572 2 1
572 50 1
572 461 1
572 487 1
572 739 1
572 1103 1
573 446 1
573 476 1
574 1442 1
574 1449 1
574 1667 1
574 1866 1
575 1010 1
575 1348 1
575 2045 1
576 729 1
576 1108 1
577 68 1
577 305 1
577 1795 1
577 1981 1
578 469 1
578 773 1
578 904 1
578 1261 1
578 1988 1
579 606 1
579 700 1
579 763 1
579 1185 1
579 1453 1
579 2035 1
580 313 1
580 378 1
580 516 1
580 925 1
580 1572 1
580 1705 1
580 1849 1
581 142 1
581 236 1
581 665 1
581 862 1
581 902 1
581 982 1
581 988 1
581 999 1
581 1230 1
581 1295 1
581 1357 1
581 1562 1
581 1678 1
581 1857 1
581 1875 1
582 5 1
582 72 1
582 89 1
582 174 1
582 177 1
582 205 1
582 470 1
582 809 1
582 992 1
582 1150 1
582 1187 1
582 1432 1
582 1555 1
582 1569 1
582 1707 1
582 1764 1
582 1910 1
583 12 1
583 154 1
583 379 1
583 405 1
583 675 1
583 893 1
583 933 1
583 936 1
583 1249 1
583 1253 1
583 1283 1
583 1448 1
583 1638 1
583 1861 1
583 2025 1
584 33 1
584 387 1
584 641 1
584 792 1
584 803 1
584 836 1
584 837 1
584 1193 1
584 1304 1
584 1378 1
584 1484 1
584 1712 1
584 1766 1
584 1853 1
585 73 1
585 141 1
585 252 1
585 372 1
585 477 1
585 671 1
585 785 1
585 906 1
585 1081 1
585 1122 1
585 1337 1
585 1359 1
585 1651 1
585 1718 1
585 1724 1
585 1804 1
585 2026 1
586 24 1
586 159 1
586 242 1
586 339 1
586 619 1
586 692 1
586 725 1
586 797 1
586 853 1
586 864 1
586 1367 1
586 1820 1
586 1855 1
587 540 1
587 750 1
587 923 1
587 963 1
587 1263 1
587 1279 1
587 1339 1
587 1444 1
587 1473 1
587 2036 1
588 429 1
588 657 1
588 1198 1
588 1362 1
588 1492 1
588 1502 1
589 78 1
589 962 1
589 989 1
589 1076 1
589 1219 1
589 1242 1
589 1436 1
589 1508 1
590 627 1
590 737 1
590 1922 1
591 639 1
591 640 1
592 377 1
592 2011 1
593 1431 1
593 1938 1
594 861 1
594 1913 1
595 930 1
595 1136 1
595 1225 1
595 1824 1
595 1927 1
596 179 1
596 1148 1
596 1547 1
596 1889 1
597 20 1
597 63 1
597 75 1
597 357 1
597 455 1
597 615 1
597 712 1
597 1079 1
597 1258 1
597 1427 1
597 1524 1
597 1630 1
597 1665 1
597 1924 1
598 25 1
598 93 1
598 175 1
598 328 1
598 349 1
598 416 1
598 431 1
598 512 1
598 813 1
598 834 1
598 981 1
598 1045 1
598 1072 1
598 1216 1
598 1228 1
598 1316 1
598 1324 1
598 1438 1
598 1598 1
598 1813 1
598 1814 1
598 1920 1
598 2039 1
599 99 1
599 246 1
599 306 1
599 592 1
599 814 1
599 892 1
599 978 1
599 1012 1
599 1014 1
599 1065 1
599 1118 1
599 1133 1
599 1149 1
599 1236 1
599 1418 1
599 1610 1
599 1672 1
599 1846 1
599 1859 1
599 1871 1
600 278 1
600 334 1
600 391 1
600 392 1
600 424 1
600 524 1
600 548 1
600 629 1
600 798 1
600 827 1
600 924 1
600 957 1
600 983 1
600 1080 1
600 1089 1
600 1090 1
600 1153 1
600 1181 1
600 1188 1
600 1265 1
600 1514 1
600 1612 1
600 1615 1
600 1777 1
600 1793 1
600 1968 1
601 157 1
601 281 1
601 302 1
601 350 1
601 356 1
601 428 1
601 510 1
601 564 1
601 593 1
601 673 1
601 833 1
601 928 1
601 944 1
601 972 1
601 1207 1
601 1266 1
601 1277 1
601 1320 1
601 1346 1
601 1480 1
601 1733 1
601 1807 1
601 1878 1
601 1933 1
601 2009 1
601 2041 1
602 65 1
602 238 1
602 402 1
602 951 1
602 1252 1
602 1331 1
602 1731 1
602 1939 1
603 258 1
603 471 1
603 507 1
603 535 1
603 787 1
603 891 1
603 953 1
603 1238 1
603 1298 1
603 1504 1
603 1518 1
603 1816 1
604 9 1
604 107 1
604 433 1
604 762 1
604 1233 1
604 1424 1
604 1536 1
604 1879 1
604 2032 1
604 2034 1
605 152 1
605 347 1
605 518 1
605 802 1
605 1039 1
605 1082 1
605 1366 1
605 1573 1
605 1829 1
606 97 1
606 280 1
606 448 1
606 525 1
606 541 1
606 873 1
606 1349 1
607 47 1
608 432 1
608 653 1
608 1850 1
609 160 1
609 240 1
609 678 1
609 795 1
609 1046 1
609 1126 1
609 1204 1
610 131 1
611 190 1
611 1195 1
612 605 1
612 961 1
612 1568 1
612 1744 1
613 8 1
613 11 1
613 135 1
613 224 1
613 413 1
613 499 1
613 501 1
613 832 1
613 1720 1
613 2015 1
614 49 1
614 162 1
614 353 1
614 366 1
614 557 1
614 562 1
614 582 1
614 668 1
614 693 1
614 786 1
614 897 1
614 901 1
614 1113 1
614 1327 1
614 1374 1
614 1481 1
614 1490 1
614 1823 1
614 2003 1
614 2033 1
615 406 1
615 1025 1
615 1421 1
615 1466 1
615 1595 1
615 1751 1
615 1916 1
615 1982 1
615 1989 1
616 22 1
616 192 1
616 273 1
616 385 1
616 529 1
616 838 1
616 932 1
616 1040 1
616 1222 1
616 1486 1
616 1560 1
616 1570 1
616 1797 1
616 1827 1
617 117 1
617 193 1
617 216 1
617 309 1
617 397 1
617 453 1
617 503 1
617 528 1
617 552 1
617 674 1
617 677 1
617 746 1
617 828 1
617 880 1
617 1176 1
617 1464 1
617 1828 1
617 1863 1
617 1888 1
617 1890 1
618 61 1
618 418 1
618 421 1
618 685 1
618 914 1
618 973 1
618 1011 1
618 1143 1
618 1379 1
618 1505 1
618 1617 1
618 1730 1
619 100 1
619 1128 1
619 1138 1
619 1247 1
619 1979 1
620 69 1
620 180 1
620 472 1
620 730 1
620 1085 1
620 1101 1
620 1783 1
620 1805 1
621 86 1
621 188 1
621 716 1
621 885 1
621 1178 1
621 1460 1
621 1687 1
621 1691 1
621 1710 1
622 198 1
622 335 1
622 733 1
622 1030 1
622 1756 1
622 2018 1
623 85 1
623 531 1
623 1386 1
623 1952 1
624 660 1
624 764 1
624 896 1
624 1852 1
624 1962 1
624 1996 1
625 594 1
625 1554 1
626 695 1
626 842 1
626 1094 1
627 1800 1
628 533 1
628 662 1
628 1472 1
628 2001 1
629 27 1
629 589 1
629 942 1
629 1129 1
629 1491 1
629 1503 1
629 1759 1
629 1943 1
629 1993 1
630 139 1
630 293 1
630 645 1
630 796 1
630 965 1
630 1196 1
630 1208 1
630 1309 1
630 1419 1
630 1645 1
630 1714 1
630 1990 1
631 355 1
631 371 1
631 555 1
631 854 1
631 888 1
631 1021 1
631 1656 1
631 1923 1
632 938 1
632 955 1
632 1226 1
632 1465 1
632 1680 1
632 1727 1
632 1763 1
632 1831 1
632 1928 1
632 1951 1
633 3 1
633 147 1
633 155 1
633 200 1
633 219 1
633 523 1
633 550 1
633 761 1
633 879 1
633 1042 1
633 1053 1
633 1251 1
633 1350 1
633 1425 1
633 1626 1
633 1780 1
634 151 1
634 231 1
634 234 1
634 255 1
634 383 1
634 715 1
634 967 1
634 1055 1
634 1098 1
634 1100 1
634 1231 1
634 1873 1
635 215 1
635 304 1
635 382 1
635 488 1
635 575 1
635 986 1
635 1428 1
635 1953 1
636 119 1
636 248 1
636 263 1
636 436 1
636 569 1
636 590 1
636 830 1
636 855 1
636 1580 1
636 1972 1
637 336 1
637 598 1
637 849 1
637 1041 1
637 1064 1
637 1326 1
637 1948 1
638 184 1
638 300 1
638 760 1
638 1891 1
639 213 1
639 1538 1
639 1991 1
640 381 1
640 1114 1
640 1708 1
640 1942 1
641 483 1
641 1154 1
641 1632 1
641 1740 1
641 1858 1
641 1896 1
641 1954 1
642 1223 1
642 1455 1
642 1591 1
643 1393 1
643 1770 1
643 1848 1
643 1886 1
643 1911 1
644 62 1
644 1969 1
644 1994 1
645 18 1
645 23 1
645 28 1
645 76 1
645 596 1
645 1015 1
645 1373 1
645 1430 1
645 1812 1
646 16 1
646 342 1
646 463 1
646 1083 1
646 1170 1
646 1483 1
647 176 1
647 310 1
647 359 1
647 360 1
647 425 1
647 546 1
647 547 1
647 563 1
647 667 1
647 800 1
647 1314 1
647 1352 1
647 1629 1
647 1689 1
647 1802 1
648 15 1
648 90 1
648 251 1
648 404 1
648 495 1
648 526 1
648 734 1
648 756 1
648 772 1
648 1250 1
648 1321 1
648 1411 1
648 1496 1
648 1571 1
648 1587 1
648 1593 1
648 1836 1
649 210 1
649 274 1
649 318 1
649 326 1
649 607 1
649 659 1
649 691 1
649 697 1
649 769 1
649 990 1
649 1186 1
649 1260 1
649 1604 1
649 1633 1
649 1652 1
649 1713 1
649 2014 1
649 2042 1
650 164 1
650 253 1
650 270 1
650 298 1
650 324 1
650 852 1
650 922 1
650 1034 1
650 1052 1
650 1070 1
650 1151 1
650 1169 1
650 1271 1
650 1412 1
650 1440 1
650 1898 1
650 1912 1
651 783 1
651 788 1
651 960 1
651 1416 1
651 1497 1
651 1515 1
652 817 1
652 1047 1
652 1342 1
652 1375 1
652 1429 1
652 1748 1
652 1959 1
653 419 1
653 553 1
653 684 1
653 1594 1
653 1701 1
653 1704 1
653 1984 1
654 411 1
654 905 1
654 1519 1
654 1738 1
654 1788 1
654 1801 1
655 230 1
655 284 1
655 753 1
655 1299 1
655 1700 1
655 2024 1
656 784 1
657 1180 1
657 1300 1
658 6 1
658 143 1
659 651 1
659 722 1
659 1163 1
659 1509 1
659 1523 1
659 1789 1
660 721 1
660 776 1
660 1947 1
661 145 1
661 256 1
661 388 1
661 439 1
661 811 1
661 1130 1
661 1310 1
661 1506 1
661 1507 1
662 42 1
662 54 1
662 399 1
662 442 1
662 452 1
662 567 1
662 647 1
662 943 1
662 1205 1
662 1476 1
662 1918 1
662 1963 1
663 1 1
663 60 1
663 80 1
663 294 1
663 376 1
663 426 1
663 806 1
663 1006 1
663 1182 1
663 1274 1
663 1537 1
663 1588 1
663 2019 1
664 26 1
664 149 1
664 208 1
664 229 1
664 247 1
664 311 1
664 527 1
664 690 1
664 709 1
664 898 1
664 958 1
664 1069 1
664 1433 1
664 1950 1
664 1957 1
665 40 1
665 118 1
665 634 1
665 679 1
665 707 1
665 751 1
665 1048 1
665 1447 1
665 1563 1
665 1585 1
665 1723 1
665 1758 1
665 1917 1
665 1973 1
665 2004 1
666 153 1
666 460 1
666 468 1
666 599 1
666 742 1
666 790 1
666 819 1
666 917 1
666 946 1
666 1155 1
666 1158 1
666 1306 1
666 1534 1
666 1552 1
666 1670 1
666 2037 1
667 344 1
667 373 1
667 422 1
667 521 1
667 713 1
667 744 1
667 949 1
667 1112 1
667 1541 1
668 556 1
668 766 1
668 910 1
668 913 1
668 956 1
668 1377 1
669 156 1
669 441 1
669 449 1
669 1004 1
669 1102 1
669 1131 1
669 1184 1
669 1557 1
669 1657 1
669 1690 1
670 218 1
670 652 1
670 1246 1
670 1404 1
670 1664 1
670 1841 1
670 1874 1
671 486 1
671 542 1
671 711 1
671 1494 1
671 1806 1
671 1914 1
671 1946 1
672 203 1
672 398 1
672 969 1
672 1282 1
672 1361 1
673 1383 1
673 1675 1
674 515 1
674 1365 1
675 290 1
675 1164 1
675 1883 1
677 87 1
677 112 1
677 427 1
677 560 1
677 610 1
677 669 1
677 1062 1
678 4 1
678 127 1
678 532 1
678 1390 1
678 1458 1
678 1545 1
678 1596 1
678 1614 1
678 1753 1
678 1998 1
679 395 1
679 440 1
679 497 1
679 511 1
679 1092 1
679 1109 1
679 1132 1
679 1317 1
679 1392 1
679 1576 1
679 1592 1
680 74 1
680 329 1
680 400 1
680 505 1
680 522 1
680 717 1
680 723 1
680 816 1
680 929 1
680 1087 1
680 1234 1
680 1613 1
680 1743 1
680 1851 1
680 1955 1
680 1956 1
681 51 1
681 123 1
681 340 1
681 370 1
681 408 1
681 580 1
681 650 1
681 656 1
681 687 1
681 740 1
681 741 1
681 748 1
681 782 1
681 941 1
681 1016 1
681 1027 1
681 1051 1
681 1217 1
681 1364 1
681 1403 1
681 1511 1
681 1671 1
681 1699 1
681 1721 1
681 1892 1
681 1915 1
681 2010 1
682 169 1
682 183 1
682 226 1
682 338 1
682 491 1
682 537 1
682 570 1
682 618 1
682 804 1
682 825 1
682 859 1
682 868 1
682 919 1
682 1013 1
682 1275 1
682 1434 1
682 1475 1
682 1621 1
682 1767 1
682 1771 1
682 1887 1
683 14 1
683 249 1
683 493 1
683 807 1
683 810 1
683 840 1
683 1007 1
683 1008 1
683 1075 1
683 1288 1
683 1292 1
683 1586 1
683 1611 1
683 1798 1
683 1840 1
683 1907 1
684 21 1
684 121 1
684 465 1
684 770 1
684 775 1
684 801 1
684 823 1
684 1005 1
684 1212 1
684 1303 1
684 1426 1
684 1565 1
684 1635 1
684 1711 1
684 1717 1
684 1832 1
684 1961 1
684 1977 1
685 83 1
685 181 1
685 314 1
685 407 1
685 586 1
685 626 1
685 1168 1
685 1262 1
685 1307 1
685 1402 1
685 1512 1
685 1578 1
685 1926 1
685 1965 1
685 2031 1
686 221 1
686 568 1
686 637 1
686 759 1
686 882 1
686 911 1
686 1024 1
686 1056 1
686 1616 1
686 1641 1
686 1838 1
687 1287 1
687 1397 1
687 1410 1
687 1527 1
687 1544 1
688 559 1
688 628 1
688 1986 1
689 283 1
689 1769 1
689 1921 1
690 171 1
690 966 1
690 1318 1
690 1822 1
691 443 1
691 600 1
691 850 1
691 1384 1
691 1736 1
692 232 1
692 954 1
692 1649 1
692 1794 1
693 233 1
693 681 1
693 1255 1
693 1567 1
694 614 1
694 1286 1
694 1488 1
695 53 1
695 201 1
695 918 1
695 1038 1
695 1073 1
695 1144 1
695 1420 1
695 1463 1
696 36 1
696 245 1
696 780 1
696 912 1
696 1389 1
696 1452 1
696 1540 1
696 1676 1
696 1686 1
696 1856 1
697 52 1
697 513 1
697 591 1
697 642 1
697 871 1
697 876 1
697 903 1
697 920 1
697 993 1
697 1146 1
697 1161 1
697 1210 1
697 1256 1
697 1388 1
697 1441 1
697 1529 1
697 1643 1
697 1754 1
697 1785 1
697 1825 1
697 1830 1
697 1992 1
698 77 1
698 136 1
698 148 1
698 228 1
698 341 1
698 500 1
698 558 1
698 630 1
698 701 1
698 718 1
698 738 1
698 869 1
698 875 1
698 916 1
698 937 1
698 974 1
698 984 1
698 1054 1
698 1125 1
698 1406 1
698 1510 1
698 1522 1
698 1550 1
698 1603 1
698 1981 1
699 82 1
699 325 1
699 394 1
699 464 1
699 514 1
699 601 1
699 749 1
699 835 1
699 857 1
699 894 1
699 1192 1
699 1241 1
699 1371 1
699 1532 1
699 1647 1
699 1688 1
699 2023 1
699 2038 1
700 475 1
700 534 1
700 666 1
700 696 1
700 781 1
700 821 1
700 1020 1
700 1162 1
700 1276 1
700 1335 1
700 1391 1
700 1517 1
700 1624 1
700 1650 1
700 1661 1
700 1967 1
701 19 1
701 114 1
701 202 1
701 327 1
701 332 1
701 1000 1
701 1017 1
701 1119 1
702 186 1
702 815 1
702 1422 1
702 1445 1
702 1543 1
702 1605 1
702 1791 1
702 1881 1
703 227 1
703 699 1
703 1330 1
703 1369 1
703 1381 1
703 1581 1
703 1583 1
703 1790 1
704 55 1
704 588 1
704 736 1
704 975 1
704 1121 1
704 1160 1
704 1558 1
704 1637 1
704 1749 1
704 2013 1
705 128 1
705 130 1
705 133 1
705 583 1
705 878 1
705 1450 1
705 1725 1
705 1964 1
706 237 1
706 1218 1
707 330 1
707 375 1
708 779 1
708 1600 1
709 91 1
709 1894 1
709 2027 1
710 126 1
710 636 1
710 1526 1
711 445 1
711 826 1
711 915 1
711 1026 1
711 1227 1
711 1399 1
711 1703 1
711 1818 1
711 1847 1
711 1978 1
712 358 1
712 457 1
712 565 1
712 799 1
712 843 1
712 979 1
712 1414 1
712 1533 1
713 39 1
713 84 1
713 101 1
713 137 1
713 167 1
713 225 1
713 602 1
713 1066 1
713 1575 1
713 1658 1
713 1784 1
713 1843 1
713 1909 1
713 2005 1
713 2029 1
714 103 1
714 109 1
714 199 1
714 271 1
714 473 1
714 539 1
714 638 1
714 663 1
714 720 1
714 970 1
714 1103 1
714 1387 1
714 1437 1
714 1660 1
714 1732 1
715 79 1
715 144 1
715 297 1
715 316 1
715 415 1
715 478 1
715 609 1
715 643 1
715 754 1
715 777 1
715 851 1
715 1240 1
715 1301 1
715 1312 1
715 1343 1
715 1531 1
715 1566 1
715 1579 1
715 1634 1
715 1696 1
715 1980 1
715 1987 1
716 37 1
716 45 1
716 132 1
716 708 1
716 881 1
716 935 1
716 959 1
716 1123 1
716 1134 1
716 1644 1
716 1734 1
716 1762 1
716 1778 1
716 1796 1
716 1860 1
716 1934 1
716 2002 1
717 124 1
717 447 1
717 812 1
717 948 1
717 1202 1
717 1328 1
717 1356 1
717 1451 1
717 1590 1
717 1668 1
717 1867 1
717 1949 1
718 81 1
718 536 1
718 860 1
718 997 1
718 1009 1
718 1095 1
718 1520 1
718 1609 1
718 1702 1
718 1931 1
719 217 1
719 312 1
719 467 1
719 805 1
719 1167 1
719 1200 1
719 1272 1
719 1290 1
719 1344 1
719 1546 1
720 146 1
720 374 1
720 939 1
720 1049 1
720 1177 1
720 1786 1
721 931 1
721 1084 1
721 1140 1
721 2006 1
722 346 1
722 496 1
722 794 1
722 1776 1
722 1781 1
722 2017 1
723 502 1
723 576 1
723 578 1
723 839 1
723 900 1
723 1308 1
723 1623 1
724 31 1
724 64 1
725 1036 1
726 1628 1
727 622 1
727 778 1
727 1267 1
728 170 1
728 303 1
728 508 1
728 987 1
728 1152 1
728 1347 1
728 1415 1
728 1459 1
728 1819 1
728 2022 1
729 275 1
729 315 1
729 506 1
729 1137 1
729 1179 1
729 1601 1
729 1755 1
729 1803 1
729 2043 1
730 48 1
730 102 1
730 254 1
730 410 1
730 420 1
730 444 1
730 574 1
730 603 1
730 831 1
730 921 1
730 1211 1
730 1281 1
730 1322 1
730 1542 1
730 1716 1
730 1821 1
730 1906 1
730 1944 1
731 429 1
731 481 1
731 1311 1
731 1351 1
731 1456 1
731 1482 1
731 1606 1
731 1742 1
731 1760 1
731 1870 1
731 1940 1
731 2048 1
732 113 1
732 194 1
732 196 1
732 731 1
732 870 1
732 991 1
732 1142 1
732 1206 1
732 1305 1
732 1405 1
732 1485 1
732 1679 1
732 1750 1
732 1983 1
732 2040 1
732 2044 1
733 17 1
733 676 1
733 735 1
733 824 1
733 908 1
733 1058 1
733 1193 1
733 1556 1
733 1835 1
734 92 1
734 95 1
734 265 1
734 268 1
734 549 1
734 623 1
734 694 1
734 1060 1
734 1117 1
734 1662 1
734 1757 1
735 212 1
735 456 1
735 758 1
735 1091 1
735 1201 1
735 1884 1
735 2020 1
736 7 1
736 260 1
736 423 1
736 554 1
736 611 1
736 683 1
736 745 1
736 1145 1
736 1966 1
737 125 1
737 287 1
737 631 1
737 1561 1
737 1787 1
737 1995 1
738 35 1
738 295 1
738 1213 1
738 1259 1
738 1493 1
738 1669 1
739 67 1
739 438 1
739 670 1
739 1471 1
740 925 1
741 197 1
741 269 1
741 450 1
741 585 1
741 1654 1
742 104 1
742 844 1
742 950 1
743 116 1
743 543 1
743 702 1
743 771 1
744 163 1
744 633 1
744 724 1
744 1033 1
744 1627 1
745 98 1
745 259 1
745 401 1
745 646 1
745 1297 1
745 1323 1
746 214 1
746 519 1
746 551 1
746 613 1
746 980 1
746 1031 1
746 1045 1
746 1367 1
746 1667 1
746 1765 1
747 175 1
747 235 1
747 430 1
747 509 1
747 710 1
747 1032 1
747 1077 1
747 1106 1
747 1185 1
747 1474 1
747 1525 1
747 1599 1
747 1666 1
747 1728 1
747 1774 1
747 1862 1
747 1941 1
748 34 1
748 38 1
748 285 1
748 320 1
748 649 1
748 757 1
748 947 1
748 1336 1
748 1766 1
748 1844 1
749 191 1
749 272 1
749 350 1
749 384 1
749 540 1
749 597 1
749 845 1
749 867 1
749 1141 1
749 1273 1
749 1495 1
749 1693 1
749 1729 1
749 1792 1
749 1839 1
749 1845 1
750 106 1
750 390 1
750 409 1
750 437 1
750 482 1
750 752 1
750 858 1
750 1122 1
750 1358 1
750 1431 1
750 1432 1
750 1551 1
750 1582 1
750 1619 1
750 1630 1
750 1659 1
750 1682 1
750 1782 1
750 2048 0
