3 59 1
4 19 1
5 34 1
6 32 1
6 1962 1
12 51 1
14 3 1
14 479 1
15 98 1
16 995 1
16 1068 1
17 57 1
17 212 1
17 271 1
17 1300 1
19 21 1
19 30 1
20 56 1
23 219 1
24 36 1
24 542 1
25 1 1
26 419 1
27 25 1
28 49 1
29 8 1
30 3 1
30 14 1
32 32 1
33 4 1
33 5 1
39 27 1
46 38 1
47 19 1
47 35 1
49 40 1
52 59 1
55 116 1
56 11 1
56 18 1
56 23 1
58 487 1
59 404 1
59 498 1
59 613 1
60 28 1
61 765 1
62 298 1
62 781 1
62 815 1
62 1061 1
63 951 1
64 43 1
64 45 1
65 22 1
65 112 1
65 576 1
65 606 1
66 38 1
69 49 1
69 305 1
70 13 1
70 1673 1
71 31 1
73 161 1
75 6 1
75 26 1
76 12 1
77 712 1
81 29 1
82 50 1
84 40 1
85 53 1
90 36 1
91 3 1
91 24 1
92 53 1
92 56 1
95 50 1
99 55 1
99 1623 1
100 50 1
101 34 1
102 40 1
102 55 1
103 29 1
103 47 1
105 37 1
105 43 1
105 84 1
106 457 1
107 9 1
110 21 1
111 15 1
111 1508 1
114 38 1
115 37 1
115 52 1
115 1329 1
115 1446 1
116 42 1
122 44 1
124 24 1
127 51 1
128 829 1
131 59 1
133 21 1
133 30 1
139 11 1
140 19 1
143 152 1
145 25 1
145 1818 1
147 46 1
150 33 1
150 412 1
150 691 1
151 455 1
151 1813 1
152 279 1
152 794 1
153 768 1
154 456 1
154 1706 1
155 64 1
157 1045 1
157 1134 1
158 803 1
159 1394 1
160 417 1
160 564 1
161 266 1
161 444 1
161 537 1
161 910 1
163 10 1
163 194 1
163 968 1
164 639 1
167 600 1
169 192 1
169 540 1
653 101 1
654 84 1
660 63 1
660 81 1
660 93 1
660 115 1
660 116 1
660 368 1
660 391 1
660 423 1
661 6 1
661 24 1
661 104 1
661 118 1
661 129 1
661 130 1
661 198 1
661 231 1
661 254 1
661 258 1
661 275 1
661 296 1
661 303 1
661 306 1
661 375 1
661 414 1
661 424 1
661 446 1
661 473 1
661 504 1
661 507 1
661 526 1
661 554 1
661 559 1
661 583 1
661 584 1
662 4 1
662 11 1
662 49 1
662 72 1
662 101 1
662 141 1
662 149 1
662 190 1
662 203 1
662 250 1
662 256 1
662 269 1
662 279 1
662 284 1
662 291 1
662 311 1
662 312 1
662 331 1
662 376 1
662 381 1
662 397 1
662 428 1
662 431 1
662 433 1
662 442 1
662 448 1
662 490 1
662 529 1
662 548 1
662 577 1
662 582 1
662 589 1
662 601 1
662 607 1
662 610 1
662 613 1
662 618 1
662 622 1
662 630 1
662 660 1
662 752 1
662 758 1
662 794 1
663 10 1
663 68 1
663 76 1
663 78 1
663 84 1
663 259 1
663 894 1
663 1047 1
663 1216 1
664 65 1
664 92 1
664 1289 1
665 21 1
665 39 1
665 42 1
665 55 1
665 109 1
665 139 1
665 154 1
665 196 1
665 301 1
665 359 1
665 466 1
665 482 1
665 498 1
665 592 1
665 625 1
665 684 1
665 685 1
665 729 1
665 764 1
665 1128 1
665 1341 1
665 1401 1
665 1656 1
665 1834 1
666 70 1
666 86 1
666 211 1
666 219 1
666 225 1
666 334 1
666 351 1
666 380 1
666 401 1
666 415 1
666 564 1
666 591 1
666 638 1
666 639 1
666 643 1
666 650 1
666 668 1
666 735 1
666 739 1
666 893 1
666 1082 1
666 1130 1
666 1152 1
666 1181 1
667 28 1
667 124 1
667 369 1
667 496 1
667 539 1
667 649 1
667 682 1
667 714 1
667 725 1
667 763 1
667 819 1
667 881 1
667 965 1
667 992 1
667 1054 1
667 1104 1
667 1185 1
668 16 1
668 40 1
668 66 1
668 75 1
668 99 1
668 175 1
668 207 1
668 318 1
668 493 1
668 524 1
668 602 1
668 616 1
668 628 1
668 1029 1
668 1071 1
669 18 1
669 61 1
669 97 1
669 114 1
669 125 1
669 131 1
669 142 1
669 157 1
669 181 1
669 194 1
669 265 1
669 272 1
669 280 1
669 332 1
669 348 1
669 362 1
669 407 1
669 438 1
669 460 1
669 531 1
669 533 1
669 606 1
669 647 1
669 679 1
669 695 1
669 720 1
669 899 1
669 971 1
669 998 1
669 1135 1
670 1 1
670 37 1
670 81 1
670 83 1
670 90 1
670 96 1
670 112 1
670 119 1
670 161 1
670 214 1
670 229 1
670 252 1
670 288 1
670 340 1
670 350 1
670 353 1
670 425 1
670 427 1
670 435 1
670 476 1
670 509 1
670 512 1
670 530 1
670 567 1
670 730 1
670 770 1
670 1060 1
670 1147 1
670 1191 1
671 84 1
671 108 1
671 120 1
671 158 1
671 166 1
671 176 1
671 224 1
671 251 1
671 313 1
671 321 1
671 373 1
671 419 1
671 432 1
671 458 1
671 475 1
671 594 1
671 676 1
671 753 1
671 1040 1
671 1178 1
672 41 1
672 81 1
672 169 1
672 173 1
672 180 1
672 187 1
672 246 1
672 264 1
672 267 1
672 341 1
672 379 1
672 477 1
672 478 1
672 546 1
672 648 1
672 694 1
672 732 1
673 36 1
673 85 1
673 100 1
673 102 1
673 202 1
673 238 1
673 242 1
673 309 1
673 330 1
673 405 1
673 481 1
673 605 1
673 1290 1
674 64 1
674 66 1
674 113 1
674 230 1
674 262 1
674 421 1
674 459 1
674 462 1
674 463 1
674 516 1
674 576 1
674 1243 1
675 3 1
675 1102 1
675 1197 1
676 97 1
676 101 1
676 392 1
676 469 1
677 222 1
677 632 1
677 972 1
678 366 1
678 418 1
678 560 1
679 183 1
680 79 1
680 106 1
680 150 1
681 532 1
684 99 1
689 79 1
690 98 1
695 110 1
698 74 1
699 69 1
701 76 1
701 90 1
702 98 1
703 102 1
703 111 1
705 79 1
706 114 1
716 81 1
719 93 1
720 76 1
720 82 1
721 102 1
723 114 1
724 118 1
731 99 1
732 94 1
735 119 1
739 107 1
741 64 1
747 104 1
747 111 1
747 1486 1
747 1793 1
749 78 1
749 108 1
750 2048 0
