1 16 1
1 42 1
1 53 1
1 849 1
2 56 1
2 322 1
2 646 1
3 2 1
3 27 1
3 310 1
4 48 1
4 717 1
5 15 1
5 38 1
5 56 1
5 465 1
6 781 1
7 501 1
10 57 1
12 750 1
13 459 1
13 1178 1
14 37 1
14 782 1
15 1508 1
17 27 1
17 43 1
19 12 1
19 31 1
20 52 1
21 18 1
21 37 1
21 42 1
22 15 1
22 51 1
24 22 1
24 23 1
25 404 1
26 15 1
26 619 1
27 20 1
27 21 1
27 61 1
27 114 1
27 1706 1
28 38 1
28 45 1
29 116 1
29 1680 1
30 691 1
30 1813 1
31 66 1
31 542 1
31 1501 1
32 112 1
32 184 1
32 309 1
32 313 1
32 321 1
32 552 1
32 712 1
32 910 1
32 1116 1
33 488 1
33 639 1
34 55 1
34 325 1
34 468 1
34 835 1
34 1292 1
34 1780 1
35 364 1
35 415 1
36 73 1
36 570 1
36 1061 1
37 40 1
37 54 1
37 475 1
37 1125 1
38 173 1
38 216 1
38 226 1
39 96 1
39 498 1
39 1675 1
39 1952 1
40 19 1
40 37 1
40 209 1
40 351 1
40 436 1
40 530 1
40 551 1
41 4 1
41 118 1
41 196 1
41 407 1
41 608 1
42 192 1
42 485 1
43 74 1
43 345 1
43 1623 1
44 14 1
44 47 1
44 90 1
45 27 1
45 29 1
45 75 1
45 121 1
45 427 1
45 680 1
46 3 1
46 11 1
47 9 1
47 1329 1
48 10 1
48 186 1
48 545 1
49 46 1
49 56 1
49 84 1
49 120 1
50 420 1
52 21 1
52 32 1
54 561 1
54 752 1
57 4 1
57 152 1
58 111 1
59 27 1
60 455 1
62 13 1
62 28 1
62 33 1
67 6 1
67 1988 1
68 548 1
70 245 1
70 328 1
71 37 1
73 88 1
73 750 1
73 1809 1
74 629 1
76 58 1
76 60 1
77 41 1
77 55 1
77 108 1
77 260 1
78 42 1
78 481 1
78 640 1
79 564 1
79 1101 1
80 41 1
80 102 1
80 1363 1
81 8 1
81 100 1
81 505 1
82 25 1
82 379 1
82 512 1
83 5 1
84 1 1
84 10 1
84 107 1
85 86 1
85 620 1
86 31 1
86 69 1
86 459 1
87 65 1
87 80 1
87 168 1
87 204 1
87 298 1
87 477 1
88 576 1
88 681 1
89 344 1
89 606 1
89 815 1
90 11 1
90 849 1
91 71 1
91 249 1
91 782 1
92 7 1
92 39 1
92 149 1
93 456 1
93 462 1
94 97 1
94 276 1
95 384 1
97 3 1
97 103 1
98 43 1
98 46 1
98 419 1
99 92 1
99 124 1
100 44 1
101 45 1
102 101 1
103 1107 1
104 64 1
105 6 1
105 305 1
106 78 1
107 148 1
107 613 1
110 30 1
110 412 1
111 22 1
111 26 1
112 329 1
113 13 1
114 60 1
114 860 1
115 43 1
116 23 1
116 91 1
116 105 1
117 683 1
118 41 1
118 115 1
118 161 1
118 501 1
119 104 1
119 427 1
119 1125 1
120 83 1
120 803 1
121 94 1
121 237 1
122 285 1
122 513 1
123 18 1
123 192 1
123 493 1
123 541 1
124 53 1
124 117 1
125 54 1
125 85 1
125 341 1
126 112 1
126 118 1
126 239 1
126 552 1
127 12 1
127 113 1
127 382 1
127 829 1
127 858 1
128 28 1
128 59 1
128 417 1
128 478 1
128 1952 1
129 7 1
130 232 1
130 400 1
130 424 1
130 712 1
130 1856 1
131 99 1
131 516 1
131 538 1
132 1680 1
133 95 1
134 49 1
134 1178 1
134 1508 1
135 20 1
135 22 1
135 646 1
137 76 1
137 1531 1
139 38 1
139 68 1
139 96 1
139 570 1
140 415 1
141 41 1
141 59 1
141 575 1
141 632 1
141 823 1
143 16 1
143 480 1
145 1780 1
146 82 1
147 7 1
147 34 1
148 116 1
149 19 1
149 35 1
150 41 1
151 173 1
151 436 1
151 717 1
152 362 1
153 1501 1
154 649 1
154 1329 1
155 765 1
156 114 1
157 51 1
159 322 1
160 404 1
160 487 1
160 1813 1
161 815 1
162 146 1
162 608 1
162 619 1
165 109 1
165 186 1
165 321 1
165 781 1
167 309 1
167 465 1
168 364 1
168 530 1
168 1675 1
169 57 1
169 70 1
169 639 1
170 849 1
171 93 1
171 1116 1
172 2 1
172 196 1
173 67 1
173 111 1
173 245 1
173 344 1
173 407 1
174 475 1
174 680 1
175 74 1
175 110 1
176 261 1
176 1061 1
178 36 1
178 62 1
178 98 1
178 119 1
178 226 1
178 542 1
179 75 1
179 84 1
180 24 1
180 216 1
180 561 1
180 590 1
182 90 1
183 81 1
183 195 1
183 351 1
184 209 1
184 212 1
185 9 1
185 32 1
185 102 1
186 8 1
186 40 1
186 325 1
187 61 1
187 752 1
187 1623 1
189 52 1
189 910 1
189 1988 1
190 488 1
191 79 1
193 106 1
195 25 1
195 160 1
195 316 1
195 498 1
195 691 1
196 457 1
197 56 1
198 600 1
199 313 1
200 468 1
200 1706 1
203 66 1
204 184 1
204 276 1
205 89 1
205 420 1
206 33 1
206 152 1
206 1292 1
206 1363 1
207 87 1
207 120 1
207 501 1
210 55 1
210 606 1
211 11 1
211 545 1
211 1680 1
214 64 1
214 161 1
214 750 1
215 551 1
215 620 1
216 15 1
216 30 1
219 47 1
219 71 1
219 88 1
220 45 1
220 456 1
220 459 1
222 412 1
223 5 1
224 481 1
224 564 1
225 29 1
225 107 1
225 121 1
225 629 1
226 455 1
227 341 1
227 683 1
227 860 1
229 104 1
229 424 1
230 96 1
231 4 1
231 192 1
231 480 1
231 613 1
233 10 1
233 86 1
233 640 1
234 328 1
234 419 1
234 835 1
236 21 1
236 39 1
236 72 1
237 27 1
237 148 1
237 149 1
237 345 1
237 1531 1
237 1952 1
238 51 1
238 782 1
239 12 1
239 28 1
239 37 1
239 552 1
240 239 1
240 513 1
241 77 1
241 204 1
242 65 1
242 485 1
242 1780 1
243 232 1
243 417 1
244 18 1
244 124 1
244 1125 1
246 114 1
246 260 1
246 858 1
247 44 1
247 329 1
248 48 1
248 91 1
248 94 1
248 112 1
248 159 1
248 305 1
248 505 1
249 478 1
250 14 1
250 253 1
250 465 1
250 1813 1
252 73 1
252 1101 1
253 575 1
253 823 1
254 1 1
256 78 1
256 576 1
256 765 1
257 109 1
257 1107 1
259 384 1
260 541 1
265 6 1
265 19 1
266 1809 1
269 42 1
271 82 1
274 23 1
274 196 1
274 803 1
274 1061 1
275 38 1
276 249 1
276 632 1
276 1508 1
277 54 1
277 117 1
277 488 1
277 493 1
277 608 1
278 120 1
279 325 1
279 351 1
279 717 1
280 31 1
280 173 1
280 285 1
280 712 1
280 829 1
281 22 1
281 168 1
281 186 1
281 309 1
281 382 1
281 528 1
281 570 1
281 1292 1
282 43 1
282 542 1
283 13 1
283 26 1
283 50 1
283 60 1
283 75 1
283 118 1
283 379 1
283 396 1
283 420 1
283 475 1
283 538 1
283 1178 1
284 40 1
284 57 1
284 116 1
284 152 1
284 195 1
284 261 1
284 590 1
285 20 1
285 32 1
285 49 1
285 74 1
285 161 1
285 427 1
285 468 1
285 487 1
285 548 1
285 564 1
285 680 1
285 1116 1
285 1329 1
286 33 1
286 61 1
286 362 1
286 910 1
287 56 1
287 85 1
287 237 1
288 63 1
288 71 1
288 95 1
288 400 1
288 681 1
289 11 1
289 45 1
289 105 1
289 276 1
289 415 1
289 691 1
290 512 1
290 649 1
290 750 1
291 209 1
291 212 1
291 724 1
291 849 1
292 4 1
292 113 1
292 262 1
292 364 1
292 516 1
292 639 1
292 752 1
295 98 1
295 404 1
296 16 1
297 646 1
298 9 1
299 99 1
300 321 1
302 1675 1
304 2 1
305 781 1
314 84 1
322 76 1
323 55 1
323 68 1
323 70 1
323 92 1
323 498 1
324 10 1
324 52 1
324 1623 1
324 1988 1
325 21 1
325 39 1
325 65 1
325 860 1
325 1125 1
326 28 1
326 72 1
327 124 1
329 15 1
329 313 1
329 436 1
329 462 1
330 27 1
330 41 1
330 42 1
330 66 1
330 80 1
330 81 1
330 93 1
330 184 1
330 530 1
330 1508 1
331 5 1
331 47 1
331 90 1
331 115 1
331 159 1
331 204 1
331 245 1
331 289 1
331 407 1
331 457 1
332 37 1
332 60 1
332 87 1
332 89 1
332 111 1
332 120 1
332 316 1
332 577 1
332 613 1
333 3 1
333 6 1
333 8 1
333 14 1
333 69 1
333 107 1
333 160 1
333 298 1
333 323 1
333 341 1
333 561 1
333 586 1
333 694 1
333 835 1
334 46 1
334 49 1
334 59 1
334 110 1
334 121 1
334 314 1
334 455 1
334 782 1
334 858 1
334 1501 1
335 20 1
335 83 1
335 344 1
335 352 1
335 374 1
335 419 1
335 424 1
335 815 1
335 1363 1
336 30 1
336 58 1
336 459 1
336 606 1
337 329 1
337 1680 1
338 25 1
338 305 1
339 1101 1
340 7 1
340 96 1
340 101 1
340 328 1
340 629 1
341 260 1
341 505 1
341 551 1
342 102 1
342 192 1
342 456 1
343 465 1
343 477 1
343 481 1
346 35 1
348 239 1
351 619 1
655 111 1
657 97 1
661 31 1
661 38 1
661 41 1
661 42 1
661 52 1
661 68 1
661 75 1
661 81 1
661 92 1
661 112 1
661 173 1
661 196 1
661 209 1
661 239 1
661 260 1
661 328 1
661 481 1
661 516 1
661 551 1
661 613 1
662 136 1
662 230 1
662 275 1
662 289 1
662 380 1
662 534 1
662 558 1
663 144 1
663 175 1
663 181 1
663 234 1
663 235 1
663 272 1
663 284 1
663 300 1
663 302 1
663 306 1
663 340 1
663 373 1
663 385 1
663 413 1
663 432 1
663 517 1
663 531 1
663 569 1
663 579 1
663 588 1
663 636 1
663 668 1
663 682 1
663 698 1
663 723 1
663 815 1
663 1116 1
664 19 1
664 22 1
664 37 1
664 40 1
664 44 1
664 50 1
664 56 1
664 58 1
664 61 1
664 63 1
664 66 1
664 68 1
664 111 1
664 122 1
664 148 1
664 193 1
664 243 1
664 244 1
664 276 1
664 296 1
664 303 1
664 482 1
664 542 1
664 554 1
664 604 1
664 628 1
664 634 1
664 676 1
664 679 1
664 718 1
664 959 1
665 115 1
665 149 1
665 216 1
665 344 1
665 356 1
665 417 1
665 424 1
665 430 1
665 456 1
665 462 1
665 478 1
665 512 1
665 576 1
665 706 1
665 711 1
665 1049 1
665 1508 1
665 1706 1
665 1809 1
666 97 1
666 352 1
666 639 1
666 803 1
666 978 1
666 1020 1
666 1101 1
667 13 1
667 43 1
667 84 1
667 240 1
667 270 1
667 420 1
667 461 1
667 466 1
667 509 1
667 863 1
667 932 1
667 997 1
667 1069 1
667 1124 1
667 1363 1
668 4 1
668 6 1
668 7 1
668 10 1
668 11 1
668 16 1
668 23 1
668 39 1
668 60 1
668 65 1
668 71 1
668 73 1
668 74 1
668 90 1
668 96 1
668 102 1
668 106 1
668 108 1
668 110 1
668 113 1
668 114 1
668 117 1
668 120 1
668 124 1
668 141 1
668 150 1
668 152 1
668 161 1
668 168 1
668 232 1
668 237 1
668 249 1
668 281 1
668 282 1
668 305 1
668 321 1
668 325 1
668 331 1
668 341 1
668 351 1
668 362 1
668 370 1
668 372 1
668 384 1
668 436 1
668 457 1
668 459 1
668 465 1
668 468 1
668 475 1
668 477 1
668 493 1
668 494 1
668 501 1
668 505 1
668 530 1
668 544 1
668 545 1
668 560 1
668 561 1
668 564 1
668 570 1
668 580 1
668 590 1
668 608 1
668 1333 1
669 1 1
669 8 1
669 17 1
669 21 1
669 28 1
669 30 1
669 32 1
669 33 1
669 46 1
669 47 1
669 51 1
669 55 1
669 64 1
669 70 1
669 78 1
669 82 1
669 86 1
669 87 1
669 88 1
669 94 1
669 95 1
669 107 1
669 116 1
669 118 1
669 186 1
669 192 1
669 204 1
669 226 1
669 247 1
669 253 1
669 317 1
669 319 1
669 322 1
669 346 1
669 364 1
669 379 1
669 382 1
669 396 1
669 404 1
669 412 1
669 415 1
669 442 1
669 480 1
669 488 1
669 498 1
669 528 1
669 538 1
669 552 1
669 606 1
669 629 1
669 646 1
669 681 1
669 782 1
669 872 1
670 34 1
670 35 1
670 49 1
670 59 1
670 76 1
670 79 1
670 184 1
670 206 1
670 233 1
670 315 1
670 400 1
670 447 1
670 455 1
670 485 1
670 487 1
670 548 1
670 600 1
670 605 1
670 640 1
670 680 1
670 691 1
671 2 1
671 12 1
671 15 1
671 86 1
671 103 1
671 109 1
671 112 1
671 146 1
671 159 1
671 162 1
671 185 1
671 212 1
671 286 1
671 293 1
671 313 1
671 314 1
671 316 1
671 407 1
671 513 1
671 589 1
671 609 1
671 624 1
671 740 1
672 5 1
672 48 1
672 179 1
672 448 1
672 575 1
672 694 1
672 712 1
672 717 1
672 849 1
672 1061 1
672 1326 1
673 9 1
673 219 1
673 359 1
673 645 1
673 750 1
673 1125 1
673 1218 1
674 62 1
674 101 1
674 367 1
674 567 1
675 29 1
675 207 1
675 285 1
676 69 1
676 85 1
676 105 1
676 114 1
676 632 1
677 117 1
677 427 1
678 57 1
678 72 1
678 104 1
678 298 1
678 419 1
678 541 1
678 829 1
679 99 1
679 345 1
681 80 1
681 765 1
681 860 1
681 1501 1
684 93 1
684 108 1
685 1813 1
687 91 1
691 76 1
694 78 1
694 103 1
700 80 1
702 92 1
704 65 1
711 89 1
714 26 1
714 27 1
715 14 1
715 53 1
715 619 1
716 67 1
716 100 1
717 61 1
719 25 1
719 36 1
719 45 1
719 104 1
720 70 1
720 781 1
720 1292 1
721 85 1
721 329 1
722 86 1
722 261 1
723 29 1
723 121 1
723 245 1
723 424 1
723 505 1
723 752 1
724 38 1
724 88 1
724 115 1
724 309 1
724 310 1
725 98 1
725 683 1
725 1116 1
725 1680 1
726 40 1
726 54 1
726 102 1
726 237 1
726 364 1
726 782 1
726 1107 1
726 1178 1
727 8 1
727 70 1
727 99 1
727 493 1
727 620 1
727 1675 1
728 42 1
728 475 1
728 1531 1
729 3 1
729 341 1
729 465 1
729 649 1
729 1952 1
730 28 1
730 313 1
730 510 1
731 204 1
731 615 1
731 1329 1
732 195 1
734 305 1
734 328 1
734 910 1
736 64 1
737 564 1
738 1623 1
739 823 1
740 109 1
741 20 1
742 1780 1
748 91 1
750 2048 0
