1 16 1
2 60 1
4 35 1
5 732 1
8 26 1
8 27 1
8 38 1
8 114 1
9 7 1
9 30 1
9 37 1
9 68 1
9 487 1
10 60 1
10 480 1
11 113 1
13 57 1
15 28 1
16 57 1
16 61 1
17 20 1
17 712 1
18 27 1
18 40 1
18 107 1
18 313 1
18 829 1
19 17 1
19 31 1
19 55 1
19 541 1
20 29 1
20 1061 1
21 47 1
23 23 1
23 47 1
23 105 1
23 196 1
23 419 1
23 717 1
23 1363 1
24 16 1
24 21 1
24 26 1
24 82 1
24 1780 1
26 14 1
26 49 1
26 564 1
27 13 1
29 475 1
29 551 1
30 161 1
31 73 1
32 4 1
32 112 1
32 858 1
33 46 1
33 192 1
34 25 1
34 493 1
34 1809 1
35 10 1
35 56 1
35 1292 1
37 468 1
39 24 1
41 51 1
43 11 1
44 2 1
45 43 1
47 5 1
53 8 1
53 44 1
53 52 1
53 249 1
55 36 1
55 404 1
57 33 1
57 305 1
57 1952 1
58 1706 1
60 6 1
60 681 1
61 41 1
61 481 1
61 1675 1
62 38 1
62 204 1
62 212 1
62 561 1
62 646 1
63 184 1
63 186 1
63 752 1
64 32 1
64 102 1
64 239 1
64 600 1
64 613 1
65 2 1
65 412 1
65 477 1
65 860 1
66 84 1
66 576 1
67 48 1
67 245 1
67 480 1
67 608 1
68 750 1
68 1779 1
69 1 1
69 30 1
69 54 1
70 45 1
70 232 1
70 1531 1
71 4 1
72 191 1
72 420 1
74 58 1
74 766 1
74 796 1
75 37 1
75 60 1
76 51 1
77 683 1
78 9 1
78 12 1
78 15 1
78 351 1
79 32 1
79 459 1
80 38 1
81 1508 1
82 1813 1
85 45 1
87 2 1
87 42 1
91 456 1
92 325 1
94 52 1
94 849 1
94 1116 1
95 31 1
96 59 1
97 59 1
98 49 1
99 1 1
99 21 1
100 30 1
103 18 1
103 28 1
103 691 1
104 21 1
104 47 1
105 457 1
107 498 1
108 66 1
108 149 1
108 765 1
108 1982 1
109 29 1
109 632 1
110 19 1
110 98 1
111 18 1
111 38 1
112 606 1
113 542 1
114 4 1
114 1125 1
114 1680 1
115 121 1
115 195 1
115 309 1
115 1061 1
116 152 1
119 419 1
119 680 1
120 5 1
120 13 1
121 4 1
122 8 1
123 34 1
123 116 1
123 328 1
124 47 1
124 110 1
125 564 1
128 781 1
129 36 1
131 17 1
131 1988 1
132 59 1
133 1329 1
135 6 1
137 56 1
138 44 1
139 9 1
140 41 1
142 56 1
143 56 1
144 7 1
144 21 1
145 11 1
145 23 1
145 33 1
145 42 1
146 10 1
146 53 1
147 120 1
147 1101 1
148 37 1
149 43 1
149 46 1
149 161 1
150 459 1
151 35 1
151 60 1
151 84 1
151 404 1
151 455 1
151 620 1
152 49 1
153 62 1
153 384 1
153 619 1
153 782 1
154 55 1
154 513 1
155 626 1
155 712 1
156 305 1
156 505 1
157 40 1
157 148 1
157 253 1
157 545 1
157 551 1
157 639 1
158 39 1
158 192 1
158 341 1
158 1999 1
159 3 1
159 57 1
159 362 1
159 515 1
160 26 1
161 552 1
162 124 1
162 829 1
165 576 1
651 84 1
654 83 1
655 110 1
656 101 1
657 10 1
657 21 1
657 28 1
657 39 1
657 42 1
657 55 1
657 65 1
657 68 1
657 72 1
657 76 1
657 564 1
658 70 1
658 78 1
658 92 1
658 124 1
658 154 1
658 196 1
658 219 1
658 351 1
658 415 1
658 498 1
658 591 1
658 627 1
658 639 1
658 649 1
658 752 1
659 84 1
659 139 1
659 211 1
659 225 1
659 252 1
659 301 1
659 318 1
659 334 1
659 359 1
659 368 1
659 369 1
659 380 1
659 382 1
659 391 1
659 392 1
659 401 1
659 405 1
659 423 1
659 466 1
659 482 1
659 496 1
659 539 1
659 579 1
659 592 1
659 604 1
659 616 1
659 630 1
659 638 1
659 641 1
659 643 1
659 647 1
659 660 1
659 668 1
659 677 1
659 679 1
659 682 1
659 695 1
659 714 1
659 720 1
659 735 1
659 753 1
659 757 1
659 758 1
659 794 1
659 1116 1
660 710 1
660 829 1
660 860 1
660 1125 1
661 1178 1
662 76 1
662 106 1
662 959 1
662 1000 1
662 1047 1
662 1508 1
663 4 1
663 9 1
663 37 1
663 56 1
663 60 1
663 87 1
663 98 1
663 115 1
663 118 1
663 875 1
663 910 1
663 1274 1
664 13 1
664 14 1
664 49 1
664 57 1
664 61 1
664 81 1
664 459 1
664 462 1
664 562 1
664 577 1
664 894 1
664 935 1
664 970 1
664 1208 1
664 1229 1
664 1302 1
665 20 1
665 27 1
665 47 1
665 93 1
665 104 1
665 159 1
665 305 1
665 325 1
665 979 1
665 1015 1
665 1232 1
666 25 1
666 103 1
666 113 1
666 120 1
666 184 1
666 312 1
666 323 1
666 331 1
666 419 1
666 532 1
666 629 1
666 1197 1
666 1290 1
666 1988 1
667 11 1
667 48 1
667 86 1
667 214 1
667 385 1
667 387 1
667 594 1
667 1044 1
667 1148 1
667 1348 1
667 1446 1
668 5 1
668 88 1
668 91 1
668 107 1
668 198 1
668 364 1
668 396 1
668 561 1
668 1106 1
669 29 1
669 45 1
669 51 1
669 530 1
670 44 1
670 978 1
670 1333 1
671 66 1
671 98 1
671 121 1
671 378 1
671 488 1
672 15 1
672 104 1
672 291 1
672 505 1
672 513 1
673 99 1
673 109 1
673 691 1
674 69 1
675 100 1
676 538 1
677 112 1
677 313 1
678 64 1
678 84 1
678 309 1
679 84 1
680 81 1
681 76 1
682 63 1
682 99 1
683 86 1
683 104 1
687 67 1
689 70 1
689 72 1
689 106 1
689 111 1
691 112 1
692 67 1
696 120 1
697 89 1
701 66 1
701 104 1
702 86 1
704 99 1
706 76 1
707 92 1
707 114 1
708 71 1
708 112 1
711 91 1
713 69 1
713 112 1
715 90 1
718 116 1
721 7 1
721 96 1
723 74 1
724 64 1
724 94 1
726 493 1
727 95 1
728 40 1
728 50 1
728 1061 1
729 26 1
729 1531 1
730 16 1
730 35 1
731 82 1
732 105 1
732 1813 1
733 64 1
733 77 1
733 97 1
733 1329 1
735 110 1
736 8 1
736 23 1
737 3 1
737 18 1
737 43 1
737 161 1
737 412 1
738 329 1
739 85 1
739 468 1
740 19 1
740 542 1
740 765 1
741 613 1
741 683 1
742 36 1
742 192 1
742 404 1
743 31 1
743 98 1
743 237 1
743 750 1
744 88 1
744 97 1
744 239 1
744 576 1
744 681 1
745 6 1
745 22 1
745 60 1
745 116 1
745 120 1
745 195 1
745 480 1
745 712 1
746 1 1
746 65 1
746 1363 1
747 41 1
747 56 1
747 77 1
748 45 1
748 52 1
750 106 1
750 1680 1
750 2048 0
