1 50 1
1 102 1
1 105 1
2 7 1
2 75 1
2 161 1
3 44 1
4 24 1
4 49 1
4 115 1
5 39 1
5 649 1
6 21 1
7 11 1
7 407 1
8 418 1
9 6 1
9 32 1
9 1623 1
10 15 1
11 109 1
11 121 1
12 239 1
12 1107 1
13 412 1
14 10 1
14 561 1
15 681 1
15 1178 1
16 7 1
17 26 1
19 10 1
19 48 1
19 481 1
20 30 1
20 1061 1
23 57 1
23 424 1
24 1952 1
25 417 1
26 29 1
26 124 1
27 328 1
27 1125 1
28 57 1
30 20 1
30 106 1
30 192 1
31 3 1
32 37 1
32 112 1
32 564 1
32 1531 1
33 3 1
33 18 1
34 34 1
34 419 1
34 457 1
36 15 1
38 41 1
39 8 1
39 23 1
40 12 1
40 29 1
40 148 1
40 195 1
40 305 1
40 322 1
41 40 1
41 51 1
41 459 1
41 1116 1
42 1 1
42 25 1
42 36 1
42 646 1
42 750 1
42 1780 1
43 9 1
44 16 1
44 54 1
44 325 1
45 116 1
45 691 1
45 860 1
45 1813 1
46 21 1
46 237 1
46 420 1
47 55 1
48 456 1
48 468 1
48 1680 1
49 45 1
49 341 1
49 505 1
50 43 1
50 86 1
50 480 1
51 313 1
51 1329 1
52 44 1
52 683 1
53 27 1
53 245 1
54 22 1
54 619 1
54 639 1
54 1675 1
55 60 1
55 632 1
56 73 1
56 186 1
56 542 1
56 608 1
57 57 1
58 5 1
58 28 1
58 47 1
58 765 1
60 196 1
61 22 1
63 31 1
64 8 1
64 43 1
64 712 1
66 57 1
67 54 1
67 61 1
68 114 1
68 329 1
68 606 1
69 59 1
69 680 1
70 13 1
71 40 1
72 38 1
72 161 1
73 16 1
74 4 1
74 21 1
75 15 1
75 52 1
76 33 1
77 113 1
78 212 1
78 498 1
78 1809 1
79 51 1
79 52 1
79 105 1
79 404 1
79 613 1
80 849 1
81 781 1
82 1363 1
83 71 1
83 551 1
83 1508 1
84 14 1
84 493 1
84 717 1
84 858 1
85 58 1
85 107 1
86 66 1
86 184 1
87 829 1
87 1061 1
89 5 1
89 39 1
89 204 1
89 516 1
91 14 1
91 309 1
91 1292 1
92 31 1
92 56 1
92 576 1
93 15 1
93 21 1
93 752 1
93 1501 1
94 29 1
94 50 1
94 76 1
94 538 1
96 22 1
98 98 1
99 152 1
100 6 1
104 21 1
104 24 1
104 49 1
105 27 1
110 53 1
111 45 1
117 24 1
117 55 1
118 815 1
120 102 1
120 232 1
122 82 1
122 110 1
123 485 1
124 120 1
125 570 1
126 436 1
126 459 1
127 25 1
127 28 1
128 20 1
128 60 1
128 501 1
128 1623 1
129 69 1
129 146 1
129 325 1
129 530 1
129 561 1
129 1329 1
130 12 1
130 45 1
130 50 1
130 324 1
131 18 1
131 35 1
131 91 1
131 116 1
131 1706 1
132 600 1
133 43 1
133 750 1
134 47 1
134 65 1
134 84 1
134 95 1
134 104 1
134 195 1
135 32 1
135 63 1
136 96 1
137 412 1
137 548 1
138 42 1
138 46 1
138 57 1
138 121 1
138 305 1
138 362 1
138 681 1
138 1804 1
139 112 1
139 351 1
139 419 1
140 19 1
140 26 1
140 564 1
141 344 1
142 239 1
143 2 1
143 51 1
143 57 1
145 92 1
146 28 1
146 37 1
147 456 1
150 6 1
151 552 1
153 341 1
154 1780 1
161 1809 1
162 1680 1
165 149 1
167 23 1
170 481 1
171 41 1
172 40 1
173 124 1
173 420 1
173 680 1
173 1116 1
174 8 1
174 107 1
174 161 1
174 639 1
175 39 1
175 192 1
175 1178 1
175 1292 1
175 1830 1
176 1 1
176 345 1
176 468 1
176 475 1
176 576 1
176 712 1
176 1988 1
177 54 1
177 118 1
177 457 1
177 477 1
178 186 1
178 471 1
178 551 1
178 782 1
178 806 1
178 858 1
178 1675 1
178 1952 1
179 30 1
179 73 1
179 298 1
179 382 1
179 505 1
180 7 1
180 11 1
180 148 1
180 465 1
180 606 1
181 71 1
181 113 1
181 137 1
181 289 1
181 329 1
181 384 1
181 502 1
181 613 1
181 640 1
181 802 1
182 34 1
182 78 1
182 86 1
182 322 1
183 98 1
183 160 1
183 1363 1
184 9 1
184 16 1
184 55 1
184 64 1
184 109 1
184 152 1
184 209 1
184 249 1
184 374 1
184 424 1
184 608 1
184 681 1
184 688 1
184 1107 1
184 1125 1
185 94 1
185 173 1
185 328 1
185 404 1
185 488 1
185 1813 1
186 632 1
187 683 1
190 4 1
190 212 1
191 823 1
193 38 1
197 1531 1
653 105 1
655 74 1
655 102 1
658 61 1
659 11 1
659 25 1
659 26 1
659 33 1
659 45 1
659 112 1
659 412 1
660 89 1
660 90 1
660 108 1
660 121 1
660 196 1
660 209 1
660 239 1
660 313 1
660 329 1
660 477 1
660 478 1
660 510 1
660 516 1
660 552 1
660 613 1
660 616 1
660 717 1
661 79 1
661 105 1
661 170 1
661 219 1
661 253 1
661 507 1
661 511 1
661 585 1
661 609 1
661 612 1
661 829 1
661 858 1
661 1107 1
662 3 1
662 8 1
662 32 1
662 156 1
662 185 1
662 191 1
662 198 1
662 278 1
662 295 1
662 310 1
662 349 1
662 354 1
662 391 1
662 458 1
662 460 1
662 469 1
662 474 1
662 495 1
662 517 1
662 574 1
662 671 1
662 679 1
662 700 1
662 703 1
662 732 1
662 752 1
663 6 1
663 10 1
663 16 1
663 56 1
663 123 1
663 147 1
663 197 1
663 248 1
663 267 1
663 292 1
663 318 1
663 383 1
663 442 1
663 685 1
663 716 1
663 731 1
663 736 1
664 75 1
664 97 1
664 98 1
664 107 1
664 109 1
664 245 1
664 324 1
664 325 1
664 420 1
664 541 1
664 740 1
664 998 1
664 1003 1
664 1508 1
665 4 1
665 9 1
665 18 1
665 40 1
665 53 1
665 65 1
665 81 1
665 82 1
665 92 1
665 96 1
665 102 1
665 103 1
665 104 1
665 107 1
665 111 1
665 117 1
665 195 1
665 436 1
665 564 1
665 644 1
665 699 1
666 15 1
666 28 1
666 36 1
666 51 1
666 52 1
666 58 1
666 192 1
666 210 1
666 237 1
666 305 1
666 459 1
666 493 1
666 505 1
666 683 1
666 820 1
666 860 1
666 878 1
666 879 1
666 933 1
666 1178 1
667 12 1
667 22 1
667 29 1
667 39 1
667 41 1
667 55 1
667 74 1
667 101 1
667 204 1
667 321 1
667 424 1
667 501 1
667 561 1
667 570 1
667 625 1
667 691 1
667 695 1
667 706 1
667 712 1
667 796 1
667 960 1
667 987 1
667 1166 1
668 2 1
668 13 1
668 57 1
668 60 1
668 72 1
668 76 1
668 100 1
668 113 1
668 116 1
668 161 1
668 240 1
668 384 1
668 456 1
668 480 1
668 600 1
668 681 1
668 1043 1
668 1061 1
669 7 1
669 84 1
669 538 1
669 548 1
669 750 1
669 913 1
669 1292 1
670 14 1
670 78 1
670 261 1
670 322 1
670 328 1
670 417 1
670 455 1
670 468 1
670 503 1
670 680 1
671 30 1
671 54 1
671 120 1
671 221 1
671 249 1
671 341 1
671 419 1
671 467 1
671 629 1
671 646 1
671 849 1
672 94 1
672 106 1
672 815 1
674 72 1
674 124 1
674 152 1
674 212 1
674 285 1
675 38 1
675 85 1
675 88 1
675 230 1
676 101 1
676 415 1
676 475 1
678 43 1
679 103 1
681 118 1
683 64 1
683 66 1
683 117 1
684 184 1
685 82 1
688 103 1
689 95 1
689 110 1
693 107 1
695 71 1
698 112 1
699 78 1
699 93 1
701 74 1
702 118 1
703 89 1
704 73 1
704 117 1
706 21 1
707 101 1
708 1116 1
709 75 1
716 49 1
718 96 1
720 91 1
720 112 1
724 34 1
724 498 1
724 632 1
725 513 1
726 1780 1
727 23 1
727 39 1
727 80 1
727 239 1
728 77 1
728 98 1
728 493 1
729 31 1
729 50 1
729 80 1
729 83 1
729 382 1
729 782 1
729 803 1
730 86 1
731 37 1
731 66 1
731 96 1
731 115 1
731 457 1
731 485 1
731 564 1
731 1329 1
731 1531 1
731 1813 1
732 66 1
732 150 1
732 362 1
733 4 1
733 15 1
734 84 1
734 114 1
734 116 1
734 148 1
735 19 1
735 69 1
735 345 1
735 765 1
736 1 1
736 48 1
736 66 1
736 69 1
737 87 1
737 94 1
737 149 1
737 407 1
738 276 1
738 404 1
739 488 1
740 35 1
740 81 1
741 77 1
741 542 1
742 89 1
743 42 1
744 576 1
744 691 1
744 1680 1
745 5 1
745 62 1
745 1623 1
746 186 1
747 69 1
748 1125 1
750 2048 0
