2 3 1
2 43 1
3 17 1
7 18 1
9 7 1
9 239 1
10 12 1
10 24 1
11 45 1
11 212 1
13 325 1
14 27 1
14 50 1
15 1706 1
16 22 1
16 34 1
16 148 1
17 1 1
17 51 1
17 101 1
17 328 1
17 680 1
17 815 1
18 575 1
18 1623 1
19 226 1
19 505 1
19 858 1
19 1116 1
20 30 1
20 379 1
20 576 1
21 29 1
21 96 1
21 102 1
21 436 1
21 561 1
21 765 1
22 35 1
22 105 1
23 12 1
23 33 1
23 43 1
23 146 1
23 245 1
23 1856 1
24 25 1
24 57 1
24 149 1
24 184 1
24 564 1
24 1107 1
24 1780 1
25 81 1
25 237 1
26 4 1
26 16 1
26 37 1
26 712 1
27 8 1
27 620 1
28 322 1
29 259 1
29 613 1
30 19 1
30 1061 1
31 6 1
31 121 1
31 1329 1
31 1952 1
32 92 1
32 530 1
32 1809 1
33 459 1
33 619 1
35 209 1
36 12 1
36 43 1
36 345 1
36 717 1
37 849 1
38 18 1
38 552 1
39 1675 1
41 48 1
41 480 1
42 260 1
42 316 1
43 27 1
44 5 1
44 33 1
44 41 1
49 25 1
51 752 1
52 28 1
54 261 1
55 56 1
56 8 1
57 53 1
59 18 1
62 25 1
64 9 1
64 60 1
64 65 1
64 276 1
64 384 1
64 538 1
64 1101 1
65 13 1
65 195 1
66 1 1
66 44 1
66 56 1
66 120 1
67 48 1
67 152 1
68 34 1
69 232 1
69 646 1
69 1680 1
70 76 1
70 309 1
71 40 1
71 344 1
71 477 1
72 2 1
73 8 1
73 77 1
73 216 1
74 23 1
74 48 1
74 97 1
74 196 1
74 829 1
75 47 1
75 95 1
75 99 1
75 285 1
75 528 1
76 51 1
76 86 1
76 548 1
77 26 1
77 30 1
77 49 1
77 253 1
78 11 1
78 186 1
78 412 1
78 478 1
79 61 1
79 351 1
80 74 1
80 78 1
80 204 1
81 91 1
82 415 1
82 468 1
83 606 1
84 39 1
84 1292 1
85 57 1
85 683 1
86 4 1
88 56 1
90 781 1
92 34 1
96 57 1
99 32 1
100 1508 1
102 50 1
105 8 1
105 58 1
106 33 1
107 19 1
109 54 1
109 69 1
109 1809 1
110 590 1
111 45 1
111 475 1
112 1988 1
113 51 1
113 107 1
113 116 1
113 419 1
113 1830 1
114 15 1
114 424 1
114 910 1
115 27 1
115 44 1
115 73 1
115 105 1
115 160 1
115 161 1
115 600 1
116 3 1
116 10 1
116 480 1
116 487 1
117 38 1
117 576 1
117 613 1
117 1125 1
118 1 1
118 455 1
119 11 1
119 21 1
119 570 1
119 639 1
119 860 1
120 21 1
120 82 1
120 239 1
120 485 1
120 750 1
121 88 1
121 1813 1
122 112 1
122 501 1
122 681 1
123 20 1
123 46 1
123 53 1
123 310 1
123 586 1
123 1531 1
124 249 1
124 328 1
124 341 1
124 629 1
125 106 1
125 110 1
125 691 1
126 96 1
126 374 1
126 417 1
126 534 1
126 609 1
127 37 1
127 48 1
127 84 1
127 212 1
127 382 1
127 858 1
128 23 1
128 1501 1
128 1856 1
129 530 1
129 835 1
131 8 1
131 58 1
131 640 1
131 1363 1
132 115 1
133 608 1
133 1061 1
134 59 1
136 44 1
138 49 1
140 39 1
141 36 1
141 1178 1
143 1780 1
144 46 1
149 20 1
149 30 1
149 53 1
150 3 1
150 782 1
152 493 1
154 67 1
156 404 1
156 541 1
158 427 1
158 551 1
159 42 1
159 459 1
160 55 1
160 1675 1
161 362 1
161 465 1
162 70 1
162 124 1
162 512 1
162 538 1
163 79 1
163 752 1
166 113 1
166 325 1
167 31 1
167 232 1
168 245 1
169 462 1
170 80 1
170 488 1
170 717 1
171 85 1
171 93 1
171 119 1
171 619 1
171 680 1
172 62 1
172 72 1
173 823 1
174 379 1
177 765 1
178 364 1
180 456 1
183 103 1
184 114 1
186 173 1
192 849 1
194 111 1
195 16 1
195 498 1
198 694 1
200 1116 1
201 92 1
201 313 1
202 24 1
202 309 1
202 457 1
202 649 1
203 7 1
203 41 1
203 104 1
203 542 1
204 87 1
204 1107 1
205 76 1
206 37 1
206 212 1
206 262 1
206 487 1
207 63 1
207 436 1
207 1508 1
208 75 1
208 209 1
208 712 1
208 1680 1
209 12 1
209 420 1
210 108 1
210 321 1
210 322 1
211 184 1
211 545 1
211 606 1
212 17 1
212 64 1
212 116 1
212 168 1
212 314 1
212 329 1
212 505 1
213 83 1
213 109 1
213 152 1
213 344 1
213 564 1
214 289 1
214 561 1
214 620 1
215 10 1
215 82 1
215 99 1
215 192 1
215 632 1
216 6 1
216 120 1
216 815 1
217 40 1
217 107 1
218 552 1
218 803 1
219 66 1
222 27 1
223 513 1
224 261 1
227 400 1
229 1101 1
654 83 1
654 108 1
655 102 1
658 91 1
660 98 1
661 4 1
661 13 1
661 17 1
661 48 1
661 57 1
661 59 1
661 60 1
661 61 1
661 62 1
661 72 1
661 73 1
661 81 1
661 87 1
661 106 1
661 110 1
661 124 1
661 159 1
661 204 1
661 216 1
661 226 1
661 230 1
661 260 1
661 285 1
661 313 1
661 322 1
661 364 1
661 441 1
661 455 1
661 468 1
661 477 1
661 530 1
661 538 1
661 541 1
661 545 1
661 590 1
661 619 1
661 629 1
661 719 1
662 140 1
662 525 1
662 586 1
662 611 1
663 6 1
663 56 1
663 103 1
663 157 1
663 195 1
663 198 1
663 208 1
663 236 1
663 271 1
663 369 1
663 507 1
663 559 1
663 602 1
664 3 1
664 8 1
664 10 1
664 16 1
664 25 1
664 32 1
664 45 1
664 65 1
664 97 1
664 104 1
664 109 1
664 245 1
664 261 1
664 296 1
664 325 1
664 329 1
664 403 1
664 412 1
664 420 1
664 436 1
664 709 1
665 466 1
665 712 1
665 860 1
665 1178 1
666 12 1
666 15 1
666 83 1
666 338 1
666 597 1
667 2 1
667 19 1
667 21 1
667 29 1
667 37 1
667 67 1
667 71 1
667 108 1
667 113 1
667 186 1
667 192 1
667 320 1
667 344 1
667 382 1
667 387 1
667 478 1
667 508 1
667 513 1
667 552 1
667 564 1
667 568 1
667 606 1
667 623 1
667 657 1
668 11 1
668 35 1
668 89 1
668 119 1
668 487 1
669 9 1
669 49 1
669 79 1
669 86 1
669 99 1
669 112 1
669 161 1
669 196 1
669 212 1
669 276 1
669 305 1
669 362 1
669 379 1
669 419 1
669 457 1
669 459 1
669 493 1
669 498 1
669 501 1
669 528 1
669 548 1
669 575 1
669 576 1
669 608 1
669 646 1
669 781 1
669 1107 1
670 18 1
670 23 1
670 26 1
670 34 1
670 36 1
670 38 1
670 39 1
670 46 1
670 51 1
670 58 1
670 74 1
670 78 1
670 82 1
670 85 1
670 96 1
670 115 1
670 152 1
670 298 1
670 321 1
670 341 1
670 351 1
670 462 1
670 475 1
670 488 1
670 570 1
670 691 1
670 1706 1
671 55 1
671 93 1
671 101 1
671 316 1
671 407 1
671 491 1
671 613 1
672 33 1
672 52 1
672 54 1
672 174 1
672 328 1
672 427 1
672 465 1
672 632 1
673 88 1
673 94 1
673 105 1
673 400 1
673 503 1
673 535 1
674 30 1
674 63 1
674 107 1
674 480 1
674 1061 1
675 28 1
675 31 1
675 90 1
675 98 1
675 312 1
675 540 1
675 1363 1
676 40 1
676 41 1
676 76 1
676 384 1
676 417 1
677 7 1
677 44 1
677 117 1
678 42 1
678 396 1
679 75 1
679 542 1
679 640 1
679 1952 1
680 262 1
681 910 1
684 77 1
684 97 1
686 110 1
687 114 1
700 83 1
700 96 1
705 90 1
706 89 1
707 81 1
711 64 1
711 86 1
711 107 1
711 782 1
712 102 1
712 107 1
712 117 1
712 209 1
712 456 1
712 1329 1
712 1501 1
713 1780 1
713 1813 1
714 62 1
714 184 1
714 249 1
714 505 1
715 107 1
715 694 1
716 80 1
716 94 1
717 62 1
718 424 1
718 1292 1
719 173 1
719 237 1
719 815 1
719 849 1
720 99 1
720 314 1
721 50 1
721 149 1
722 5 1
722 160 1
722 168 1
722 609 1
722 858 1
723 81 1
723 89 1
723 516 1
724 47 1
724 69 1
724 345 1
724 530 1
725 803 1
727 89 1
728 95 1
728 109 1
729 78 1
729 104 1
729 1675 1
731 68 1
731 93 1
731 115 1
731 1623 1
732 72 1
733 67 1
733 73 1
733 91 1
733 1508 1
734 117 1
735 91 1
735 93 1
741 70 1
743 1856 1
745 72 1
745 111 1
747 86 1
747 103 1
748 83 1
750 2048 0
