1 28 1
1 1675 1
3 1 1
4 1623 1
8 15 1
9 2 1
10 34 1
12 561 1
12 765 1
13 195 1
13 309 1
14 14 1
14 51 1
15 34 1
17 19 1
17 24 1
17 55 1
17 57 1
18 57 1
18 815 1
18 1809 1
19 42 1
19 96 1
19 239 1
19 424 1
20 43 1
20 44 1
21 29 1
21 82 1
21 102 1
21 570 1
21 1531 1
22 59 1
22 415 1
22 849 1
23 39 1
23 121 1
24 98 1
24 116 1
24 860 1
25 253 1
25 341 1
25 1856 1
26 21 1
26 110 1
26 457 1
26 649 1
27 37 1
27 152 1
27 329 1
27 480 1
27 632 1
28 419 1
28 475 1
28 505 1
29 45 1
29 212 1
29 404 1
29 1706 1
29 1952 1
30 717 1
31 43 1
31 109 1
31 113 1
31 249 1
31 576 1
32 64 1
33 18 1
34 5 1
34 7 1
34 107 1
34 114 1
34 322 1
35 16 1
37 12 1
38 36 1
38 681 1
39 39 1
39 50 1
39 680 1
40 26 1
40 105 1
41 39 1
42 20 1
42 48 1
42 683 1
45 412 1
47 613 1
48 11 1
49 56 1
50 1 1
50 26 1
50 32 1
51 47 1
51 468 1
52 31 1
53 59 1
53 1178 1
55 33 1
56 58 1
57 1061 1
59 60 1
60 58 1
61 124 1
61 513 1
62 25 1
62 608 1
62 646 1
63 750 1
64 1125 1
66 752 1
66 1116 1
67 27 1
68 30 1
68 53 1
68 1813 1
69 538 1
69 548 1
72 161 1
72 564 1
74 456 1
75 516 1
77 9 1
77 59 1
78 14 1
78 629 1
79 52 1
79 459 1
79 1680 1
81 3 1
82 10 1
82 71 1
83 50 1
83 420 1
84 31 1
84 41 1
84 384 1
85 35 1
86 23 1
88 8 1
89 6 1
89 35 1
89 47 1
90 12 1
90 40 1
90 245 1
90 313 1
91 40 1
91 781 1
92 184 1
93 20 1
93 46 1
93 54 1
93 59 1
93 60 1
93 192 1
94 26 1
94 149 1
94 298 1
94 1501 1
95 49 1
95 305 1
96 480 1
97 148 1
97 639 1
98 17 1
98 18 1
98 19 1
98 56 1
99 59 1
99 481 1
99 712 1
100 237 1
100 362 1
100 498 1
100 765 1
101 50 1
101 86 1
101 487 1
101 493 1
101 606 1
101 640 1
102 118 1
102 239 1
102 328 1
102 344 1
102 1329 1
102 1363 1
103 18 1
104 173 1
104 803 1
105 50 1
105 455 1
105 501 1
105 858 1
105 1780 1
106 112 1
106 260 1
106 1101 1
107 35 1
108 829 1
112 1508 1
113 45 1
115 46 1
117 44 1
117 45 1
119 18 1
119 24 1
122 25 1
124 28 1
124 51 1
125 54 1
126 4 1
126 26 1
126 120 1
126 600 1
127 58 1
127 505 1
127 815 1
128 12 1
129 412 1
129 564 1
130 24 1
130 32 1
130 57 1
130 561 1
131 860 1
133 13 1
133 65 1
133 419 1
133 570 1
134 232 1
134 542 1
134 1292 1
135 2 1
135 186 1
135 538 1
136 26 1
137 750 1
138 102 1
138 632 1
139 57 1
139 417 1
140 45 1
140 92 1
140 325 1
141 12 1
141 681 1
141 849 1
142 1061 1
143 195 1
143 1809 1
144 6 1
144 20 1
144 54 1
145 44 1
145 107 1
146 56 1
146 475 1
147 96 1
147 196 1
147 424 1
149 46 1
149 1531 1
150 48 1
150 105 1
154 38 1
154 84 1
158 691 1
161 457 1
163 11 1
167 55 1
168 351 1
169 1116 1
172 15 1
172 456 1
173 33 1
173 89 1
173 459 1
175 5 1
175 249 1
175 613 1
175 1706 1
175 1813 1
176 3 1
176 28 1
177 305 1
177 620 1
178 10 1
178 47 1
178 69 1
178 161 1
178 212 1
178 415 1
178 680 1
178 794 1
179 29 1
179 481 1
180 9 1
180 94 1
180 608 1
180 1623 1
180 1952 1
181 36 1
181 76 1
181 209 1
181 468 1
181 1178 1
182 37 1
182 184 1
182 192 1
182 245 1
182 364 1
182 480 1
182 1125 1
183 88 1
183 530 1
183 576 1
183 712 1
184 51 1
184 239 1
184 823 1
185 60 1
185 71 1
185 82 1
185 204 1
185 487 1
186 99 1
186 341 1
187 73 1
187 106 1
188 752 1
189 121 1
189 552 1
189 651 1
189 683 1
189 1680 1
190 41 1
190 64 1
190 85 1
190 436 1
192 30 1
194 61 1
198 39 1
206 427 1
655 84 1
658 72 1
660 88 1
660 101 1
661 10 1
661 21 1
661 28 1
661 39 1
661 42 1
661 55 1
661 65 1
661 68 1
661 70 1
661 76 1
661 78 1
661 80 1
661 92 1
661 124 1
661 196 1
661 351 1
661 498 1
661 564 1
661 639 1
661 649 1
661 752 1
662 154 1
662 219 1
662 301 1
662 382 1
662 391 1
662 415 1
662 466 1
662 616 1
662 627 1
662 714 1
662 720 1
662 794 1
663 139 1
663 211 1
663 225 1
663 252 1
663 318 1
663 334 1
663 359 1
663 368 1
663 369 1
663 380 1
663 392 1
663 401 1
663 405 1
663 423 1
663 482 1
663 496 1
663 539 1
663 579 1
663 591 1
663 592 1
663 604 1
663 630 1
663 638 1
663 641 1
663 643 1
663 647 1
663 660 1
663 668 1
663 677 1
663 679 1
663 682 1
663 695 1
663 710 1
663 735 1
663 753 1
663 757 1
663 758 1
663 829 1
663 860 1
663 1116 1
663 1125 1
663 1178 1
664 84 1
664 959 1
665 92 1
665 910 1
665 1508 1
666 49 1
666 93 1
666 103 1
666 107 1
666 111 1
666 1106 1
666 1148 1
666 1333 1
666 1623 1
667 9 1
667 38 1
667 51 1
667 94 1
667 459 1
667 462 1
667 875 1
667 894 1
667 935 1
667 1228 1
667 1289 1
667 1446 1
667 1988 1
668 4 1
668 5 1
668 20 1
668 44 1
668 60 1
668 104 1
668 305 1
668 329 1
668 385 1
668 487 1
668 505 1
668 532 1
668 691 1
668 970 1
668 1197 1
668 1229 1
668 1274 1
668 1401 1
669 11 1
669 13 1
669 14 1
669 18 1
669 27 1
669 37 1
669 47 1
669 56 1
669 86 1
669 113 1
669 115 1
669 120 1
669 159 1
669 160 1
669 184 1
669 281 1
669 298 1
669 352 1
669 419 1
669 424 1
669 455 1
669 457 1
669 468 1
669 493 1
669 542 1
669 561 1
669 582 1
669 712 1
669 978 1
669 1015 1
669 1047 1
669 1290 1
670 109 1
670 110 1
670 112 1
670 121 1
670 148 1
670 198 1
670 204 1
670 214 1
670 276 1
670 300 1
670 330 1
670 488 1
670 552 1
670 1044 1
670 1348 1
671 45 1
671 63 1
671 72 1
671 99 1
671 118 1
671 119 1
671 231 1
671 309 1
671 313 1
671 530 1
671 577 1
672 26 1
672 30 1
672 41 1
672 62 1
672 64 1
672 66 1
672 89 1
672 94 1
672 161 1
672 186 1
672 325 1
672 420 1
672 570 1
672 750 1
672 1000 1
673 15 1
673 35 1
673 412 1
673 629 1
674 25 1
674 117 1
675 31 1
675 116 1
675 331 1
675 427 1
675 613 1
676 3 1
676 544 1
677 33 1
677 108 1
677 840 1
679 7 1
679 8 1
679 96 1
681 68 1
683 86 1
684 1103 1
690 114 1
691 116 1
692 79 1
693 113 1
696 91 1
696 103 1
699 68 1
702 40 1
703 16 1
703 117 1
704 66 1
704 88 1
705 98 1
707 112 1
708 95 1
710 84 1
711 1 1
711 606 1
712 2 1
712 23 1
712 43 1
713 36 1
713 53 1
713 66 1
713 681 1
713 781 1
714 404 1
714 1061 1
715 90 1
715 92 1
716 93 1
716 120 1
716 192 1
717 74 1
718 94 1
718 1531 1
719 102 1
720 19 1
720 32 1
720 52 1
720 456 1
720 632 1
720 1329 1
721 24 1
721 680 1
722 109 1
722 576 1
722 608 1
723 29 1
723 42 1
723 341 1
723 619 1
724 54 1
724 113 1
724 1675 1
725 765 1
726 475 1
726 541 1
727 6 1
727 120 1
727 152 1
727 232 1
727 1680 1
728 115 1
728 646 1
730 82 1
730 88 1
730 480 1
730 1363 1
731 109 1
732 105 1
732 849 1
734 683 1
738 88 1
741 239 1
742 1809 1
744 101 1
745 551 1
750 2048 0
