3 35 1
6 29 1
8 12 1
10 52 1
11 6 1
12 28 1
12 46 1
12 57 1
13 3 1
13 8 1
13 17 1
15 16 1
15 18 1
15 24 1
15 44 1
15 239 1
15 313 1
15 325 1
15 412 1
15 419 1
15 456 1
16 10 1
16 13 1
16 32 1
16 37 1
16 109 1
16 146 1
16 322 1
17 38 1
17 86 1
17 184 1
17 328 1
17 488 1
17 493 1
17 551 1
18 54 1
18 66 1
18 632 1
18 681 1
19 23 1
19 41 1
19 42 1
19 73 1
19 102 1
19 121 1
19 196 1
19 226 1
19 260 1
19 298 1
19 332 1
19 468 1
19 487 1
19 561 1
19 600 1
19 608 1
19 639 1
19 1952 1
20 19 1
20 25 1
20 43 1
20 49 1
20 65 1
20 113 1
20 192 1
20 245 1
20 341 1
20 345 1
20 417 1
20 420 1
20 475 1
20 481 1
20 849 1
20 860 1
20 1061 1
20 1101 1
20 1363 1
20 1501 1
20 1680 1
21 1 1
21 9 1
21 26 1
21 36 1
21 56 1
21 99 1
21 105 1
21 107 1
21 161 1
21 195 1
21 305 1
21 344 1
21 538 1
21 564 1
21 606 1
22 14 1
22 343 1
22 469 1
22 480 1
22 613 1
22 646 1
22 750 1
22 1329 1
23 2 1
23 4 1
23 11 1
23 60 1
23 96 1
23 112 1
23 120 1
23 186 1
23 212 1
23 351 1
23 427 1
23 505 1
23 712 1
23 765 1
23 1125 1
23 1531 1
24 21 1
24 22 1
24 84 1
24 110 1
24 116 1
24 249 1
24 436 1
24 580 1
24 691 1
24 796 1
24 858 1
24 1508 1
25 31 1
25 40 1
25 45 1
25 51 1
25 58 1
25 91 1
25 106 1
25 1107 1
26 7 1
26 649 1
26 803 1
27 27 1
27 114 1
27 362 1
27 455 1
27 1809 1
28 15 1
28 33 1
28 152 1
29 30 1
29 1813 1
30 48 1
30 149 1
30 542 1
31 232 1
31 404 1
32 39 1
33 683 1
34 26 1
34 59 1
35 43 1
39 2 1
39 829 1
40 55 1
40 108 1
46 329 1
48 34 1
52 23 1
54 59 1
57 54 1
58 12 1
59 16 1
59 55 1
60 20 1
61 576 1
63 36 1
63 38 1
63 1706 1
64 1116 1
65 23 1
65 498 1
65 501 1
66 5 1
66 680 1
67 457 1
67 1178 1
68 459 1
69 620 1
70 40 1
70 1292 1
71 61 1
71 1531 1
72 45 1
72 49 1
72 74 1
73 34 1
73 237 1
74 57 1
75 69 1
75 97 1
75 374 1
76 47 1
76 304 1
77 204 1
77 586 1
78 1675 1
79 552 1
81 53 1
81 60 1
82 118 1
86 47 1
86 1780 1
87 42 1
88 815 1
89 32 1
89 82 1
91 38 1
92 4 1
93 17 1
94 57 1
94 124 1
95 9 1
95 59 1
97 23 1
99 35 1
99 148 1
100 12 1
101 1061 1
102 13 1
102 564 1
103 419 1
103 548 1
104 22 1
104 717 1
105 712 1
105 1508 1
106 1329 1
107 8 1
108 161 1
108 412 1
109 18 1
109 1988 1
110 41 1
110 60 1
111 17 1
111 27 1
111 424 1
111 487 1
112 19 1
112 25 1
112 420 1
114 10 1
114 18 1
114 480 1
115 858 1
116 13 1
117 46 1
118 44 1
118 285 1
118 328 1
119 37 1
119 116 1
119 239 1
119 384 1
120 3 1
120 71 1
120 113 1
121 1 1
123 28 1
123 112 1
123 530 1
123 781 1
123 1680 1
124 608 1
124 1813 1
127 30 1
127 98 1
128 46 1
128 53 1
128 456 1
130 305 1
130 542 1
130 646 1
130 765 1
131 28 1
132 39 1
132 505 1
134 40 1
134 96 1
134 750 1
135 29 1
135 51 1
135 1363 1
136 56 1
136 538 1
138 12 1
138 16 1
139 31 1
139 50 1
139 54 1
140 19 1
140 36 1
141 57 1
141 80 1
142 12 1
143 309 1
143 606 1
144 36 1
144 195 1
144 341 1
144 561 1
146 1 1
146 53 1
146 60 1
147 56 1
147 629 1
147 1809 1
148 184 1
148 313 1
150 613 1
152 632 1
153 33 1
154 1107 1
155 24 1
155 404 1
158 84 1
161 15 1
161 551 1
164 192 1
165 58 1
167 76 1
167 1125 1
168 6 1
168 232 1
168 498 1
168 829 1
169 570 1
169 1623 1
170 196 1
170 325 1
170 1116 1
174 351 1
175 849 1
176 41 1
176 52 1
176 468 1
177 415 1
177 485 1
177 493 1
178 11 1
178 109 1
179 65 1
179 152 1
179 212 1
181 48 1
181 107 1
182 262 1
182 691 1
184 245 1
185 55 1
186 481 1
186 681 1
187 683 1
187 752 1
188 457 1
188 459 1
191 161 1
651 81 1
657 97 1
657 99 1
657 108 1
657 113 1
658 5 1
658 25 1
658 58 1
658 59 1
658 92 1
658 129 1
658 131 1
658 136 1
658 144 1
658 161 1
658 166 1
658 181 1
658 185 1
658 194 1
658 196 1
658 211 1
658 218 1
658 219 1
658 222 1
658 260 1
658 265 1
658 269 1
658 270 1
658 274 1
658 275 1
658 276 1
658 277 1
658 278 1
658 288 1
658 295 1
658 301 1
658 307 1
658 312 1
658 313 1
658 314 1
658 315 1
658 316 1
658 317 1
658 321 1
658 351 1
658 353 1
658 358 1
658 359 1
658 362 1
658 366 1
658 369 1
658 372 1
658 377 1
658 388 1
658 393 1
658 401 1
658 406 1
658 407 1
658 418 1
658 459 1
658 475 1
658 476 1
658 478 1
658 498 1
658 530 1
658 544 1
658 546 1
658 567 1
658 577 1
658 580 1
659 17 1
659 81 1
659 381 1
659 423 1
660 92 1
660 606 1
660 781 1
660 815 1
660 879 1
660 938 1
661 69 1
661 590 1
661 602 1
661 611 1
661 624 1
661 633 1
661 636 1
661 664 1
661 689 1
661 695 1
661 705 1
661 706 1
661 709 1
661 725 1
661 727 1
661 732 1
661 733 1
661 739 1
661 749 1
661 753 1
661 754 1
661 758 1
661 771 1
661 783 1
661 801 1
661 832 1
661 886 1
661 909 1
661 943 1
661 951 1
661 960 1
661 979 1
661 982 1
661 1010 1
661 1030 1
661 1040 1
661 1049 1
661 1053 1
661 1054 1
661 1098 1
661 1108 1
661 1181 1
661 1194 1
661 1197 1
661 1213 1
661 1218 1
661 1229 1
661 1247 1
661 1253 1
661 1268 1
661 1283 1
661 1291 1
661 1369 1
662 748 1
662 827 1
662 843 1
662 867 1
662 910 1
662 952 1
662 990 1
662 1109 1
662 1122 1
662 1144 1
662 1174 1
662 1342 1
662 1508 1
663 113 1
663 1680 1
664 2 1
664 11 1
664 31 1
664 40 1
664 44 1
664 49 1
664 73 1
664 103 1
664 344 1
664 456 1
664 466 1
664 542 1
664 1454 1
664 1510 1
664 1526 1
664 1879 1
664 2042 1
665 3 1
665 19 1
665 27 1
665 34 1
665 35 1
665 37 1
665 43 1
665 53 1
665 56 1
665 61 1
665 62 1
665 63 1
665 72 1
665 82 1
665 104 1
665 105 1
665 110 1
665 119 1
665 148 1
665 149 1
665 230 1
665 232 1
665 245 1
665 424 1
665 442 1
665 462 1
665 487 1
665 493 1
665 576 1
665 637 1
665 1383 1
665 1417 1
665 1559 1
665 1594 1
665 1636 1
665 1752 1
665 1765 1
665 1773 1
665 1803 1
666 13 1
666 22 1
666 23 1
666 33 1
666 36 1
666 41 1
666 109 1
666 120 1
666 151 1
666 173 1
666 227 1
666 271 1
666 273 1
666 280 1
666 282 1
666 300 1
666 345 1
666 367 1
666 370 1
666 397 1
666 415 1
666 449 1
666 455 1
666 468 1
666 470 1
666 495 1
666 503 1
666 509 1
666 525 1
666 1553 1
666 1627 1
666 1870 1
666 1872 1
666 1894 1
667 4 1
667 7 1
667 8 1
667 24 1
667 28 1
667 48 1
667 55 1
667 84 1
667 86 1
667 98 1
667 111 1
667 125 1
667 133 1
667 156 1
667 158 1
667 165 1
667 179 1
667 184 1
667 213 1
667 240 1
667 243 1
667 246 1
667 248 1
667 302 1
667 323 1
667 325 1
667 346 1
667 360 1
667 416 1
667 441 1
667 445 1
667 451 1
667 457 1
667 461 1
667 486 1
667 494 1
667 502 1
667 545 1
667 560 1
667 564 1
667 586 1
667 608 1
667 610 1
667 1812 1
668 15 1
668 30 1
668 57 1
668 70 1
668 76 1
668 90 1
668 127 1
668 142 1
668 167 1
668 168 1
668 170 1
668 174 1
668 208 1
668 212 1
668 229 1
668 233 1
668 242 1
668 264 1
668 272 1
668 285 1
668 305 1
668 386 1
668 409 1
668 444 1
668 528 1
668 547 1
668 569 1
668 573 1
668 575 1
668 679 1
668 770 1
668 1714 1
669 65 1
669 66 1
669 83 1
669 107 1
669 157 1
669 204 1
669 207 1
669 293 1
669 298 1
669 320 1
669 329 1
669 437 1
669 474 1
669 501 1
669 508 1
669 512 1
669 538 1
669 552 1
669 583 1
669 587 1
669 596 1
669 598 1
669 626 1
669 677 1
669 1481 1
670 47 1
670 67 1
670 77 1
670 186 1
670 239 1
670 568 1
670 597 1
670 619 1
670 666 1
670 803 1
671 9 1
671 18 1
671 95 1
671 342 1
671 376 1
671 482 1
671 551 1
671 676 1
671 680 1
671 698 1
671 1571 1
672 51 1
672 221 1
672 234 1
672 281 1
672 296 1
672 382 1
672 485 1
672 572 1
672 712 1
673 480 1
674 520 1
674 685 1
675 257 1
676 45 1
677 38 1
679 62 1
680 82 1
682 74 1
684 100 1
689 99 1
690 76 1
691 68 1
693 95 1
696 66 1
699 104 1
701 85 1
701 97 1
702 62 1
704 99 1
705 112 1
706 73 1
707 107 1
709 63 1
709 104 1
710 110 1
715 21 1
715 96 1
715 1531 1
717 100 1
717 106 1
718 341 1
719 237 1
721 112 1
723 64 1
723 691 1
724 39 1
724 115 1
724 404 1
725 14 1
726 52 1
726 111 1
727 1329 1
728 113 1
730 76 1
730 570 1
730 1061 1
733 10 1
733 42 1
733 436 1
733 561 1
733 629 1
733 681 1
733 750 1
734 54 1
734 72 1
734 419 1
735 102 1
736 104 1
736 465 1
736 829 1
737 6 1
737 104 1
738 849 1
739 26 1
739 71 1
739 412 1
740 60 1
740 118 1
740 858 1
741 46 1
741 1125 1
744 43 1
744 118 1
744 1101 1
745 12 1
746 75 1
746 89 1
747 683 1
748 100 1
748 417 1
748 505 1
748 1780 1
750 2048 0
