1 212 1
2 124 1
3 57 1
4 1292 1
6 12 1
11 23 1
11 40 1
12 25 1
12 37 1
14 14 1
15 6 1
16 38 1
20 1780 1
21 51 1
21 384 1
21 404 1
22 910 1
23 192 1
23 260 1
23 420 1
23 468 1
23 475 1
23 829 1
23 1809 1
24 3 1
24 1329 1
25 1 1
25 8 1
25 10 1
25 28 1
25 54 1
25 107 1
25 1061 1
25 1952 1
26 427 1
26 712 1
26 849 1
27 11 1
27 512 1
27 538 1
27 608 1
28 8 1
28 27 1
28 73 1
29 42 1
29 1125 1
30 17 1
30 67 1
30 97 1
30 362 1
30 396 1
31 6 1
31 13 1
31 32 1
31 102 1
31 719 1
31 1675 1
32 47 1
32 99 1
32 113 1
32 316 1
32 412 1
32 419 1
32 456 1
33 91 1
33 173 1
33 209 1
33 513 1
34 465 1
35 52 1
35 88 1
35 285 1
36 77 1
36 80 1
36 620 1
36 681 1
37 3 1
37 4 1
37 216 1
37 259 1
37 305 1
38 36 1
38 56 1
38 159 1
38 374 1
39 9 1
39 21 1
39 44 1
39 261 1
39 528 1
40 4 1
40 41 1
40 79 1
40 98 1
40 186 1
40 606 1
41 26 1
41 74 1
42 462 1
44 245 1
44 478 1
44 1116 1
48 62 1
49 20 1
51 1988 1
52 858 1
53 45 1
63 31 1
63 58 1
64 59 1
65 459 1
66 1856 1
67 12 1
69 14 1
69 25 1
69 49 1
72 149 1
72 424 1
72 480 1
72 586 1
73 35 1
73 48 1
73 87 1
73 298 1
73 477 1
74 6 1
74 146 1
74 239 1
74 1501 1
74 1830 1
75 321 1
76 2 1
76 66 1
76 108 1
76 168 1
76 325 1
76 782 1
76 1101 1
77 25 1
77 488 1
77 501 1
77 548 1
77 609 1
77 1178 1
78 4 1
78 53 1
78 76 1
78 114 1
78 619 1
79 58 1
79 226 1
79 415 1
80 121 1
80 289 1
81 16 1
81 18 1
81 22 1
81 57 1
81 118 1
81 815 1
82 65 1
82 68 1
82 82 1
83 564 1
84 161 1
84 765 1
85 196 1
85 313 1
86 25 1
86 379 1
87 46 1
88 52 1
88 204 1
88 457 1
89 61 1
90 382 1
90 487 1
91 30 1
91 322 1
93 5 1
94 12 1
95 36 1
95 43 1
96 1292 1
98 11 1
99 18 1
100 120 1
101 541 1
103 11 1
105 5 1
105 1680 1
106 41 1
106 47 1
108 6 1
108 33 1
109 52 1
109 400 1
110 1706 1
111 1813 1
112 27 1
112 481 1
113 111 1
114 29 1
114 232 1
115 2 1
115 94 1
115 516 1
116 43 1
116 551 1
116 680 1
116 1952 1
117 85 1
117 639 1
118 70 1
118 640 1
118 752 1
118 1061 1
119 52 1
119 576 1
120 104 1
121 33 1
121 54 1
121 84 1
121 112 1
121 192 1
122 16 1
122 44 1
122 328 1
122 600 1
123 27 1
123 40 1
123 209 1
123 629 1
123 1107 1
123 1675 1
124 88 1
124 545 1
124 750 1
125 71 1
125 160 1
125 683 1
126 329 1
127 249 1
129 33 1
130 28 1
130 148 1
130 1623 1
131 5 1
131 78 1
131 1531 1
132 691 1
138 10 1
138 110 1
141 38 1
147 37 1
149 15 1
149 25 1
149 39 1
149 106 1
150 4 1
150 20 1
152 417 1
155 116 1
155 717 1
155 829 1
156 107 1
156 404 1
157 34 1
157 48 1
157 253 1
157 345 1
157 384 1
158 184 1
158 305 1
158 561 1
158 849 1
159 55 1
159 98 1
159 575 1
159 910 1
159 1329 1
159 1780 1
160 285 1
160 419 1
160 1363 1
160 1508 1
160 1809 1
161 19 1
161 488 1
161 530 1
161 632 1
162 407 1
162 465 1
163 115 1
163 117 1
163 173 1
163 415 1
163 534 1
164 412 1
164 858 1
165 42 1
165 93 1
165 96 1
165 261 1
165 364 1
165 712 1
166 65 1
166 69 1
166 694 1
166 803 1
167 80 1
167 441 1
167 475 1
168 64 1
168 351 1
168 498 1
168 505 1
168 835 1
170 570 1
171 344 1
173 124 1
181 309 1
651 97 1
654 108 1
657 19 1
657 22 1
657 37 1
657 40 1
657 44 1
657 50 1
657 56 1
657 58 1
657 61 1
657 63 1
657 148 1
657 149 1
657 173 1
657 216 1
657 276 1
657 344 1
657 417 1
657 424 1
657 456 1
657 462 1
657 478 1
657 512 1
657 542 1
658 136 1
658 141 1
658 150 1
658 179 1
658 206 1
658 207 1
658 230 1
658 233 1
658 240 1
658 270 1
658 281 1
658 282 1
658 293 1
658 319 1
658 331 1
658 346 1
658 352 1
658 367 1
658 370 1
658 372 1
658 451 1
658 461 1
658 466 1
658 503 1
658 509 1
658 544 1
659 99 1
659 162 1
659 181 1
659 224 1
659 229 1
659 247 1
659 263 1
659 287 1
659 288 1
659 291 1
659 317 1
659 359 1
659 442 1
659 447 1
659 448 1
659 494 1
659 499 1
659 556 1
659 560 1
659 576 1
659 639 1
659 803 1
659 1101 1
660 97 1
660 110 1
660 225 1
660 358 1
660 490 1
661 605 1
661 1363 1
662 60 1
662 62 1
662 72 1
662 73 1
662 81 1
662 204 1
662 285 1
662 441 1
662 455 1
662 468 1
662 545 1
662 580 1
662 590 1
662 637 1
662 638 1
662 709 1
663 313 1
663 525 1
663 586 1
663 589 1
664 5 1
664 10 1
664 11 1
664 18 1
664 31 1
664 35 1
664 43 1
664 53 1
664 64 1
664 116 1
664 118 1
664 195 1
664 249 1
664 329 1
664 404 1
664 420 1
664 457 1
664 480 1
664 501 1
664 528 1
664 583 1
664 606 1
664 613 1
664 691 1
664 743 1
665 23 1
665 29 1
665 30 1
665 46 1
665 55 1
665 67 1
665 71 1
665 78 1
665 84 1
665 85 1
665 86 1
665 90 1
665 93 1
665 94 1
665 99 1
665 109 1
665 119 1
665 120 1
665 161 1
665 239 1
665 253 1
665 260 1
665 262 1
665 305 1
665 362 1
665 382 1
665 384 1
665 412 1
665 419 1
665 477 1
665 481 1
665 487 1
665 505 1
665 513 1
665 548 1
665 552 1
665 567 1
665 575 1
665 609 1
665 680 1
665 698 1
665 750 1
665 781 1
665 959 1
666 1 1
666 20 1
666 21 1
666 38 1
666 70 1
666 89 1
666 115 1
666 117 1
666 152 1
666 160 1
666 168 1
666 186 1
666 192 1
666 196 1
666 209 1
666 212 1
666 321 1
666 345 1
666 407 1
666 415 1
666 516 1
666 538 1
666 561 1
666 640 1
666 646 1
666 712 1
666 876 1
667 8 1
667 14 1
667 26 1
667 39 1
667 103 1
667 106 1
667 111 1
667 112 1
667 159 1
667 184 1
667 237 1
667 245 1
667 314 1
667 465 1
667 570 1
667 619 1
667 681 1
668 48 1
668 95 1
668 98 1
668 107 1
668 849 1
668 1706 1
669 80 1
669 146 1
669 488 1
669 719 1
670 47 1
670 59 1
670 325 1
670 436 1
670 498 1
670 541 1
670 645 1
670 649 1
671 2 1
671 25 1
671 261 1
671 396 1
671 530 1
672 259 1
673 68 1
674 41 1
674 564 1
675 85 1
675 351 1
675 600 1
675 740 1
676 114 1
677 92 1
677 115 1
678 782 1
680 116 1
680 1178 1
681 116 1
682 90 1
683 118 1
684 65 1
688 77 1
688 91 1
693 87 1
700 99 1
701 93 1
702 76 1
702 110 1
703 61 1
704 81 1
706 80 1
706 98 1
706 1531 1
710 106 1
711 73 1
711 111 1
712 4 1
712 36 1
713 62 1
713 74 1
713 107 1
714 119 1
714 717 1
714 1623 1
715 835 1
716 104 1
716 115 1
716 459 1
716 694 1
717 6 1
717 61 1
718 69 1
718 232 1
718 910 1
718 1508 1
719 63 1
719 89 1
720 52 1
720 608 1
720 632 1
721 32 1
721 77 1
721 475 1
722 42 1
722 92 1
722 1329 1
723 815 1
724 45 1
724 54 1
724 534 1
724 858 1
724 1675 1
725 85 1
725 374 1
726 100 1
726 341 1
726 1952 1
727 493 1
728 75 1
728 85 1
728 328 1
728 683 1
729 629 1
730 85 1
730 91 1
730 105 1
730 485 1
730 1988 1
731 57 1
731 88 1
731 98 1
731 1780 1
732 106 1
733 99 1
734 78 1
735 322 1
735 829 1
736 102 1
736 1856 1
738 28 1
739 67 1
742 120 1
744 73 1
745 1107 1
750 2048 0
