1 51 1
4 39 1
6 9 1
6 23 1
7 37 1
8 680 1
11 629 1
11 649 1
11 712 1
12 30 1
12 44 1
12 538 1
13 20 1
13 45 1
13 575 1
13 620 1
13 1780 1
14 11 1
14 27 1
14 40 1
14 47 1
14 57 1
14 64 1
14 98 1
14 253 1
14 321 1
14 384 1
14 468 1
14 488 1
14 552 1
14 561 1
14 681 1
15 6 1
15 48 1
15 285 1
15 465 1
15 782 1
15 1116 1
16 6 1
16 55 1
16 94 1
16 109 1
16 112 1
16 117 1
16 260 1
16 341 1
16 345 1
16 485 1
16 600 1
17 22 1
17 88 1
17 513 1
18 54 1
18 84 1
18 96 1
18 100 1
18 107 1
18 118 1
18 186 1
18 404 1
18 420 1
18 505 1
18 858 1
18 1292 1
18 1531 1
18 1680 1
19 5 1
19 83 1
19 116 1
19 161 1
19 475 1
19 541 1
19 576 1
19 619 1
19 1329 1
20 10 1
20 89 1
20 209 1
20 427 1
20 829 1
20 1952 1
21 1 1
21 4 1
21 33 1
21 35 1
21 41 1
21 47 1
21 60 1
21 78 1
21 80 1
21 91 1
21 305 1
21 412 1
21 781 1
22 351 1
22 362 1
22 590 1
22 613 1
22 683 1
22 1101 1
23 29 1
23 184 1
23 212 1
23 313 1
23 316 1
23 379 1
23 481 1
23 493 1
23 498 1
23 608 1
23 1813 1
24 12 1
24 37 1
24 50 1
24 196 1
24 261 1
25 43 1
25 65 1
25 93 1
25 245 1
25 530 1
25 1061 1
26 232 1
26 570 1
26 1988 1
27 11 1
27 31 1
27 42 1
27 74 1
27 85 1
27 103 1
27 173 1
27 459 1
27 564 1
27 606 1
27 717 1
28 6 1
28 325 1
28 551 1
29 639 1
31 36 1
33 5 1
33 38 1
35 16 1
35 1363 1
36 3 1
37 12 1
37 49 1
38 32 1
39 71 1
42 7 1
46 76 1
47 28 1
48 9 1
49 20 1
51 13 1
51 20 1
51 23 1
52 45 1
53 33 1
54 39 1
56 1501 1
57 28 1
57 73 1
57 1125 1
59 59 1
60 11 1
60 102 1
60 309 1
60 441 1
60 835 1
61 66 1
61 407 1
61 436 1
61 860 1
62 82 1
62 112 1
63 18 1
63 1178 1
63 1675 1
64 19 1
64 276 1
64 750 1
64 815 1
65 8 1
65 52 1
65 58 1
66 329 1
67 14 1
67 25 1
67 56 1
67 344 1
67 419 1
67 1107 1
68 691 1
69 46 1
69 72 1
70 195 1
70 456 1
70 640 1
72 29 1
72 75 1
72 322 1
72 849 1
72 1706 1
73 3 1
73 16 1
73 114 1
73 152 1
74 86 1
76 35 1
76 542 1
76 823 1
77 2 1
77 24 1
77 457 1
77 480 1
77 803 1
78 10 1
78 95 1
78 148 1
78 478 1
78 487 1
78 548 1
79 18 1
79 21 1
80 58 1
80 646 1
81 42 1
82 55 1
84 70 1
85 1508 1
86 5 1
86 328 1
86 632 1
86 752 1
87 124 1
88 56 1
88 1623 1
89 13 1
89 15 1
89 26 1
89 168 1
89 765 1
90 43 1
91 120 1
92 53 1
92 58 1
96 15 1
97 9 1
98 52 1
99 5 1
99 54 1
99 121 1
100 36 1
101 424 1
102 62 1
102 204 1
102 858 1
103 8 1
103 113 1
106 58 1
106 417 1
107 16 1
107 33 1
107 712 1
107 1116 1
109 19 1
109 40 1
109 84 1
110 1531 1
111 249 1
112 105 1
112 305 1
113 36 1
113 48 1
113 161 1
113 613 1
114 27 1
114 160 1
114 1329 1
115 34 1
115 477 1
115 576 1
115 586 1
115 1675 1
116 11 1
117 41 1
117 382 1
117 829 1
118 37 1
118 59 1
118 384 1
119 910 1
119 1952 1
120 59 1
120 78 1
120 1780 1
121 212 1
122 4 1
122 239 1
122 1061 1
123 51 1
123 404 1
124 15 1
124 24 1
124 30 1
124 61 1
124 71 1
124 196 1
125 42 1
125 109 1
125 149 1
126 27 1
126 232 1
126 237 1
126 415 1
126 683 1
127 98 1
127 552 1
128 60 1
128 516 1
128 681 1
128 1813 1
129 89 1
129 412 1
130 107 1
130 209 1
130 465 1
131 110 1
131 609 1
132 253 1
132 1101 1
133 488 1
133 501 1
134 108 1
134 285 1
134 1680 1
134 1809 1
136 717 1
138 12 1
138 47 1
138 88 1
138 629 1
138 1292 1
142 51 1
143 12 1
143 74 1
144 9 1
148 14 1
149 325 1
150 32 1
150 59 1
150 538 1
153 313 1
156 298 1
156 419 1
158 57 1
158 82 1
158 561 1
159 1988 1
160 364 1
160 455 1
160 606 1
161 590 1
162 23 1
162 99 1
162 192 1
162 400 1
163 25 1
163 106 1
163 548 1
163 564 1
164 173 1
165 81 1
165 184 1
165 475 1
165 823 1
166 90 1
166 91 1
166 530 1
167 1 1
167 10 1
167 46 1
167 87 1
167 321 1
167 341 1
167 362 1
168 2 1
168 49 1
168 65 1
168 600 1
169 22 1
169 96 1
169 691 1
170 104 1
170 344 1
170 420 1
170 680 1
171 97 1
171 712 1
172 39 1
172 570 1
172 750 1
173 113 1
173 186 1
173 345 1
173 513 1
175 608 1
176 468 1
176 619 1
176 639 1
177 83 1
177 351 1
178 148 1
178 498 1
178 803 1
178 1363 1
179 64 1
179 782 1
180 31 1
180 456 1
181 44 1
182 7 1
183 118 1
183 436 1
186 485 1
188 93 1
188 487 1
194 1501 1
205 17 1
213 13 1
213 34 1
213 52 1
213 276 1
213 329 1
213 457 1
213 649 1
214 100 1
214 501 1
214 538 1
215 62 1
215 160 1
215 219 1
215 325 1
215 382 1
215 491 1
215 910 1
216 314 1
216 626 1
217 185 1
217 319 1
217 847 1
218 9 1
218 284 1
218 338 1
218 951 1
218 1525 1
218 1804 1
219 38 1
219 46 1
219 66 1
219 292 1
219 1259 1
220 6 1
220 21 1
220 26 1
220 43 1
220 45 1
220 70 1
220 76 1
220 86 1
220 94 1
220 102 1
220 105 1
220 107 1
220 112 1
220 124 1
220 196 1
220 245 1
220 246 1
220 379 1
220 407 1
220 424 1
220 459 1
220 541 1
220 545 1
220 580 1
220 605 1
220 620 1
220 623 1
220 632 1
220 646 1
220 1244 1
221 30 1
221 33 1
221 55 1
221 60 1
221 67 1
221 69 1
221 75 1
221 84 1
221 85 1
221 99 1
221 109 1
221 149 1
221 152 1
221 204 1
221 205 1
221 237 1
221 285 1
221 309 1
221 364 1
221 390 1
221 418 1
221 462 1
221 470 1
221 471 1
221 505 1
221 528 1
221 535 1
221 551 1
221 552 1
221 606 1
221 681 1
221 765 1
221 1363 1
222 40 1
222 68 1
222 71 1
222 74 1
222 89 1
222 95 1
222 111 1
222 114 1
222 121 1
222 142 1
222 159 1
222 163 1
222 197 1
222 210 1
222 230 1
222 240 1
222 274 1
222 289 1
222 396 1
222 411 1
222 421 1
222 463 1
222 467 1
222 480 1
222 502 1
222 506 1
222 564 1
222 586 1
222 719 1
222 849 1
222 858 1
222 860 1
223 23 1
223 29 1
223 57 1
223 104 1
223 221 1
223 224 1
223 229 1
223 231 1
223 383 1
223 404 1
223 416 1
223 561 1
223 708 1
223 781 1
224 58 1
224 78 1
224 170 1
224 180 1
224 339 1
224 374 1
224 536 1
224 544 1
224 608 1
224 1353 1
224 1651 1
225 322 1
225 341 1
225 376 1
225 415 1
225 465 1
225 495 1
225 512 1
225 516 1
225 634 1
225 829 1
225 835 1
226 242 1
226 301 1
226 310 1
226 392 1
226 444 1
226 532 1
226 584 1
227 25 1
227 27 1
227 195 1
227 269 1
227 286 1
227 331 1
227 451 1
227 568 1
227 602 1
227 661 1
227 1213 1
228 3 1
228 90 1
228 280 1
228 493 1
229 233 1
229 328 1
229 427 1
230 28 1
230 116 1
230 529 1
231 1706 1
232 1116 1
233 73 1
233 316 1
233 412 1
235 1508 1
237 347 1
750 2048 0
